2 0.0453125 0.615625 0.0734375 0.07421875
1 0.81875 0.74140625 0.109375 0.11015625
1 0.1453125 0.11953125 0.109375 0.11015625
1 0.24765625 0.071875 0.11015625 0.11015625
1 0.33828125 0.1296875 0.11015625 0.11015625
1 0.43125 0.06953125 0.109375 0.1109375
1 0.53203125 0.12890625 0.109375 0.1109375
1 0.62265625 0.07109375 0.11015625 0.11015625
1 0.62578125 0.18046875 0.09765625 0.09765625
1 0.4265625 0.175 0.109375 0.11015625
3 0.90703125 0.4640625 0.0859375 0.0859375
1 0.9078125 0.57734375 0.09765625 0.09765625
1 0.90390625 0.68203125 0.11015625 0.11015625
1 0.9046875 0.79140625 0.09765625 0.0984375
1 0.81875 0.4 0.11015625 0.1109375
1 0.8171875 0.5140625 0.11015625 0.1109375
1 0.81640625 0.62578125 0.09765625 0.09765625
1 0.82109375 0.846875 0.0734375 0.0734375
1 0.71953125 0.35234375 0.11015625 0.1109375
1 0.71875 0.45625 0.109375 0.1109375
1 0.715625 0.57734375 0.109375 0.11015625
1 0.71796875 0.68515625 0.09765625 0.0984375
1 0.721875 0.78984375 0.09765625 0.0984375
1 0.62109375 0.40390625 0.109375 0.11015625
1 0.62578125 0.5125 0.09765625 0.0984375
1 0.6265625 0.62265625 0.09765625 0.0984375
1 0.6265625 0.72890625 0.09765625 0.0984375
2 0.6296875 0.84140625 0.0734375 0.0734375
1 0.62421875 0.29296875 0.109375 0.1109375
1 0.52734375 0.35 0.109375 0.11015625
1 0.52421875 0.45390625 0.08515625 0.0859375
1 0.528125 0.55625 0.09765625 0.0984375
1 0.53046875 0.67890625 0.09765625 0.0984375
1 0.53046875 0.78828125 0.09765625 0.0984375
1 0.43125 0.2921875 0.11015625 0.11015625
1 0.43046875 0.3953125 0.11015625 0.11015625
1 0.43828125 0.50703125 0.09765625 0.0984375
1 0.4328125 0.6125 0.09765625 0.0984375
1 0.43359375 0.73203125 0.09765625 0.0984375
2 0.43828125 0.834375 0.0734375 0.07421875
1 0.33515625 0.3453125 0.11015625 0.11015625
1 0.340625 0.45 0.109375 0.11015625
1 0.3421875 0.56328125 0.09765625 0.0984375
1 0.340625 0.67734375 0.09765625 0.0984375
1 0.340625 0.78203125 0.0859375 0.0859375
1 0.2390625 0.29140625 0.0859375 0.08671875
1 0.24140625 0.4 0.109375 0.11015625
1 0.2421875 0.50625 0.09765625 0.0984375
1 0.24140625 0.61953125 0.09765625 0.0984375
1 0.24765625 0.7234375 0.08515625 0.0859375
1 0.24375 0.83125 0.09765625 0.09765625
1 0.1421875 0.340625 0.109375 0.11015625
1 0.14765625 0.4515625 0.09765625 0.0984375
1 0.14375 0.55859375 0.08515625 0.0859375
1 0.14609375 0.66796875 0.08515625 0.0859375
1 0.15234375 0.78203125 0.09765625 0.09765625
1 0.0453125 0.3921875 0.08515625 0.0859375
1 0.0515625 0.50859375 0.08515625 0.0859375
1 0.05234375 0.721875 0.0734375 0.07421875
2 0.04765625 0.82578125 0.0609375 0.06171875
1 0.5296875 0.2375 0.109375 0.11015625
1 0.3375 0.23515625 0.08515625 0.0859375
1 0.240625 0.17265625 0.109375 0.11015625
1 0.146875 0.2296875 0.109375 0.11015625