2 0.3421875 0.178125 0.0734375 0.07421875
2 0.52109375 0.8703125 0.0734375 0.07421875
2 0.52265625 0.95625 0.0734375 0.07421875
2 0.72421875 0.93828125 0.0734375 0.0734375
2 0.7171875 0.721875 0.0734375 0.07421875
2 0.44296875 0.9234375 0.0734375 0.0734375
1 0.915625 0.30078125 0.09765625 0.09765625
1 0.92109375 0.3921875 0.09765625 0.0984375
1 0.90625 0.49609375 0.09765625 0.09765625
1 0.90703125 0.6234375 0.09765625 0.0984375
1 0.90234375 0.7328125 0.09765625 0.0984375
1 0.8984375 0.83828125 0.09765625 0.0984375
1 0.909375 0.946875 0.08515625 0.0859375
1 0.82265625 0.34765625 0.11015625 0.1109375
1 0.8265625 0.47265625 0.121875 0.1234375
1 0.81953125 0.578125 0.08515625 0.0859375
1 0.803125 0.6953125 0.0859375 0.0859375
1 0.80546875 0.78046875 0.08515625 0.08671875
1 0.81171875 0.8890625 0.09765625 0.09765625
1 0.72734375 0.29609375 0.11015625 0.11015625
1 0.73125 0.40546875 0.11015625 0.11015625
1 0.728125 0.51796875 0.09765625 0.0984375
1 0.73046875 0.61640625 0.09765625 0.0984375
2 0.6390625 0.70390625 0.0609375 0.06171875
2 0.63828125 0.80625 0.0734375 0.07421875
1 0.64140625 0.8921875 0.08515625 0.0859375
1 0.6328125 0.3625 0.109375 0.11015625
1 0.63984375 0.459375 0.11015625 0.11015625
1 0.6375 0.575 0.109375 0.11015625
1 0.5421875 0.3015625 0.0859375 0.0859375
1 0.5375 0.4125 0.109375 0.11015625
1 0.53984375 0.51875 0.11015625 0.11015625
1 0.5390625 0.61875 0.109375 0.1109375
1 0.52734375 0.7609375 0.09765625 0.0984375
1 0.44375 0.809375 0.09765625 0.0984375
1 0.4578125 0.69453125 0.0859375 0.0859375
1 0.44375 0.35078125 0.08515625 0.08671875
1 0.45 0.4546875 0.09765625 0.09765625
1 0.44375 0.58671875 0.09765625 0.0984375
1 0.3421875 0.2953125 0.0859375 0.0859375
1 0.34296875 0.4078125 0.08515625 0.0859375
1 0.35078125 0.521875 0.09765625 0.09765625
1 0.3546875 0.62421875 0.109375 0.11015625
1 0.36484375 0.76171875 0.08515625 0.0859375
1 0.35546875 0.85625 0.09765625 0.0984375
1 0.26484375 0.90390625 0.11015625 0.11015625
1 0.25703125 0.81015625 0.11015625 0.11015625
1 0.26015625 0.6828125 0.11015625 0.1109375
1 0.2625 0.58125 0.109375 0.1109375
1 0.2609375 0.465625 0.09765625 0.0984375
3 0.2609375 0.353125 0.0734375 0.07421875
1 0.16328125 0.290625 0.08515625 0.0859375
1 0.1609375 0.4125 0.08515625 0.0859375
1 0.16328125 0.52109375 0.109375 0.11015625
1 0.165625 0.6296875 0.09765625 0.0984375
1 0.171875 0.753125 0.0859375 0.0859375
1 0.1671875 0.8515625 0.109375 0.1109375
1 0.0765625 0.9171875 0.0859375 0.0859375
1 0.0765625 0.79765625 0.08515625 0.0859375
1 0.08515625 0.68828125 0.08515625 0.0859375
1 0.08828125 0.5765625 0.08515625 0.0859375
1 0.0890625 0.4703125 0.09765625 0.0984375
1 0.07421875 0.365625 0.0859375 0.0859375
3 0.26640625 0.2296875 0.0734375 0.07421875
3 0.2609375 0.121875 0.0734375 0.0734375
1 0.16796875 0.0796875 0.0859375 0.0859375
1 0.16796875 0.1953125 0.0859375 0.0859375
3 0.35703125 0.084375 0.0734375 0.07421875
1 0.9203125 0.0703125 0.109375 0.1109375
1 0.91484375 0.18203125 0.11015625 0.11015625
1 0.82578125 0.14453125 0.08515625 0.0859375
1 0.73125 0.18984375 0.09765625 0.0984375
1 0.72578125 0.0828125 0.11015625 0.1109375
1 0.63984375 0.13203125 0.109375 0.11015625
1 0.54609375 0.184375 0.11015625 0.11015625
1 0.63984375 0.2484375 0.0859375 0.0859375
1 0.5515625 0.090625 0.109375 0.1109375
1 0.45234375 0.1296875 0.0859375 0.0859375
1 0.45078125 0.2359375 0.08515625 0.0859375
1 0.08125 0.1265625 0.0859375 0.0859375
1 0.08515625 0.23984375 0.09765625 0.0984375
1 0.8296875 0.25546875 0.11015625 0.11015625
1 0.721875 0.82578125 0.09765625 0.0984375