2 0.29921875 0.2171875 0.0734375 0.07421875
2 0.58046875 0.1390625 0.0734375 0.0734375
2 0.39921875 0.04609375 0.0734375 0.0734375
2 0.66640625 0.22109375 0.0734375 0.0734375
2 0.66328125 0.32421875 0.0734375 0.07421875
2 0.096875 0.7296875 0.0734375 0.07421875
2 0.7703125 0.53203125 0.0734375 0.07421875
1 0.95 0.7046875 0.08515625 0.0859375
1 0.77421875 0.1546875 0.09765625 0.0984375
1 0.490625 0.196875 0.0859375 0.0859375
1 0.478125 0.3109375 0.0859375 0.0859375
1 0.58984375 0.25234375 0.0859375 0.08671875
1 0.58828125 0.3640625 0.08515625 0.0859375
1 0.6578125 0.41484375 0.0859375 0.0859375
1 0.58125 0.50859375 0.08515625 0.0859375
1 0.66875 0.5640625 0.08515625 0.0859375
1 0.77265625 0.609375 0.08515625 0.0859375
1 0.575 0.91953125 0.11015625 0.11015625
1 0.57890625 0.8140625 0.09765625 0.09765625
1 0.5828125 0.7203125 0.09765625 0.09765625
1 0.77265625 0.71015625 0.09765625 0.0984375
1 0.6671875 0.7703125 0.09765625 0.0984375
1 0.66953125 0.8734375 0.08515625 0.0859375
1 0.5828125 0.6203125 0.0859375 0.0859375
1 0.66484375 0.65703125 0.08515625 0.0859375
1 0.48515625 0.44375 0.11015625 0.11015625
1 0.4828125 0.534375 0.109375 0.11015625
1 0.478125 0.6625 0.11015625 0.1109375
1 0.48203125 0.75703125 0.11015625 0.11015625
1 0.48828125 0.88203125 0.109375 0.1109375
1 0.39140625 0.821875 0.109375 0.11015625
1 0.39140625 0.715625 0.109375 0.11015625
1 0.3875 0.60625 0.109375 0.11015625
1 0.2984375 0.45 0.0859375 0.0859375
1 0.2984375 0.5484375 0.0859375 0.0859375
1 0.29296875 0.665625 0.09765625 0.0984375
1 0.2921875 0.76875 0.09765625 0.09765625
1 0.19921875 0.15703125 0.09765625 0.0984375
1 0.196875 0.27265625 0.11015625 0.11015625
1 0.0984375 0.31953125 0.09765625 0.0984375
1 0.1078125 0.21171875 0.11015625 0.11015625
1 0.103125 0.43671875 0.0859375 0.0859375
1 0.10078125 0.55859375 0.08515625 0.0859375
1 0.10234375 0.640625 0.08515625 0.0859375
1 0.2 0.790625 0.0859375 0.0859375
1 0.19765625 0.68359375 0.08515625 0.0859375
1 0.20546875 0.5890625 0.08515625 0.0859375
1 0.19765625 0.49375 0.08515625 0.0859375
1 0.20234375 0.38359375 0.0859375 0.0859375
1 0.38828125 0.25859375 0.08515625 0.0859375
1 0.38671875 0.384375 0.0859375 0.0859375
1 0.38515625 0.4953125 0.08515625 0.0859375
1 0.3015625 0.3296875 0.08515625 0.0859375
1 0.19609375 0.93984375 0.09765625 0.0984375
1 0.1046875 0.91953125 0.109375 0.11015625
2 0.5953125 0.0375 0.0734375 0.0734375
2 0.490625 0.10234375 0.0734375 0.07421875
1 0.11328125 0.1 0.109375 0.1109375
1 0.29765625 0.1046875 0.0859375 0.0859375
1 0.77734375 0.0453125 0.0859375 0.08671875
1 0.8703125 0.87421875 0.09765625 0.0984375
1 0.6734375 0.10859375 0.0859375 0.0859375