2 0.94765625 0.34140625 0.06171875 0.06171875
2 0.76875 0.34296875 0.06171875 0.06171875
1 0.09375 0.06953125 0.09765625 0.09765625
1 0.09296875 0.184375 0.0859375 0.0859375
2 0.09296875 0.28984375 0.06171875 0.06171875
1 0.09375 0.40390625 0.09765625 0.0984375
3 0.0921875 0.51015625 0.11015625 0.11015625
1 0.1859375 0.34296875 0.0859375 0.0859375
1 0.20078125 0.46015625 0.08515625 0.0859375
1 0.09609375 0.61171875 0.11015625 0.11015625
1 0.09140625 0.72578125 0.11015625 0.11015625
1 0.0953125 0.8453125 0.11015625 0.11015625
1 0.19609375 0.5671875 0.0859375 0.0859375
1 0.2 0.66875 0.08515625 0.0859375
1 0.19453125 0.78046875 0.08515625 0.0859375
1 0.19609375 0.89375 0.08515625 0.0859375
1 0.28203125 0.40234375 0.09765625 0.09765625
1 0.2953125 0.509375 0.09765625 0.09765625
1 0.290625 0.621875 0.109375 0.11015625
1 0.2890625 0.72734375 0.109375 0.11015625
1 0.290625 0.8421875 0.09765625 0.0984375
1 0.3875 0.45625 0.11015625 0.1109375
1 0.39140625 0.565625 0.11015625 0.1109375
1 0.390625 0.67734375 0.109375 0.11015625
1 0.38671875 0.7796875 0.09765625 0.0984375
1 0.38984375 0.89609375 0.109375 0.11015625
1 0.38125 0.3453125 0.08515625 0.0859375
1 0.48125 0.403125 0.09765625 0.0984375
1 0.48125 0.50859375 0.09765625 0.09765625
1 0.484375 0.6171875 0.09765625 0.09765625
1 0.4859375 0.72578125 0.11015625 0.1109375
1 0.4859375 0.83515625 0.09765625 0.0984375
1 0.57734375 0.3546875 0.109375 0.11015625
1 0.5796875 0.46015625 0.09765625 0.0984375
1 0.58203125 0.5640625 0.09765625 0.0984375
1 0.5734375 0.6765625 0.109375 0.1109375
1 0.57578125 0.78125 0.11015625 0.1109375
1 0.58359375 0.878125 0.11015625 0.1109375
1 0.67109375 0.4 0.09765625 0.0984375
1 0.67265625 0.503125 0.09765625 0.0984375
1 0.675 0.61875 0.109375 0.11015625
1 0.671875 0.72578125 0.09765625 0.09765625
1 0.6734375 0.83984375 0.09765625 0.09765625
1 0.76484375 0.45625 0.09765625 0.0984375
1 0.7671875 0.56171875 0.09765625 0.0984375
1 0.76640625 0.6734375 0.11015625 0.11015625
1 0.765625 0.78046875 0.09765625 0.0984375
1 0.859375 0.39609375 0.09765625 0.0984375
1 0.8609375 0.5109375 0.0859375 0.08671875
1 0.8578125 0.621875 0.08515625 0.0859375
1 0.8609375 0.7296875 0.08515625 0.0859375
1 0.8609375 0.8375 0.0734375 0.07421875
1 0.953125 0.4546875 0.0859375 0.0859375
1 0.95 0.565625 0.0859375 0.0859375
1 0.95234375 0.67421875 0.0734375 0.0734375
0 0.9546875 0.7859375 0.0734375 0.0734375
1 0.86328125 0.94453125 0.09765625 0.09765625
1 0.765625 0.89375 0.109375 0.1109375
1 0.67109375 0.946875 0.09765625 0.09765625
1 0.4796875 0.94765625 0.09765625 0.0984375