2 0.7359375 0.6671875 0.0734375 0.07421875
2 0.7375 0.753125 0.0734375 0.07421875
2 0.9390625 0.73515625 0.0734375 0.0734375
2 0.93203125 0.51875 0.0734375 0.07421875
2 0.6578125 0.7203125 0.0734375 0.0734375
2 0.85078125 0.8484375 0.0609375 0.06171875
2 0.65546875 0.81796875 0.0734375 0.0734375
1 0.9421875 0.09296875 0.11015625 0.11015625
1 0.94375 0.31484375 0.09765625 0.0984375
1 0.9453125 0.41328125 0.09765625 0.0984375
2 0.853125 0.50078125 0.0609375 0.06171875
2 0.853125 0.603125 0.0734375 0.07421875
1 0.85625 0.6890625 0.08515625 0.0859375
1 0.846875 0.76875 0.0859375 0.0859375
2 0.72109375 0.85234375 0.06171875 0.06171875
1 0.475 0.80546875 0.0859375 0.0859375
1 0.84765625 0.159375 0.109375 0.11015625
1 0.8546875 0.25625 0.11015625 0.11015625
1 0.85234375 0.371875 0.109375 0.11015625
1 0.75703125 0.0984375 0.0859375 0.0859375
1 0.7515625 0.209375 0.109375 0.11015625
1 0.7546875 0.315625 0.11015625 0.11015625
1 0.75390625 0.415625 0.109375 0.1109375
1 0.7421875 0.5578125 0.09765625 0.0984375
1 0.6578125 0.60625 0.09765625 0.0984375
1 0.67265625 0.49140625 0.0859375 0.0859375
1 0.65859375 0.14765625 0.08515625 0.08671875
1 0.66484375 0.2515625 0.09765625 0.09765625
1 0.6578125 0.38359375 0.09765625 0.0984375
1 0.55625 0.0921875 0.0859375 0.0859375
1 0.5578125 0.2046875 0.08515625 0.0859375
1 0.565625 0.31875 0.09765625 0.09765625
1 0.56953125 0.42109375 0.109375 0.11015625
1 0.5796875 0.55859375 0.08515625 0.0859375
1 0.5703125 0.653125 0.09765625 0.0984375
1 0.55703125 0.7734375 0.08515625 0.0859375
1 0.4796875 0.70078125 0.11015625 0.11015625
1 0.471875 0.60703125 0.11015625 0.11015625
1 0.475 0.4796875 0.11015625 0.1109375
1 0.47734375 0.378125 0.109375 0.1109375
1 0.47578125 0.2625 0.09765625 0.0984375
3 0.47578125 0.15 0.0734375 0.07421875
1 0.378125 0.0875 0.08515625 0.0859375
1 0.37578125 0.209375 0.08515625 0.0859375
1 0.378125 0.31796875 0.109375 0.11015625
1 0.38125 0.4265625 0.09765625 0.0984375
1 0.38671875 0.55 0.0859375 0.0859375
1 0.38203125 0.6484375 0.109375 0.1109375
1 0.3828125 0.75546875 0.09765625 0.0984375
1 0.37734375 0.86328125 0.08515625 0.0859375
1 0.3015625 0.81875 0.08515625 0.08671875
1 0.290625 0.7140625 0.0859375 0.0859375
1 0.29140625 0.59453125 0.08515625 0.0859375
1 0.3 0.48515625 0.08515625 0.0859375
1 0.303125 0.3734375 0.08515625 0.0859375
1 0.30390625 0.2671875 0.09765625 0.0984375
1 0.2890625 0.1625 0.0859375 0.0859375
1 0.1953125 0.09140625 0.09765625 0.0984375
1 0.190625 0.215625 0.11015625 0.11015625
1 0.1921875 0.321875 0.11015625 0.11015625
1 0.19609375 0.43125 0.096875 0.0984375
1 0.196875 0.53515625 0.08515625 0.0859375
1 0.1890625 0.65078125 0.09765625 0.0984375
1 0.18671875 0.76796875 0.109375 0.11015625
1 0.1984375 0.871875 0.09765625 0.09765625
1 0.10390625 0.5921875 0.08515625 0.08671875
1 0.1046875 0.1609375 0.109375 0.11015625
1 0.1046875 0.2671875 0.09765625 0.0984375
1 0.10390625 0.37734375 0.11015625 0.11015625
1 0.1015625 0.490625 0.109375 0.11015625
1 0.0953125 0.68984375 0.09765625 0.0984375
1 0.10078125 0.80859375 0.08515625 0.0859375
1 0.8546875 0.0453125 0.0859375 0.0859375
1 0.93671875 0.62265625 0.09765625 0.0984375