1 0.11015625 0.14765625 0.109375 0.11015625
1 0.1109375 0.26015625 0.109375 0.11015625
1 0.20390625 0.09765625 0.11015625 0.1109375
1 0.2 0.2078125 0.11015625 0.11015625
1 0.20625 0.31171875 0.109375 0.11015625
1 0.29921875 0.14921875 0.11015625 0.1109375
1 0.29609375 0.2578125 0.11015625 0.1109375
1 0.39921875 0.09296875 0.09765625 0.0984375
1 0.39765625 0.2046875 0.09765625 0.09765625
1 0.39375 0.3140625 0.09765625 0.09765625
1 0.4859375 0.1546875 0.109375 0.11015625
1 0.484375 0.2625 0.109375 0.11015625
1 0.4859375 0.3625 0.109375 0.1109375
1 0.5828125 0.10234375 0.11015625 0.11015625
1 0.58359375 0.2046875 0.11015625 0.11015625
1 0.57890625 0.32265625 0.09765625 0.0984375
1 0.6765625 0.159375 0.09765625 0.0984375
1 0.675 0.26328125 0.11015625 0.11015625
1 0.77421875 0.09453125 0.09765625 0.0984375
1 0.78125 0.209375 0.109375 0.11015625
1 0.7828125 0.32109375 0.11015625 0.11015625
1 0.8734375 0.153125 0.109375 0.11015625
1 0.87109375 0.25625 0.109375 0.11015625
1 0.875 0.37734375 0.109375 0.11015625
1 0.87421875 0.4859375 0.09765625 0.0984375
1 0.87578125 0.60078125 0.11015625 0.11015625
1 0.86953125 0.69375 0.11015625 0.11015625
1 0.871875 0.815625 0.11015625 0.1109375
1 0.77890625 0.43984375 0.11015625 0.11015625
1 0.7828125 0.553125 0.11015625 0.11015625
1 0.7796875 0.66015625 0.11015625 0.1109375
1 0.78125 0.7671875 0.09765625 0.09765625
2 0.7828125 0.871875 0.0609375 0.06171875
1 0.67265625 0.3765625 0.11015625 0.11015625
1 0.67734375 0.4875 0.11015625 0.11015625
1 0.678125 0.6 0.109375 0.1109375
1 0.6765625 0.7 0.09765625 0.09765625
1 0.6796875 0.81953125 0.109375 0.11015625
1 0.5796875 0.43828125 0.09765625 0.09765625
1 0.58515625 0.55 0.09765625 0.09765625
1 0.58125 0.6609375 0.109375 0.11015625
1 0.58515625 0.76796875 0.109375 0.11015625
1 0.48515625 0.48359375 0.109375 0.1109375
1 0.490625 0.59296875 0.09765625 0.09765625
1 0.4890625 0.7015625 0.11015625 0.11015625
1 0.4859375 0.8109375 0.11015625 0.11015625
1 0.3953125 0.42578125 0.11015625 0.1109375
1 0.3921875 0.5359375 0.11015625 0.11015625
1 0.396875 0.6515625 0.11015625 0.11015625
1 0.38984375 0.7609375 0.11015625 0.11015625
1 0.29453125 0.3703125 0.11015625 0.11015625
1 0.29609375 0.48984375 0.11015625 0.11015625
1 0.296875 0.59296875 0.109375 0.11015625
1 0.2953125 0.70390625 0.109375 0.11015625
1 0.2921875 0.8140625 0.09765625 0.0984375
1 0.20390625 0.428125 0.109375 0.11015625
1 0.2015625 0.53671875 0.109375 0.11015625
1 0.20234375 0.65 0.09765625 0.0984375
1 0.20703125 0.753125 0.09765625 0.0984375
1 0.10625 0.3734375 0.109375 0.11015625
1 0.109375 0.4859375 0.109375 0.11015625
1 0.10625 0.5890625 0.11015625 0.11015625
1 0.10625 0.70234375 0.11015625 0.11015625
1 0.10390625 0.81171875 0.11015625 0.11015625
1 0.1046875 0.92265625 0.11015625 0.11015625
1 0.19453125 0.86953125 0.109375 0.11015625
1 0.29375 0.928125 0.109375 0.11015625
1 0.384375 0.87109375 0.11015625 0.1109375
1 0.48671875 0.928125 0.11015625 0.1109375
1 0.57890625 0.87421875 0.109375 0.11015625
1 0.67890625 0.93203125 0.09765625 0.0984375
1 0.865625 0.9359375 0.11015625 0.11015625