1 0.86875 0.56640625 0.08515625 0.0859375
1 0.871875 0.6578125 0.0859375 0.08671875
1 0.11640625 0.1296875 0.08515625 0.0859375
1 0.1203125 0.234375 0.08515625 0.0859375
1 0.1140625 0.3546875 0.09765625 0.0984375
1 0.11875 0.45 0.09765625 0.09765625
1 0.11328125 0.56171875 0.09765625 0.0984375
1 0.10625 0.67265625 0.11015625 0.11015625
1 0.1046875 0.7859375 0.09765625 0.0984375
1 0.2046875 0.71796875 0.09765625 0.0984375
1 0.21484375 0.6203125 0.09765625 0.0984375
1 0.21171875 0.503125 0.109375 0.11015625
1 0.209375 0.4046875 0.08515625 0.0859375
1 0.2109375 0.28359375 0.09765625 0.0984375
1 0.2125 0.17109375 0.08515625 0.0859375
1 0.21484375 0.06796875 0.09765625 0.0984375
1 0.3 0.1234375 0.11015625 0.11015625
1 0.3015625 0.2265625 0.11015625 0.1109375
1 0.3078125 0.3359375 0.109375 0.1109375
1 0.30625 0.4515625 0.09765625 0.0984375
1 0.30390625 0.56484375 0.09765625 0.0984375
1 0.296875 0.66875 0.09765625 0.09765625
1 0.30078125 0.76875 0.109375 0.11015625
1 0.39921875 0.72578125 0.09765625 0.0984375
1 0.39921875 0.615625 0.109375 0.11015625
1 0.39765625 0.5140625 0.11015625 0.11015625
1 0.4 0.0796875 0.11015625 0.11015625
1 0.40234375 0.18125 0.109375 0.11015625
1 0.4015625 0.2984375 0.09765625 0.0984375
1 0.4 0.4 0.09765625 0.0984375
1 0.49140625 0.134375 0.11015625 0.11015625
1 0.4953125 0.2390625 0.09765625 0.0984375
1 0.4921875 0.3359375 0.09765625 0.09765625
1 0.4921875 0.45546875 0.09765625 0.0984375
1 0.4984375 0.5609375 0.09765625 0.0984375
1 0.496875 0.6828125 0.09765625 0.0984375
1 0.49375 0.7828125 0.08515625 0.0859375
1 0.5875 0.73359375 0.09765625 0.0984375
1 0.58515625 0.61875 0.11015625 0.11015625
1 0.590625 0.51171875 0.109375 0.1109375
1 0.59453125 0.40078125 0.09765625 0.0984375
1 0.59453125 0.2984375 0.109375 0.11015625
1 0.590625 0.18125 0.0859375 0.0859375
1 0.58828125 0.0765625 0.08515625 0.0859375
1 0.68671875 0.1296875 0.09765625 0.0984375
1 0.6859375 0.24140625 0.09765625 0.09765625
1 0.68359375 0.3484375 0.09765625 0.0984375
1 0.69140625 0.46171875 0.109375 0.11015625
1 0.67890625 0.57265625 0.09765625 0.0984375
1 0.6828125 0.68515625 0.09765625 0.0984375
1 0.68359375 0.790625 0.09765625 0.0984375
1 0.7890625 0.73046875 0.09765625 0.09765625
1 0.78984375 0.628125 0.08515625 0.0859375
1 0.7796875 0.5109375 0.109375 0.1109375
1 0.7796875 0.42109375 0.109375 0.1109375
1 0.78125 0.05546875 0.09765625 0.0984375
3 0.778125 0.2 0.09765625 0.0984375
1 0.7796875 0.29609375 0.09765625 0.09765625
1 0.8765625 0.134375 0.09765625 0.09765625
1 0.88125 0.24296875 0.09765625 0.0984375
1 0.87578125 0.35625 0.09765625 0.0984375
1 0.87421875 0.44609375 0.09765625 0.0984375
1 0.8734375 0.79296875 0.09765625 0.09765625
1 0.8625 0.89375 0.109375 0.11015625
1 0.78828125 0.8296875 0.0859375 0.08671875
1 0.7890625 0.928125 0.09765625 0.0984375
1 0.67578125 0.909375 0.09765625 0.0984375
1 0.58203125 0.84296875 0.09765625 0.0984375
1 0.4859375 0.89140625 0.09765625 0.09765625
1 0.39921875 0.8421875 0.09765625 0.09765625
1 0.3 0.88203125 0.11015625 0.1109375
3 0.209375 0.94609375 0.0859375 0.0859375
1 0.20625 0.8125 0.09765625 0.09765625
1 0.11328125 0.88984375 0.109375 0.11015625