2 0.3953125 0.2046875 0.0734375 0.0734375
2 0.46796875 0.35546875 0.0734375 0.07421875
2 0.84296875 0.89921875 0.0734375 0.07421875
1 0.94609375 0.75625 0.08515625 0.0859375
1 0.92890625 0.8734375 0.0859375 0.0859375
1 0.853125 0.47421875 0.11015625 0.11015625
1 0.85703125 0.58359375 0.11015625 0.11015625
1 0.8546875 0.69609375 0.09765625 0.0984375
1 0.85625 0.79453125 0.09765625 0.0984375
2 0.76484375 0.88125 0.0609375 0.06171875
1 0.75859375 0.540625 0.109375 0.11015625
1 0.76640625 0.6375 0.11015625 0.11015625
1 0.7640625 0.75234375 0.109375 0.11015625
1 0.66796875 0.4796875 0.0859375 0.0859375
1 0.66328125 0.590625 0.109375 0.11015625
1 0.665625 0.696875 0.11015625 0.11015625
1 0.66484375 0.796875 0.109375 0.1109375
1 0.653125 0.9390625 0.09765625 0.0984375
1 0.584375 0.871875 0.0859375 0.0859375
1 0.56953125 0.52890625 0.08515625 0.08671875
1 0.5765625 0.6328125 0.09765625 0.09765625
1 0.56953125 0.7640625 0.09765625 0.0984375
1 0.46796875 0.47265625 0.0859375 0.0859375
1 0.46953125 0.5859375 0.08515625 0.0859375
1 0.4765625 0.69921875 0.09765625 0.09765625
1 0.48046875 0.80234375 0.109375 0.11015625
1 0.490625 0.9390625 0.08515625 0.0859375
1 0.3859375 0.86015625 0.11015625 0.1109375
1 0.3890625 0.75859375 0.109375 0.1109375
1 0.38671875 0.64296875 0.09765625 0.0984375
3 0.3875 0.53125 0.0734375 0.07421875
1 0.28984375 0.46875 0.08515625 0.0859375
1 0.28671875 0.58984375 0.08515625 0.0859375
1 0.2890625 0.6984375 0.109375 0.11015625
1 0.2921875 0.80703125 0.09765625 0.0984375
1 0.29765625 0.93046875 0.0859375 0.0859375
1 0.21171875 0.86640625 0.08515625 0.0859375
1 0.2140625 0.75390625 0.08515625 0.0859375
1 0.21484375 0.64765625 0.09765625 0.0984375
1 0.2 0.54296875 0.0859375 0.0859375
1 0.10625 0.471875 0.09765625 0.0984375
1 0.10234375 0.59609375 0.11015625 0.11015625
1 0.103125 0.70234375 0.11015625 0.11015625
1 0.10703125 0.81171875 0.096875 0.0984375
1 0.1078125 0.915625 0.08515625 0.0859375
3 0.3921875 0.40703125 0.0734375 0.07421875
3 0.3875 0.29921875 0.0734375 0.0734375
1 0.29375 0.2578125 0.0859375 0.0859375
1 0.29375 0.3734375 0.0859375 0.0859375
3 0.4828125 0.26171875 0.0734375 0.07421875
3 0.4828125 0.1421875 0.0734375 0.0734375
1 0.94921875 0.0953125 0.09765625 0.09765625
1 0.946875 0.21953125 0.08515625 0.0859375
1 0.9515625 0.321875 0.08515625 0.0859375
1 0.8578125 0.36796875 0.09765625 0.0984375
1 0.85234375 0.2609375 0.11015625 0.1109375
1 0.85859375 0.15 0.09765625 0.09765625
1 0.76484375 0.08671875 0.09765625 0.0984375
1 0.77109375 0.2078125 0.11015625 0.11015625
1 0.765625 0.31015625 0.109375 0.11015625
1 0.67265625 0.36171875 0.11015625 0.11015625
1 0.765625 0.42578125 0.0859375 0.0859375
1 0.678125 0.26875 0.109375 0.1109375
1 0.66484375 0.1453125 0.109375 0.11015625
1 0.5734375 0.1875 0.0859375 0.0859375
1 0.578125 0.3078125 0.0859375 0.0859375
1 0.57578125 0.0875 0.08515625 0.0859375
1 0.5765625 0.4140625 0.08515625 0.0859375
1 0.3953125 0.09765625 0.08515625 0.0859375
1 0.29609375 0.1578125 0.11015625 0.11015625
1 0.20625 0.21484375 0.0859375 0.0859375
1 0.20703125 0.3046875 0.0859375 0.0859375
1 0.21171875 0.10625 0.08515625 0.0859375
1 0.1 0.0640625 0.11015625 0.11015625
1 0.10234375 0.17109375 0.09765625 0.0984375
1 0.1078125 0.25234375 0.09765625 0.0984375
1 0.10625 0.36640625 0.09765625 0.0984375
1 0.2109375 0.4171875 0.09765625 0.0984375