3 0.07109375 0.153125 0.11015625 0.11015625
1 0.17890625 0.10234375 0.08515625 0.0859375
1 0.075 0.2546875 0.11015625 0.11015625
1 0.06953125 0.36875 0.11015625 0.11015625
1 0.0734375 0.4875 0.11015625 0.11015625
1 0.0765625 0.59296875 0.109375 0.11015625
1 0.175 0.21015625 0.0859375 0.0859375
1 0.178125 0.31171875 0.08515625 0.0859375
1 0.1734375 0.42265625 0.08515625 0.0859375
1 0.17421875 0.5359375 0.08515625 0.0859375
1 0.2734375 0.15234375 0.09765625 0.09765625
1 0.26953125 0.2640625 0.109375 0.11015625
1 0.2671875 0.36953125 0.109375 0.11015625
1 0.26953125 0.48515625 0.09765625 0.0984375
1 0.2671875 0.59296875 0.11015625 0.11015625
1 0.365625 0.0984375 0.11015625 0.1109375
1 0.36953125 0.2078125 0.11015625 0.1109375
1 0.36875 0.31953125 0.109375 0.11015625
1 0.365625 0.42265625 0.09765625 0.0984375
1 0.36796875 0.53828125 0.109375 0.11015625
1 0.46015625 0.1515625 0.09765625 0.09765625
1 0.4625 0.259375 0.09765625 0.09765625
1 0.4640625 0.36796875 0.11015625 0.1109375
1 0.46484375 0.478125 0.09765625 0.0984375
1 0.55859375 0.103125 0.09765625 0.0984375
1 0.5609375 0.20625 0.09765625 0.0984375
1 0.5515625 0.31953125 0.109375 0.1109375
1 0.55390625 0.4234375 0.11015625 0.1109375
1 0.56171875 0.5203125 0.11015625 0.1109375
1 0.6515625 0.14609375 0.09765625 0.0984375
1 0.653125 0.2609375 0.109375 0.11015625
1 0.65 0.36796875 0.09765625 0.09765625
1 0.65234375 0.4828125 0.09765625 0.09765625
1 0.74296875 0.09921875 0.09765625 0.0984375
1 0.74609375 0.2046875 0.09765625 0.0984375
1 0.74453125 0.315625 0.11015625 0.11015625
1 0.74375 0.4234375 0.09765625 0.0984375
1 0.83984375 0.15390625 0.0859375 0.08671875
1 0.83671875 0.26484375 0.08515625 0.0859375
1 0.8390625 0.371875 0.08515625 0.0859375
1 0.8390625 0.48046875 0.0734375 0.07421875
1 0.93125 0.09765625 0.0859375 0.0859375
1 0.92890625 0.2078125 0.0859375 0.0859375
1 0.93125 0.3171875 0.0734375 0.0734375
0 0.9328125 0.428125 0.0734375 0.0734375
1 0.9375 0.5296875 0.09765625 0.0984375
1 0.93125 0.6421875 0.09765625 0.0984375
1 0.934375 0.7546875 0.09765625 0.09765625
1 0.93125 0.87421875 0.08515625 0.0859375
1 0.8421875 0.58671875 0.09765625 0.09765625
1 0.8390625 0.70703125 0.0859375 0.0859375
1 0.84140625 0.815625 0.0734375 0.07421875
1 0.8390625 0.9234375 0.0734375 0.07421875
1 0.74375 0.5359375 0.109375 0.1109375
1 0.74296875 0.64765625 0.09765625 0.09765625
1 0.746875 0.7609375 0.09765625 0.09765625
1 0.74765625 0.86640625 0.08515625 0.0859375
1 0.64921875 0.58984375 0.09765625 0.09765625
1 0.64921875 0.70078125 0.09765625 0.0984375
1 0.6515625 0.81171875 0.08515625 0.0859375
1 0.65 0.9234375 0.09765625 0.0984375
1 0.55625 0.64921875 0.11015625 0.11015625
1 0.5578125 0.75625 0.11015625 0.11015625
1 0.5546875 0.8671875 0.0859375 0.0859375
1 0.4578125 0.590625 0.09765625 0.0984375
1 0.4546875 0.7 0.09765625 0.0984375
1 0.4640625 0.81328125 0.09765625 0.0984375
1 0.46484375 0.9203125 0.09765625 0.0984375
1 0.359375 0.6515625 0.109375 0.11015625
1 0.35859375 0.7640625 0.109375 0.11015625
1 0.36171875 0.86640625 0.11015625 0.11015625
1 0.26875 0.7046875 0.11015625 0.11015625
1 0.26015625 0.81484375 0.11015625 0.11015625
1 0.26640625 0.92890625 0.11015625 0.11015625
1 0.1765625 0.646875 0.09765625 0.0984375
1 0.1796875 0.7546875 0.0859375 0.0859375
1 0.16875 0.86796875 0.09765625 0.09765625
1 0.075 0.70546875 0.109375 0.11015625
1 0.07734375 0.809375 0.109375 0.1109375
1 0.07890625 0.9234375 0.109375 0.1109375