2 0.77109375 0.17265625 0.0734375 0.07421875
2 0.8765625 0.47734375 0.0734375 0.0734375
2 0.58046875 0.75 0.0734375 0.07421875
2 0.584375 0.4 0.0734375 0.0734375
2 0.77421875 0.5265625 0.0734375 0.07421875
2 0.86171875 0.67265625 0.0734375 0.0734375
2 0.68046875 0.5796875 0.0734375 0.0734375
2 0.94765625 0.7546875 0.0734375 0.0734375
2 0.94453125 0.8578125 0.0734375 0.07421875
1 0.771875 0.73046875 0.0859375 0.0859375
1 0.759375 0.84375 0.0859375 0.0859375
1 0.87109375 0.7859375 0.0859375 0.08671875
1 0.86953125 0.89765625 0.08515625 0.0859375
1 0.9390625 0.9484375 0.0859375 0.0859375
1 0.48046875 0.68984375 0.09765625 0.0984375
1 0.478125 0.80625 0.11015625 0.11015625
1 0.3796875 0.853125 0.09765625 0.0984375
1 0.3890625 0.74453125 0.11015625 0.11015625
1 0.290625 0.7875 0.109375 0.11015625
1 0.203125 0.73515625 0.0859375 0.0859375
1 0.1921875 0.83984375 0.0859375 0.0859375
1 0.290625 0.89921875 0.08515625 0.0859375
1 0.48359375 0.9171875 0.0859375 0.0859375
1 0.66953125 0.7921875 0.08515625 0.0859375
1 0.66796875 0.91796875 0.0859375 0.0859375
1 0.5828125 0.86328125 0.08515625 0.0859375
1 0.103125 0.6859375 0.09765625 0.0984375
1 0.1078125 0.8015625 0.0859375 0.0859375
1 0.10546875 0.909375 0.09765625 0.0984375
2 0.8765625 0.57109375 0.0734375 0.0734375
2 0.771875 0.6359375 0.0734375 0.07421875
1 0.878125 0.27421875 0.0859375 0.0859375
2 0.5875 0.0609375 0.0734375 0.07421875
1 0.11015625 0.13125 0.09765625 0.0984375
1 0.109375 0.24609375 0.09765625 0.09765625
1 0.10546875 0.36171875 0.09765625 0.0984375
1 0.10859375 0.4671875 0.08515625 0.0859375
1 0.10859375 0.56875 0.09765625 0.0984375
1 0.2046875 0.61953125 0.11015625 0.11015625
1 0.203125 0.5109375 0.109375 0.11015625
1 0.1984375 0.40390625 0.109375 0.11015625
1 0.2046875 0.30234375 0.11015625 0.11015625
1 0.20390625 0.1890625 0.11015625 0.11015625
1 0.2015625 0.075 0.109375 0.11015625
1 0.3015625 0.128125 0.109375 0.1109375
1 0.29375 0.23984375 0.109375 0.11015625
1 0.29609375 0.34453125 0.08515625 0.0859375
1 0.2984375 0.434375 0.0859375 0.0859375
1 0.29375 0.56796875 0.09765625 0.0984375
1 0.39453125 0.6328125 0.109375 0.1109375
1 0.2953125 0.6796875 0.0859375 0.0859375
1 0.390625 0.5078125 0.0859375 0.0859375
1 0.390625 0.415625 0.09765625 0.0984375
1 0.38984375 0.29453125 0.09765625 0.0984375
1 0.3953125 0.190625 0.08515625 0.0859375
1 0.38984375 0.0640625 0.109375 0.11015625
1 0.4859375 0.12421875 0.09765625 0.09765625
1 0.4890625 0.259375 0.09765625 0.0984375
1 0.4875 0.3484375 0.09765625 0.0984375
1 0.478125 0.465625 0.109375 0.11015625
1 0.4796875 0.5765625 0.109375 0.11015625
1 0.57890625 0.6375 0.0859375 0.0859375
1 0.5859375 0.52265625 0.0859375 0.0859375
1 0.58359375 0.2953125 0.08515625 0.0859375
1 0.578125 0.159375 0.09765625 0.0984375
1 0.675 0.2171875 0.08515625 0.0859375
1 0.675 0.3484375 0.09765625 0.0984375
1 0.67578125 0.4640625 0.09765625 0.09765625
1 0.7734375 0.40703125 0.109375 0.11015625
1 0.76953125 0.28828125 0.09765625 0.0984375
1 0.86640625 0.16328125 0.11015625 0.11015625
1 0.9546875 0.64140625 0.0859375 0.0859375