1 0.215625 0.84140625 0.109375 0.11015625
1 0.1203125 0.128125 0.11015625 0.11015625
1 0.11953125 0.23359375 0.11015625 0.1109375
1 0.1203125 0.35546875 0.109375 0.1109375
1 0.11640625 0.46171875 0.109375 0.11015625
1 0.21484375 0.07109375 0.109375 0.11015625
1 0.2125 0.18828125 0.11015625 0.11015625
1 0.2140625 0.29453125 0.11015625 0.11015625
1 0.215625 0.40546875 0.11015625 0.1109375
1 0.303125 0.12265625 0.109375 0.11015625
1 0.3015625 0.2359375 0.109375 0.11015625
1 0.309375 0.346875 0.109375 0.11015625
1 0.40234375 0.07265625 0.09765625 0.0984375
1 0.40234375 0.184375 0.109375 0.11015625
1 0.40546875 0.290625 0.09765625 0.0984375
1 0.40625 0.403125 0.109375 0.11015625
1 0.5015625 0.11953125 0.11015625 0.11015625
1 0.496875 0.23359375 0.11015625 0.11015625
1 0.50078125 0.353125 0.11015625 0.11015625
1 0.503125 0.45859375 0.109375 0.11015625
1 0.6015625 0.075 0.0859375 0.0859375
1 0.6046875 0.1765625 0.08515625 0.0859375
1 0.6 0.28828125 0.08515625 0.0859375
1 0.60078125 0.4015625 0.08515625 0.0859375
1 0.69609375 0.1296875 0.109375 0.11015625
1 0.69453125 0.23515625 0.109375 0.11015625
1 0.69609375 0.35 0.09765625 0.0984375
1 0.69375 0.45859375 0.11015625 0.11015625
1 0.79609375 0.0734375 0.11015625 0.1109375
1 0.79609375 0.18515625 0.109375 0.11015625
1 0.7921875 0.2875 0.09765625 0.0984375
1 0.7953125 0.40390625 0.109375 0.11015625
1 0.88984375 0.125 0.09765625 0.09765625
1 0.89140625 0.23359375 0.11015625 0.1109375
1 0.89140625 0.34296875 0.09765625 0.0984375
1 0.884375 0.45546875 0.09765625 0.0984375
1 0.88203125 0.56484375 0.09765625 0.0984375
1 0.890625 0.678125 0.09765625 0.0984375
1 0.89140625 0.7859375 0.09765625 0.0984375
1 0.8890625 0.896875 0.09765625 0.0984375
1 0.7859375 0.5171875 0.109375 0.11015625
1 0.78515625 0.6296875 0.109375 0.11015625
1 0.78828125 0.73203125 0.11015625 0.11015625
1 0.784375 0.8390625 0.11015625 0.11015625
1 0.69609375 0.56953125 0.11015625 0.11015625
1 0.68671875 0.68046875 0.11015625 0.11015625
1 0.69296875 0.79453125 0.11015625 0.11015625
1 0.6921875 0.903125 0.109375 0.1109375
1 0.603125 0.5125 0.09765625 0.0984375
1 0.60625 0.6203125 0.0859375 0.0859375
1 0.5953125 0.73359375 0.09765625 0.09765625
1 0.6 0.85 0.09765625 0.09765625
1 0.5015625 0.57109375 0.109375 0.11015625
1 0.50390625 0.675 0.109375 0.1109375
1 0.50625 0.7890625 0.109375 0.1109375
1 0.50078125 0.8890625 0.11015625 0.1109375
1 0.4046875 0.51484375 0.109375 0.11015625
1 0.40546875 0.62578125 0.11015625 0.1109375
1 0.403125 0.73359375 0.11015625 0.1109375
1 0.4078125 0.840625 0.11015625 0.11015625
1 0.30625 0.459375 0.11015625 0.1109375
1 0.3078125 0.56640625 0.11015625 0.1109375
1 0.31171875 0.684375 0.11015625 0.11015625
1 0.31640625 0.78828125 0.109375 0.11015625
1 0.21796875 0.52265625 0.11015625 0.1109375
1 0.2171875 0.62734375 0.09765625 0.0984375
1 0.2140625 0.73359375 0.109375 0.11015625
1 0.12109375 0.56953125 0.09765625 0.0984375
1 0.11640625 0.68125 0.109375 0.11015625
1 0.1203125 0.7859375 0.109375 0.11015625
2 0.1234375 0.89921875 0.0484375 0.05
2 0.21484375 0.95390625 0.0484375 0.05
2 0.309375 0.89140625 0.0484375 0.0484375