1 0.5765625 0.05 0.0859375 0.0859375
2 0.5765625 0.1546875 0.06171875 0.06171875
1 0.57734375 0.26875 0.09765625 0.0984375
3 0.57578125 0.37578125 0.11015625 0.11015625
1 0.66875 0.2078125 0.0859375 0.0859375
1 0.684375 0.325 0.08515625 0.0859375
1 0.4796875 0.10078125 0.08515625 0.0859375
1 0.48125 0.2203125 0.11015625 0.11015625
1 0.48125 0.32578125 0.109375 0.11015625
2 0.3828125 0.1578125 0.0609375 0.06171875
1 0.384375 0.25625 0.109375 0.11015625
1 0.3828125 0.37578125 0.109375 0.11015625
1 0.296875 0.10390625 0.09765625 0.0984375
1 0.2890625 0.209375 0.09765625 0.0984375
1 0.2890625 0.31796875 0.09765625 0.0984375
2 0.196875 0.159375 0.0734375 0.0734375
1 0.1984375 0.2640625 0.09765625 0.0984375
1 0.19609375 0.37734375 0.09765625 0.0984375
1 0.0984375 0.09140625 0.09765625 0.0984375
1 0.0953125 0.22109375 0.09765625 0.0984375
1 0.1015625 0.3265625 0.109375 0.11015625
1 0.10390625 0.42734375 0.11015625 0.11015625
1 0.10234375 0.5484375 0.0859375 0.0859375
1 0.10234375 0.65546875 0.09765625 0.09765625
1 0.1078125 0.76640625 0.09765625 0.0984375
1 0.1984375 0.4859375 0.11015625 0.11015625
1 0.19765625 0.590625 0.11015625 0.1109375
1 0.1984375 0.7125 0.109375 0.1109375
1 0.19453125 0.81875 0.109375 0.11015625
1 0.29296875 0.428125 0.109375 0.11015625
1 0.290625 0.5453125 0.11015625 0.11015625
1 0.2921875 0.6515625 0.11015625 0.11015625
1 0.29375 0.7625 0.11015625 0.1109375
1 0.38125 0.4796875 0.109375 0.11015625
1 0.3796875 0.59296875 0.109375 0.11015625
1 0.3875 0.7046875 0.109375 0.11015625
1 0.48046875 0.43046875 0.09765625 0.0984375
1 0.48046875 0.54140625 0.109375 0.11015625
1 0.48359375 0.64765625 0.09765625 0.0984375
1 0.484375 0.76015625 0.109375 0.11015625
1 0.5796875 0.47734375 0.11015625 0.11015625
1 0.575 0.59140625 0.11015625 0.11015625
1 0.57890625 0.71015625 0.11015625 0.11015625
1 0.58125 0.815625 0.109375 0.11015625
1 0.6796875 0.4328125 0.0859375 0.0859375
1 0.6828125 0.534375 0.08515625 0.0859375
1 0.678125 0.6453125 0.08515625 0.0859375
1 0.67890625 0.75859375 0.08515625 0.0859375
1 0.765625 0.2671875 0.09765625 0.09765625
1 0.778125 0.375 0.09765625 0.09765625
1 0.77421875 0.48671875 0.109375 0.11015625
1 0.77265625 0.5921875 0.109375 0.11015625
1 0.77421875 0.7078125 0.09765625 0.0984375
1 0.771875 0.815625 0.11015625 0.11015625
1 0.8703125 0.32109375 0.11015625 0.1109375
1 0.87421875 0.43046875 0.11015625 0.1109375
1 0.87421875 0.5421875 0.109375 0.11015625
1 0.8703125 0.6453125 0.09765625 0.0984375
1 0.8734375 0.7609375 0.109375 0.11015625
1 0.86484375 0.2109375 0.08515625 0.0859375
1 0.8640625 0.87421875 0.109375 0.11015625
1 0.77421875 0.92734375 0.11015625 0.11015625
1 0.68125 0.86953125 0.09765625 0.0984375
1 0.5796875 0.928125 0.109375 0.11015625
1 0.4828125 0.87265625 0.109375 0.11015625
1 0.384375 0.81640625 0.11015625 0.1109375
1 0.3859375 0.9234375 0.11015625 0.1109375
1 0.29609375 0.8796875 0.11015625 0.1109375
1 0.19921875 0.92734375 0.09765625 0.0984375
1 0.1 0.871875 0.109375 0.11015625