2 0.659375 0.64375 0.0734375 0.07421875
2 0.66171875 0.7296875 0.0734375 0.07421875
2 0.8625 0.71171875 0.0734375 0.0734375
2 0.85625 0.4953125 0.0734375 0.07421875
2 0.58125 0.696875 0.0734375 0.0734375
2 0.77421875 0.825 0.0609375 0.06171875
2 0.5796875 0.79453125 0.0734375 0.0734375
1 0.95234375 0.76875 0.08515625 0.0859375
1 0.94140625 0.46875 0.0859375 0.0859375
1 0.94375 0.55390625 0.08515625 0.08671875
1 0.95 0.6625 0.09765625 0.09765625
1 0.865625 0.06953125 0.11015625 0.11015625
1 0.86953125 0.17890625 0.11015625 0.11015625
1 0.8671875 0.29140625 0.09765625 0.0984375
1 0.86875 0.38984375 0.09765625 0.0984375
2 0.77734375 0.47734375 0.0609375 0.06171875
2 0.7765625 0.5796875 0.0734375 0.07421875
1 0.7796875 0.665625 0.08515625 0.0859375
1 0.7703125 0.7453125 0.0859375 0.0859375
2 0.6453125 0.82890625 0.06171875 0.06171875
1 0.3984375 0.78203125 0.0859375 0.0859375
1 0.771875 0.1359375 0.109375 0.11015625
1 0.77890625 0.2328125 0.11015625 0.11015625
1 0.7765625 0.3484375 0.109375 0.11015625
1 0.68046875 0.075 0.0859375 0.0859375
1 0.67578125 0.1859375 0.109375 0.11015625
1 0.678125 0.2921875 0.11015625 0.11015625
1 0.678125 0.3921875 0.109375 0.1109375
1 0.665625 0.534375 0.09765625 0.0984375
1 0.58203125 0.5828125 0.09765625 0.0984375
1 0.596875 0.46796875 0.0859375 0.0859375
1 0.5828125 0.12421875 0.08515625 0.08671875
1 0.5890625 0.228125 0.09765625 0.09765625
1 0.58203125 0.36015625 0.09765625 0.0984375
1 0.48046875 0.06875 0.0859375 0.0859375
1 0.48203125 0.18125 0.08515625 0.0859375
1 0.4890625 0.2953125 0.09765625 0.09765625
1 0.49296875 0.39765625 0.109375 0.11015625
1 0.503125 0.53515625 0.08515625 0.0859375
1 0.49375 0.6296875 0.09765625 0.0984375
1 0.48125 0.75 0.08515625 0.0859375
1 0.40390625 0.67734375 0.11015625 0.11015625
1 0.39609375 0.58359375 0.11015625 0.11015625
1 0.39921875 0.45625 0.11015625 0.1109375
1 0.4015625 0.3546875 0.109375 0.1109375
1 0.39921875 0.2390625 0.09765625 0.0984375
3 0.4 0.1265625 0.0734375 0.07421875
1 0.30234375 0.0640625 0.08515625 0.0859375
1 0.29921875 0.1859375 0.08515625 0.0859375
1 0.3015625 0.29453125 0.109375 0.11015625
1 0.3046875 0.403125 0.09765625 0.0984375
1 0.3109375 0.5265625 0.0859375 0.0859375
1 0.30546875 0.625 0.109375 0.1109375
1 0.30625 0.73203125 0.09765625 0.0984375
1 0.3015625 0.83984375 0.08515625 0.0859375
1 0.225 0.7953125 0.08515625 0.08671875
1 0.21484375 0.690625 0.0859375 0.0859375
1 0.215625 0.57109375 0.08515625 0.0859375
1 0.22421875 0.46171875 0.08515625 0.0859375
1 0.22734375 0.35 0.08515625 0.0859375
1 0.22734375 0.24375 0.09765625 0.0984375
1 0.2125 0.1390625 0.0859375 0.0859375
1 0.11875 0.06796875 0.09765625 0.0984375
1 0.11484375 0.1921875 0.11015625 0.11015625
1 0.115625 0.2984375 0.11015625 0.11015625
1 0.11953125 0.4078125 0.096875 0.0984375
1 0.1203125 0.51171875 0.08515625 0.0859375
1 0.11328125 0.62734375 0.09765625 0.0984375
1 0.11015625 0.74453125 0.109375 0.11015625
1 0.121875 0.8484375 0.09765625 0.09765625
1 0.86015625 0.59921875 0.09765625 0.0984375