2 0.7828125 0.08515625 0.06171875 0.06171875
1 0.7828125 0.2 0.09765625 0.0984375
3 0.78203125 0.30625 0.11015625 0.11015625
1 0.875 0.1390625 0.0859375 0.0859375
1 0.88984375 0.25625 0.08515625 0.0859375
1 0.68671875 0.15078125 0.11015625 0.11015625
1 0.6875 0.25625 0.109375 0.11015625
2 0.5890625 0.08828125 0.0609375 0.06171875
1 0.590625 0.18671875 0.109375 0.11015625
1 0.5890625 0.30625 0.109375 0.11015625
1 0.4953125 0.13984375 0.09765625 0.0984375
1 0.4953125 0.2484375 0.09765625 0.0984375
2 0.403125 0.090625 0.0734375 0.0734375
1 0.4046875 0.19453125 0.09765625 0.0984375
1 0.40234375 0.3078125 0.09765625 0.0984375
1 0.3015625 0.1515625 0.09765625 0.0984375
1 0.3078125 0.25703125 0.109375 0.11015625
1 0.2171875 0.096875 0.09765625 0.0984375
1 0.2171875 0.19765625 0.09765625 0.0984375
1 0.2109375 0.31171875 0.109375 0.1109375
1 0.1203125 0.13984375 0.109375 0.11015625
1 0.11875 0.2515625 0.11015625 0.1109375
1 0.12578125 0.359375 0.11015625 0.1109375
1 0.1203125 0.47578125 0.11015625 0.11015625
1 0.12265625 0.5796875 0.11015625 0.11015625
1 0.11640625 0.6921875 0.11015625 0.11015625
1 0.21875 0.4171875 0.109375 0.1109375
1 0.215625 0.52890625 0.109375 0.11015625
1 0.2140625 0.6375 0.09765625 0.0984375
1 0.215625 0.753125 0.09765625 0.0984375
1 0.31015625 0.3578125 0.11015625 0.11015625
1 0.30859375 0.4796875 0.0859375 0.0859375
1 0.30859375 0.5859375 0.09765625 0.09765625
1 0.31328125 0.696875 0.09765625 0.0984375
1 0.4046875 0.41640625 0.11015625 0.11015625
1 0.40390625 0.521875 0.11015625 0.1109375
1 0.4046875 0.64375 0.109375 0.1109375
1 0.4 0.74921875 0.109375 0.11015625
1 0.49921875 0.35859375 0.109375 0.11015625
1 0.496875 0.47578125 0.11015625 0.11015625
1 0.4984375 0.5828125 0.11015625 0.11015625
1 0.49921875 0.69375 0.11015625 0.1109375
1 0.58671875 0.4109375 0.109375 0.11015625
1 0.5859375 0.52421875 0.109375 0.11015625
1 0.59375 0.63515625 0.109375 0.11015625
1 0.68671875 0.3609375 0.09765625 0.0984375
1 0.68671875 0.471875 0.109375 0.11015625
1 0.6890625 0.57890625 0.09765625 0.0984375
1 0.690625 0.690625 0.109375 0.11015625
1 0.7859375 0.4078125 0.11015625 0.11015625
1 0.78046875 0.521875 0.11015625 0.11015625
1 0.784375 0.64140625 0.11015625 0.11015625
1 0.7875 0.746875 0.109375 0.11015625
1 0.8859375 0.36328125 0.0859375 0.0859375
1 0.8890625 0.46484375 0.08515625 0.0859375
1 0.884375 0.5765625 0.08515625 0.0859375
1 0.88515625 0.6890625 0.08515625 0.0859375
1 0.8875 0.8 0.09765625 0.0984375
1 0.890625 0.9078125 0.0859375 0.0859375
1 0.7859375 0.85859375 0.109375 0.11015625
1 0.68828125 0.803125 0.109375 0.11015625
1 0.68984375 0.9140625 0.11015625 0.1109375
1 0.590625 0.746875 0.11015625 0.1109375
1 0.5921875 0.8546875 0.11015625 0.1109375
1 0.50234375 0.8109375 0.11015625 0.1109375
1 0.50078125 0.915625 0.09765625 0.0984375
1 0.40546875 0.8578125 0.09765625 0.0984375
1 0.30546875 0.80234375 0.109375 0.11015625
1 0.3109375 0.9171875 0.11015625 0.11015625
1 0.215625 0.8546875 0.09765625 0.0984375
1 0.121875 0.80625 0.109375 0.11015625
1 0.11875 0.91484375 0.109375 0.11015625