2 0.06796875 0.534375 0.0734375 0.07421875
1 0.06953125 0.10390625 0.09765625 0.0984375
1 0.16484375 0.14453125 0.08515625 0.0859375
1 0.2609375 0.08984375 0.0859375 0.0859375
1 0.25703125 0.2015625 0.0859375 0.0859375
1 0.071875 0.21484375 0.08515625 0.0859375
1 0.2578125 0.30859375 0.0859375 0.0859375
1 0.25390625 0.4171875 0.09765625 0.09765625
1 0.25703125 0.53984375 0.08515625 0.0859375
1 0.25859375 0.634375 0.08515625 0.0859375
1 0.25703125 0.7578125 0.08515625 0.0859375
1 0.16171875 0.253125 0.08515625 0.0859375
1 0.1609375 0.3703125 0.09765625 0.09765625
1 0.16328125 0.48125 0.09765625 0.09765625
1 0.1671875 0.5890625 0.0859375 0.0859375
1 0.1609375 0.69609375 0.0859375 0.0859375
3 0.06796875 0.309375 0.08515625 0.0859375
1 0.06875 0.42109375 0.09765625 0.09765625
1 0.0734375 0.6421875 0.09765625 0.0984375
1 0.07109375 0.76015625 0.09765625 0.0984375
1 0.06953125 0.86171875 0.09765625 0.0984375
3 0.1609375 0.8046875 0.0859375 0.0859375
1 0.165625 0.91484375 0.09765625 0.0984375
1 0.2640625 0.86640625 0.0859375 0.0859375