2 0.103125 0.24296875 0.0734375 0.07421875
2 0.18671875 0.17265625 0.06171875 0.06171875
2 0.10859375 0.14609375 0.06171875 0.06171875
1 0.10546875 0.353125 0.109375 0.1109375
1 0.18828125 0.0890625 0.09765625 0.0984375
1 0.1984375 0.3125 0.11015625 0.1109375
1 0.19453125 0.41796875 0.11015625 0.1109375
1 0.2828125 0.1359375 0.109375 0.11015625
1 0.284375 0.2484375 0.109375 0.11015625
1 0.2859375 0.36015625 0.09765625 0.09765625
1 0.3875 0.07578125 0.11015625 0.11015625
1 0.38671875 0.196875 0.109375 0.11015625
1 0.3875 0.3015625 0.09765625 0.0984375
1 0.38359375 0.409375 0.109375 0.11015625
1 0.475 0.15 0.09765625 0.0984375
1 0.47265625 0.24453125 0.09765625 0.0984375
1 0.48515625 0.3625 0.109375 0.11015625
1 0.5625 0.090625 0.09765625 0.0984375
1 0.56875 0.1890625 0.08515625 0.0859375
1 0.565625 0.3 0.08515625 0.08671875
1 0.56953125 0.40078125 0.09765625 0.0984375
1 0.67578125 0.13046875 0.09765625 0.0984375
1 0.6796875 0.2375 0.109375 0.11015625
1 0.68046875 0.35625 0.11015625 0.11015625
1 0.675 0.471875 0.11015625 0.11015625
1 0.771875 0.08203125 0.11015625 0.1109375
1 0.7703125 0.1859375 0.109375 0.11015625
1 0.7703125 0.29765625 0.09765625 0.0984375
1 0.7671875 0.41171875 0.109375 0.11015625
1 0.865625 0.1390625 0.09765625 0.09765625
1 0.865625 0.25 0.09765625 0.09765625
1 0.8640625 0.3578125 0.08515625 0.0859375
1 0.8640625 0.4703125 0.0859375 0.0859375
2 0.96015625 0.5296875 0.06171875 0.06171875
2 0.95546875 0.63828125 0.06171875 0.06171875
1 0.8671875 0.5796875 0.109375 0.11015625
1 0.8609375 0.7046875 0.0859375 0.0859375
1 0.8609375 0.80546875 0.109375 0.11015625
1 0.86328125 0.91328125 0.09765625 0.0984375
1 0.76953125 0.521875 0.109375 0.11015625
1 0.76640625 0.634375 0.11015625 0.11015625
1 0.7703125 0.74453125 0.11015625 0.11015625
1 0.77109375 0.85703125 0.11015625 0.11015625
1 0.6734375 0.5734375 0.11015625 0.11015625
1 0.675 0.690625 0.11015625 0.11015625
1 0.67578125 0.790625 0.109375 0.11015625
1 0.67109375 0.90546875 0.109375 0.1109375
1 0.575 0.50703125 0.09765625 0.0984375
1 0.584375 0.6265625 0.109375 0.11015625
1 0.5828125 0.740625 0.109375 0.1109375
1 0.57890625 0.85859375 0.109375 0.1109375
1 0.4828125 0.4640625 0.109375 0.11015625
1 0.48046875 0.5640625 0.09765625 0.09765625
1 0.48125 0.69140625 0.09765625 0.09765625
1 0.4890625 0.79296875 0.11015625 0.1109375
1 0.48125 0.9109375 0.11015625 0.11015625
1 0.38359375 0.53046875 0.109375 0.1109375
1 0.378125 0.6375 0.08515625 0.0859375
1 0.3828125 0.73359375 0.09765625 0.09765625
1 0.38515625 0.8515625 0.08515625 0.0859375
1 0.28828125 0.46796875 0.11015625 0.1109375
1 0.28203125 0.57890625 0.09765625 0.09765625
1 0.27890625 0.68359375 0.08515625 0.0859375
1 0.28359375 0.79921875 0.11015625 0.11015625
1 0.2859375 0.909375 0.109375 0.11015625
1 0.19140625 0.5328125 0.09765625 0.09765625
1 0.19375 0.64453125 0.0859375 0.0859375
1 0.1921875 0.75703125 0.109375 0.11015625
1 0.18828125 0.85703125 0.09765625 0.0984375
1 0.1 0.465625 0.09765625 0.0984375
1 0.10078125 0.57890625 0.09765625 0.0984375
1 0.09765625 0.69140625 0.0859375 0.0859375
1 0.096875 0.79140625 0.09765625 0.0984375
1 0.096875 0.915625 0.11015625 0.11015625