1 0.9078125 0.11484375 0.09765625 0.0984375
1 0.9078125 0.2234375 0.09765625 0.0984375
2 0.815625 0.06484375 0.0734375 0.0734375
1 0.8171875 0.16953125 0.09765625 0.0984375
1 0.815625 0.2828125 0.09765625 0.0984375
1 0.71484375 0.1265625 0.09765625 0.0984375
1 0.7203125 0.23203125 0.109375 0.11015625
1 0.6296875 0.071875 0.09765625 0.0984375
1 0.6296875 0.17265625 0.09765625 0.0984375
1 0.62421875 0.2859375 0.109375 0.1109375
1 0.5328125 0.11484375 0.109375 0.11015625
1 0.53203125 0.2265625 0.11015625 0.1109375
1 0.43828125 0.05390625 0.09765625 0.09765625
1 0.43984375 0.1640625 0.11015625 0.1109375
1 0.43984375 0.2828125 0.11015625 0.11015625
1 0.3390625 0.12109375 0.09765625 0.09765625
1 0.3484375 0.2390625 0.109375 0.11015625
2 0.24921875 0.06796875 0.0609375 0.06171875
1 0.2453125 0.17421875 0.109375 0.11015625
1 0.246875 0.284375 0.109375 0.11015625
1 0.15 0.1109375 0.11015625 0.11015625
1 0.15390625 0.23125 0.11015625 0.11015625
2 0.05703125 0.0484375 0.06171875 0.06171875
1 0.0578125 0.16953125 0.11015625 0.11015625
1 0.0578125 0.2859375 0.109375 0.11015625
1 0.0578125 0.39375 0.11015625 0.11015625
1 0.05546875 0.5046875 0.109375 0.11015625
1 0.05546875 0.71171875 0.109375 0.1109375
1 0.14921875 0.340625 0.11015625 0.11015625
1 0.1515625 0.4515625 0.11015625 0.11015625
1 0.153125 0.55390625 0.11015625 0.11015625
1 0.1484375 0.67265625 0.09765625 0.0984375
1 0.24140625 0.4 0.109375 0.11015625
1 0.24609375 0.509375 0.09765625 0.0984375
1 0.24453125 0.6125 0.11015625 0.11015625
1 0.34765625 0.33515625 0.09765625 0.0984375
1 0.34375 0.44375 0.09765625 0.0984375
1 0.35078125 0.559375 0.109375 0.11015625
1 0.35234375 0.6703125 0.11015625 0.11015625
1 0.440625 0.39296875 0.11015625 0.11015625
1 0.4421875 0.50234375 0.109375 0.11015625
1 0.440625 0.60625 0.109375 0.11015625
1 0.53828125 0.334375 0.11015625 0.1109375
1 0.53359375 0.45078125 0.11015625 0.11015625
1 0.5359375 0.55390625 0.11015625 0.11015625
1 0.5296875 0.66640625 0.11015625 0.11015625
1 0.63203125 0.39140625 0.109375 0.1109375
1 0.62890625 0.503125 0.109375 0.11015625
1 0.6265625 0.61171875 0.09765625 0.0984375
1 0.62890625 0.728125 0.09765625 0.0984375
1 0.7234375 0.3328125 0.11015625 0.11015625
1 0.721875 0.45390625 0.0859375 0.0859375
1 0.721875 0.5609375 0.09765625 0.09765625
1 0.7265625 0.67109375 0.09765625 0.0984375
1 0.81796875 0.39140625 0.11015625 0.11015625
1 0.8171875 0.49609375 0.11015625 0.1109375
1 0.8171875 0.61796875 0.109375 0.1109375
1 0.81328125 0.72421875 0.109375 0.11015625
1 0.9125 0.33359375 0.109375 0.11015625
1 0.909375 0.45078125 0.11015625 0.11015625
1 0.91171875 0.55703125 0.11015625 0.11015625
1 0.9125 0.66796875 0.11015625 0.1109375
1 0.915625 0.78515625 0.11015625 0.1109375
1 0.9140625 0.88984375 0.09765625 0.0984375
1 0.81875 0.8328125 0.09765625 0.0984375
1 0.81328125 0.94375 0.109375 0.11015625
1 0.71875 0.7765625 0.109375 0.11015625
1 0.72421875 0.8921875 0.11015625 0.11015625
1 0.62890625 0.8296875 0.09765625 0.0984375
1 0.62421875 0.93984375 0.11015625 0.11015625
1 0.53515625 0.78046875 0.109375 0.11015625
1 0.53203125 0.8890625 0.109375 0.11015625
1 0.44453125 0.72734375 0.109375 0.11015625
1 0.44375 0.83515625 0.09765625 0.0984375
1 0.3484375 0.78984375 0.11015625 0.11015625
1 0.35234375 0.903125 0.11015625 0.11015625
1 0.24140625 0.72578125 0.11015625 0.11015625
1 0.246875 0.8375 0.11015625 0.11015625
1 0.14921875 0.78828125 0.09765625 0.09765625
1 0.1546875 0.89921875 0.09765625 0.09765625
1 0.059375 0.9421875 0.09765625 0.09765625