2 0.15859375 0.0421875 0.0734375 0.07421875
2 0.26484375 0.25 0.0734375 0.07421875
3 0.9171875 0.7125 0.09765625 0.09765625
1 0.9109375 0.8171875 0.09765625 0.0984375
1 0.91328125 0.9265625 0.09765625 0.0984375
1 0.821875 0.76484375 0.11015625 0.11015625
1 0.82109375 0.87265625 0.09765625 0.0984375
1 0.72578125 0.70859375 0.11015625 0.11015625
1 0.728125 0.81171875 0.109375 0.1109375
1 0.725 0.9265625 0.09765625 0.0984375
1 0.63203125 0.884375 0.109375 0.11015625
1 0.553125 0.69453125 0.11015625 0.1109375
1 0.5453125 0.79453125 0.109375 0.11015625
1 0.5453125 0.9390625 0.109375 0.11015625
1 0.4359375 0.75234375 0.109375 0.11015625
1 0.346875 0.709375 0.09765625 0.0984375
2 0.28125 0.94375 0.0484375 0.05
1 0.34609375 0.803125 0.11015625 0.11015625
1 0.071875 0.74375 0.0859375 0.0859375
1 0.07421875 0.840625 0.09765625 0.09765625
1 0.91796875 0.60703125 0.109375 0.11015625
1 0.8109375 0.65 0.109375 0.11015625
1 0.82421875 0.31875 0.09765625 0.09765625
1 0.91953125 0.159375 0.11015625 0.11015625
1 0.92109375 0.27265625 0.109375 0.11015625
1 0.82109375 0.0953125 0.09765625 0.09765625
1 0.82890625 0.209375 0.109375 0.1109375
0 0.73359375 0.13203125 0.09765625 0.0984375
1 0.7296875 0.2625 0.109375 0.11015625
1 0.7296875 0.38984375 0.09765625 0.09765625
1 0.7265625 0.5890625 0.109375 0.1109375
1 0.6421875 0.44296875 0.09765625 0.0984375
1 0.6390625 0.33125 0.11015625 0.1109375
1 0.63984375 0.2078125 0.11015625 0.11015625
1 0.63671875 0.096875 0.109375 0.11015625
1 0.5546875 0.15 0.09765625 0.0984375
1 0.55859375 0.24375 0.09765625 0.0984375
1 0.5546875 0.38359375 0.109375 0.11015625
1 0.55859375 0.49453125 0.109375 0.11015625
1 0.54453125 0.6015625 0.11015625 0.1109375
1 0.44375 0.64453125 0.109375 0.1109375
1 0.44453125 0.5390625 0.11015625 0.1109375
1 0.44453125 0.42265625 0.08515625 0.0859375
1 0.45 0.20078125 0.09765625 0.0984375
1 0.453125 0.10078125 0.109375 0.1109375
1 0.08359375 0.08203125 0.08515625 0.0859375
1 0.153125 0.1328125 0.0859375 0.0859375
1 0.0765625 0.2265625 0.08515625 0.0859375
1 0.16328125 0.28203125 0.08515625 0.0859375
1 0.26796875 0.32734375 0.08515625 0.0859375
1 0.1671875 0.68046875 0.0859375 0.0859375
1 0.06953125 0.6375 0.11015625 0.11015625
1 0.07421875 0.53203125 0.09765625 0.09765625
1 0.078125 0.43828125 0.09765625 0.09765625
1 0.2671875 0.428125 0.09765625 0.0984375
1 0.1625 0.4875 0.09765625 0.0984375
1 0.16484375 0.590625 0.08515625 0.0859375
1 0.078125 0.3375 0.0859375 0.0859375
1 0.159375 0.375 0.08515625 0.0859375
1 0.365625 0.5921875 0.09765625 0.0984375