3 0.940625 0.68671875 0.0859375 0.0859375
3 0.56328125 0.88046875 0.06171875 0.06171875
1 0.65546875 0.95 0.08515625 0.0859375
1 0.753125 0.909375 0.0859375 0.0859375
1 0.8484375 0.940625 0.0859375 0.0859375
1 0.85625 0.853125 0.0859375 0.0859375
1 0.94921875 0.22734375 0.09765625 0.09765625
1 0.94453125 0.353125 0.09765625 0.09765625
1 0.9421875 0.4484375 0.09765625 0.0984375
1 0.94375 0.55546875 0.09765625 0.0984375
1 0.93671875 0.78671875 0.09765625 0.0984375
1 0.9359375 0.8921875 0.09765625 0.0984375
1 0.8515625 0.6046875 0.0859375 0.0859375
1 0.85546875 0.49921875 0.0859375 0.0859375
1 0.853125 0.39375 0.08515625 0.0859375
1 0.853125 0.290625 0.08515625 0.0859375
1 0.76015625 0.23125 0.11015625 0.11015625
1 0.75625 0.346875 0.11015625 0.11015625
1 0.74921875 0.46015625 0.11015625 0.11015625
1 0.7484375 0.5734375 0.109375 0.1109375
1 0.7515625 0.675 0.109375 0.1109375
1 0.65625 0.73046875 0.109375 0.1109375
1 0.6640625 0.621875 0.109375 0.11015625
1 0.6640625 0.49765625 0.109375 0.11015625
1 0.66484375 0.40546875 0.11015625 0.1109375
1 0.67109375 0.278125 0.109375 0.11015625
1 0.5609375 0.23515625 0.11015625 0.11015625
1 0.55859375 0.3375 0.109375 0.11015625
1 0.56640625 0.4546875 0.09765625 0.0984375
1 0.56640625 0.5640625 0.09765625 0.0984375
1 0.56875 0.6703125 0.09765625 0.0984375
1 0.56875 0.75390625 0.09765625 0.09765625
1 0.465625 0.70859375 0.09765625 0.0984375
1 0.478125 0.28671875 0.109375 0.11015625
1 0.47578125 0.4234375 0.109375 0.11015625
1 0.46796875 0.5046875 0.0859375 0.0859375
1 0.47578125 0.60703125 0.109375 0.11015625
1 0.38671875 0.3390625 0.0859375 0.0859375
1 0.37578125 0.43359375 0.109375 0.1109375
1 0.3734375 0.5328125 0.11015625 0.11015625
1 0.3859375 0.646875 0.11015625 0.11015625
1 0.2828125 0.5953125 0.11015625 0.11015625
1 0.2828125 0.51015625 0.09765625 0.0984375
1 0.2875 0.4 0.09765625 0.0984375
1 0.290625 0.28984375 0.109375 0.11015625
1 0.190625 0.23828125 0.109375 0.1109375
1 0.18984375 0.3421875 0.11015625 0.11015625
1 0.18984375 0.45859375 0.11015625 0.11015625
1 0.18203125 0.56953125 0.11015625 0.11015625
1 0.47265625 0.93359375 0.0859375 0.0859375
1 0.38125 0.896875 0.109375 0.11015625
1 0.37421875 0.82265625 0.09765625 0.0984375
1 0.2828125 0.8578125 0.11015625 0.11015625
1 0.0953125 0.28671875 0.109375 0.11015625
1 0.0890625 0.40078125 0.11015625 0.11015625
1 0.0921875 0.5109375 0.09765625 0.0984375
2 0.0890625 0.62421875 0.0734375 0.0734375
1 0.9421875 0.13359375 0.109375 0.11015625
1 0.85625 0.18125 0.08515625 0.0859375
1 0.85625 0.0609375 0.08515625 0.0859375
1 0.7578125 0.11484375 0.109375 0.11015625
1 0.6625 0.16875 0.109375 0.11015625
1 0.6609375 0.0796875 0.109375 0.11015625
1 0.5703125 0.12578125 0.109375 0.11015625
1 0.47734375 0.171875 0.109375 0.1109375
1 0.4703125 0.06015625 0.09765625 0.0984375
1 0.39453125 0.12890625 0.0859375 0.0859375
1 0.3890625 0.23125 0.08515625 0.0859375
1 0.2859375 0.19296875 0.109375 0.11015625
1 0.28515625 0.06796875 0.09765625 0.0984375
1 0.19921875 0.13515625 0.09765625 0.0984375
1 0.1015625 0.0828125 0.109375 0.1109375
1 0.09765625 0.18046875 0.09765625 0.09765625