2 0.09296875 0.13203125 0.0734375 0.07421875
2 0.9671875 0.18984375 0.0609375 0.06171875
1 0.86328125 0.13828125 0.109375 0.11015625
1 0.76875 0.08671875 0.109375 0.11015625
1 0.66953125 0.1296875 0.11015625 0.11015625
1 0.5734375 0.0796875 0.11015625 0.11015625
1 0.47578125 0.13203125 0.09765625 0.0984375
1 0.390625 0.071875 0.09765625 0.0984375
1 0.2875 0.13046875 0.11015625 0.11015625
1 0.19375 0.07734375 0.09765625 0.09765625
1 0.19375 0.17890625 0.09765625 0.09765625
1 0.1 0.240625 0.0859375 0.0859375
1 0.09765625 0.35078125 0.09765625 0.0984375
1 0.09296875 0.4734375 0.09765625 0.0984375
1 0.09609375 0.57890625 0.11015625 0.1109375
1 0.19609375 0.30234375 0.09765625 0.0984375
1 0.1875 0.4125 0.0859375 0.0859375
1 0.1890625 0.5203125 0.09765625 0.0984375
1 0.1890625 0.6328125 0.09765625 0.09765625
1 0.28828125 0.240625 0.11015625 0.11015625
1 0.29453125 0.35078125 0.11015625 0.11015625
1 0.29453125 0.4625 0.11015625 0.11015625
1 0.2953125 0.58125 0.109375 0.11015625
1 0.378125 0.18828125 0.109375 0.11015625
1 0.38125 0.3015625 0.109375 0.11015625
1 0.38203125 0.4046875 0.11015625 0.11015625
1 0.384375 0.528125 0.11015625 0.11015625
1 0.3875 0.63515625 0.11015625 0.11015625
1 0.47734375 0.246875 0.109375 0.11015625
1 0.48359375 0.35625 0.109375 0.11015625
1 0.47734375 0.465625 0.109375 0.11015625
1 0.47265625 0.57578125 0.109375 0.11015625
1 0.56796875 0.1890625 0.11015625 0.1109375
1 0.571875 0.30625 0.09765625 0.09765625
1 0.57421875 0.409375 0.109375 0.11015625
1 0.57734375 0.52421875 0.09765625 0.0984375
1 0.57109375 0.634375 0.109375 0.11015625
1 0.6703125 0.24609375 0.11015625 0.1109375
1 0.6703125 0.3609375 0.11015625 0.1109375
1 0.66640625 0.47109375 0.11015625 0.11015625
1 0.6734375 0.58671875 0.11015625 0.11015625
1 0.7625 0.19296875 0.109375 0.11015625
1 0.76875 0.30859375 0.109375 0.1109375
1 0.7671875 0.415625 0.11015625 0.1109375
1 0.76796875 0.528125 0.11015625 0.1109375
1 0.7640625 0.64375 0.11015625 0.11015625
1 0.8625 0.25078125 0.09765625 0.0984375
1 0.85859375 0.36484375 0.109375 0.11015625
1 0.85859375 0.46953125 0.109375 0.1109375
1 0.8578125 0.584375 0.109375 0.1109375
1 0.85234375 0.68984375 0.109375 0.11015625
1 0.85703125 0.80703125 0.11015625 0.11015625
1 0.85625 0.909375 0.11015625 0.11015625
1 0.7609375 0.86015625 0.11015625 0.11015625
1 0.66484375 0.80625 0.0859375 0.08671875
1 0.6671875 0.91484375 0.109375 0.11015625
1 0.56875 0.8546875 0.109375 0.11015625
1 0.47265625 0.7921875 0.09765625 0.0984375
1 0.47109375 0.90703125 0.08515625 0.0859375
1 0.76328125 0.75 0.08515625 0.0859375
1 0.665625 0.68671875 0.109375 0.11015625
1 0.571875 0.74453125 0.109375 0.11015625
1 0.47734375 0.68671875 0.11015625 0.11015625
1 0.3859375 0.74453125 0.09765625 0.0984375
1 0.384375 0.853125 0.09765625 0.09765625
3 0.2890625 0.68671875 0.0859375 0.0859375
1 0.09453125 0.67421875 0.11015625 0.11015625
1 0.09296875 0.796875 0.11015625 0.1109375
1 0.09375 0.90234375 0.09765625 0.09765625
1 0.196875 0.73125 0.09765625 0.0984375
1 0.1984375 0.85 0.08515625 0.0859375
1 0.296875 0.78984375 0.09765625 0.0984375
1 0.296875 0.91640625 0.109375 0.11015625