1 0.3375 0.415625 0.109375 0.11015625
1 0.9078125 0.09140625 0.109375 0.11015625
1 0.90703125 0.20390625 0.109375 0.11015625
1 0.9109375 0.30625 0.11015625 0.11015625
1 0.90703125 0.41328125 0.11015625 0.11015625
1 0.81796875 0.14375 0.11015625 0.11015625
1 0.809375 0.2546875 0.11015625 0.11015625
1 0.81484375 0.36875 0.11015625 0.11015625
1 0.8140625 0.47734375 0.109375 0.1109375
1 0.72578125 0.08671875 0.09765625 0.0984375
1 0.728125 0.19453125 0.0859375 0.0859375
1 0.71796875 0.3078125 0.09765625 0.09765625
1 0.721875 0.4234375 0.09765625 0.09765625
1 0.62421875 0.1453125 0.109375 0.11015625
1 0.62578125 0.24921875 0.109375 0.1109375
1 0.628125 0.36328125 0.109375 0.1109375
1 0.62265625 0.4625 0.11015625 0.1109375
1 0.5265625 0.0890625 0.109375 0.11015625
1 0.528125 0.2 0.11015625 0.1109375
1 0.525 0.3078125 0.11015625 0.1109375
1 0.5296875 0.41484375 0.11015625 0.11015625
1 0.43046875 0.140625 0.11015625 0.1109375
1 0.434375 0.25859375 0.11015625 0.11015625
1 0.43828125 0.3625 0.109375 0.11015625
1 0.340625 0.096875 0.11015625 0.1109375
1 0.3390625 0.2015625 0.09765625 0.0984375
1 0.3359375 0.3078125 0.109375 0.11015625
1 0.24296875 0.14375 0.09765625 0.0984375
1 0.23828125 0.25546875 0.109375 0.11015625
1 0.2421875 0.36015625 0.109375 0.11015625
2 0.2453125 0.4734375 0.0484375 0.05
2 0.33671875 0.528125 0.0484375 0.05
2 0.43125 0.465625 0.0484375 0.0484375
1 0.14375 0.08828125 0.109375 0.11015625
1 0.14921875 0.20390625 0.11015625 0.11015625
1 0.14921875 0.3140625 0.11015625 0.11015625
1 0.1515625 0.4265625 0.11015625 0.11015625
1 0.15078125 0.53203125 0.08515625 0.0859375
1 0.05390625 0.14140625 0.09765625 0.0984375
1 0.0546875 0.3625 0.09765625 0.0984375
1 0.04609375 0.58515625 0.0734375 0.0734375
1 0.1515625 0.634375 0.11015625 0.11015625
1 0.2421875 0.58515625 0.109375 0.11015625
1 0.3390625 0.634375 0.109375 0.1109375
1 0.44140625 0.69375 0.0859375 0.0859375
1 0.43515625 0.58125 0.08515625 0.0859375
2 0.53203125 0.53203125 0.08515625 0.0859375
1 0.52890625 0.6390625 0.08515625 0.0859375
1 0.5359375 0.74609375 0.09765625 0.09765625
1 0.53125 0.85078125 0.09765625 0.09765625
2 0.62578125 0.58046875 0.0734375 0.0734375
1 0.628125 0.6921875 0.08515625 0.0859375
1 0.62734375 0.909375 0.0734375 0.07421875
1 0.7140625 0.5265625 0.09765625 0.0984375
1 0.71953125 0.6359375 0.09765625 0.0984375
1 0.71484375 0.7515625 0.09765625 0.0984375
1 0.725 0.8625 0.09765625 0.09765625
1 0.8171875 0.58125 0.11015625 0.11015625
1 0.81796875 0.69609375 0.11015625 0.11015625
1 0.8125 0.80234375 0.109375 0.11015625
1 0.81171875 0.9203125 0.109375 0.11015625
1 0.91171875 0.53046875 0.11015625 0.11015625
1 0.90859375 0.6421875 0.11015625 0.11015625
1 0.903125 0.75078125 0.11015625 0.11015625
1 0.9109375 0.8625 0.11015625 0.11015625