2 0.465625 0.05 0.0859375 0.08671875
1 0.8421875 0.04375 0.0859375 0.0859375
1 0.646875 0.04609375 0.08515625 0.0859375
2 0.27265625 0.040625 0.02421875 0.02421875
2 0.26875 0.15 0.02421875 0.02421875
2 0.271875 0.23203125 0.02421875 0.02421875
2 0.36953125 0.09296875 0.02421875 0.02421875
2 0.3625 0.20078125 0.02421875 0.02421875
2 0.4625 0.23125 0.0375 0.0375
1 0.46015625 0.14921875 0.109375 0.11015625
1 0.56953125 0.09296875 0.0859375 0.0859375
1 0.56953125 0.2015625 0.0734375 0.0734375
1 0.65 0.1515625 0.09765625 0.0984375
2 0.64140625 0.2671875 0.06171875 0.06171875
1 0.7421875 0.0984375 0.09765625 0.0984375
1 0.746875 0.20546875 0.09765625 0.0984375
1 0.85078125 0.15546875 0.09765625 0.09765625
1 0.9421875 0.09375 0.08515625 0.0859375
1 0.940625 0.2046875 0.09765625 0.09765625
1 0.084375 0.4484375 0.08515625 0.0859375
1 0.08203125 0.54609375 0.09765625 0.09765625
1 0.08046875 0.6625 0.11015625 0.1109375
1 0.0765625 0.77421875 0.121875 0.1234375
1 0.07890625 0.8765625 0.109375 0.11015625
2 0.184375 0.3953125 0.0609375 0.06171875
1 0.1765625 0.49296875 0.0859375 0.0859375
1 0.178125 0.6046875 0.11015625 0.1109375
1 0.1703125 0.71796875 0.121875 0.1234375
1 0.1703125 0.82578125 0.11015625 0.11015625
1 0.2734375 0.44375 0.0859375 0.0859375
1 0.265625 0.553125 0.09765625 0.0984375
1 0.275 0.66328125 0.109375 0.11015625
1 0.27265625 0.775 0.121875 0.1234375
2 0.271875 0.8875 0.06171875 0.06171875
1 0.175 0.93984375 0.11015625 0.11015625
2 0.3703125 0.4015625 0.06171875 0.06171875
1 0.3671875 0.4953125 0.09765625 0.0984375
1 0.371875 0.61015625 0.121875 0.1234375
1 0.3640625 0.71953125 0.109375 0.11015625
1 0.36796875 0.834375 0.121875 0.1234375
1 0.3703125 0.940625 0.109375 0.1109375
1 0.46484375 0.44453125 0.09765625 0.0984375
1 0.46015625 0.55390625 0.11015625 0.11015625
1 0.45234375 0.6578125 0.121875 0.1234375
1 0.46171875 0.78046875 0.11015625 0.11015625
1 0.4625 0.88359375 0.121875 0.1234375
2 0.5546875 0.4125 0.0484375 0.0484375
1 0.5515625 0.49765625 0.09765625 0.0984375
1 0.5515625 0.6125 0.121875 0.121875
1 0.55546875 0.71875 0.121875 0.1234375
1 0.55390625 0.83515625 0.11015625 0.11015625
1 0.63984375 0.44453125 0.0734375 0.0734375
1 0.64453125 0.55703125 0.109375 0.11015625
1 0.6453125 0.66640625 0.109375 0.11015625
1 0.6453125 0.77421875 0.0859375 0.0859375
1 0.65078125 0.88828125 0.11015625 0.11015625
1 0.75078125 0.496875 0.121875 0.1234375
1 0.7390625 0.60546875 0.121875 0.1234375
1 0.74609375 0.72578125 0.09765625 0.0984375
1 0.746875 0.825 0.09765625 0.0984375
1 0.84453125 0.4421875 0.0734375 0.07421875
1 0.85 0.5546875 0.09765625 0.09765625
1 0.85625 0.66796875 0.121875 0.1234375
1 0.8515625 0.78046875 0.09765625 0.0984375
1 0.83984375 0.88359375 0.09765625 0.0984375
1 0.94296875 0.7265625 0.08515625 0.0859375
1 0.940625 0.846875 0.09765625 0.0984375
1 0.9390625 0.9578125 0.0734375 0.0734375