1 0.09765625 0.11953125 0.109375 0.11015625
1 0.19609375 0.0625 0.08515625 0.0859375
1 0.28828125 0.11953125 0.11015625 0.11015625
1 0.38984375 0.06484375 0.109375 0.11015625
1 0.95234375 0.4 0.08515625 0.0859375
1 0.86328125 0.11328125 0.09765625 0.09765625
1 0.86015625 0.23359375 0.0859375 0.0859375
1 0.8625 0.3421875 0.0734375 0.07421875
1 0.8609375 0.45 0.0734375 0.07421875
1 0.853125 0.56171875 0.0734375 0.0734375
1 0.765625 0.0625 0.109375 0.1109375
1 0.76484375 0.1734375 0.09765625 0.09765625
1 0.76875 0.2875 0.09765625 0.09765625
1 0.76875 0.3921875 0.08515625 0.0859375
1 0.7703125 0.5015625 0.09765625 0.0984375
1 0.67109375 0.11640625 0.09765625 0.09765625
1 0.67109375 0.22734375 0.09765625 0.0984375
1 0.6734375 0.3375 0.08515625 0.0859375
1 0.671875 0.45 0.09765625 0.0984375
1 0.671875 0.5640625 0.09765625 0.0984375
1 0.57734375 0.175 0.11015625 0.11015625
1 0.5796875 0.2828125 0.11015625 0.11015625
1 0.5765625 0.39375 0.0859375 0.0859375
1 0.578125 0.50234375 0.09765625 0.0984375
1 0.4796875 0.11640625 0.09765625 0.0984375
1 0.4765625 0.22578125 0.09765625 0.0984375
1 0.48515625 0.3390625 0.09765625 0.0984375
1 0.4859375 0.446875 0.09765625 0.0984375
1 0.48359375 0.5578125 0.09765625 0.0984375
1 0.38125 0.178125 0.109375 0.11015625
1 0.3796875 0.290625 0.109375 0.11015625
1 0.38359375 0.39296875 0.11015625 0.11015625
1 0.3796875 0.50078125 0.11015625 0.11015625
1 0.290625 0.23125 0.11015625 0.11015625
1 0.28203125 0.34140625 0.11015625 0.11015625
1 0.2875 0.45546875 0.11015625 0.11015625
1 0.2875 0.5640625 0.109375 0.1109375
1 0.1984375 0.1734375 0.09765625 0.0984375
1 0.2015625 0.28125 0.0859375 0.0859375
1 0.190625 0.39453125 0.09765625 0.09765625
1 0.19453125 0.5109375 0.09765625 0.09765625
1 0.096875 0.23203125 0.109375 0.11015625
1 0.0984375 0.3359375 0.109375 0.1109375
1 0.10078125 0.45 0.109375 0.1109375
1 0.0953125 0.55 0.11015625 0.1109375
2 0.0984375 0.6671875 0.0734375 0.0734375
1 0.10078125 0.7796875 0.08515625 0.0859375
1 0.18671875 0.6140625 0.09765625 0.0984375
1 0.1921875 0.7234375 0.09765625 0.0984375
1 0.1875 0.83828125 0.09765625 0.0984375
1 0.196875 0.94921875 0.09765625 0.09765625
1 0.28984375 0.66875 0.11015625 0.11015625
1 0.290625 0.7828125 0.11015625 0.11015625
1 0.28515625 0.8890625 0.109375 0.11015625
1 0.384375 0.61796875 0.11015625 0.11015625
1 0.38125 0.72890625 0.11015625 0.11015625
1 0.37578125 0.8375 0.11015625 0.11015625
1 0.48515625 0.6703125 0.109375 0.11015625
1 0.48515625 0.77890625 0.09765625 0.0984375
1 0.48125 0.89140625 0.11015625 0.11015625
1 0.578125 0.6109375 0.109375 0.11015625
1 0.58515625 0.73515625 0.109375 0.11015625
1 0.578125 0.83828125 0.109375 0.11015625
1 0.67265625 0.66484375 0.09765625 0.09765625
1 0.66953125 0.78046875 0.11015625 0.11015625
1 0.67578125 0.89609375 0.109375 0.11015625
1 0.76640625 0.61640625 0.0734375 0.07421875
1 0.76875 0.7234375 0.09765625 0.09765625
1 0.76484375 0.83125 0.11015625 0.11015625
1 0.8578125 0.66796875 0.0734375 0.07421875
1 0.8546875 0.78046875 0.09765625 0.09765625
1 0.86015625 0.89140625 0.08515625 0.0859375
1 0.95234375 0.725 0.0859375 0.0859375
1 0.95 0.82734375 0.09765625 0.09765625
1 0.9515625 0.94140625 0.0859375 0.0859375