2 0.05390625 0.21484375 0.0609375 0.0609375
2 0.159375 0.7046875 0.0734375 0.0734375
2 0.153125 0.921875 0.08515625 0.0859375
2 0.24765625 0.8640625 0.0734375 0.0734375
2 0.2546875 0.75859375 0.0734375 0.0734375
1 0.0625 0.31875 0.09765625 0.09765625
1 0.0609375 0.4265625 0.08515625 0.0859375
1 0.06015625 0.53984375 0.08515625 0.0859375
1 0.0609375 0.64765625 0.08515625 0.0859375
0 0.15390625 0.2609375 0.0734375 0.07421875
0 0.246875 0.3140625 0.0859375 0.0859375
0 0.25234375 0.4265625 0.0734375 0.07421875
1 0.159375 0.37109375 0.09765625 0.09765625
1 0.159375 0.4828125 0.09765625 0.09765625
2 0.15546875 0.59609375 0.06171875 0.06171875
1 0.0640625 0.759375 0.0859375 0.08671875
1 0.24921875 0.5390625 0.0859375 0.0859375
1 0.25 0.64765625 0.0859375 0.0859375
1 0.1515625 0.81328125 0.0734375 0.0734375
1 0.059375 0.8703125 0.0859375 0.0859375