2 0.11875 0.11796875 0.0359375 0.0375
1 0.11875 0.2171875 0.09765625 0.09765625
1 0.11796875 0.32578125 0.109375 0.11015625
1 0.115625 0.44609375 0.121875 0.1234375
1 0.12109375 0.55625 0.109375 0.11015625
1 0.115625 0.665625 0.09765625 0.0984375
1 0.2140625 0.17578125 0.08515625 0.0859375
1 0.21171875 0.2734375 0.09765625 0.09765625
1 0.21015625 0.38984375 0.11015625 0.1109375
1 0.20625 0.5015625 0.121875 0.1234375
1 0.209375 0.60390625 0.109375 0.11015625
2 0.3140625 0.12265625 0.0609375 0.06171875
1 0.30625 0.2203125 0.0859375 0.0859375
1 0.3078125 0.33203125 0.11015625 0.1109375
1 0.3 0.4453125 0.121875 0.1234375
1 0.3 0.553125 0.11015625 0.11015625
1 0.403125 0.17109375 0.0859375 0.0859375
1 0.3953125 0.28046875 0.09765625 0.0984375
1 0.40546875 0.39140625 0.109375 0.11015625
1 0.403125 0.503125 0.121875 0.1234375
2 0.4015625 0.61484375 0.06171875 0.06171875
1 0.30546875 0.6671875 0.11015625 0.11015625
2 0.50078125 0.1296875 0.06171875 0.06171875
1 0.496875 0.2234375 0.09765625 0.0984375
1 0.5015625 0.3375 0.121875 0.1234375
1 0.49375 0.446875 0.109375 0.11015625
1 0.49765625 0.56171875 0.121875 0.1234375
1 0.5 0.66796875 0.109375 0.1109375
1 0.59453125 0.17265625 0.09765625 0.0984375
1 0.590625 0.28203125 0.11015625 0.11015625
1 0.5828125 0.3859375 0.121875 0.1234375
1 0.59140625 0.50859375 0.11015625 0.11015625
1 0.5921875 0.6109375 0.121875 0.1234375
2 0.684375 0.13984375 0.0484375 0.0484375
1 0.68125 0.225 0.09765625 0.0984375
1 0.68125 0.340625 0.121875 0.121875
1 0.68515625 0.44609375 0.121875 0.1234375
1 0.684375 0.56328125 0.11015625 0.11015625
1 0.68046875 0.665625 0.121875 0.1234375
1 0.7703125 0.17265625 0.0734375 0.0734375
1 0.77421875 0.284375 0.109375 0.11015625
1 0.775 0.39375 0.109375 0.11015625
1 0.775 0.5015625 0.0859375 0.0859375
1 0.78046875 0.615625 0.11015625 0.11015625
1 0.88046875 0.225 0.121875 0.1234375
1 0.86875 0.3328125 0.121875 0.1234375
1 0.87578125 0.45390625 0.09765625 0.0984375
1 0.8765625 0.55234375 0.09765625 0.0984375
1 0.8734375 0.671875 0.121875 0.1234375
1 0.8703125 0.78671875 0.11015625 0.11015625
1 0.8734375 0.88984375 0.09765625 0.0984375
1 0.76875 0.72109375 0.11015625 0.11015625
1 0.77734375 0.8328125 0.09765625 0.0984375
1 0.775 0.940625 0.09765625 0.0984375
1 0.68046875 0.778125 0.09765625 0.0984375
1 0.6828125 0.88359375 0.09765625 0.09765625
1 0.58828125 0.72265625 0.121875 0.1234375
1 0.5875 0.834375 0.09765625 0.09765625
1 0.5875 0.94140625 0.09765625 0.09765625
1 0.490625 0.7796875 0.09765625 0.09765625
1 0.496875 0.88984375 0.09765625 0.09765625
1 0.4046875 0.71796875 0.11015625 0.1109375
1 0.4 0.8328125 0.09765625 0.09765625
1 0.39921875 0.93359375 0.0734375 0.07421875
1 0.30390625 0.77890625 0.109375 0.11015625
1 0.30390625 0.884375 0.09765625 0.0984375
1 0.2109375 0.7140625 0.109375 0.11015625
1 0.215625 0.82890625 0.11015625 0.11015625
1 0.2125 0.9390625 0.11015625 0.11015625
1 0.11875 0.7765625 0.09765625 0.0984375
1 0.11328125 0.88515625 0.09765625 0.0984375