2 0.28046875 0.30546875 0.0734375 0.07421875
1 0.8609375 0.08515625 0.09765625 0.09765625
1 0.86015625 0.19375 0.11015625 0.11015625
1 0.85703125 0.303125 0.11015625 0.11015625
1 0.76796875 0.14375 0.11015625 0.11015625
1 0.7609375 0.253125 0.11015625 0.11015625
1 0.66796875 0.08515625 0.109375 0.11015625
1 0.665625 0.19609375 0.109375 0.11015625
1 0.66328125 0.30625 0.09765625 0.0984375
1 0.5734375 0.1421875 0.09765625 0.0984375
1 0.578125 0.2453125 0.09765625 0.0984375
1 0.47734375 0.08125 0.11015625 0.11015625
1 0.47734375 0.19453125 0.11015625 0.11015625
1 0.475 0.30390625 0.11015625 0.11015625
1 0.3796875 0.13828125 0.09765625 0.0984375
1 0.38125 0.25078125 0.09765625 0.09765625
1 0.38125 0.35234375 0.09765625 0.09765625
1 0.2828125 0.08671875 0.09765625 0.0984375
1 0.28125 0.18828125 0.09765625 0.09765625
1 0.18828125 0.134375 0.09765625 0.0984375
1 0.18984375 0.246875 0.08515625 0.0859375
1 0.09453125 0.084375 0.11015625 0.11015625
1 0.08671875 0.19765625 0.109375 0.11015625
1 0.078125 0.30546875 0.109375 0.1109375
1 0.1 0.41171875 0.09765625 0.0984375
1 0.09296875 0.528125 0.11015625 0.1109375
1 0.0984375 0.63125 0.11015625 0.1109375
1 0.10078125 0.74140625 0.109375 0.1109375
1 0.19140625 0.36875 0.109375 0.11015625
1 0.18828125 0.47265625 0.0859375 0.0859375
1 0.18828125 0.575 0.08515625 0.0859375
1 0.18828125 0.68359375 0.11015625 0.1109375
1 0.19375 0.80625 0.11015625 0.1109375
1 0.2875 0.4140625 0.0859375 0.0859375
1 0.28515625 0.525 0.09765625 0.0984375
1 0.28046875 0.646875 0.09765625 0.0984375
1 0.28359375 0.753125 0.11015625 0.1109375
1 0.38359375 0.47578125 0.09765625 0.0984375
1 0.375 0.5859375 0.0859375 0.0859375
1 0.3765625 0.69375 0.09765625 0.0984375
1 0.3765625 0.80625 0.09765625 0.09765625
1 0.47578125 0.41484375 0.11015625 0.11015625
1 0.48203125 0.525 0.11015625 0.11015625
1 0.48203125 0.6359375 0.11015625 0.11015625
1 0.4828125 0.75546875 0.109375 0.11015625
1 0.565625 0.36171875 0.109375 0.11015625
1 0.56875 0.475 0.109375 0.11015625
1 0.56953125 0.57890625 0.11015625 0.11015625
1 0.571875 0.7015625 0.11015625 0.11015625
1 0.575 0.809375 0.11015625 0.11015625
1 0.66484375 0.4203125 0.109375 0.11015625
1 0.67109375 0.5296875 0.109375 0.11015625
1 0.66484375 0.6390625 0.109375 0.11015625
1 0.66015625 0.74921875 0.109375 0.11015625
1 0.75546875 0.36328125 0.11015625 0.1109375
1 0.759375 0.48046875 0.09765625 0.09765625
1 0.76171875 0.58359375 0.109375 0.11015625
1 0.76484375 0.69765625 0.09765625 0.0984375
1 0.75859375 0.8078125 0.109375 0.11015625
1 0.8578125 0.4203125 0.11015625 0.1109375
1 0.8578125 0.53515625 0.11015625 0.1109375
1 0.85390625 0.6453125 0.11015625 0.11015625
1 0.8609375 0.76015625 0.11015625 0.11015625
1 0.95078125 0.9234375 0.08515625 0.0859375
1 0.853125 0.8609375 0.109375 0.11015625
1 0.759375 0.91875 0.109375 0.11015625
1 0.66484375 0.8609375 0.11015625 0.11015625
1 0.5734375 0.91875 0.09765625 0.0984375
3 0.4765625 0.86015625 0.0859375 0.0859375
3 0.18984375 0.9046875 0.08515625 0.0859375
1 0.09765625 0.8453125 0.09765625 0.09765625
1 0.28203125 0.8484375 0.11015625 0.11015625
1 0.384375 0.9046875 0.09765625 0.0984375