2 0.440625 0.10859375 0.0734375 0.07421875
1 0.9046875 0.49375 0.11015625 0.11015625
1 0.91015625 0.603125 0.109375 0.11015625
1 0.91328125 0.7171875 0.11015625 0.11015625
1 0.9078125 0.8203125 0.109375 0.1109375
1 0.89921875 0.92734375 0.109375 0.11015625
1 0.81015625 0.89375 0.11015625 0.11015625
1 0.8171875 0.76171875 0.11015625 0.1109375
1 0.8171875 0.65390625 0.11015625 0.11015625
1 0.71640625 0.49453125 0.11015625 0.11015625
1 0.815625 0.540625 0.109375 0.11015625
1 0.71484375 0.60390625 0.09765625 0.0984375
1 0.72265625 0.70546875 0.09765625 0.0984375
1 0.71796875 0.821875 0.11015625 0.11015625
1 0.71875 0.93671875 0.09765625 0.0984375
1 0.6265625 0.88203125 0.11015625 0.11015625
1 0.628125 0.76796875 0.09765625 0.0984375
1 0.62421875 0.64609375 0.11015625 0.11015625
1 0.62578125 0.5484375 0.11015625 0.11015625
1 0.52734375 0.50390625 0.0859375 0.0859375
1 0.53125 0.61328125 0.0859375 0.0859375
1 0.5328125 0.7078125 0.08515625 0.0859375
1 0.53359375 0.82421875 0.08515625 0.0859375
1 0.5359375 0.93125 0.0859375 0.0859375
1 0.43125 0.878125 0.0859375 0.0859375
1 0.4328125 0.7703125 0.09765625 0.09765625
1 0.4390625 0.6453125 0.109375 0.1109375
1 0.44453125 0.56484375 0.09765625 0.0984375
1 0.3546875 0.5046875 0.0859375 0.0859375
1 0.3390625 0.61171875 0.09765625 0.0984375
1 0.340625 0.71953125 0.09765625 0.0984375
1 0.34375 0.8265625 0.09765625 0.09765625
1 0.34375 0.946875 0.09765625 0.09765625
1 0.246875 0.4421875 0.09765625 0.09765625
1 0.25 0.55546875 0.09765625 0.09765625
1 0.2484375 0.65703125 0.09765625 0.0984375
1 0.24375 0.76484375 0.0859375 0.0859375
1 0.25078125 0.884375 0.09765625 0.09765625
1 0.1515625 0.92890625 0.09765625 0.09765625
1 0.14765625 0.39453125 0.0859375 0.0859375
1 0.14921875 0.49296875 0.08515625 0.0859375
1 0.1515625 0.6078125 0.0859375 0.0859375
1 0.15234375 0.7171875 0.0859375 0.0859375
1 0.15234375 0.81953125 0.0859375 0.0859375
1 0.053125 0.4359375 0.08515625 0.0859375
1 0.04921875 0.53828125 0.08515625 0.0859375
1 0.04921875 0.653125 0.08515625 0.0859375
1 0.04609375 0.86875 0.08515625 0.0859375
1 0.909375 0.39765625 0.09765625 0.0984375
1 0.9109375 0.27109375 0.109375 0.11015625
1 0.90546875 0.16328125 0.109375 0.11015625
1 0.81875 0.2234375 0.09765625 0.0984375
1 0.81484375 0.31953125 0.11015625 0.11015625
1 0.81171875 0.43203125 0.09765625 0.0984375
1 0.72578125 0.38125 0.109375 0.11015625
1 0.72578125 0.2703125 0.09765625 0.0984375
1 0.721875 0.153125 0.08515625 0.0859375
1 0.728125 0.05 0.09765625 0.0984375
1 0.6265625 0.10859375 0.09765625 0.0984375
1 0.621875 0.321875 0.09765625 0.09765625
1 0.625 0.4265625 0.0859375 0.0859375
1 0.53359375 0.38203125 0.08515625 0.0859375
1 0.53046875 0.26171875 0.08515625 0.0859375
1 0.5375 0.04609375 0.0859375 0.0859375
1 0.440625 0.2140625 0.09765625 0.09765625
1 0.440625 0.32421875 0.09765625 0.09765625
1 0.4390625 0.43671875 0.09765625 0.09765625
1 0.346875 0.38359375 0.09765625 0.0984375
1 0.35078125 0.2703125 0.09765625 0.09765625
1 0.3453125 0.1640625 0.08515625 0.0859375
1 0.25703125 0.1046875 0.09765625 0.09765625
1 0.2484375 0.2078125 0.09765625 0.09765625
1 0.24140625 0.32578125 0.09765625 0.0984375
1 0.14921875 0.29765625 0.08515625 0.0859375