2 0.69375 0.67109375 0.0734375 0.0734375
2 0.5953125 0.50234375 0.06171875 0.06171875
2 0.68984375 0.5484375 0.06171875 0.06171875
2 0.7828125 0.509375 0.0609375 0.0609375
2 0.41640625 0.5046875 0.06171875 0.06171875
1 0.12890625 0.5640625 0.09765625 0.0984375
1 0.12890625 0.6703125 0.09765625 0.09765625
1 0.13203125 0.778125 0.09765625 0.09765625
1 0.13359375 0.88671875 0.11015625 0.1109375
1 0.225 0.51640625 0.109375 0.11015625
1 0.22734375 0.621875 0.09765625 0.0984375
1 0.2296875 0.725 0.09765625 0.0984375
1 0.2203125 0.8375 0.109375 0.1109375
1 0.2234375 0.9421875 0.11015625 0.1109375
1 0.31875 0.5609375 0.09765625 0.0984375
1 0.3203125 0.66484375 0.09765625 0.0984375
1 0.321875 0.7796875 0.109375 0.11015625
1 0.31953125 0.88671875 0.09765625 0.09765625
1 0.4125 0.61796875 0.09765625 0.0984375
1 0.41484375 0.7234375 0.09765625 0.0984375
1 0.41328125 0.834375 0.11015625 0.11015625
1 0.41328125 0.9421875 0.09765625 0.0984375
1 0.50703125 0.55703125 0.09765625 0.0984375
1 0.50859375 0.67265625 0.0859375 0.08671875
1 0.50546875 0.7828125 0.08515625 0.0859375
1 0.50859375 0.890625 0.08515625 0.0859375
1 0.60078125 0.61640625 0.0859375 0.0859375
1 0.59765625 0.7265625 0.0859375 0.0859375
1 0.6 0.83515625 0.0734375 0.0734375
0 0.60234375 0.946875 0.0734375 0.0734375
1 0.696875 0.790625 0.0859375 0.0859375
1 0.69453125 0.89140625 0.0859375 0.08671875
1 0.7921875 0.61328125 0.09765625 0.09765625
1 0.790625 0.721875 0.08515625 0.0859375
1 0.78984375 0.83515625 0.08515625 0.0859375
1 0.790625 0.9421875 0.08515625 0.0859375
0 0.88359375 0.55546875 0.0734375 0.07421875
1 0.8890625 0.665625 0.09765625 0.09765625
1 0.8890625 0.77734375 0.09765625 0.09765625
2 0.88515625 0.89140625 0.06171875 0.06171875