2 0.05625 0.646875 0.06171875 0.06171875
2 0.4328125 0.43671875 0.0734375 0.07421875
2 0.33046875 0.4796875 0.0734375 0.0734375
1 0.92578125 0.0578125 0.09765625 0.0984375
1 0.92578125 0.1671875 0.09765625 0.0984375
1 0.925 0.27890625 0.08515625 0.08671875
1 0.83359375 0.1046875 0.08515625 0.0859375
1 0.8328125 0.2234375 0.09765625 0.0984375
1 0.834375 0.33359375 0.09765625 0.0984375
1 0.7375 0.04765625 0.0859375 0.08671875
1 0.7359375 0.17421875 0.09765625 0.0984375
1 0.740625 0.27890625 0.109375 0.11015625
1 0.64375 0.1078125 0.11015625 0.11015625
1 0.64140625 0.22421875 0.09765625 0.0984375
1 0.63984375 0.33515625 0.08515625 0.0859375
1 0.5515625 0.16484375 0.11015625 0.11015625
1 0.54765625 0.26953125 0.09765625 0.09765625
1 0.54765625 0.3890625 0.09765625 0.09765625
1 0.7375 0.3890625 0.08515625 0.0859375
1 0.421875 0.09375 0.09765625 0.09765625
1 0.421875 0.22578125 0.09765625 0.09765625
1 0.42578125 0.33671875 0.09765625 0.09765625
1 0.32421875 0.13984375 0.0859375 0.0859375
1 0.32421875 0.253125 0.09765625 0.09765625
1 0.3265625 0.3609375 0.09765625 0.0984375
1 0.25625 0.1015625 0.109375 0.1109375
1 0.25546875 0.19765625 0.11015625 0.11015625
1 0.2578125 0.32265625 0.09765625 0.0984375
2 0.1390625 0.0328125 0.0484375 0.0484375
2 0.1421875 0.15625 0.0484375 0.0484375
2 0.1453125 0.28671875 0.0484375 0.05
2 0.1546875 0.3765625 0.0484375 0.05
2 0.059375 0.45078125 0.0609375 0.06171875
1 0.0578125 0.5640625 0.09765625 0.0984375
1 0.06796875 0.7875 0.11015625 0.1109375
1 0.0640625 0.8921875 0.11015625 0.1109375
1 0.15 0.50703125 0.0859375 0.0859375
1 0.15234375 0.6109375 0.109375 0.11015625
1 0.153125 0.7234375 0.109375 0.11015625
1 0.15546875 0.83515625 0.09765625 0.09765625
1 0.2578125 0.44296875 0.09765625 0.0984375
1 0.25625 0.55 0.11015625 0.11015625
1 0.25625 0.67109375 0.109375 0.11015625
1 0.25703125 0.77578125 0.09765625 0.0984375
1 0.253125 0.884375 0.109375 0.11015625
1 0.34375 0.62421875 0.09765625 0.0984375
1 0.3421875 0.71953125 0.09765625 0.0984375
1 0.3546875 0.8375 0.109375 0.11015625
1 0.43125 0.56484375 0.09765625 0.0984375
1 0.43828125 0.6640625 0.08515625 0.0859375
1 0.43515625 0.775 0.08515625 0.08671875
1 0.43828125 0.87578125 0.09765625 0.0984375
1 0.553125 0.49375 0.09765625 0.09765625
1 0.5453125 0.6046875 0.09765625 0.0984375
1 0.5484375 0.7125 0.109375 0.11015625
1 0.54921875 0.83046875 0.11015625 0.11015625
1 0.6421875 0.44375 0.09765625 0.09765625
1 0.64140625 0.55625 0.11015625 0.1109375
1 0.63984375 0.6609375 0.109375 0.11015625
1 0.63984375 0.771875 0.09765625 0.0984375
1 0.63671875 0.8859375 0.109375 0.11015625
1 0.7390625 0.50390625 0.11015625 0.1109375
1 0.734375 0.61328125 0.09765625 0.09765625
1 0.734375 0.725 0.09765625 0.09765625
1 0.7328125 0.83203125 0.08515625 0.0859375
1 0.73359375 0.9453125 0.0859375 0.0859375
1 0.8296875 0.4484375 0.0859375 0.0859375
1 0.82890625 0.5609375 0.09765625 0.09765625
1 0.83359375 0.6703125 0.11015625 0.1109375
1 0.82578125 0.78046875 0.11015625 0.1109375
1 0.83125 0.8859375 0.11015625 0.11015625
1 0.9234375 0.39140625 0.08515625 0.0859375
2 0.92578125 0.50078125 0.0859375 0.0859375
1 0.92265625 0.6125 0.0859375 0.0859375
1 0.92890625 0.7140625 0.109375 0.1109375
1 0.92578125 0.8234375 0.109375 0.1109375
1 0.3515625 0.9390625 0.109375 0.11015625
1 0.1578125 0.9421875 0.11015625 0.1109375