2 0.13125 0.4078125 0.0734375 0.07421875
1 0.88125 0.5078125 0.0859375 0.0859375
1 0.8703125 0.6125 0.0859375 0.0859375
1 0.87421875 0.7375 0.0859375 0.0859375
1 0.8671875 0.83671875 0.0859375 0.0859375
1 0.78125 0.45859375 0.09765625 0.0984375
1 0.78515625 0.57421875 0.0859375 0.0859375
1 0.7828125 0.68203125 0.09765625 0.0984375
1 0.78046875 0.790625 0.08515625 0.0859375
1 0.7796875 0.90859375 0.09765625 0.0984375
1 0.690625 0.5234375 0.09765625 0.09765625
1 0.69140625 0.62578125 0.09765625 0.09765625
1 0.6921875 0.7359375 0.08515625 0.0859375
1 0.69140625 0.85390625 0.09765625 0.0984375
1 0.60390625 0.47421875 0.11015625 0.11015625
1 0.59765625 0.58828125 0.09765625 0.0984375
1 0.59375 0.69765625 0.09765625 0.0984375
1 0.59375 0.8109375 0.09765625 0.0984375
1 0.5953125 0.9234375 0.09765625 0.09765625
1 0.49921875 0.4375 0.08515625 0.0859375
1 0.496875 0.54375 0.08515625 0.0859375
1 0.49921875 0.640625 0.08515625 0.0859375
1 0.496875 0.7546875 0.08515625 0.0859375
1 0.49921875 0.86875 0.09765625 0.09765625
1 0.4078125 0.9234375 0.09765625 0.09765625
1 0.4140625 0.8078125 0.109375 0.11015625
1 0.41328125 0.70234375 0.09765625 0.0984375
3 0.40859375 0.59453125 0.08515625 0.0859375
1 0.4078125 0.4828125 0.08515625 0.0859375
1 0.31328125 0.4234375 0.0859375 0.0859375
1 0.3140625 0.5375 0.0859375 0.0859375
1 0.309375 0.646875 0.09765625 0.09765625
1 0.31953125 0.7640625 0.109375 0.1109375
1 0.3140625 0.86015625 0.09765625 0.0984375
1 0.21484375 0.91875 0.109375 0.11015625
1 0.21484375 0.80625 0.109375 0.11015625
1 0.21875 0.69609375 0.109375 0.11015625
1 0.22265625 0.5921875 0.109375 0.1109375
1 0.228125 0.46953125 0.09765625 0.0984375
1 0.13359375 0.521875 0.0859375 0.0859375
1 0.1296875 0.746875 0.09765625 0.0984375
1 0.12578125 0.6296875 0.0859375 0.08671875
1 0.12578125 0.8609375 0.08515625 0.0859375
1 0.12734375 0.09453125 0.08515625 0.0859375
1 0.1265625 0.2015625 0.08515625 0.0859375
1 0.1234375 0.30625 0.08515625 0.0859375
1 0.2140625 0.1546875 0.09765625 0.0984375
1 0.228125 0.2765625 0.09765625 0.0984375
1 0.2234375 0.3734375 0.11015625 0.1109375
1 0.3125 0.10234375 0.0859375 0.0859375
1 0.3109375 0.20703125 0.08515625 0.0859375
1 0.3171875 0.31328125 0.09765625 0.09765625
1 0.4078125 0.36953125 0.09765625 0.0984375
1 0.40703125 0.2640625 0.08515625 0.0859375
1 0.4125 0.1453125 0.0859375 0.0859375
1 0.5046875 0.096875 0.0859375 0.0859375
1 0.50625 0.20625 0.09765625 0.0984375
1 0.50390625 0.3078125 0.09765625 0.0984375
1 0.6046875 0.146875 0.09765625 0.0984375
1 0.59765625 0.259375 0.09765625 0.0984375
1 0.6015625 0.365625 0.09765625 0.0984375
1 0.69375 0.4078125 0.09765625 0.0984375
1 0.7 0.296875 0.09765625 0.09765625
1 0.6921875 0.1890625 0.09765625 0.0984375
1 0.6953125 0.078125 0.09765625 0.09765625
1 0.7828125 0.134375 0.09765625 0.0984375
1 0.78671875 0.2390625 0.08515625 0.0859375
1 0.7859375 0.34140625 0.09765625 0.0984375
1 0.88203125 0.3921875 0.11015625 0.11015625
1 0.88125 0.28359375 0.109375 0.11015625
1 0.87578125 0.1765625 0.109375 0.11015625
1 0.88203125 0.075 0.11015625 0.11015625