1 0.865625 0.29921875 0.11015625 0.11015625
1 0.865625 0.40703125 0.09765625 0.0984375
1 0.8578125 0.5171875 0.09765625 0.09765625
1 0.8640625 0.6296875 0.0859375 0.08671875
1 0.86015625 0.7390625 0.09765625 0.0984375
1 0.86015625 0.84453125 0.11015625 0.11015625
1 0.7703125 0.24296875 0.11015625 0.11015625
1 0.77265625 0.3453125 0.109375 0.1109375
1 0.76875 0.46015625 0.09765625 0.0984375
1 0.7671875 0.57734375 0.11015625 0.1109375
1 0.7703125 0.68671875 0.09765625 0.09765625
1 0.771875 0.80625 0.11015625 0.11015625
1 0.7734375 0.90078125 0.109375 0.11015625
1 0.67578125 0.41875 0.109375 0.11015625
1 0.67265625 0.50703125 0.09765625 0.09765625
1 0.678125 0.59296875 0.11015625 0.1109375
1 0.6828125 0.7078125 0.11015625 0.11015625
1 0.66484375 0.8375 0.109375 0.11015625
1 0.571875 0.90234375 0.11015625 0.1109375
1 0.578125 0.7890625 0.109375 0.1109375
1 0.584375 0.68984375 0.09765625 0.0984375
1 0.596875 0.228125 0.11015625 0.1109375
1 0.5890625 0.32890625 0.109375 0.11015625
1 0.5890625 0.4734375 0.109375 0.11015625
1 0.58515625 0.56328125 0.09765625 0.0984375
1 0.4796875 0.28671875 0.109375 0.11015625
1 0.48828125 0.51484375 0.09765625 0.09765625
1 0.4890625 0.62109375 0.09765625 0.09765625
1 0.4890625 0.734375 0.09765625 0.09765625
1 0.48515625 0.84765625 0.09765625 0.09765625
1 0.390625 0.24375 0.09765625 0.0984375
2 0.325 0.478125 0.0484375 0.05
1 0.38984375 0.3375 0.11015625 0.11015625
1 0.39375 0.6953125 0.09765625 0.09765625
1 0.39140625 0.784375 0.11015625 0.11015625
1 0.390625 0.90546875 0.09765625 0.0984375
1 0.29375 0.9484375 0.09765625 0.0984375
1 0.29765625 0.82890625 0.0859375 0.0859375
1 0.29765625 0.7296875 0.109375 0.11015625
1 0.21015625 0.66640625 0.09765625 0.0984375
1 0.22265625 0.8109375 0.109375 0.11015625
1 0.21015625 0.90703125 0.109375 0.11015625
1 0.11015625 0.8421875 0.109375 0.11015625
0 0.11171875 0.74375 0.08515625 0.0859375
1 0.11640625 0.278125 0.0859375 0.0859375
1 0.11796875 0.375 0.09765625 0.09765625
1 0.109375 0.621875 0.09765625 0.09765625
1 0.8546875 0.184375 0.109375 0.11015625
1 0.7703125 0.1234375 0.109375 0.1109375
1 0.58828125 0.1359375 0.11015625 0.1109375
1 0.4875 0.17890625 0.109375 0.1109375
1 0.4890625 0.0734375 0.11015625 0.1109375
1 0.2109375 0.21484375 0.0859375 0.0859375
1 0.1140625 0.17109375 0.11015625 0.11015625
1 0.11796875 0.06640625 0.09765625 0.09765625
1 0.20859375 0.125 0.08515625 0.0859375
1 0.409375 0.1265625 0.09765625 0.0984375