2 0.55 0.34453125 0.0734375 0.07421875
2 0.45703125 0.28359375 0.0609375 0.06171875
2 0.559375 0.784375 0.0734375 0.0734375
2 0.63203125 0.9359375 0.0734375 0.07421875
2 0.7453125 0.21484375 0.0734375 0.07421875
3 0.5515625 0.8796875 0.0734375 0.0734375
1 0.4578125 0.8375 0.0859375 0.0859375
1 0.4578125 0.953125 0.0859375 0.0859375
3 0.646875 0.8421875 0.0734375 0.07421875
3 0.646875 0.721875 0.0734375 0.0734375
1 0.928125 0.23046875 0.0859375 0.0859375
1 0.92890625 0.34375 0.0859375 0.0859375
1 0.9234375 0.453125 0.09765625 0.09765625
1 0.93359375 0.5703125 0.109375 0.1109375
1 0.92890625 0.66640625 0.09765625 0.0984375
1 0.93515625 0.7875 0.11015625 0.11015625
1 0.9296875 0.88984375 0.109375 0.11015625
1 0.83671875 0.9421875 0.11015625 0.11015625
1 0.8421875 0.8484375 0.109375 0.1109375
1 0.82890625 0.725 0.109375 0.11015625
1 0.82890625 0.6125 0.109375 0.11015625
1 0.8328125 0.50234375 0.109375 0.11015625
1 0.83671875 0.3984375 0.109375 0.1109375
1 0.84296875 0.27578125 0.09765625 0.0984375
1 0.7484375 0.328125 0.0859375 0.0859375
1 0.74375 0.553125 0.09765625 0.0984375
1 0.740625 0.4359375 0.0859375 0.08671875
1 0.646875 0.5015625 0.08515625 0.0859375
1 0.64453125 0.39921875 0.0859375 0.0859375
1 0.265625 0.415625 0.0859375 0.0859375
1 0.08203125 0.5296875 0.0859375 0.0859375
1 0.17265625 0.55859375 0.0859375 0.0859375
1 0.7375 0.7671875 0.0859375 0.0859375
1 0.7421875 0.8875 0.0859375 0.0859375
1 0.73984375 0.66796875 0.08515625 0.0859375
1 0.64140625 0.27578125 0.09765625 0.0984375
1 0.5578125 0.24296875 0.09765625 0.09765625
1 0.5515625 0.45390625 0.09765625 0.09765625
1 0.553125 0.55703125 0.09765625 0.0984375
1 0.559375 0.678125 0.08515625 0.0859375
1 0.64375 0.61015625 0.08515625 0.0859375
1 0.46484375 0.403125 0.109375 0.1109375
1 0.45859375 0.51015625 0.11015625 0.11015625
1 0.459375 0.61796875 0.11015625 0.11015625
1 0.46015625 0.7375 0.11015625 0.11015625
1 0.3703125 0.7953125 0.0859375 0.0859375
1 0.37109375 0.884375 0.0859375 0.0859375
1 0.37578125 0.68671875 0.08515625 0.0859375
1 0.371875 0.55546875 0.11015625 0.11015625
1 0.36796875 0.45390625 0.11015625 0.11015625
1 0.371875 0.3484375 0.0859375 0.0859375
1 0.375 0.23671875 0.09765625 0.0984375
1 0.26953125 0.2921875 0.09765625 0.0984375
1 0.26796875 0.5328125 0.11015625 0.1109375
1 0.2640625 0.64375 0.11015625 0.11015625
1 0.26640625 0.7515625 0.09765625 0.0984375
1 0.271875 0.8328125 0.09765625 0.0984375
1 0.17265625 0.90625 0.08515625 0.0859375
1 0.2703125 0.946875 0.09765625 0.0984375
1 0.17578125 0.7984375 0.09765625 0.0984375
1 0.078125 0.4015625 0.09765625 0.09765625
1 0.075 0.2859375 0.08515625 0.0859375
1 0.17265625 0.2359375 0.0859375 0.0859375
3 0.184375 0.3375 0.09765625 0.09765625
1 0.178125 0.45390625 0.0859375 0.0859375
1 0.08046875 0.6359375 0.08515625 0.0859375
1 0.178125 0.7046875 0.0859375 0.0859375
1 0.0828125 0.94921875 0.09765625 0.09765625
1 0.08203125 0.834375 0.09765625 0.0984375
1 0.08359375 0.734375 0.08515625 0.0859375
1 0.084375 0.1765625 0.09765625 0.0984375
1 0.0828125 0.07109375 0.08515625 0.0859375
1 0.18046875 0.12578125 0.09765625 0.0984375
1 0.271875 0.05 0.09765625 0.0984375
1 0.26953125 0.18046875 0.09765625 0.0984375
1 0.3734375 0.10625 0.08515625 0.0859375
1 0.46171875 0.184375 0.08515625 0.0859375
1 0.4546875 0.07109375 0.0859375 0.0859375
1 0.559375 0.146875 0.09765625 0.0984375
1 0.65 0.1765625 0.08515625 0.0859375
1 0.65 0.06171875 0.08515625 0.0859375
1 0.7375 0.11328125 0.08515625 0.0859375
1 0.84296875 0.08359375 0.09765625 0.0984375
1 0.8375 0.1796875 0.11015625 0.1109375
1 0.93125 0.1203125 0.09765625 0.09765625