2 0.59453125 0.1046875 0.0734375 0.07421875
1 0.875 0.82109375 0.109375 0.11015625
1 0.86875 0.93515625 0.11015625 0.11015625
1 0.775 0.8625 0.0859375 0.0859375
1 0.675 0.8171875 0.0859375 0.0859375
1 0.67890625 0.9375 0.09765625 0.09765625
1 0.5828125 0.8671875 0.109375 0.1109375
1 0.49140625 0.925 0.109375 0.11015625
1 0.48125 0.8296875 0.11015625 0.11015625
1 0.29765625 0.934375 0.11015625 0.11015625
1 0.3015625 0.81328125 0.11015625 0.1109375
1 0.1203125 0.81328125 0.09765625 0.0984375
1 0.8796875 0.05625 0.09765625 0.09765625
1 0.8828125 0.1703125 0.09765625 0.09765625
1 0.88125 0.27109375 0.09765625 0.0984375
1 0.8765625 0.37890625 0.0859375 0.0859375
1 0.88359375 0.49921875 0.09765625 0.09765625
1 0.88125 0.6171875 0.109375 0.1109375
1 0.8765625 0.71484375 0.09765625 0.09765625
1 0.778125 0.76171875 0.0859375 0.0859375
1 0.7828125 0.66171875 0.09765625 0.0984375
1 0.784375 0.54296875 0.09765625 0.09765625
1 0.78203125 0.1078125 0.08515625 0.0859375
1 0.784375 0.221875 0.0859375 0.0859375
1 0.78515625 0.33125 0.0859375 0.0859375
1 0.78515625 0.43359375 0.0859375 0.0859375
1 0.6859375 0.05 0.08515625 0.0859375
1 0.68203125 0.15234375 0.08515625 0.0859375
2 0.12109375 0.4859375 0.0484375 0.0484375
1 0.1203125 0.5875 0.08515625 0.0859375
1 0.1234375 0.70390625 0.0859375 0.08671875
1 0.68203125 0.2671875 0.08515625 0.0859375
1 0.68046875 0.3765625 0.109375 0.11015625
1 0.67890625 0.48359375 0.08515625 0.0859375
1 0.678125 0.603125 0.09765625 0.0984375
1 0.6828125 0.71796875 0.109375 0.11015625
1 0.590625 0.76640625 0.109375 0.1109375
1 0.5875 0.6546875 0.11015625 0.11015625
1 0.5875 0.54609375 0.11015625 0.11015625
1 0.58671875 0.43125 0.11015625 0.11015625
1 0.5875 0.31875 0.11015625 0.11015625
1 0.5890625 0.20703125 0.09765625 0.09765625
1 0.5 0.14375 0.0859375 0.0859375
1 0.484375 0.27109375 0.09765625 0.0984375
1 0.490625 0.38046875 0.09765625 0.0984375
1 0.48671875 0.48984375 0.11015625 0.11015625
1 0.49296875 0.60078125 0.109375 0.11015625
1 0.4890625 0.71328125 0.11015625 0.11015625
1 0.40546875 0.7671875 0.09765625 0.09765625
1 0.4015625 0.6296875 0.09765625 0.09765625
1 0.3984375 0.53046875 0.09765625 0.0984375
1 0.3984375 0.440625 0.09765625 0.0984375
1 0.4046875 0.31796875 0.09765625 0.0984375
1 0.303125 0.70625 0.09765625 0.0984375
1 0.303125 0.590625 0.08515625 0.0859375
1 0.2125 0.09609375 0.09765625 0.0984375
1 0.2078125 0.21328125 0.109375 0.11015625
1 0.2046875 0.31875 0.109375 0.11015625
1 0.1203125 0.14765625 0.09765625 0.0984375
1 0.11484375 0.26015625 0.11015625 0.11015625
1 0.11171875 0.37421875 0.11015625 0.11015625