2 0.24921875 0.69453125 0.06171875 0.06171875
2 0.171875 0.84609375 0.0609375 0.06171875
2 0.5375 0.7609375 0.0734375 0.07421875
2 0.253125 0.8015625 0.0734375 0.07421875
2 0.7125 0.18046875 0.0734375 0.07421875
2 0.7140625 0.26640625 0.0734375 0.07421875
2 0.915625 0.2484375 0.0734375 0.0734375
2 0.634375 0.23359375 0.0734375 0.0734375
2 0.82734375 0.36171875 0.0609375 0.06171875
2 0.63203125 0.33125 0.0734375 0.0734375
2 0.9125 0.771875 0.0375 0.0375
2 0.9015625 0.8875 0.0359375 0.0359375
2 0.7296875 0.75625 0.0359375 0.0375
3 0.6328125 0.9234375 0.0484375 0.05
3 0.5375 0.96484375 0.0484375 0.0484375
3 0.53203125 0.875 0.0484375 0.0484375
3 0.45625 0.81875 0.0609375 0.06171875
3 0.35390625 0.85390625 0.0359375 0.0359375
1 0.7359375 0.86328125 0.0859375 0.0859375
3 0.6296875 0.81328125 0.06171875 0.06171875
2 0.8109375 0.81171875 0.02421875 0.025
1 0.82734375 0.9390625 0.09765625 0.0984375
1 0.45 0.7 0.08515625 0.0859375
1 0.3515625 0.74296875 0.0859375 0.0859375
2 0.16796875 0.746875 0.0484375 0.0484375
1 0.45859375 0.91015625 0.08515625 0.0859375
1 0.259375 0.90625 0.0859375 0.0859375
1 0.07890625 0.91484375 0.11015625 0.11015625
1 0.07109375 0.8 0.11015625 0.11015625
2 0.8296875 0.1171875 0.0734375 0.07421875
1 0.8328125 0.203125 0.08515625 0.0859375
1 0.8234375 0.28203125 0.0859375 0.0859375
2 0.69765625 0.365625 0.06171875 0.06171875
1 0.4515625 0.31953125 0.0859375 0.0859375
1 0.71875 0.071875 0.09765625 0.0984375
1 0.634375 0.11953125 0.09765625 0.0984375
1 0.55625 0.071875 0.08515625 0.0859375
1 0.546875 0.16640625 0.09765625 0.0984375
1 0.53359375 0.2875 0.08515625 0.0859375
1 0.45625 0.2140625 0.11015625 0.11015625
1 0.4484375 0.1203125 0.11015625 0.11015625
1 0.36328125 0.06328125 0.0859375 0.0859375
1 0.35859375 0.1625 0.109375 0.1109375
1 0.359375 0.26875 0.09765625 0.0984375
1 0.35390625 0.3765625 0.08515625 0.0859375
1 0.278125 0.3328125 0.08515625 0.08671875
1 0.2671875 0.22734375 0.0859375 0.0859375
1 0.26796875 0.10859375 0.08515625 0.0859375
1 0.1734375 0.0484375 0.08515625 0.0859375
1 0.165625 0.16484375 0.09765625 0.0984375
1 0.16328125 0.28203125 0.109375 0.11015625
1 0.175 0.3859375 0.09765625 0.09765625
1 0.08046875 0.10625 0.08515625 0.08671875
1 0.071875 0.20390625 0.09765625 0.0984375
1 0.07734375 0.321875 0.08515625 0.0859375
1 0.91328125 0.1359375 0.09765625 0.0984375