2 0.40703125 0.165625 0.0734375 0.07421875
2 0.30390625 0.209375 0.0734375 0.0734375
1 0.8078125 0.06328125 0.09765625 0.0984375
1 0.6140625 0.0640625 0.08515625 0.0859375
1 0.521875 0.11796875 0.09765625 0.09765625
1 0.71171875 0.11796875 0.08515625 0.0859375
1 0.39921875 0.06640625 0.09765625 0.09765625
1 0.3 0.090625 0.09765625 0.0984375
1 0.23125 0.05234375 0.09765625 0.0984375
2 0.128125 0.10625 0.0484375 0.05
2 0.0328125 0.18046875 0.0609375 0.06171875
1 0.12421875 0.2359375 0.0859375 0.0859375
1 0.12578125 0.340625 0.109375 0.11015625
1 0.1265625 0.45234375 0.109375 0.11015625
1 0.12890625 0.5640625 0.09765625 0.09765625
1 0.23125 0.17265625 0.09765625 0.0984375
1 0.2296875 0.2796875 0.11015625 0.11015625
1 0.2296875 0.40078125 0.109375 0.11015625
1 0.23046875 0.50546875 0.09765625 0.0984375
1 0.2265625 0.6140625 0.109375 0.11015625
1 0.3171875 0.35390625 0.09765625 0.0984375
1 0.315625 0.4484375 0.09765625 0.0984375
1 0.328125 0.5671875 0.109375 0.11015625
1 0.40546875 0.29453125 0.09765625 0.0984375
1 0.41171875 0.39375 0.08515625 0.0859375
1 0.40859375 0.5046875 0.08515625 0.08671875
1 0.4125 0.6046875 0.09765625 0.0984375
1 0.5265625 0.2234375 0.09765625 0.09765625
1 0.51875 0.334375 0.09765625 0.0984375
1 0.52265625 0.4421875 0.109375 0.11015625
1 0.52265625 0.56015625 0.11015625 0.11015625
1 0.51796875 0.6765625 0.11015625 0.11015625
1 0.61640625 0.17265625 0.09765625 0.09765625
1 0.61484375 0.2859375 0.11015625 0.1109375
1 0.61328125 0.38984375 0.109375 0.11015625
1 0.61328125 0.5015625 0.09765625 0.0984375
1 0.61015625 0.615625 0.109375 0.11015625
1 0.7125 0.23359375 0.11015625 0.1109375
1 0.7078125 0.34296875 0.09765625 0.09765625
1 0.7078125 0.45390625 0.09765625 0.09765625
1 0.70625 0.56171875 0.08515625 0.0859375
1 0.70703125 0.675 0.0859375 0.0859375
1 0.80390625 0.178125 0.0859375 0.0859375
1 0.803125 0.28984375 0.09765625 0.09765625
1 0.80703125 0.39921875 0.11015625 0.1109375
1 0.79921875 0.509375 0.11015625 0.1109375
1 0.80546875 0.615625 0.11015625 0.11015625
1 0.896875 0.12109375 0.08515625 0.0859375
2 0.89921875 0.23046875 0.0859375 0.0859375
1 0.896875 0.3421875 0.0859375 0.0859375
1 0.90234375 0.44375 0.109375 0.1109375
1 0.89921875 0.553125 0.109375 0.1109375
1 0.8953125 0.6765625 0.11015625 0.11015625
1 0.896875 0.784375 0.11015625 0.11015625
2 0.89296875 0.884375 0.06171875 0.06171875
2 0.803125 0.73359375 0.06171875 0.06171875
2 0.7984375 0.8421875 0.06171875 0.06171875
1 0.71015625 0.78359375 0.109375 0.11015625
1 0.70390625 0.909375 0.0859375 0.0859375
1 0.6125 0.72578125 0.109375 0.11015625
1 0.60859375 0.83828125 0.11015625 0.11015625
1 0.51640625 0.778125 0.11015625 0.11015625
1 0.51796875 0.8953125 0.11015625 0.11015625
1 0.41796875 0.71171875 0.09765625 0.0984375
1 0.4265625 0.83046875 0.109375 0.11015625
1 0.325 0.66875 0.109375 0.11015625
1 0.3234375 0.76875 0.09765625 0.09765625
1 0.32421875 0.8953125 0.09765625 0.09765625
1 0.2265625 0.734375 0.109375 0.1109375
1 0.22109375 0.8421875 0.08515625 0.0859375
1 0.22578125 0.9375 0.09765625 0.09765625
1 0.13125 0.671875 0.11015625 0.1109375
1 0.125 0.7828125 0.09765625 0.09765625
1 0.121875 0.8875 0.08515625 0.0859375