2 0.25546875 0.2421875 0.0734375 0.07421875
3 0.90703125 0.7046875 0.09765625 0.09765625
1 0.9015625 0.809375 0.09765625 0.0984375
1 0.903125 0.91875 0.09765625 0.0984375
1 0.81171875 0.75703125 0.11015625 0.11015625
1 0.81171875 0.86484375 0.09765625 0.0984375
1 0.71640625 0.70078125 0.11015625 0.11015625
1 0.71875 0.80390625 0.109375 0.1109375
1 0.71484375 0.91875 0.09765625 0.0984375
1 0.621875 0.8765625 0.109375 0.11015625
1 0.54375 0.68671875 0.11015625 0.1109375
1 0.53515625 0.78671875 0.109375 0.11015625
1 0.53515625 0.93125 0.109375 0.11015625
1 0.42578125 0.74453125 0.109375 0.11015625
1 0.33671875 0.7015625 0.09765625 0.0984375
2 0.271875 0.9359375 0.0484375 0.05
1 0.33671875 0.7953125 0.11015625 0.11015625
1 0.0625 0.7359375 0.0859375 0.0859375
1 0.0640625 0.8328125 0.09765625 0.09765625
1 0.9078125 0.59921875 0.109375 0.11015625
1 0.80078125 0.6421875 0.109375 0.11015625
1 0.8140625 0.3109375 0.09765625 0.09765625
1 0.909375 0.1515625 0.11015625 0.11015625
1 0.9109375 0.26484375 0.109375 0.11015625
1 0.81171875 0.0875 0.09765625 0.09765625
1 0.81953125 0.2015625 0.109375 0.1109375
0 0.7234375 0.12421875 0.09765625 0.0984375
1 0.71953125 0.2546875 0.109375 0.11015625
1 0.71953125 0.38203125 0.09765625 0.09765625
1 0.7171875 0.58125 0.109375 0.1109375
1 0.6328125 0.43515625 0.09765625 0.0984375
1 0.6296875 0.3234375 0.11015625 0.1109375
1 0.63046875 0.2 0.11015625 0.11015625
1 0.6265625 0.0890625 0.109375 0.11015625
1 0.5453125 0.1421875 0.09765625 0.0984375
1 0.5484375 0.2359375 0.09765625 0.0984375
1 0.5453125 0.37578125 0.109375 0.11015625
1 0.5484375 0.48671875 0.109375 0.11015625
1 0.534375 0.59375 0.11015625 0.1109375
1 0.43359375 0.63671875 0.109375 0.1109375
1 0.43515625 0.53125 0.11015625 0.1109375
1 0.43515625 0.41484375 0.08515625 0.0859375
1 0.440625 0.19296875 0.09765625 0.0984375
1 0.44375 0.09296875 0.109375 0.1109375
1 0.0734375 0.07421875 0.08515625 0.0859375
1 0.14375 0.125 0.0859375 0.0859375
1 0.0671875 0.21875 0.08515625 0.0859375
1 0.15390625 0.27421875 0.08515625 0.0859375
1 0.25859375 0.31953125 0.08515625 0.0859375
1 0.15703125 0.67265625 0.0859375 0.0859375
1 0.06015625 0.6296875 0.11015625 0.11015625
1 0.0640625 0.52421875 0.09765625 0.09765625
1 0.06875 0.43046875 0.09765625 0.09765625
1 0.2578125 0.4203125 0.09765625 0.0984375
1 0.15234375 0.4796875 0.09765625 0.0984375
1 0.1546875 0.5828125 0.08515625 0.0859375
1 0.06875 0.3296875 0.0859375 0.0859375
1 0.15 0.3671875 0.08515625 0.0859375
1 0.35546875 0.584375 0.09765625 0.0984375