1 0.26171875 0.2328125 0.109375 0.11015625
2 0.928125 0.16953125 0.0859375 0.08671875
2 0.4421875 0.3328125 0.0734375 0.07421875
1 0.925 0.06328125 0.0859375 0.0859375
2 0.83046875 0.12578125 0.02421875 0.02421875
2 0.7390625 0.04453125 0.02421875 0.02421875
2 0.73515625 0.159375 0.02421875 0.02421875
2 0.73125 0.26875 0.02421875 0.02421875
2 0.73359375 0.35078125 0.02421875 0.02421875
2 0.83125 0.2125 0.02421875 0.02421875
2 0.825 0.31953125 0.02421875 0.02421875
2 0.925 0.35078125 0.0375 0.0375
1 0.921875 0.26796875 0.109375 0.11015625
1 0.44375 0.1140625 0.09765625 0.09765625
1 0.4484375 0.22578125 0.09765625 0.09765625
1 0.3515625 0.06875 0.09765625 0.09765625
1 0.346875 0.1734375 0.11015625 0.11015625
1 0.34765625 0.2828125 0.09765625 0.0984375
1 0.259375 0.1171875 0.09765625 0.09765625
1 0.2640625 0.33828125 0.0734375 0.0734375
1 0.159375 0.06875 0.109375 0.11015625
1 0.1609375 0.1765625 0.09765625 0.0984375
1 0.16484375 0.28046875 0.09765625 0.0984375
1 0.0703125 0.1140625 0.09765625 0.0984375
1 0.0703125 0.2203125 0.09765625 0.0984375
2 0.07265625 0.3328125 0.0734375 0.0734375
2 0.07890625 0.5015625 0.0609375 0.06171875
1 0.07109375 0.6078125 0.09765625 0.0984375
1 0.07109375 0.7171875 0.09765625 0.0984375
1 0.0734375 0.834375 0.121875 0.1234375
1 0.16875 0.55546875 0.08515625 0.0859375
1 0.1640625 0.66328125 0.09765625 0.0984375
1 0.1671875 0.778125 0.121875 0.121875
1 0.171875 0.88515625 0.09765625 0.0984375
2 0.2609375 0.50234375 0.0609375 0.06171875
1 0.2640625 0.61171875 0.09765625 0.0984375
1 0.25859375 0.72421875 0.09765625 0.0984375
1 0.259375 0.83515625 0.09765625 0.0984375
1 0.2640625 0.93671875 0.09765625 0.0984375
1 0.35234375 0.55859375 0.0859375 0.0859375
1 0.353125 0.6625 0.09765625 0.0984375
1 0.35546875 0.77578125 0.09765625 0.0984375
1 0.35234375 0.8890625 0.09765625 0.0984375
2 0.45078125 0.509375 0.0359375 0.0375
1 0.4515625 0.60859375 0.09765625 0.09765625
1 0.45 0.7171875 0.109375 0.11015625
1 0.44765625 0.8375 0.121875 0.1234375
1 0.54609375 0.5671875 0.08515625 0.0859375
1 0.54375 0.66484375 0.09765625 0.09765625
1 0.5421875 0.78125 0.11015625 0.1109375
1 0.53828125 0.89375 0.121875 0.1234375
2 0.646875 0.5140625 0.0609375 0.06171875
1 0.6390625 0.6125 0.0859375 0.0859375
1 0.63984375 0.7234375 0.11015625 0.1109375
1 0.63203125 0.83671875 0.121875 0.1234375
1 0.73515625 0.5625 0.0859375 0.0859375
1 0.72734375 0.67265625 0.09765625 0.0984375
1 0.7375 0.7828125 0.109375 0.11015625
1 0.73515625 0.89453125 0.121875 0.1234375
2 0.8328125 0.52109375 0.06171875 0.06171875
1 0.82890625 0.61484375 0.09765625 0.0984375
1 0.83359375 0.7296875 0.121875 0.1234375
1 0.8265625 0.83828125 0.109375 0.11015625
1 0.9265625 0.5640625 0.09765625 0.0984375
1 0.92265625 0.6734375 0.11015625 0.11015625
1 0.91484375 0.77734375 0.121875 0.1234375
1 0.9234375 0.9 0.11015625 0.11015625