2 0.4859375 0.0828125 0.0734375 0.07421875
2 0.66484375 0.775 0.0734375 0.07421875
2 0.66640625 0.8609375 0.0734375 0.07421875
2 0.86796875 0.84296875 0.0734375 0.0734375
2 0.8609375 0.6265625 0.0734375 0.07421875
2 0.58671875 0.82890625 0.0734375 0.0734375
2 0.7796875 0.95625 0.0609375 0.06171875
2 0.584375 0.9265625 0.0734375 0.0734375
1 0.94609375 0.60078125 0.0859375 0.0859375
1 0.9484375 0.6859375 0.08515625 0.08671875
1 0.8703125 0.2015625 0.11015625 0.11015625
1 0.87421875 0.3109375 0.11015625 0.11015625
1 0.871875 0.4234375 0.09765625 0.0984375
1 0.87421875 0.521875 0.09765625 0.0984375
2 0.78203125 0.60859375 0.0609375 0.06171875
2 0.78203125 0.71171875 0.0734375 0.07421875
1 0.784375 0.79765625 0.08515625 0.0859375
1 0.775 0.8765625 0.0859375 0.0859375
2 0.65 0.96015625 0.06171875 0.06171875
1 0.403125 0.9140625 0.0859375 0.0859375
1 0.7765625 0.26796875 0.109375 0.11015625
1 0.78359375 0.36484375 0.11015625 0.11015625
1 0.78125 0.4796875 0.109375 0.11015625
1 0.6859375 0.20703125 0.0859375 0.0859375
1 0.68046875 0.31796875 0.109375 0.11015625
1 0.6828125 0.42421875 0.11015625 0.11015625
1 0.6828125 0.52421875 0.109375 0.1109375
1 0.67109375 0.66640625 0.09765625 0.0984375
1 0.58671875 0.7140625 0.09765625 0.0984375
1 0.6015625 0.6 0.0859375 0.0859375
1 0.5875 0.25625 0.08515625 0.08671875
1 0.59375 0.36015625 0.09765625 0.09765625
1 0.58671875 0.49140625 0.09765625 0.0984375
1 0.48515625 0.2 0.0859375 0.0859375
1 0.48671875 0.31328125 0.08515625 0.0859375
1 0.49375 0.4265625 0.09765625 0.09765625
1 0.4984375 0.5296875 0.109375 0.11015625
1 0.50859375 0.6671875 0.08515625 0.0859375
1 0.49921875 0.7609375 0.09765625 0.0984375
1 0.4859375 0.88203125 0.08515625 0.0859375
1 0.40859375 0.809375 0.11015625 0.11015625
1 0.40078125 0.715625 0.11015625 0.11015625
1 0.40390625 0.5875 0.11015625 0.1109375
1 0.40625 0.4859375 0.109375 0.1109375
1 0.4046875 0.3703125 0.09765625 0.0984375
3 0.4046875 0.25859375 0.0734375 0.07421875
1 0.30703125 0.19609375 0.08515625 0.0859375
1 0.30390625 0.3171875 0.08515625 0.0859375
1 0.30625 0.4265625 0.109375 0.11015625
1 0.309375 0.534375 0.09765625 0.0984375
1 0.315625 0.6578125 0.0859375 0.0859375
1 0.3109375 0.75703125 0.109375 0.1109375
1 0.31171875 0.8640625 0.09765625 0.0984375
1 0.2296875 0.92734375 0.08515625 0.08671875
1 0.21953125 0.821875 0.0859375 0.0859375
1 0.2203125 0.703125 0.08515625 0.0859375
1 0.22890625 0.59375 0.08515625 0.0859375
1 0.23203125 0.48125 0.08515625 0.0859375
1 0.2328125 0.37578125 0.09765625 0.0984375
1 0.21796875 0.2703125 0.0859375 0.0859375
1 0.12421875 0.2 0.09765625 0.0984375
1 0.11953125 0.3234375 0.11015625 0.11015625
1 0.1203125 0.43046875 0.11015625 0.11015625
1 0.12421875 0.53984375 0.096875 0.0984375
1 0.12578125 0.64375 0.08515625 0.0859375
1 0.11796875 0.759375 0.09765625 0.0984375
1 0.115625 0.8765625 0.109375 0.11015625
3 0.409375 0.134375 0.0734375 0.07421875
1 0.31171875 0.10078125 0.0859375 0.0859375
1 0.875 0.0953125 0.09765625 0.0984375
1 0.68984375 0.0890625 0.11015625 0.11015625
1 0.7828125 0.153125 0.0859375 0.0859375
1 0.59453125 0.14140625 0.08515625 0.0859375
1 0.12421875 0.09453125 0.09765625 0.0984375
1 0.228125 0.1453125 0.09765625 0.0984375
1 0.865625 0.73125 0.09765625 0.0984375