1 0.87109375 0.38828125 0.09765625 0.0984375
1 0.8671875 0.5 0.09765625 0.09765625
1 0.8671875 0.60234375 0.0859375 0.0859375
1 0.86796875 0.71328125 0.09765625 0.0984375
1 0.8671875 0.8296875 0.09765625 0.0984375
1 0.8640625 0.9359375 0.09765625 0.0984375
1 0.771875 0.44375 0.109375 0.11015625
1 0.778125 0.55703125 0.09765625 0.0984375
1 0.7703125 0.66875 0.08515625 0.0859375
1 0.7703125 0.80625 0.08515625 0.0859375
1 0.7671875 0.8921875 0.08515625 0.0859375
1 0.68125 0.3890625 0.11015625 0.11015625
1 0.6796875 0.50390625 0.109375 0.1109375
1 0.68046875 0.6109375 0.09765625 0.0984375
1 0.6765625 0.71953125 0.09765625 0.09765625
1 0.684375 0.834375 0.09765625 0.0984375
1 0.59296875 0.4453125 0.08515625 0.0859375
1 0.5875 0.55390625 0.09765625 0.0984375
1 0.5796875 0.67109375 0.09765625 0.0984375
1 0.58515625 0.76875 0.09765625 0.0984375
1 0.5828125 0.8875 0.08515625 0.0859375
1 0.49765625 0.39140625 0.08515625 0.0859375
1 0.49140625 0.5046875 0.09765625 0.09765625
1 0.48828125 0.6078125 0.09765625 0.0984375
1 0.48515625 0.72109375 0.09765625 0.0984375
1 0.48125 0.83671875 0.0859375 0.0859375
1 0.484375 0.9421875 0.09765625 0.0984375
1 0.3859375 0.8765625 0.109375 0.1109375
1 0.3859375 0.76484375 0.11015625 0.11015625
3 0.39921875 0.65703125 0.09765625 0.09765625
1 0.38984375 0.55 0.11015625 0.11015625
1 0.39375 0.440625 0.11015625 0.11015625
3 0.296875 0.3953125 0.09765625 0.09765625
1 0.290625 0.49921875 0.09765625 0.0984375
1 0.29296875 0.60859375 0.09765625 0.0984375
1 0.29609375 0.7140625 0.109375 0.11015625
1 0.290625 0.8328125 0.11015625 0.11015625
1 0.29140625 0.93671875 0.11015625 0.1109375
1 0.2015625 0.44765625 0.11015625 0.11015625
1 0.2015625 0.55546875 0.09765625 0.0984375
1 0.19375 0.665625 0.09765625 0.09765625
1 0.2 0.778125 0.0859375 0.08671875
1 0.19609375 0.8875 0.09765625 0.0984375
1 0.10625 0.39140625 0.11015625 0.11015625
1 0.10859375 0.49375 0.109375 0.1109375
1 0.1046875 0.60859375 0.09765625 0.0984375
1 0.103125 0.72578125 0.11015625 0.1109375
1 0.10625 0.83515625 0.09765625 0.09765625
3 0.871875 0.15703125 0.06171875 0.06171875
1 0.8703125 0.275 0.109375 0.11015625
1 0.77578125 0.3375 0.11015625 0.11015625
1 0.684375 0.2875 0.11015625 0.11015625
1 0.78125 0.21015625 0.0859375 0.0859375
1 0.6890625 0.1734375 0.109375 0.11015625
1 0.6828125 0.09921875 0.09765625 0.0984375
1 0.59140625 0.134375 0.11015625 0.11015625
1 0.59296875 0.2296875 0.09765625 0.0984375
1 0.59375 0.31953125 0.109375 0.11015625
1 0.490625 0.28359375 0.109375 0.11015625
1 0.39296875 0.33125 0.11015625 0.11015625
1 0.29765625 0.28984375 0.109375 0.11015625
1 0.190625 0.3328125 0.109375 0.11015625
1 0.109375 0.071875 0.09765625 0.09765625
1 0.10625 0.271875 0.109375 0.1109375