2 0.6078125 0.50390625 0.0734375 0.07421875
2 0.32890625 0.25703125 0.0734375 0.0734375
2 0.71328125 0.8078125 0.0734375 0.0734375
2 0.42109375 0.73125 0.0734375 0.0734375
2 0.6109375 0.8578125 0.0734375 0.07421875
2 0.5171875 0.9109375 0.0734375 0.0734375
2 0.71328125 0.9015625 0.0734375 0.0734375
1 0.71484375 0.60546875 0.0859375 0.0859375
3 0.5140625 0.3421875 0.0859375 0.08671875
1 0.5140625 0.23125 0.0859375 0.0859375
2 0.4203125 0.2859375 0.0734375 0.07421875
2 0.42421875 0.39140625 0.0734375 0.07421875
1 0.228125 0.29296875 0.08515625 0.0859375
1 0.134375 0.2515625 0.09765625 0.09765625
1 0.12578125 0.3546875 0.109375 0.11015625
1 0.1390625 0.459375 0.109375 0.1109375
1 0.13125 0.57109375 0.109375 0.11015625
1 0.13359375 0.67578125 0.08515625 0.0859375
1 0.1359375 0.765625 0.0859375 0.0859375
1 0.13125 0.89921875 0.09765625 0.0984375
1 0.22734375 0.8390625 0.0859375 0.0859375
1 0.22734375 0.746875 0.09765625 0.0984375
1 0.2265625 0.62578125 0.09765625 0.0984375
1 0.23203125 0.521875 0.08515625 0.0859375
1 0.2265625 0.3953125 0.109375 0.11015625
1 0.325 0.35546875 0.08515625 0.0859375
1 0.3234375 0.4546875 0.09765625 0.09765625
1 0.3265625 0.590625 0.09765625 0.0984375
1 0.32421875 0.67890625 0.09765625 0.0984375
1 0.315625 0.79609375 0.109375 0.11015625
1 0.31640625 0.9078125 0.109375 0.11015625
1 0.42265625 0.853125 0.0859375 0.0859375
1 0.4203125 0.62578125 0.08515625 0.0859375
1 0.41484375 0.490625 0.09765625 0.0984375
1 0.5125 0.54765625 0.08515625 0.0859375
1 0.51171875 0.67890625 0.09765625 0.0984375
1 0.5125 0.7953125 0.09765625 0.09765625
1 0.61015625 0.7375 0.109375 0.11015625
1 0.60625 0.61953125 0.09765625 0.0984375
2 0.89375 0.6921875 0.0484375 0.0484375
1 0.89296875 0.79375 0.08515625 0.0859375
1 0.8953125 0.909375 0.0859375 0.08671875
1 0.8859375 0.2484375 0.09765625 0.0984375
1 0.8921875 0.35390625 0.09765625 0.0984375
1 0.8875 0.46640625 0.11015625 0.11015625
1 0.884375 0.58046875 0.11015625 0.11015625
1 0.79296875 0.52421875 0.109375 0.1109375
1 0.8015625 0.390625 0.09765625 0.09765625
1 0.796875 0.2890625 0.109375 0.1109375
1 0.7015625 0.2421875 0.109375 0.1109375
1 0.70625 0.35 0.11015625 0.11015625
1 0.70390625 0.49453125 0.11015625 0.11015625
1 0.79765625 0.63125 0.109375 0.11015625
1 0.79765625 0.7390625 0.0859375 0.0859375
1 0.60703125 0.29765625 0.08515625 0.0859375
1 0.89765625 0.12890625 0.09765625 0.09765625
1 0.7953125 0.0890625 0.09765625 0.09765625
1 0.79453125 0.18984375 0.11015625 0.11015625
1 0.70625 0.1390625 0.09765625 0.0984375
1 0.51484375 0.13046875 0.08515625 0.08671875
1 0.4265625 0.20234375 0.08515625 0.0859375
1 0.4203125 0.07890625 0.11015625 0.11015625
1 0.3234375 0.13203125 0.0859375 0.0859375
1 0.22578125 0.18984375 0.109375 0.11015625
1 0.228125 0.08515625 0.09765625 0.0984375
1 0.13984375 0.12109375 0.09765625 0.09765625
1 0.6125 0.09140625 0.109375 0.11015625
1 0.6078125 0.18203125 0.109375 0.11015625