2 0.50234375 0.7625 0.0734375 0.0734375
2 0.5953125 0.353125 0.0734375 0.07421875
2 0.409375 0.83515625 0.0734375 0.07421875
1 0.8859375 0.87421875 0.11015625 0.11015625
1 0.87890625 0.6703125 0.09765625 0.09765625
1 0.790625 0.6046875 0.109375 0.11015625
1 0.69375 0.6625 0.11015625 0.1109375
1 0.603125 0.6375 0.109375 0.11015625
1 0.5953125 0.73359375 0.09765625 0.09765625
1 0.5 0.6609375 0.09765625 0.0984375
1 0.5078125 0.88984375 0.09765625 0.09765625
1 0.7 0.87109375 0.0859375 0.0859375
1 0.41328125 0.6046875 0.09765625 0.09765625
1 0.4046875 0.7125 0.0859375 0.0859375
1 0.415625 0.94140625 0.09765625 0.09765625
1 0.3171875 0.903125 0.0859375 0.0859375
1 0.2265625 0.60390625 0.09765625 0.0984375
3 0.21953125 0.71875 0.0859375 0.0859375
1 0.221875 0.82421875 0.08515625 0.0859375
1 0.2234375 0.940625 0.11015625 0.11015625
1 0.13125 0.5703125 0.09765625 0.09765625
1 0.1359375 0.66171875 0.09765625 0.0984375
1 0.12109375 0.765625 0.09765625 0.09765625
1 0.121875 0.89296875 0.09765625 0.0984375
1 0.88984375 0.44609375 0.109375 0.11015625
1 0.88984375 0.3390625 0.109375 0.11015625
1 0.8859375 0.2296875 0.109375 0.11015625
1 0.796875 0.07421875 0.0859375 0.0859375
1 0.796875 0.17265625 0.0859375 0.0859375
1 0.790625 0.28984375 0.09765625 0.0984375
1 0.78984375 0.3921875 0.09765625 0.09765625
1 0.41328125 0.05546875 0.0859375 0.0859375
1 0.40625 0.15546875 0.0859375 0.0859375
1 0.4125 0.2875 0.08515625 0.0859375
1 0.5203125 0.30390625 0.08515625 0.0859375
1 0.51640625 0.2203125 0.08515625 0.0859375
1 0.50625 0.1046875 0.0859375 0.0859375
1 0.6015625 0.0609375 0.0859375 0.0859375
1 0.59921875 0.1828125 0.08515625 0.0859375
1 0.6 0.26484375 0.08515625 0.0859375
1 0.6984375 0.41484375 0.0859375 0.0859375
1 0.69609375 0.3078125 0.08515625 0.0859375
1 0.70390625 0.2125 0.08515625 0.0859375
1 0.69609375 0.11796875 0.08515625 0.0859375
1 0.88359375 0.11875 0.08515625 0.0859375
1 0.69453125 0.5640625 0.09765625 0.0984375
1 0.60234375 0.54375 0.109375 0.11015625
1 0.50546875 0.56015625 0.11015625 0.11015625
1 0.4109375 0.4921875 0.09765625 0.09765625
1 0.31953125 0.109375 0.08515625 0.0859375
1 0.31875 0.22734375 0.09765625 0.0984375
1 0.31953125 0.340625 0.09765625 0.0984375
1 0.23125 0.0546875 0.08515625 0.0859375
1 0.23046875 0.17265625 0.09765625 0.0984375
1 0.2265625 0.28515625 0.0859375 0.0859375
1 0.2234375 0.39453125 0.09765625 0.09765625
1 0.21875 0.49296875 0.0859375 0.0859375
1 0.1328125 0.1296875 0.09765625 0.0984375
1 0.134375 0.2421875 0.09765625 0.09765625
1 0.134375 0.33984375 0.109375 0.1109375
1 0.1296875 0.4515625 0.11015625 0.11015625