2 0.9125 0.2125 0.0734375 0.07421875
2 0.71015625 0.72578125 0.0734375 0.07421875
1 0.24609375 0.9421875 0.09765625 0.09765625
1 0.05703125 0.93828125 0.11015625 0.11015625
1 0.9125 0.44609375 0.0859375 0.0859375
1 0.9125 0.5453125 0.0859375 0.0859375
1 0.90625 0.66171875 0.09765625 0.0984375
1 0.90546875 0.76484375 0.09765625 0.09765625
1 0.8125 0.153125 0.09765625 0.0984375
1 0.81015625 0.26875 0.11015625 0.11015625
1 0.71171875 0.315625 0.09765625 0.0984375
1 0.72109375 0.2078125 0.11015625 0.11015625
1 0.6234375 0.25078125 0.109375 0.11015625
1 0.53515625 0.1984375 0.0859375 0.0859375
1 0.52421875 0.303125 0.0859375 0.0859375
1 0.528125 0.428125 0.0859375 0.0859375
1 0.521875 0.52734375 0.0859375 0.0859375
1 0.528125 0.659375 0.08515625 0.0859375
1 0.63515625 0.67578125 0.08515625 0.0859375
1 0.63125 0.59296875 0.08515625 0.0859375
1 0.62109375 0.4765625 0.0859375 0.0859375
1 0.62265625 0.3625 0.08515625 0.0859375
1 0.7171875 0.4328125 0.0859375 0.0859375
1 0.7140625 0.5546875 0.08515625 0.0859375
1 0.715625 0.63671875 0.08515625 0.0859375
1 0.81328125 0.7875 0.0859375 0.0859375
1 0.8109375 0.6796875 0.08515625 0.0859375
1 0.81875 0.58515625 0.08515625 0.0859375
1 0.8109375 0.490625 0.08515625 0.0859375
1 0.815625 0.3796875 0.0859375 0.0859375
1 0.91484375 0.3265625 0.08515625 0.0859375
1 0.809375 0.9359375 0.09765625 0.0984375
1 0.71796875 0.915625 0.109375 0.11015625
1 0.6203125 0.93203125 0.11015625 0.11015625
1 0.5265625 0.8640625 0.09765625 0.09765625
1 0.4359375 0.14921875 0.09765625 0.0984375
1 0.4390625 0.26484375 0.0859375 0.0859375
1 0.4375 0.37265625 0.09765625 0.0984375
1 0.43515625 0.48125 0.08515625 0.0859375
1 0.43359375 0.59921875 0.09765625 0.0984375
1 0.434375 0.7125 0.09765625 0.0984375
1 0.34453125 0.2140625 0.09765625 0.09765625
1 0.3453125 0.31640625 0.09765625 0.09765625
1 0.34609375 0.4265625 0.08515625 0.0859375
1 0.3453125 0.54453125 0.09765625 0.0984375
1 0.3421875 0.65703125 0.0859375 0.0859375
1 0.3390625 0.76640625 0.09765625 0.09765625
1 0.334375 0.865625 0.0859375 0.0859375
1 0.25859375 0.16484375 0.11015625 0.11015625
1 0.2515625 0.27890625 0.09765625 0.0984375
1 0.2484375 0.38828125 0.09765625 0.0984375
1 0.2484375 0.5015625 0.09765625 0.0984375
1 0.25 0.6140625 0.09765625 0.09765625
1 0.25 0.71171875 0.109375 0.1109375
1 0.24453125 0.8234375 0.11015625 0.11015625
1 0.15390625 0.128125 0.08515625 0.0859375
1 0.15078125 0.234375 0.08515625 0.0859375
1 0.15390625 0.33125 0.08515625 0.0859375
1 0.15078125 0.4453125 0.08515625 0.0859375
1 0.153125 0.559375 0.09765625 0.09765625
1 0.15078125 0.68359375 0.08515625 0.0859375
1 0.15546875 0.7859375 0.08515625 0.0859375
1 0.06171875 0.83125 0.09765625 0.0984375
1 0.05625 0.725 0.11015625 0.1109375
1 0.0625 0.6140625 0.09765625 0.09765625
1 0.06875 0.4984375 0.109375 0.11015625
1 0.0671875 0.39296875 0.09765625 0.0984375
3 0.06328125 0.28515625 0.08515625 0.0859375
1 0.06171875 0.17265625 0.08515625 0.0859375
1 0.0625 0.06015625 0.09765625 0.0984375
1 0.25625 0.05625 0.09765625 0.0984375
1 0.34765625 0.0984375 0.09765625 0.0984375
1 0.53671875 0.0828125 0.11015625 0.11015625
1 0.7265625 0.0953125 0.109375 0.1109375
1 0.6265625 0.1421875 0.0859375 0.0859375
1 0.9109375 0.10078125 0.0859375 0.0859375
1 0.159375 0.896875 0.11015625 0.11015625