2 0.371875 0.13359375 0.0734375 0.0734375
2 0.29140625 0.6234375 0.08515625 0.0859375
2 0.29765625 0.51953125 0.08515625 0.0859375
2 0.20859375 0.56328125 0.08515625 0.0859375
2 0.1 0.5203125 0.0734375 0.0734375
2 0.10234375 0.3953125 0.0734375 0.0734375
2 0.09453125 0.29765625 0.0734375 0.07421875
2 0.9484375 0.23515625 0.0609375 0.06171875
2 0.5796875 0.03671875 0.0609375 0.06171875
2 0.84609375 0.07890625 0.0734375 0.07421875
2 0.8421875 0.64375 0.0734375 0.0734375
2 0.678125 0.85234375 0.0734375 0.07421875
1 0.0890625 0.18046875 0.0734375 0.07421875
1 0.20546875 0.13984375 0.11015625 0.1109375
1 0.21171875 0.24375 0.11015625 0.1109375
1 0.20625 0.35 0.0734375 0.07421875
1 0.2046875 0.4609375 0.0734375 0.07421875
1 0.29609375 0.07265625 0.09765625 0.0984375
1 0.29609375 0.1890625 0.09765625 0.09765625
1 0.29609375 0.30390625 0.0734375 0.07421875
1 0.29140625 0.40546875 0.0734375 0.07421875
1 0.39609375 0.23828125 0.0734375 0.07421875
1 0.390625 0.35234375 0.09765625 0.09765625
1 0.39375 0.4640625 0.09765625 0.09765625
1 0.48203125 0.071875 0.08515625 0.08671875
1 0.4859375 0.18515625 0.11015625 0.11015625
1 0.490625 0.3015625 0.11015625 0.11015625
1 0.48515625 0.4078125 0.11015625 0.11015625
1 0.484375 0.5234375 0.109375 0.1109375
1 0.5875 0.128125 0.121875 0.121875
1 0.58984375 0.24375 0.09765625 0.0984375
1 0.5796875 0.35625 0.09765625 0.0984375
1 0.5796875 0.47421875 0.09765625 0.0984375
1 0.67109375 0.08515625 0.0859375 0.0859375
1 0.67578125 0.190625 0.09765625 0.0984375
1 0.66796875 0.30390625 0.09765625 0.0984375
1 0.671875 0.4125 0.0859375 0.0859375
1 0.68125 0.521875 0.09765625 0.0984375
1 0.5828125 0.58203125 0.09765625 0.09765625
1 0.759375 0.1375 0.08515625 0.0859375
1 0.7609375 0.259375 0.08515625 0.0859375
1 0.765625 0.35859375 0.0859375 0.08671875
1 0.765625 0.46796875 0.0859375 0.0859375
1 0.76484375 0.58515625 0.0859375 0.0859375
1 0.846875 0.203125 0.08515625 0.0859375
1 0.8453125 0.31328125 0.08515625 0.0859375
1 0.8453125 0.41328125 0.08515625 0.0859375
1 0.8390625 0.528125 0.08515625 0.0859375
2 0.95234375 0.140625 0.0484375 0.0484375
1 0.94453125 0.3453125 0.0859375 0.0859375
1 0.94375 0.46171875 0.08515625 0.0859375
2 0.93828125 0.5515625 0.0484375 0.05
2 0.940625 0.90390625 0.0484375 0.05
2 0.8625 0.94609375 0.0734375 0.07421875
2 0.83515625 0.728125 0.0484375 0.05
1 0.7625 0.6875 0.0859375 0.0859375
1 0.753125 0.79453125 0.09765625 0.0984375
1 0.75859375 0.915625 0.08515625 0.0859375
1 0.6765625 0.63984375 0.09765625 0.0984375
1 0.67421875 0.7515625 0.08515625 0.0859375
2 0.6734375 0.96015625 0.0734375 0.07421875
1 0.58203125 0.68828125 0.109375 0.11015625
1 0.5796875 0.7984375 0.09765625 0.09765625
1 0.57734375 0.9125 0.109375 0.1109375
1 0.48125 0.63203125 0.09765625 0.09765625
1 0.4875 0.746875 0.109375 0.1109375
1 0.4859375 0.85546875 0.11015625 0.1109375
1 0.38984375 0.5796875 0.109375 0.1109375
1 0.38828125 0.690625 0.11015625 0.1109375
1 0.3875 0.79921875 0.11015625 0.11015625
1 0.38515625 0.91171875 0.11015625 0.11015625
1 0.2953125 0.7234375 0.08515625 0.0859375
1 0.290625 0.840625 0.08515625 0.0859375
1 0.2 0.68984375 0.0734375 0.0734375
1 0.19921875 0.7953125 0.109375 0.11015625
1 0.2015625 0.909375 0.109375 0.11015625
1 0.1078125 0.63359375 0.0859375 0.0859375
1 0.10234375 0.74921875 0.109375 0.11015625
1 0.10390625 0.85390625 0.11015625 0.11015625