1 0.89765625 0.0671875 0.09765625 0.09765625
1 0.89375 0.18671875 0.08515625 0.0859375
1 0.8921875 0.2890625 0.09765625 0.09765625
1 0.80390625 0.128125 0.0734375 0.07421875
1 0.80234375 0.2359375 0.0734375 0.07421875
1 0.79453125 0.3484375 0.0734375 0.0734375
1 0.71015625 0.0734375 0.09765625 0.09765625
1 0.71015625 0.17890625 0.08515625 0.0859375
1 0.71171875 0.2875 0.09765625 0.0984375
1 0.61484375 0.12421875 0.08515625 0.0859375
1 0.61328125 0.2359375 0.09765625 0.0984375
1 0.61328125 0.35 0.09765625 0.0984375
1 0.52109375 0.06875 0.11015625 0.11015625
1 0.5171875 0.1796875 0.0859375 0.0859375
1 0.51953125 0.28828125 0.09765625 0.0984375
1 0.4265625 0.12578125 0.09765625 0.0984375
1 0.428125 0.2328125 0.09765625 0.0984375
1 0.425 0.34453125 0.09765625 0.0984375
1 0.32109375 0.0765625 0.109375 0.11015625
1 0.325 0.17890625 0.11015625 0.11015625
1 0.32109375 0.28671875 0.11015625 0.11015625
1 0.2234375 0.12734375 0.11015625 0.11015625
1 0.22890625 0.24140625 0.11015625 0.11015625
1 0.228125 0.35078125 0.109375 0.1109375
1 0.1421875 0.0671875 0.0859375 0.0859375
1 0.13203125 0.18046875 0.09765625 0.09765625
1 0.1359375 0.296875 0.09765625 0.09765625
2 0.03984375 0.45390625 0.0734375 0.0734375
1 0.04140625 0.78203125 0.0734375 0.07421875
1 0.128125 0.4 0.09765625 0.0984375
1 0.13359375 0.509375 0.09765625 0.0984375
1 0.12890625 0.62421875 0.09765625 0.0984375
1 0.1390625 0.73515625 0.09765625 0.09765625
1 0.140625 0.8453125 0.09765625 0.09765625
1 0.23125 0.4546875 0.11015625 0.11015625
1 0.23203125 0.56875 0.11015625 0.11015625
1 0.2265625 0.675 0.109375 0.11015625
1 0.22578125 0.79375 0.109375 0.11015625
1 0.2265625 0.9015625 0.109375 0.1109375
1 0.32578125 0.40390625 0.11015625 0.11015625
1 0.32265625 0.51484375 0.11015625 0.11015625
1 0.3171875 0.6234375 0.11015625 0.11015625
1 0.325 0.7359375 0.11015625 0.11015625
1 0.3265625 0.84453125 0.109375 0.11015625
1 0.4265625 0.45625 0.109375 0.11015625
1 0.4265625 0.56484375 0.09765625 0.0984375
1 0.42265625 0.67734375 0.11015625 0.11015625
1 0.425 0.78828125 0.11015625 0.11015625
1 0.42421875 0.90390625 0.11015625 0.11015625
1 0.51953125 0.396875 0.109375 0.11015625
1 0.5265625 0.52109375 0.109375 0.11015625
1 0.51953125 0.62421875 0.109375 0.11015625
1 0.51953125 0.740625 0.109375 0.11015625
1 0.51640625 0.84453125 0.109375 0.11015625
1 0.6140625 0.4515625 0.09765625 0.09765625
1 0.6109375 0.5671875 0.11015625 0.11015625
1 0.6171875 0.68203125 0.109375 0.11015625
1 0.6125 0.79375 0.09765625 0.0984375
1 0.61796875 0.90078125 0.109375 0.11015625
1 0.7078125 0.40234375 0.0734375 0.07421875
1 0.71015625 0.509375 0.09765625 0.09765625
1 0.70625 0.61796875 0.11015625 0.11015625
1 0.709375 0.73515625 0.11015625 0.11015625
1 0.70859375 0.85 0.08515625 0.0859375
1 0.79921875 0.45390625 0.0734375 0.07421875
1 0.79609375 0.56640625 0.09765625 0.09765625
1 0.8015625 0.678125 0.08515625 0.0859375
1 0.8 0.78828125 0.09765625 0.0984375
1 0.89765625 0.396875 0.09765625 0.0984375
1 0.89375 0.5109375 0.0859375 0.0859375
1 0.89140625 0.61328125 0.09765625 0.09765625
1 0.8921875 0.72734375 0.0859375 0.0859375
1 0.8953125 0.84375 0.0859375 0.0859375
1 0.8984375 0.94765625 0.09765625 0.0984375
1 0.79765625 0.9015625 0.08515625 0.0859375