1 0.10234375 0.0734375 0.109375 0.11015625
1 0.096875 0.184375 0.109375 0.11015625
1 0.0953125 0.2984375 0.109375 0.1109375
1 0.1875 0.128125 0.09765625 0.0984375
1 0.18984375 0.23828125 0.08515625 0.0859375
1 0.190625 0.3515625 0.09765625 0.09765625
1 0.28125 0.07578125 0.09765625 0.0984375
1 0.28671875 0.18828125 0.11015625 0.11015625
1 0.27890625 0.29453125 0.11015625 0.11015625
1 0.37890625 0.134375 0.09765625 0.0984375
1 0.38359375 0.25078125 0.109375 0.11015625
1 0.47109375 0.08359375 0.11015625 0.11015625
1 0.46953125 0.19453125 0.109375 0.11015625
1 0.4703125 0.30390625 0.109375 0.11015625
1 0.571875 0.1359375 0.11015625 0.11015625
1 0.5640625 0.24375 0.11015625 0.11015625
1 0.6578125 0.07890625 0.09765625 0.09765625
1 0.65703125 0.18828125 0.109375 0.11015625
1 0.65703125 0.3078125 0.09765625 0.0984375
1 0.75078125 0.13671875 0.109375 0.1109375
1 0.753125 0.2515625 0.109375 0.11015625
1 0.85078125 0.084375 0.11015625 0.1109375
1 0.853125 0.1671875 0.0734375 0.07421875
1 0.84296875 0.30625 0.09765625 0.09765625
1 0.9421875 0.13359375 0.09765625 0.09765625
1 0.9390625 0.24296875 0.09765625 0.09765625
1 0.9390625 0.3375 0.11015625 0.1109375
1 0.94921875 0.45859375 0.09765625 0.0984375
2 0.9390625 0.57890625 0.0609375 0.06171875
1 0.94140625 0.67734375 0.109375 0.11015625
1 0.9390625 0.79609375 0.109375 0.11015625
1 0.85 0.40859375 0.09765625 0.0984375
1 0.853125 0.525 0.09765625 0.0984375
1 0.8453125 0.63046875 0.09765625 0.0984375
1 0.8453125 0.7390625 0.09765625 0.0984375
1 0.7515625 0.3546875 0.09765625 0.0984375
1 0.753125 0.4640625 0.09765625 0.0984375
2 0.753125 0.58046875 0.0734375 0.0734375
1 0.7546875 0.68515625 0.09765625 0.0984375
1 0.753125 0.7984375 0.09765625 0.0984375
1 0.6625 0.41484375 0.11015625 0.11015625
1 0.65546875 0.5125 0.09765625 0.0984375
1 0.65234375 0.6421875 0.09765625 0.0984375
1 0.6578125 0.74765625 0.109375 0.11015625
1 0.565625 0.36171875 0.11015625 0.11015625
1 0.5671875 0.4703125 0.109375 0.11015625
1 0.5671875 0.5875 0.09765625 0.0984375
1 0.5671875 0.68828125 0.09765625 0.0984375
1 0.56171875 0.8015625 0.109375 0.1109375
1 0.47265625 0.41171875 0.109375 0.11015625
1 0.46875 0.52109375 0.109375 0.11015625
1 0.4703125 0.63046875 0.109375 0.11015625
1 0.46953125 0.7421875 0.11015625 0.1109375
1 0.38125 0.3609375 0.11015625 0.11015625
1 0.37265625 0.4578125 0.11015625 0.11015625
1 0.37578125 0.56953125 0.09765625 0.09765625
1 0.37734375 0.6796875 0.11015625 0.1109375
1 0.37734375 0.7984375 0.11015625 0.11015625
1 0.28359375 0.4109375 0.11015625 0.11015625
1 0.2859375 0.52734375 0.11015625 0.1109375
1 0.2765625 0.63671875 0.09765625 0.09765625
1 0.2859375 0.7546875 0.109375 0.11015625
1 0.1875 0.4640625 0.109375 0.1109375
2 0.18671875 0.58359375 0.0609375 0.06171875
1 0.1828125 0.68984375 0.109375 0.11015625
1 0.184375 0.8 0.109375 0.11015625
1 0.09296875 0.4078125 0.109375 0.1109375
1 0.0953125 0.51796875 0.109375 0.11015625
1 0.0875 0.6265625 0.11015625 0.11015625
1 0.09140625 0.746875 0.11015625 0.11015625
1 0.08671875 0.85625 0.11015625 0.11015625
1 0.17890625 0.915625 0.109375 0.11015625
1 0.28515625 0.85078125 0.09765625 0.0984375
1 0.378125 0.90859375 0.11015625 0.11015625
1 0.47578125 0.85 0.11015625 0.1109375
1 0.56953125 0.90703125 0.109375 0.1109375
1 0.6609375 0.8484375 0.11015625 0.11015625
1 0.75546875 0.90703125 0.11015625 0.11015625
1 0.85 0.84921875 0.109375 0.11015625
1 0.9375 0.90078125 0.109375 0.11015625