2 0.8890625 0.86953125 0.0734375 0.0734375
2 0.79609375 0.9421875 0.0734375 0.07421875
1 0.88671875 0.76796875 0.09765625 0.0984375
1 0.8 0.71171875 0.09765625 0.09765625
1 0.790625 0.8203125 0.0859375 0.0859375
1 0.61328125 0.71171875 0.09765625 0.0984375
3 0.60625 0.8265625 0.0859375 0.0859375
1 0.60859375 0.93125 0.08515625 0.0859375
1 0.5171875 0.678125 0.09765625 0.09765625
1 0.52265625 0.76875 0.09765625 0.0984375
1 0.5078125 0.8734375 0.09765625 0.09765625
1 0.42421875 0.725 0.11015625 0.1109375
1 0.428125 0.85 0.121875 0.1234375
1 0.42109375 0.9546875 0.08515625 0.0859375
1 0.32890625 0.6734375 0.11015625 0.11015625
1 0.3328125 0.7828125 0.11015625 0.11015625
1 0.3296875 0.8953125 0.09765625 0.0984375
1 0.234375 0.73984375 0.109375 0.11015625
1 0.24140625 0.83671875 0.11015625 0.11015625
1 0.14375 0.67890625 0.0859375 0.0859375
1 0.1390625 0.78984375 0.109375 0.11015625
1 0.14140625 0.89609375 0.11015625 0.11015625
1 0.0453125 0.728125 0.08515625 0.08671875
1 0.0515625 0.83203125 0.09765625 0.09765625
1 0.8 0.16328125 0.0859375 0.0859375
1 0.79296875 0.2625 0.0859375 0.0859375
1 0.79921875 0.39453125 0.08515625 0.0859375
1 0.90703125 0.4109375 0.08515625 0.0859375
1 0.903125 0.328125 0.08515625 0.0859375
1 0.8921875 0.21171875 0.0859375 0.0859375
1 0.89375 0.09765625 0.08515625 0.0859375
1 0.8921875 0.6671875 0.11015625 0.11015625
1 0.79765625 0.6 0.09765625 0.09765625
1 0.709375 0.1078125 0.09765625 0.0984375
1 0.70625 0.2171875 0.08515625 0.0859375
1 0.7046875 0.334375 0.09765625 0.0984375
1 0.70625 0.44765625 0.09765625 0.0984375
1 0.6171875 0.0515625 0.09765625 0.09765625
1 0.61796875 0.1625 0.08515625 0.0859375
1 0.6171875 0.2796875 0.09765625 0.0984375
1 0.61328125 0.3921875 0.0859375 0.0859375
1 0.61015625 0.5015625 0.09765625 0.09765625
1 0.60546875 0.60078125 0.0859375 0.0859375
1 0.51953125 0.1234375 0.09765625 0.0984375
1 0.51953125 0.23671875 0.09765625 0.0984375
1 0.521875 0.35 0.09765625 0.09765625
1 0.521875 0.446875 0.109375 0.1109375
1 0.51640625 0.559375 0.11015625 0.11015625
1 0.425 0.06640625 0.08515625 0.0859375
1 0.42265625 0.18046875 0.08515625 0.0859375
1 0.425 0.2953125 0.09765625 0.09765625
1 0.42265625 0.41875 0.08515625 0.0859375
1 0.42734375 0.521875 0.08515625 0.0859375
1 0.3328125 0.5671875 0.09765625 0.0984375
1 0.32734375 0.46015625 0.11015625 0.1109375
1 0.334375 0.35 0.09765625 0.09765625
1 0.33984375 0.23359375 0.109375 0.11015625
1 0.3390625 0.128125 0.09765625 0.0984375
1 0.23515625 0.071875 0.09765625 0.09765625
1 0.2453125 0.1890625 0.109375 0.1109375
1 0.240625 0.2859375 0.09765625 0.0984375
1 0.246875 0.40703125 0.11015625 0.11015625
1 0.24140625 0.509375 0.109375 0.11015625
1 0.14765625 0.5609375 0.11015625 0.11015625
1 0.24140625 0.625 0.0859375 0.0859375
1 0.153125 0.46796875 0.109375 0.1109375
1 0.140625 0.34453125 0.109375 0.11015625
1 0.140625 0.23203125 0.109375 0.11015625
1 0.14453125 0.121875 0.109375 0.11015625
1 0.05546875 0.17265625 0.09765625 0.0984375
1 0.0515625 0.05546875 0.0859375 0.08671875
1 0.0484375 0.38671875 0.0859375 0.0859375
1 0.05390625 0.50703125 0.0859375 0.0859375
1 0.0515625 0.2875 0.08515625 0.0859375
1 0.05234375 0.61328125 0.08515625 0.0859375
1 0.43125 0.63203125 0.11015625 0.11015625