2 0.18828125 0.8375 0.06171875 0.06171875
2 0.47578125 0.903125 0.0734375 0.07421875
2 0.1921875 0.94453125 0.0734375 0.07421875
2 0.65078125 0.3234375 0.0734375 0.07421875
2 0.653125 0.409375 0.0734375 0.07421875
2 0.85390625 0.39140625 0.0734375 0.0734375
2 0.846875 0.175 0.0734375 0.07421875
2 0.57265625 0.3765625 0.0734375 0.0734375
2 0.765625 0.5046875 0.0609375 0.06171875
2 0.57109375 0.47421875 0.0734375 0.0734375
2 0.9453125 0.86015625 0.0484375 0.0484375
2 0.940625 0.9609375 0.0484375 0.0484375
2 0.85078125 0.9140625 0.0375 0.0375
2 0.66875 0.8984375 0.0359375 0.0375
3 0.39453125 0.96171875 0.0609375 0.06171875
3 0.56796875 0.95546875 0.06171875 0.06171875
2 0.74921875 0.95390625 0.02421875 0.025
1 0.38828125 0.84296875 0.08515625 0.0859375
1 0.28984375 0.8859375 0.0859375 0.0859375
2 0.10625 0.88984375 0.0484375 0.0484375
1 0.94375 0.4484375 0.08515625 0.0859375
1 0.9328125 0.1484375 0.0859375 0.0859375
1 0.93515625 0.23359375 0.08515625 0.08671875
1 0.94140625 0.3421875 0.09765625 0.09765625
1 0.86015625 0.06953125 0.09765625 0.0984375
2 0.76875 0.15703125 0.0609375 0.06171875
2 0.76796875 0.259375 0.0734375 0.07421875
1 0.77109375 0.3453125 0.08515625 0.0859375
1 0.76171875 0.425 0.0859375 0.0859375
2 0.6359375 0.50859375 0.06171875 0.06171875
1 0.38984375 0.46171875 0.0859375 0.0859375
1 0.66875 0.071875 0.109375 0.1109375
1 0.65703125 0.2140625 0.09765625 0.0984375
1 0.5734375 0.2625 0.09765625 0.0984375
1 0.5875 0.14765625 0.0859375 0.0859375
1 0.484375 0.07734375 0.109375 0.11015625
1 0.49453125 0.21484375 0.08515625 0.0859375
1 0.48515625 0.309375 0.09765625 0.0984375
1 0.471875 0.4296875 0.08515625 0.0859375
1 0.3953125 0.35703125 0.11015625 0.11015625
1 0.3875 0.26328125 0.11015625 0.11015625
1 0.38984375 0.1359375 0.11015625 0.1109375
1 0.29609375 0.0828125 0.09765625 0.0984375
1 0.3015625 0.20625 0.0859375 0.0859375
1 0.296875 0.3046875 0.109375 0.1109375
1 0.29765625 0.41171875 0.09765625 0.0984375
1 0.2921875 0.51953125 0.08515625 0.0859375
1 0.21640625 0.475 0.08515625 0.08671875
1 0.20625 0.3703125 0.0859375 0.0859375
1 0.20625 0.25078125 0.08515625 0.0859375
1 0.215625 0.14140625 0.08515625 0.0859375
1 0.1109375 0.0875 0.096875 0.0984375
1 0.11171875 0.19140625 0.08515625 0.0859375
1 0.1046875 0.30703125 0.09765625 0.0984375
1 0.1015625 0.42421875 0.109375 0.11015625
1 0.11328125 0.528125 0.09765625 0.09765625
1 0.8515625 0.27890625 0.09765625 0.0984375