1 0.23046875 0.75078125 0.109375 0.11015625
2 0.896875 0.68671875 0.0859375 0.08671875
2 0.4109375 0.85078125 0.0734375 0.07421875
1 0.70234375 0.11875 0.09765625 0.0984375
1 0.803125 0.0609375 0.0734375 0.07421875
1 0.90234375 0.12421875 0.09765625 0.09765625
1 0.89140625 0.25 0.11015625 0.1109375
1 0.89375 0.35859375 0.08515625 0.0859375
1 0.8875 0.47734375 0.08515625 0.0859375
1 0.89375 0.58125 0.0859375 0.0859375
1 0.80234375 0.19140625 0.08515625 0.0859375
2 0.809375 0.30546875 0.02421875 0.02421875
2 0.803125 0.4234375 0.0375 0.0375
2 0.80546875 0.5296875 0.02421875 0.02421875
2 0.79921875 0.64296875 0.02421875 0.02421875
2 0.7078125 0.4515625 0.02421875 0.02421875
2 0.7078125 0.56171875 0.02421875 0.02421875
2 0.70390625 0.67734375 0.02421875 0.02421875
1 0.71015625 0.22734375 0.09765625 0.0984375
1 0.7078125 0.3328125 0.09765625 0.0984375
2 0.7 0.78671875 0.02421875 0.02421875
2 0.70234375 0.86875 0.02421875 0.02421875
2 0.8 0.7296875 0.02421875 0.02421875
2 0.79375 0.8375 0.02421875 0.02421875
2 0.89375 0.86796875 0.0375 0.0375
1 0.890625 0.7859375 0.109375 0.11015625
1 0.4171875 0.4171875 0.09765625 0.0984375
1 0.42109375 0.52109375 0.109375 0.11015625
1 0.4125 0.63203125 0.09765625 0.09765625
1 0.4171875 0.74296875 0.09765625 0.09765625
3 0.31953125 0.47265625 0.0859375 0.0859375
1 0.3203125 0.5859375 0.09765625 0.09765625
1 0.315625 0.690625 0.11015625 0.11015625
1 0.31640625 0.8 0.09765625 0.0984375
1 0.23125 0.409375 0.11015625 0.1109375
1 0.22890625 0.52265625 0.11015625 0.1109375
1 0.228125 0.634375 0.09765625 0.09765625
1 0.2328125 0.85625 0.0734375 0.0734375
1 0.13125 0.3609375 0.11015625 0.1109375
1 0.13125 0.46484375 0.109375 0.1109375
1 0.128125 0.58671875 0.109375 0.11015625
1 0.1296875 0.69375 0.09765625 0.0984375
1 0.13359375 0.7984375 0.09765625 0.0984375
2 0.04140625 0.85 0.0734375 0.0734375