2 0.4828125 0.1609375 0.0734375 0.0734375
2 0.55625 0.31171875 0.0734375 0.07421875
2 0.93125 0.85546875 0.0734375 0.07421875
1 0.940625 0.43046875 0.11015625 0.11015625
1 0.9421875 0.6515625 0.09765625 0.0984375
1 0.94453125 0.75078125 0.09765625 0.0984375
2 0.85234375 0.8375 0.0609375 0.06171875
2 0.85234375 0.940625 0.0734375 0.07421875
1 0.846875 0.496875 0.109375 0.11015625
1 0.85390625 0.59296875 0.11015625 0.11015625
1 0.8515625 0.70859375 0.109375 0.11015625
1 0.75625 0.4359375 0.0859375 0.0859375
1 0.75078125 0.54609375 0.109375 0.11015625
1 0.753125 0.653125 0.11015625 0.11015625
1 0.753125 0.753125 0.109375 0.1109375
1 0.74140625 0.8953125 0.09765625 0.0984375
1 0.65703125 0.94296875 0.09765625 0.0984375
1 0.671875 0.828125 0.0859375 0.0859375
1 0.6578125 0.48515625 0.08515625 0.08671875
1 0.6640625 0.5890625 0.09765625 0.09765625
1 0.65703125 0.7203125 0.09765625 0.0984375
1 0.55546875 0.42890625 0.0859375 0.0859375
1 0.55703125 0.5421875 0.08515625 0.0859375
1 0.5640625 0.65546875 0.09765625 0.09765625
1 0.56875 0.75859375 0.109375 0.11015625
1 0.57890625 0.8953125 0.08515625 0.0859375
1 0.47109375 0.94375 0.11015625 0.11015625
1 0.47421875 0.81640625 0.11015625 0.1109375
1 0.4765625 0.71484375 0.109375 0.1109375
1 0.475 0.59921875 0.09765625 0.0984375
3 0.475 0.4875 0.0734375 0.07421875
1 0.37734375 0.425 0.08515625 0.0859375
1 0.37421875 0.54609375 0.08515625 0.0859375
1 0.3765625 0.6546875 0.109375 0.11015625
1 0.3796875 0.76328125 0.09765625 0.0984375
1 0.3859375 0.88671875 0.0859375 0.0859375
1 0.290625 0.93125 0.08515625 0.0859375
1 0.29921875 0.821875 0.08515625 0.0859375
1 0.30234375 0.71015625 0.08515625 0.0859375
1 0.303125 0.60390625 0.09765625 0.0984375
1 0.28828125 0.49921875 0.0859375 0.0859375
1 0.19453125 0.428125 0.09765625 0.0984375
1 0.18984375 0.55234375 0.11015625 0.11015625
1 0.190625 0.65859375 0.11015625 0.11015625
1 0.19453125 0.76796875 0.096875 0.0984375
1 0.19609375 0.871875 0.08515625 0.0859375
1 0.103125 0.92890625 0.08515625 0.08671875
1 0.103125 0.49765625 0.109375 0.11015625
1 0.103125 0.60390625 0.09765625 0.0984375
1 0.103125 0.7140625 0.11015625 0.11015625
1 0.10078125 0.82734375 0.109375 0.11015625
3 0.4796875 0.36328125 0.0734375 0.07421875
3 0.475 0.25546875 0.0734375 0.0734375
1 0.38203125 0.2140625 0.0859375 0.0859375
1 0.38203125 0.32890625 0.0859375 0.0859375
3 0.57109375 0.21796875 0.0734375 0.07421875
3 0.57109375 0.0984375 0.0734375 0.0734375
1 0.9453125 0.3234375 0.09765625 0.0984375
1 0.93984375 0.2171875 0.11015625 0.1109375
1 0.94609375 0.10625 0.09765625 0.09765625
1 0.85859375 0.16328125 0.11015625 0.11015625
1 0.853125 0.26640625 0.109375 0.11015625
1 0.76015625 0.31796875 0.11015625 0.11015625
1 0.853125 0.38203125 0.0859375 0.0859375
1 0.765625 0.225 0.109375 0.1109375
1 0.753125 0.10078125 0.109375 0.11015625
1 0.6609375 0.14375 0.0859375 0.0859375
1 0.665625 0.2640625 0.0859375 0.0859375
1 0.66328125 0.04375 0.08515625 0.0859375
1 0.66484375 0.3703125 0.08515625 0.0859375
1 0.4828125 0.05390625 0.08515625 0.0859375
1 0.384375 0.1140625 0.11015625 0.11015625
1 0.29375 0.17109375 0.0859375 0.0859375
1 0.2953125 0.2609375 0.0859375 0.0859375
1 0.29921875 0.0625 0.08515625 0.0859375
1 0.190625 0.12734375 0.09765625 0.0984375
1 0.1953125 0.20859375 0.09765625 0.0984375
1 0.09609375 0.28203125 0.08515625 0.0859375
1 0.09765625 0.37734375 0.09765625 0.0984375
1 0.19453125 0.32265625 0.09765625 0.0984375
1 0.2984375 0.3734375 0.09765625 0.0984375
1 0.1 0.17421875 0.09765625 0.0984375
1 0.1015625 0.08125 0.0859375 0.0859375