1 0.94453125 0.68125 0.09765625 0.0984375
1 0.9421875 0.79765625 0.11015625 0.11015625
1 0.84375 0.84453125 0.09765625 0.0984375
1 0.853125 0.7359375 0.11015625 0.11015625
1 0.7546875 0.77890625 0.109375 0.11015625
1 0.6671875 0.7265625 0.0859375 0.0859375
1 0.65625 0.83125 0.0859375 0.0859375
1 0.66015625 0.95625 0.0859375 0.0859375
1 0.7546875 0.890625 0.08515625 0.0859375
1 0.946875 0.9078125 0.0859375 0.0859375
1 0.5671875 0.67734375 0.09765625 0.0984375
1 0.57109375 0.79296875 0.0859375 0.0859375
1 0.56953125 0.90078125 0.09765625 0.0984375
1 0.4765625 0.7421875 0.09765625 0.09765625
1 0.47734375 0.84453125 0.09765625 0.09765625
1 0.478125 0.9546875 0.08515625 0.0859375
1 0.38984375 0.69296875 0.11015625 0.11015625
1 0.38359375 0.80703125 0.09765625 0.0984375
1 0.3796875 0.91640625 0.09765625 0.0984375
1 0.2859375 0.65625 0.08515625 0.0859375
1 0.2828125 0.7625 0.08515625 0.0859375
1 0.2859375 0.859375 0.08515625 0.0859375
1 0.19921875 0.92109375 0.09765625 0.0984375
3 0.19453125 0.81328125 0.08515625 0.0859375
1 0.19375 0.7015625 0.08515625 0.0859375
1 0.1 0.6421875 0.0859375 0.0859375
1 0.10078125 0.75625 0.0859375 0.0859375
1 0.0953125 0.865625 0.09765625 0.09765625
1 0.1015625 0.09375 0.0859375 0.0859375
1 0.10234375 0.2140625 0.09765625 0.0984375
1 0.0984375 0.32109375 0.0859375 0.0859375
1 0.096875 0.42578125 0.08515625 0.0859375
1 0.103125 0.53203125 0.09765625 0.09765625
1 0.19453125 0.58828125 0.09765625 0.0984375
1 0.19296875 0.4828125 0.08515625 0.0859375
1 0.1984375 0.3640625 0.0859375 0.0859375
1 0.1921875 0.26015625 0.08515625 0.08671875
1 0.1953125 0.15 0.09765625 0.0984375
1 0.28984375 0.084375 0.09765625 0.0984375
1 0.29296875 0.19296875 0.09765625 0.0984375
1 0.290625 0.315625 0.0859375 0.0859375
1 0.2921875 0.425 0.09765625 0.0984375
1 0.28984375 0.5265625 0.09765625 0.0984375
1 0.38359375 0.140625 0.08515625 0.0859375
1 0.38125 0.25 0.09765625 0.09765625
1 0.390625 0.365625 0.09765625 0.0984375
1 0.38359375 0.478125 0.09765625 0.0984375
1 0.3875 0.584375 0.09765625 0.0984375
1 0.4796875 0.6265625 0.09765625 0.0984375
1 0.4859375 0.515625 0.09765625 0.09765625
1 0.478125 0.4078125 0.09765625 0.0984375
1 0.48125 0.296875 0.09765625 0.09765625
1 0.48046875 0.184375 0.09765625 0.0984375
1 0.48828125 0.0734375 0.09765625 0.09765625
1 0.57421875 0.12265625 0.09765625 0.0984375
1 0.5734375 0.2375 0.09765625 0.09765625
1 0.56953125 0.353125 0.09765625 0.0984375
1 0.57265625 0.4578125 0.08515625 0.0859375
1 0.571875 0.56015625 0.09765625 0.0984375
1 0.66875 0.6109375 0.11015625 0.11015625
1 0.6671875 0.50234375 0.109375 0.11015625
1 0.6625 0.3953125 0.109375 0.11015625
1 0.66875 0.29375 0.11015625 0.11015625
1 0.6671875 0.18046875 0.11015625 0.11015625
1 0.66484375 0.065625 0.109375 0.11015625
1 0.765625 0.11875 0.109375 0.1109375
1 0.7578125 0.23125 0.109375 0.11015625
1 0.76015625 0.3359375 0.08515625 0.0859375
1 0.7625 0.42578125 0.0859375 0.0859375
1 0.7578125 0.559375 0.09765625 0.0984375
1 0.85859375 0.62421875 0.109375 0.1109375
1 0.75859375 0.67109375 0.0859375 0.0859375
1 0.8546875 0.49921875 0.0859375 0.0859375
1 0.8546875 0.40703125 0.09765625 0.0984375
1 0.853125 0.2859375 0.09765625 0.0984375
1 0.85859375 0.18125 0.08515625 0.0859375
1 0.95 0.115625 0.09765625 0.09765625
1 0.9421875 0.45625 0.109375 0.11015625
1 0.94375 0.56796875 0.109375 0.11015625