2 0.409375 0.14375 0.0734375 0.0734375
2 0.3296875 0.63359375 0.08515625 0.0859375
2 0.33515625 0.53046875 0.08515625 0.0859375
2 0.246875 0.57421875 0.08515625 0.0859375
2 0.13828125 0.53046875 0.0734375 0.0734375
2 0.13984375 0.40546875 0.0734375 0.0734375
2 0.13203125 0.30859375 0.0734375 0.07421875
2 0.61796875 0.04765625 0.0609375 0.06171875
2 0.884375 0.08984375 0.0734375 0.07421875
2 0.88046875 0.6546875 0.0734375 0.0734375
2 0.71640625 0.86328125 0.0734375 0.07421875
1 0.0515625 0.575 0.0859375 0.08671875
1 0.12734375 0.19140625 0.0734375 0.07421875
1 0.24375 0.15 0.11015625 0.1109375
1 0.24921875 0.2546875 0.11015625 0.1109375
1 0.24453125 0.36015625 0.0734375 0.07421875
1 0.24296875 0.471875 0.0734375 0.07421875
1 0.334375 0.08359375 0.09765625 0.0984375
1 0.334375 0.2 0.09765625 0.09765625
1 0.334375 0.3140625 0.0734375 0.07421875
1 0.3296875 0.415625 0.0734375 0.07421875
1 0.434375 0.24921875 0.0734375 0.07421875
1 0.42890625 0.36328125 0.09765625 0.09765625
1 0.43125 0.475 0.09765625 0.09765625
1 0.5203125 0.0828125 0.08515625 0.08671875
1 0.52421875 0.19609375 0.11015625 0.11015625
1 0.52890625 0.31171875 0.11015625 0.11015625
1 0.52265625 0.41875 0.11015625 0.11015625
1 0.52265625 0.534375 0.109375 0.1109375
1 0.62578125 0.1390625 0.121875 0.121875
1 0.628125 0.2546875 0.09765625 0.0984375
1 0.61796875 0.36640625 0.09765625 0.0984375
1 0.61796875 0.48515625 0.09765625 0.0984375
1 0.709375 0.0953125 0.0859375 0.0859375
1 0.7140625 0.2015625 0.09765625 0.0984375
1 0.70625 0.31484375 0.09765625 0.0984375
1 0.71015625 0.42265625 0.0859375 0.0859375
1 0.71953125 0.5328125 0.09765625 0.0984375
1 0.62109375 0.59296875 0.09765625 0.09765625
1 0.79765625 0.1484375 0.08515625 0.0859375
1 0.79921875 0.2703125 0.08515625 0.0859375
1 0.80390625 0.36953125 0.0859375 0.08671875
1 0.80390625 0.478125 0.0859375 0.0859375
1 0.803125 0.5953125 0.0859375 0.0859375
1 0.88515625 0.2140625 0.08515625 0.0859375
1 0.88359375 0.32421875 0.08515625 0.0859375
1 0.88359375 0.4234375 0.08515625 0.0859375
1 0.87734375 0.5390625 0.08515625 0.0859375
2 0.90078125 0.95703125 0.0734375 0.07421875
2 0.8734375 0.7390625 0.0484375 0.05
1 0.80078125 0.6984375 0.0859375 0.0859375
1 0.790625 0.80546875 0.09765625 0.0984375
1 0.79609375 0.9265625 0.08515625 0.0859375
1 0.71484375 0.65078125 0.09765625 0.0984375
1 0.7125 0.7625 0.08515625 0.0859375
1 0.6203125 0.6984375 0.109375 0.11015625
1 0.61796875 0.809375 0.09765625 0.09765625
1 0.615625 0.92265625 0.109375 0.1109375
1 0.51953125 0.6421875 0.09765625 0.09765625
1 0.525 0.7578125 0.109375 0.1109375
1 0.52421875 0.86640625 0.11015625 0.1109375
1 0.428125 0.590625 0.109375 0.1109375
1 0.4265625 0.7015625 0.11015625 0.1109375
1 0.425 0.81015625 0.11015625 0.11015625
1 0.4234375 0.92265625 0.11015625 0.11015625
1 0.33359375 0.734375 0.08515625 0.0859375
1 0.32890625 0.8515625 0.08515625 0.0859375
1 0.2375 0.70078125 0.0734375 0.0734375
1 0.2375 0.80625 0.109375 0.11015625
1 0.2390625 0.9203125 0.109375 0.11015625
1 0.1453125 0.64453125 0.0859375 0.0859375
1 0.140625 0.76015625 0.109375 0.11015625
1 0.1421875 0.86484375 0.11015625 0.11015625
1 0.04765625 0.925 0.08515625 0.0859375