2 0.74453125 0.94375 0.0734375 0.07421875
1 0.84296875 0.4359375 0.08515625 0.0859375
1 0.83828125 0.33125 0.08515625 0.0859375
1 0.83828125 0.2125 0.08515625 0.0859375
1 0.75703125 0.1703125 0.0859375 0.0859375
1 0.65 0.221875 0.08515625 0.0859375
1 0.653125 0.31328125 0.0859375 0.08671875
1 0.75078125 0.271875 0.08515625 0.0859375
1 0.746875 0.36875 0.08515625 0.0859375
1 0.0875 0.10703125 0.09765625 0.0984375
1 0.08515625 0.2203125 0.09765625 0.0984375
1 0.078125 0.32421875 0.09765625 0.09765625
1 0.08203125 0.42421875 0.109375 0.11015625
1 0.18046875 0.38125 0.09765625 0.0984375
1 0.18046875 0.27109375 0.109375 0.11015625
1 0.17890625 0.16953125 0.11015625 0.11015625
1 0.18125 0.05546875 0.09765625 0.0984375
1 0.2734375 0.1109375 0.09765625 0.0984375
1 0.2796875 0.21640625 0.09765625 0.0984375
1 0.278125 0.33828125 0.09765625 0.0984375
1 0.275 0.43828125 0.08515625 0.0859375
1 0.36875 0.3890625 0.09765625 0.0984375
1 0.36640625 0.27421875 0.11015625 0.11015625
1 0.371875 0.1671875 0.109375 0.1109375
1 0.37578125 0.05625 0.09765625 0.0984375
1 0.47265625 0.11640625 0.109375 0.11015625
1 0.46015625 0.228125 0.09765625 0.0984375
1 0.4640625 0.340625 0.09765625 0.0984375
1 0.46484375 0.44609375 0.09765625 0.0984375
1 0.5703125 0.3859375 0.09765625 0.09765625
1 0.57109375 0.2828125 0.08515625 0.0859375
1 0.5609375 0.165625 0.109375 0.1109375
1 0.5609375 0.0765625 0.109375 0.1109375
1 0.65546875 0.10078125 0.09765625 0.0984375
1 0.6546875 0.4484375 0.09765625 0.09765625
1 0.75078125 0.053125 0.09765625 0.0984375
1 0.85078125 0.07890625 0.09765625 0.09765625
1 0.946875 0.05703125 0.09765625 0.0984375
1 0.9390625 0.17578125 0.0859375 0.0859375
1 0.934375 0.2796875 0.08515625 0.0859375
1 0.93671875 0.409375 0.0859375 0.0859375
1 0.93046875 0.84765625 0.0859375 0.0859375
1 0.93203125 0.94609375 0.08515625 0.0859375
1 0.83671875 0.8890625 0.08515625 0.0859375
1 0.45390625 0.8875 0.09765625 0.0984375
1 0.3609375 0.8390625 0.09765625 0.09765625
1 0.36328125 0.93515625 0.09765625 0.0984375
1 0.2640625 0.88125 0.09765625 0.0984375
1 0.175 0.921875 0.109375 0.1109375
1 0.07890625 0.875 0.109375 0.1109375
1 0.93203125 0.75078125 0.08515625 0.0859375
1 0.7515625 0.503125 0.08515625 0.0859375
1 0.7390625 0.6109375 0.11015625 0.11015625
1 0.64375 0.54921875 0.109375 0.11015625
1 0.64375 0.66484375 0.09765625 0.0984375
1 0.56953125 0.48515625 0.0859375 0.08671875
1 0.5703125 0.58359375 0.09765625 0.0984375
1 0.56484375 0.7046875 0.08515625 0.0859375
1 0.4625 0.7578125 0.09765625 0.09765625
1 0.45703125 0.65078125 0.09765625 0.0984375
1 0.45703125 0.56484375 0.09765625 0.0984375
1 0.36328125 0.4984375 0.09765625 0.0984375
1 0.3625 0.60625 0.109375 0.11015625
1 0.3609375 0.71796875 0.09765625 0.09765625
1 0.275 0.76171875 0.09765625 0.09765625
1 0.2671875 0.546875 0.09765625 0.09765625
1 0.27265625 0.66015625 0.09765625 0.09765625
1 0.18046875 0.496875 0.09765625 0.09765625
1 0.18046875 0.6109375 0.09765625 0.09765625
1 0.17265625 0.721875 0.09765625 0.09765625
1 0.17265625 0.82265625 0.11015625 0.11015625
1 0.084375 0.771875 0.09765625 0.0984375
1 0.08125 0.659375 0.11015625 0.11015625
1 0.08125 0.5375 0.11015625 0.1109375