2 0.43984375 0.07734375 0.0734375 0.0734375
2 0.528125 0.1453125 0.0734375 0.07421875
2 0.63125 0.08671875 0.0734375 0.07421875
1 0.05546875 0.07734375 0.0859375 0.0859375
1 0.91875 0.25234375 0.109375 0.11015625
1 0.43828125 0.19609375 0.08515625 0.0859375
1 0.6296875 0.196875 0.08515625 0.0859375
1 0.91875 0.13515625 0.09765625 0.0984375
1 0.821875 0.2015625 0.09765625 0.0984375
1 0.81953125 0.3125 0.0859375 0.0859375
1 0.72265625 0.2546875 0.09765625 0.09765625
1 0.625 0.31171875 0.09765625 0.0984375
1 0.809375 0.07734375 0.08515625 0.0859375
1 0.72734375 0.134375 0.0859375 0.0859375
1 0.346875 0.1390625 0.09765625 0.09765625
1 0.34375 0.25078125 0.09765625 0.0984375
1 0.2484375 0.30390625 0.09765625 0.09765625
1 0.24375 0.190625 0.09765625 0.0984375
1 0.1546875 0.2546875 0.09765625 0.0984375
1 0.05625 0.30234375 0.09765625 0.0984375
1 0.9140625 0.803125 0.09765625 0.0984375
1 0.909375 0.91484375 0.09765625 0.09765625
1 0.8125 0.7515625 0.109375 0.11015625
1 0.81328125 0.8640625 0.109375 0.1109375
1 0.71015625 0.82890625 0.09765625 0.09765625
1 0.7125 0.92109375 0.109375 0.11015625
1 0.62890625 0.8578125 0.09765625 0.0984375
1 0.5296875 0.80390625 0.109375 0.11015625
1 0.52265625 0.9203125 0.11015625 0.1109375
1 0.4375 0.85625 0.109375 0.11015625
1 0.33515625 0.80546875 0.11015625 0.11015625
1 0.340625 0.91484375 0.109375 0.11015625
1 0.146875 0.80625 0.11015625 0.11015625
1 0.24609375 0.85234375 0.109375 0.11015625
1 0.1453125 0.915625 0.09765625 0.0984375
1 0.05625 0.86015625 0.11015625 0.11015625
1 0.9171875 0.36484375 0.09765625 0.0984375
1 0.91484375 0.48125 0.09765625 0.0984375
1 0.9171875 0.5859375 0.09765625 0.09765625
1 0.9109375 0.6890625 0.09765625 0.09765625
1 0.8171875 0.4203125 0.09765625 0.0984375
1 0.8140625 0.51640625 0.109375 0.1109375
1 0.81171875 0.63203125 0.109375 0.1109375
1 0.7171875 0.69375 0.09765625 0.0984375
1 0.7296875 0.57734375 0.09765625 0.09765625
1 0.73515625 0.46875 0.0859375 0.0859375
1 0.72578125 0.35625 0.09765625 0.09765625
1 0.6234375 0.4140625 0.109375 0.1109375
1 0.6234375 0.5296875 0.09765625 0.09765625
1 0.61875 0.63046875 0.11015625 0.11015625
1 0.61796875 0.74296875 0.09765625 0.0984375
1 0.5296875 0.69296875 0.09765625 0.0984375
1 0.528125 0.58828125 0.11015625 0.11015625
1 0.528125 0.46953125 0.09765625 0.0984375
1 0.52890625 0.359375 0.11015625 0.1109375
1 0.53046875 0.25625 0.09765625 0.09765625
1 0.4390625 0.309375 0.09765625 0.09765625
1 0.4296875 0.40078125 0.09765625 0.0984375
1 0.43359375 0.53046875 0.09765625 0.0984375
1 0.4359375 0.6359375 0.109375 0.11015625
1 0.42890625 0.753125 0.09765625 0.0984375
1 0.33984375 0.709375 0.09765625 0.0984375
1 0.3421875 0.5828125 0.109375 0.11015625
1 0.3359375 0.475 0.109375 0.11015625
1 0.34296875 0.3578125 0.109375 0.11015625
1 0.24921875 0.534375 0.09765625 0.0984375
1 0.2453125 0.63125 0.11015625 0.11015625
1 0.2421875 0.74375 0.09765625 0.0984375
1 0.15625 0.69296875 0.109375 0.11015625
1 0.15625 0.58125 0.09765625 0.0984375
1 0.153125 0.46484375 0.08515625 0.0859375
1 0.159375 0.36171875 0.09765625 0.0984375
1 0.0578125 0.4203125 0.09765625 0.0984375
1 0.053125 0.63359375 0.09765625 0.09765625
1 0.05546875 0.73828125 0.0859375 0.0859375