2 0.846875 0.0734375 0.0734375 0.07421875
2 0.6546875 0.79765625 0.0734375 0.0734375
2 0.74453125 0.94375 0.0734375 0.07421875
2 0.7453125 0.83828125 0.0734375 0.0734375
2 0.84140625 0.88125 0.0734375 0.0734375
2 0.5609375 0.86015625 0.08515625 0.0859375
2 0.65703125 0.8921875 0.0734375 0.07421875
1 0.94609375 0.128125 0.0859375 0.0859375
1 0.940625 0.23515625 0.0859375 0.0859375
1 0.85234375 0.18125 0.09765625 0.0984375
1 0.75234375 0.12421875 0.08515625 0.0859375
1 0.75390625 0.23984375 0.09765625 0.0984375
1 0.659375 0.065625 0.09765625 0.0984375
1 0.6578125 0.18046875 0.09765625 0.0984375
1 0.65625 0.29375 0.09765625 0.0984375
1 0.56640625 0.128125 0.09765625 0.0984375
1 0.5625 0.24296875 0.0859375 0.0859375
1 0.46953125 0.07265625 0.09765625 0.0984375
1 0.471875 0.18046875 0.09765625 0.0984375
1 0.4703125 0.30078125 0.08515625 0.0859375
1 0.38203125 0.12578125 0.09765625 0.0984375
1 0.37109375 0.234375 0.09765625 0.09765625
1 0.275 0.075 0.11015625 0.11015625
1 0.278125 0.1921875 0.11015625 0.1109375
1 0.275 0.3 0.0859375 0.0859375
1 0.1828125 0.1296875 0.09765625 0.09765625
1 0.17578125 0.2484375 0.09765625 0.09765625
1 0.08671875 0.065625 0.109375 0.1109375
1 0.0796875 0.18515625 0.09765625 0.0984375
1 0.08046875 0.3015625 0.08515625 0.0859375
1 0.084375 0.4078125 0.09765625 0.0984375
2 0.075 0.52265625 0.06171875 0.06171875
1 0.17578125 0.35390625 0.09765625 0.0984375
1 0.18046875 0.46171875 0.09765625 0.0984375
1 0.284375 0.4109375 0.09765625 0.09765625
1 0.37578125 0.35 0.08515625 0.0859375
1 0.37421875 0.4609375 0.09765625 0.09765625
1 0.4734375 0.4078125 0.09765625 0.09765625
1 0.4671875 0.503125 0.08515625 0.0859375
1 0.5625 0.353125 0.0859375 0.0859375
1 0.5640625 0.45703125 0.0859375 0.0859375
1 0.6578125 0.3984375 0.0859375 0.0859375
1 0.65546875 0.50625 0.0859375 0.0859375
1 0.759375 0.346875 0.08515625 0.0859375
1 0.75078125 0.44765625 0.09765625 0.0984375
1 0.85078125 0.29921875 0.09765625 0.0984375
1 0.8484375 0.40078125 0.09765625 0.0984375
3 0.940625 0.34375 0.0859375 0.0859375
1 0.9453125 0.45390625 0.09765625 0.0984375
1 0.0734375 0.70078125 0.0734375 0.0734375
1 0.078125 0.81328125 0.109375 0.11015625
1 0.07890625 0.92265625 0.109375 0.11015625
1 0.184375 0.753125 0.121875 0.1234375
1 0.17265625 0.8609375 0.121875 0.1234375
1 0.278125 0.6984375 0.0734375 0.07421875
1 0.2828125 0.8109375 0.09765625 0.09765625
1 0.28984375 0.9234375 0.121875 0.1234375
1 0.378125 0.75390625 0.121875 0.1234375
1 0.37421875 0.87421875 0.121875 0.1234375
1 0.46875 0.7046875 0.09765625 0.09765625
1 0.47265625 0.81875 0.09765625 0.09765625
1 0.47265625 0.92265625 0.09765625 0.09765625
2 0.559375 0.75703125 0.0734375 0.07421875
2 0.653125 0.7 0.0609375 0.06171875
2 0.74140625 0.73203125 0.0609375 0.06171875
2 0.8296875 0.684375 0.06171875 0.06171875
2 0.83046875 0.77109375 0.06171875 0.06171875
2 0.9359375 0.7515625 0.0484375 0.05
2 0.934375 0.8546875 0.0484375 0.05