2 0.45234375 0.38359375 0.0734375 0.07421875
1 0.921875 0.890625 0.09765625 0.09765625
1 0.81640625 0.7625 0.0859375 0.0859375
1 0.81875 0.953125 0.08515625 0.0859375
1 0.72734375 0.67734375 0.109375 0.11015625
1 0.72578125 0.78515625 0.08515625 0.0859375
1 0.6328125 0.73046875 0.0859375 0.0859375
1 0.6328125 0.83828125 0.09765625 0.0984375
1 0.62890625 0.928125 0.09765625 0.0984375
1 0.54296875 0.6640625 0.09765625 0.09765625
1 0.53828125 0.78984375 0.09765625 0.09765625
1 0.5359375 0.88515625 0.09765625 0.0984375
1 0.44921875 0.9359375 0.0859375 0.0859375
1 0.446875 0.8296875 0.08515625 0.0859375
1 0.446875 0.72734375 0.08515625 0.0859375
1 0.35390625 0.6671875 0.11015625 0.11015625
1 0.35 0.78359375 0.11015625 0.11015625
1 0.34296875 0.896875 0.11015625 0.11015625
1 0.2578125 0.934375 0.109375 0.11015625
1 0.25859375 0.8421875 0.11015625 0.1109375
1 0.26484375 0.7140625 0.109375 0.11015625
1 0.1546875 0.67109375 0.11015625 0.11015625
1 0.15234375 0.77421875 0.109375 0.11015625
1 0.16015625 0.89140625 0.09765625 0.0984375
1 0.071875 0.7234375 0.109375 0.11015625
1 0.06953125 0.86015625 0.109375 0.11015625
1 0.06171875 0.94140625 0.0859375 0.0859375
1 0.92578125 0.1203125 0.09765625 0.09765625
1 0.92578125 0.23125 0.109375 0.11015625
1 0.9296875 0.33515625 0.0859375 0.0859375
1 0.92109375 0.44921875 0.08515625 0.0859375
1 0.9265625 0.56640625 0.0859375 0.0859375
1 0.9265625 0.66953125 0.09765625 0.0984375
1 0.8296875 0.06953125 0.109375 0.1109375
1 0.834375 0.1765625 0.109375 0.11015625
1 0.8328125 0.284375 0.09765625 0.09765625
1 0.8234375 0.39609375 0.09765625 0.0984375
1 0.825 0.503125 0.08515625 0.0859375
1 0.82109375 0.61640625 0.08515625 0.0859375
1 0.7296875 0.1265625 0.109375 0.11015625
1 0.728125 0.228125 0.11015625 0.11015625
1 0.73203125 0.3421875 0.11015625 0.11015625
1 0.725 0.45546875 0.11015625 0.11015625
1 0.73125 0.565625 0.109375 0.11015625
1 0.64375 0.61796875 0.109375 0.1109375
1 0.634375 0.49921875 0.109375 0.11015625
1 0.63125 0.39296875 0.109375 0.11015625
1 0.63984375 0.29453125 0.09765625 0.0984375
1 0.63984375 0.1765625 0.11015625 0.11015625
1 0.6453125 0.06328125 0.09765625 0.0984375
1 0.53984375 0.125 0.11015625 0.1109375
1 0.546875 0.2359375 0.109375 0.11015625
1 0.54609375 0.33515625 0.109375 0.11015625
1 0.546875 0.4515625 0.109375 0.11015625
1 0.5359375 0.56953125 0.109375 0.11015625
1 0.45 0.61796875 0.08515625 0.0859375
1 0.45 0.496875 0.08515625 0.0859375
1 0.46015625 0.26953125 0.08515625 0.0859375
1 0.4546875 0.17421875 0.09765625 0.0984375
1 0.45390625 0.0609375 0.109375 0.11015625
1 0.3578125 0.11953125 0.109375 0.11015625
1 0.3609375 0.23359375 0.11015625 0.11015625
1 0.35546875 0.33671875 0.109375 0.1109375
1 0.346875 0.44375 0.109375 0.11015625
1 0.3515625 0.5515625 0.109375 0.11015625
1 0.25625 0.6046875 0.109375 0.11015625
1 0.2546875 0.51640625 0.109375 0.11015625
1 0.25703125 0.4109375 0.11015625 0.11015625
1 0.2640625 0.278125 0.11015625 0.1109375
1 0.2640625 0.1703125 0.11015625 0.11015625
1 0.2625 0.05703125 0.109375 0.11015625
1 0.1625 0.1203125 0.09765625 0.0984375
1 0.1703125 0.221875 0.09765625 0.0984375
1 0.165625 0.33828125 0.11015625 0.11015625
1 0.165625 0.45390625 0.09765625 0.0984375
1 0.1640625 0.56171875 0.109375 0.11015625
1 0.07109375 0.60859375 0.109375 0.1109375
1 0.0640625 0.496875 0.09765625 0.0984375
1 0.0734375 0.39921875 0.11015625 0.11015625
1 0.075 0.284375 0.09765625 0.0984375
1 0.071875 0.1625 0.11015625 0.11015625
1 0.07265625 0.06484375 0.11015625 0.11015625