2 0.32109375 0.78125 0.0734375 0.07421875
2 0.40859375 0.721875 0.0734375 0.07421875
1 0.1265625 0.11171875 0.09765625 0.0984375
1 0.1265625 0.225 0.09765625 0.09765625
1 0.2328125 0.1734375 0.109375 0.11015625
1 0.321875 0.11953125 0.11015625 0.11015625
1 0.325 0.22734375 0.11015625 0.11015625
1 0.41484375 0.05703125 0.109375 0.11015625
1 0.41015625 0.1671875 0.109375 0.11015625
1 0.51484375 0.115625 0.09765625 0.0984375
1 0.50859375 0.22578125 0.109375 0.11015625
1 0.60390625 0.06328125 0.11015625 0.11015625
1 0.6109375 0.178125 0.11015625 0.11015625
1 0.70546875 0.1203125 0.11015625 0.1109375
1 0.7015625 0.2359375 0.11015625 0.11015625
1 0.79609375 0.06171875 0.109375 0.1109375
1 0.7953125 0.17578125 0.109375 0.1109375
1 0.8921875 0.11796875 0.09765625 0.09765625
1 0.8953125 0.23515625 0.109375 0.1109375
1 0.78984375 0.28203125 0.109375 0.11015625
1 0.890625 0.45625 0.109375 0.11015625
1 0.8875 0.5609375 0.08515625 0.0859375
1 0.89140625 0.6625 0.09765625 0.0984375
1 0.89375 0.7859375 0.09765625 0.0984375
1 0.89375 0.8953125 0.09765625 0.0984375
1 0.79453125 0.39921875 0.11015625 0.11015625
1 0.79375 0.5015625 0.11015625 0.11015625
1 0.8015625 0.6140625 0.09765625 0.0984375
1 0.79609375 0.71953125 0.09765625 0.0984375
1 0.796875 0.83828125 0.09765625 0.0984375
2 0.8015625 0.940625 0.0734375 0.07421875
1 0.6984375 0.4515625 0.11015625 0.11015625
1 0.70390625 0.55625 0.109375 0.11015625
1 0.7046875 0.66953125 0.09765625 0.0984375
1 0.70390625 0.78359375 0.09765625 0.0984375
1 0.70390625 0.8890625 0.0859375 0.0859375
1 0.60234375 0.39765625 0.0859375 0.08671875
1 0.6046875 0.50625 0.109375 0.11015625
1 0.60546875 0.6125 0.09765625 0.0984375
1 0.6046875 0.72578125 0.09765625 0.0984375
1 0.6109375 0.8296875 0.08515625 0.0859375
1 0.6078125 0.9375 0.09765625 0.09765625
1 0.50625 0.446875 0.109375 0.11015625
1 0.5109375 0.5578125 0.09765625 0.0984375
1 0.50703125 0.66484375 0.08515625 0.0859375
1 0.509375 0.77421875 0.08515625 0.0859375
1 0.515625 0.8890625 0.09765625 0.09765625
1 0.41015625 0.384375 0.09765625 0.0984375
1 0.40859375 0.49921875 0.08515625 0.0859375
1 0.41484375 0.615625 0.08515625 0.0859375
1 0.415625 0.828125 0.0734375 0.07421875
2 0.4109375 0.93203125 0.0609375 0.06171875
1 0.8921875 0.34453125 0.109375 0.11015625
1 0.70078125 0.3421875 0.08515625 0.0859375
1 0.603125 0.27890625 0.109375 0.11015625
1 0.509375 0.33671875 0.109375 0.11015625
1 0.41484375 0.27890625 0.11015625 0.11015625
1 0.3234375 0.33671875 0.09765625 0.0984375
1 0.321875 0.4453125 0.09765625 0.09765625
1 0.3203125 0.55390625 0.09765625 0.09765625
1 0.32734375 0.66484375 0.0859375 0.0859375
3 0.2265625 0.278125 0.0859375 0.0859375
1 0.134375 0.32265625 0.09765625 0.0984375
1 0.1359375 0.44140625 0.08515625 0.0859375
1 0.1375 0.55625 0.08515625 0.0859375
1 0.128125 0.66015625 0.08515625 0.0859375
1 0.234375 0.38125 0.09765625 0.0984375
1 0.234375 0.50859375 0.109375 0.11015625
1 0.2328125 0.60625 0.0859375 0.0859375
1 0.2328125 0.70703125 0.09765625 0.09765625
3 0.321875 0.86796875 0.0734375 0.07421875
1 0.228125 0.821875 0.09765625 0.09765625
2 0.221875 0.915625 0.0734375 0.07421875
1 0.134375 0.7765625 0.08515625 0.0859375
2 0.134375 0.87578125 0.0734375 0.0734375