2 0.80625 0.91015625 0.0734375 0.07421875
1 0.9078125 0.3375 0.09765625 0.0984375
1 0.90546875 0.45390625 0.11015625 0.11015625
1 0.8078125 0.50078125 0.09765625 0.0984375
1 0.8171875 0.3921875 0.11015625 0.11015625
1 0.71875 0.43515625 0.109375 0.11015625
1 0.63125 0.3828125 0.0859375 0.0859375
1 0.6203125 0.4875 0.0859375 0.0859375
1 0.62421875 0.6125 0.0859375 0.0859375
1 0.6171875 0.71171875 0.0859375 0.0859375
1 0.6234375 0.84375 0.08515625 0.0859375
1 0.73125 0.86015625 0.08515625 0.0859375
1 0.72734375 0.77734375 0.08515625 0.0859375
1 0.7171875 0.6609375 0.0859375 0.0859375
1 0.71796875 0.546875 0.08515625 0.0859375
1 0.8125 0.6171875 0.0859375 0.0859375
1 0.81015625 0.7390625 0.08515625 0.0859375
1 0.8109375 0.82109375 0.08515625 0.0859375
1 0.90703125 0.8640625 0.08515625 0.0859375
1 0.91484375 0.76953125 0.08515625 0.0859375
1 0.90703125 0.675 0.08515625 0.0859375
1 0.9109375 0.5640625 0.0859375 0.0859375
1 0.53125 0.33359375 0.09765625 0.0984375
1 0.53515625 0.44921875 0.0859375 0.0859375
1 0.5328125 0.55703125 0.09765625 0.0984375
1 0.53046875 0.665625 0.08515625 0.0859375
1 0.5296875 0.78359375 0.09765625 0.0984375
1 0.53046875 0.896875 0.09765625 0.0984375
1 0.440625 0.3984375 0.09765625 0.09765625
1 0.44140625 0.50078125 0.09765625 0.09765625
1 0.4421875 0.6109375 0.08515625 0.0859375
1 0.44140625 0.72890625 0.09765625 0.0984375
1 0.4375 0.8421875 0.0859375 0.0859375
1 0.35390625 0.34921875 0.11015625 0.11015625
1 0.34765625 0.46328125 0.09765625 0.0984375
1 0.34375 0.57265625 0.09765625 0.0984375
1 0.34375 0.6859375 0.09765625 0.0984375
1 0.3453125 0.7984375 0.09765625 0.09765625
1 0.3453125 0.896875 0.109375 0.1109375
1 0.24921875 0.3125 0.08515625 0.0859375
1 0.246875 0.41875 0.08515625 0.0859375
1 0.24921875 0.515625 0.08515625 0.0859375
1 0.246875 0.6296875 0.08515625 0.0859375
1 0.24921875 0.74375 0.09765625 0.09765625
1 0.246875 0.86796875 0.08515625 0.0859375
1 0.1515625 0.909375 0.11015625 0.1109375
1 0.1578125 0.7984375 0.09765625 0.09765625
1 0.1640625 0.6828125 0.109375 0.11015625
1 0.16328125 0.57734375 0.09765625 0.0984375
3 0.15859375 0.46953125 0.08515625 0.0859375
1 0.1578125 0.3578125 0.08515625 0.0859375
1 0.06328125 0.2984375 0.0859375 0.0859375
1 0.0640625 0.4125 0.0859375 0.0859375
1 0.059375 0.521875 0.09765625 0.09765625
1 0.06953125 0.6390625 0.109375 0.1109375
1 0.0640625 0.73515625 0.09765625 0.0984375
1 0.07109375 0.85625 0.11015625 0.11015625
1 0.0609375 0.08203125 0.08515625 0.0859375
1 0.0671875 0.18828125 0.09765625 0.09765625
1 0.1578125 0.24453125 0.09765625 0.0984375
1 0.15703125 0.1390625 0.08515625 0.0859375
1 0.25625 0.08125 0.09765625 0.0984375
1 0.25390625 0.1828125 0.09765625 0.0984375
1 0.34765625 0.134375 0.09765625 0.0984375
1 0.3515625 0.240625 0.09765625 0.0984375
1 0.44375 0.2828125 0.09765625 0.0984375
1 0.45 0.171875 0.09765625 0.09765625
1 0.4421875 0.0640625 0.09765625 0.0984375
1 0.53671875 0.1140625 0.08515625 0.0859375
1 0.5359375 0.21640625 0.09765625 0.0984375
1 0.63203125 0.2671875 0.11015625 0.11015625
1 0.63125 0.15859375 0.109375 0.11015625
1 0.7265625 0.08203125 0.0859375 0.0859375
1 0.721875 0.215625 0.09765625 0.0984375
1 0.821875 0.28046875 0.109375 0.1109375
1 0.72265625 0.32734375 0.0859375 0.0859375
1 0.81875 0.15546875 0.0859375 0.0859375
1 0.81875 0.06328125 0.09765625 0.0984375
1 0.90625 0.1125 0.109375 0.11015625
1 0.90703125 0.22421875 0.109375 0.11015625