2 0.36640625 0.42890625 0.0734375 0.07421875
1 0.9421875 0.0984375 0.109375 0.1109375
1 0.946875 0.2078125 0.09765625 0.09765625
1 0.94296875 0.4265625 0.11015625 0.11015625
1 0.84921875 0.15078125 0.11015625 0.11015625
1 0.85390625 0.2671875 0.11015625 0.11015625
1 0.846875 0.3765625 0.11015625 0.11015625
1 0.753125 0.1046875 0.11015625 0.11015625
1 0.75390625 0.20859375 0.109375 0.11015625
1 0.7515625 0.31875 0.109375 0.11015625
1 0.74921875 0.42890625 0.09765625 0.0984375
1 0.6578125 0.1515625 0.109375 0.11015625
1 0.659375 0.26484375 0.09765625 0.0984375
1 0.6640625 0.36875 0.09765625 0.0984375
1 0.56640625 0.10078125 0.109375 0.11015625
1 0.56328125 0.2046875 0.11015625 0.11015625
1 0.56328125 0.31796875 0.11015625 0.11015625
1 0.5609375 0.42734375 0.11015625 0.11015625
1 0.4640625 0.15078125 0.09765625 0.0984375
1 0.465625 0.2609375 0.09765625 0.0984375
1 0.4671875 0.37421875 0.09765625 0.09765625
1 0.4671875 0.47578125 0.09765625 0.09765625
1 0.3734375 0.10078125 0.109375 0.11015625
1 0.36875 0.209375 0.09765625 0.0984375
1 0.3671875 0.31171875 0.09765625 0.09765625
1 0.26875 0.14609375 0.09765625 0.0984375
1 0.27421875 0.25703125 0.09765625 0.0984375
1 0.27578125 0.3703125 0.08515625 0.0859375
1 0.17421875 0.0953125 0.11015625 0.11015625
1 0.18046875 0.2078125 0.11015625 0.11015625
1 0.17265625 0.32109375 0.109375 0.11015625
1 0.1640625 0.42890625 0.109375 0.1109375
1 0.08671875 0.05 0.0859375 0.0859375
1 0.08984375 0.153125 0.0859375 0.0859375
1 0.0859375 0.2546875 0.09765625 0.0984375
1 0.0828125 0.3796875 0.109375 0.1109375
1 0.06640625 0.47265625 0.09765625 0.09765625
1 0.0796875 0.615625 0.109375 0.1109375
1 0.0765625 0.7171875 0.109375 0.1109375
1 0.075 0.82734375 0.09765625 0.0984375
1 0.0703125 0.93828125 0.09765625 0.0984375
1 0.1859375 0.534375 0.09765625 0.0984375
1 0.17890625 0.6515625 0.11015625 0.1109375
1 0.184375 0.75390625 0.11015625 0.1109375
1 0.18671875 0.8640625 0.109375 0.1109375
1 0.27734375 0.49140625 0.109375 0.11015625
1 0.27421875 0.5953125 0.0859375 0.0859375
1 0.27421875 0.6984375 0.08515625 0.0859375
1 0.27421875 0.80625 0.11015625 0.1109375
1 0.2796875 0.9296875 0.11015625 0.1109375
1 0.3734375 0.5375 0.0859375 0.0859375
1 0.37109375 0.64765625 0.09765625 0.0984375
1 0.36640625 0.7703125 0.09765625 0.0984375
1 0.36953125 0.87578125 0.11015625 0.1109375
1 0.46953125 0.59921875 0.09765625 0.0984375
1 0.4609375 0.709375 0.0859375 0.0859375
1 0.4625 0.8171875 0.09765625 0.0984375
1 0.4625 0.9296875 0.09765625 0.09765625
1 0.56171875 0.5375 0.11015625 0.11015625
1 0.56796875 0.64765625 0.11015625 0.11015625
1 0.56796875 0.759375 0.11015625 0.11015625
1 0.56875 0.878125 0.109375 0.11015625
1 0.6515625 0.48515625 0.109375 0.11015625
1 0.6546875 0.5984375 0.109375 0.11015625
1 0.65546875 0.7015625 0.11015625 0.11015625
1 0.6578125 0.825 0.11015625 0.11015625
1 0.6609375 0.93203125 0.11015625 0.11015625
1 0.75078125 0.54375 0.109375 0.11015625
1 0.75703125 0.653125 0.109375 0.11015625
1 0.75078125 0.7625 0.109375 0.11015625
1 0.74609375 0.87265625 0.109375 0.11015625
1 0.84140625 0.4859375 0.11015625 0.1109375
1 0.8453125 0.603125 0.09765625 0.09765625
1 0.84765625 0.70625 0.109375 0.11015625
1 0.85078125 0.82109375 0.09765625 0.0984375
1 0.84453125 0.93125 0.109375 0.11015625
1 0.94375 0.54296875 0.11015625 0.1109375
1 0.94375 0.6578125 0.11015625 0.1109375
1 0.93984375 0.76796875 0.11015625 0.11015625