2 0.7 0.77578125 0.0734375 0.0734375
2 0.7921875 0.3671875 0.0734375 0.07421875
2 0.60703125 0.8484375 0.0734375 0.07421875
1 0.89140625 0.67578125 0.11015625 0.1109375
1 0.80078125 0.65078125 0.109375 0.11015625
1 0.79296875 0.746875 0.09765625 0.09765625
1 0.696875 0.67421875 0.09765625 0.0984375
1 0.7046875 0.903125 0.09765625 0.09765625
1 0.89765625 0.884375 0.0859375 0.0859375
1 0.61015625 0.61796875 0.09765625 0.09765625
1 0.6015625 0.7265625 0.0859375 0.0859375
1 0.51484375 0.9171875 0.0859375 0.0859375
1 0.4234375 0.61796875 0.09765625 0.0984375
3 0.4171875 0.7328125 0.0859375 0.0859375
1 0.41953125 0.8375 0.08515625 0.0859375
1 0.328125 0.584375 0.09765625 0.09765625
1 0.3328125 0.675 0.09765625 0.0984375
1 0.31875 0.7796875 0.09765625 0.09765625
1 0.31953125 0.90703125 0.09765625 0.0984375
1 0.23515625 0.63125 0.11015625 0.1109375
1 0.2390625 0.75625 0.121875 0.1234375
1 0.23203125 0.8609375 0.08515625 0.0859375
1 0.1390625 0.5796875 0.11015625 0.11015625
1 0.14296875 0.6890625 0.11015625 0.11015625
1 0.140625 0.8015625 0.09765625 0.0984375
1 0.1421875 0.9 0.09765625 0.0984375
1 0.61015625 0.06953125 0.0859375 0.0859375
1 0.603125 0.16875 0.0859375 0.0859375
1 0.61015625 0.30078125 0.08515625 0.0859375
1 0.7171875 0.3171875 0.08515625 0.0859375
1 0.71328125 0.234375 0.08515625 0.0859375
1 0.703125 0.11796875 0.0859375 0.0859375
1 0.7984375 0.07421875 0.0859375 0.0859375
1 0.79609375 0.19609375 0.08515625 0.0859375
1 0.79765625 0.278125 0.08515625 0.0859375
1 0.8953125 0.42890625 0.0859375 0.0859375
1 0.89296875 0.32109375 0.08515625 0.0859375
1 0.90078125 0.2265625 0.08515625 0.0859375
1 0.89296875 0.13203125 0.08515625 0.0859375
1 0.89140625 0.57734375 0.09765625 0.0984375
1 0.8 0.55703125 0.109375 0.11015625
1 0.70234375 0.5734375 0.11015625 0.11015625
1 0.60859375 0.50625 0.09765625 0.09765625
1 0.5171875 0.1234375 0.08515625 0.0859375
1 0.515625 0.240625 0.09765625 0.0984375
1 0.51640625 0.35390625 0.09765625 0.0984375
1 0.428125 0.06875 0.08515625 0.0859375
1 0.428125 0.1859375 0.09765625 0.0984375
1 0.4234375 0.2984375 0.0859375 0.0859375
1 0.42109375 0.4078125 0.09765625 0.09765625
1 0.415625 0.50703125 0.0859375 0.0859375
1 0.3296875 0.14296875 0.09765625 0.0984375
1 0.33203125 0.25625 0.09765625 0.09765625
1 0.33203125 0.353125 0.109375 0.1109375
1 0.3265625 0.465625 0.11015625 0.11015625
1 0.2328125 0.08671875 0.08515625 0.0859375
1 0.23515625 0.2015625 0.09765625 0.09765625
1 0.2328125 0.325 0.08515625 0.0859375
1 0.2375 0.428125 0.08515625 0.0859375
1 0.14375 0.4734375 0.09765625 0.0984375
1 0.13828125 0.36640625 0.11015625 0.1109375
1 0.14453125 0.25625 0.09765625 0.09765625
1 0.15 0.13984375 0.109375 0.11015625
1 0.05546875 0.0953125 0.109375 0.1109375
1 0.05078125 0.1921875 0.09765625 0.0984375
1 0.05703125 0.31328125 0.11015625 0.11015625
1 0.0515625 0.53125 0.0859375 0.0859375
1 0.24140625 0.53828125 0.11015625 0.11015625