2 0.8859375 0.290625 0.0734375 0.07421875
1 0.87890625 0.9484375 0.0859375 0.0859375
1 0.8828125 0.84296875 0.0859375 0.0859375
1 0.88046875 0.7375 0.08515625 0.0859375
1 0.88046875 0.634375 0.08515625 0.0859375
1 0.7875 0.575 0.11015625 0.11015625
1 0.78359375 0.690625 0.11015625 0.11015625
1 0.7765625 0.80390625 0.11015625 0.11015625
1 0.775 0.9171875 0.109375 0.1109375
1 0.69140625 0.84140625 0.109375 0.11015625
1 0.6921875 0.74921875 0.11015625 0.1109375
1 0.6984375 0.621875 0.109375 0.11015625
1 0.58828125 0.57890625 0.11015625 0.11015625
1 0.5859375 0.68125 0.109375 0.11015625
1 0.59375 0.7984375 0.09765625 0.0984375
1 0.59375 0.9078125 0.09765625 0.0984375
1 0.50625 0.63046875 0.109375 0.11015625
1 0.503125 0.7671875 0.109375 0.11015625
1 0.4953125 0.8484375 0.0859375 0.0859375
1 0.4140625 0.6828125 0.0859375 0.0859375
1 0.403125 0.77734375 0.109375 0.1109375
1 0.40078125 0.8765625 0.11015625 0.11015625
1 0.31015625 0.9390625 0.11015625 0.11015625
1 0.3109375 0.85390625 0.09765625 0.0984375
1 0.3140625 0.74375 0.09765625 0.0984375
1 0.31875 0.63359375 0.109375 0.11015625
1 0.21796875 0.58203125 0.109375 0.1109375
1 0.2171875 0.6859375 0.11015625 0.11015625
1 0.2171875 0.80234375 0.11015625 0.11015625
1 0.209375 0.91328125 0.11015625 0.11015625
1 0.1234375 0.63046875 0.109375 0.11015625
1 0.11640625 0.74453125 0.11015625 0.11015625
1 0.11875 0.8546875 0.09765625 0.0984375
1 0.88359375 0.525 0.08515625 0.0859375
1 0.88359375 0.4046875 0.08515625 0.0859375
1 0.89375 0.1765625 0.08515625 0.0859375
1 0.8890625 0.08125 0.09765625 0.0984375
1 0.79453125 0.14140625 0.11015625 0.11015625
1 0.7890625 0.24375 0.109375 0.1109375
1 0.78046875 0.35078125 0.109375 0.11015625
1 0.78515625 0.45859375 0.109375 0.11015625
1 0.6890625 0.5125 0.109375 0.11015625
1 0.68828125 0.4234375 0.109375 0.11015625
1 0.690625 0.31796875 0.11015625 0.11015625
1 0.69765625 0.1859375 0.11015625 0.1109375
1 0.69765625 0.07734375 0.11015625 0.11015625
1 0.603125 0.1296875 0.09765625 0.0984375
1 0.59921875 0.2453125 0.11015625 0.11015625
1 0.6 0.3609375 0.09765625 0.0984375
1 0.59765625 0.46953125 0.109375 0.11015625
1 0.5046875 0.515625 0.109375 0.1109375
1 0.4984375 0.40390625 0.09765625 0.0984375
1 0.50703125 0.30625 0.11015625 0.11015625
1 0.50859375 0.1921875 0.09765625 0.0984375
1 0.50546875 0.06953125 0.11015625 0.11015625
1 0.41328125 0.13203125 0.08515625 0.0859375
1 0.41484375 0.2484375 0.08515625 0.0859375
1 0.4171875 0.35546875 0.0859375 0.0859375
1 0.421875 0.47265625 0.0859375 0.0859375
1 0.41640625 0.575 0.08515625 0.0859375
1 0.31328125 0.53671875 0.109375 0.11015625
1 0.3125 0.41171875 0.09765625 0.0984375
1 0.3125 0.3015625 0.0859375 0.0859375
1 0.31328125 0.19453125 0.09765625 0.09765625
1 0.3203125 0.06953125 0.109375 0.1109375
1 0.221875 0.14296875 0.09765625 0.0984375
1 0.225 0.25 0.09765625 0.09765625
1 0.225 0.37109375 0.09765625 0.09765625
1 0.2265625 0.47890625 0.09765625 0.0984375
1 0.12890625 0.08046875 0.09765625 0.0984375
1 0.125 0.18828125 0.0859375 0.0859375
1 0.13203125 0.30859375 0.09765625 0.09765625
1 0.12890625 0.4265625 0.109375 0.1109375
1 0.125 0.52421875 0.09765625 0.09765625