2 0.5984375 0.90234375 0.0734375 0.07421875
2 0.6859375 0.84296875 0.0734375 0.07421875
1 0.1203125 0.0671875 0.11015625 0.1109375
1 0.12578125 0.1703125 0.11015625 0.1109375
1 0.128125 0.28046875 0.109375 0.1109375
1 0.215625 0.1140625 0.08515625 0.0859375
1 0.215625 0.22265625 0.11015625 0.1109375
1 0.22109375 0.3453125 0.11015625 0.1109375
1 0.3125 0.0640625 0.09765625 0.0984375
1 0.3078125 0.1859375 0.09765625 0.0984375
1 0.3109375 0.2921875 0.11015625 0.1109375
1 0.40234375 0.125 0.0859375 0.0859375
1 0.4046875 0.2328125 0.09765625 0.0984375
1 0.4046875 0.3453125 0.09765625 0.09765625
1 0.509375 0.0640625 0.11015625 0.11015625
1 0.509375 0.175 0.11015625 0.11015625
1 0.509375 0.29453125 0.109375 0.11015625
1 0.596875 0.11796875 0.11015625 0.11015625
1 0.59921875 0.240625 0.11015625 0.11015625
1 0.60234375 0.3484375 0.11015625 0.11015625
1 0.6984375 0.06875 0.109375 0.11015625
1 0.6921875 0.178125 0.109375 0.11015625
1 0.6875 0.28828125 0.109375 0.11015625
1 0.7890625 0.12265625 0.109375 0.11015625
1 0.7921875 0.23671875 0.09765625 0.0984375
1 0.7859375 0.346875 0.109375 0.11015625
1 0.88515625 0.07421875 0.11015625 0.1109375
1 0.88125 0.184375 0.11015625 0.11015625
1 0.88828125 0.29921875 0.11015625 0.11015625
1 0.8796875 0.51875 0.0859375 0.08671875
1 0.88203125 0.62734375 0.109375 0.11015625
1 0.8828125 0.73359375 0.09765625 0.0984375
1 0.88203125 0.846875 0.09765625 0.0984375
1 0.88828125 0.9515625 0.08515625 0.0859375
1 0.7828125 0.56796875 0.109375 0.11015625
1 0.78828125 0.67890625 0.09765625 0.0984375
1 0.784375 0.7859375 0.08515625 0.0859375
1 0.78671875 0.8953125 0.08515625 0.0859375
1 0.6875 0.50546875 0.09765625 0.0984375
1 0.6859375 0.6203125 0.08515625 0.0859375
1 0.6921875 0.7359375 0.08515625 0.0859375
1 0.69296875 0.94921875 0.0734375 0.07421875
1 0.88125 0.4 0.109375 0.11015625
1 0.7875 0.4578125 0.109375 0.11015625
1 0.6921875 0.4 0.11015625 0.11015625
1 0.60078125 0.4578125 0.09765625 0.0984375
1 0.6 0.56640625 0.09765625 0.09765625
1 0.59765625 0.675 0.09765625 0.09765625
1 0.6046875 0.7859375 0.0859375 0.0859375
3 0.50390625 0.39921875 0.0859375 0.0859375
3 0.2171875 0.44375 0.08515625 0.0859375
1 0.125 0.384375 0.09765625 0.09765625
1 0.1359375 0.52421875 0.109375 0.1109375
1 0.1359375 0.628125 0.09765625 0.0984375
1 0.1375 0.72890625 0.09765625 0.0984375
1 0.12734375 0.84140625 0.11015625 0.11015625
1 0.21875 0.5578125 0.109375 0.1109375
1 0.2140625 0.671875 0.0859375 0.0859375
1 0.215625 0.7859375 0.0859375 0.0859375
1 0.309375 0.3875 0.11015625 0.11015625
1 0.3078125 0.509375 0.11015625 0.1109375
1 0.30859375 0.615625 0.09765625 0.09765625
1 0.3125 0.74375 0.09765625 0.09765625
1 0.4125 0.44375 0.09765625 0.0984375
1 0.41328125 0.5625 0.08515625 0.0859375
1 0.41484375 0.678125 0.08515625 0.0859375
1 0.40546875 0.78125 0.08515625 0.0859375
1 0.51171875 0.50234375 0.09765625 0.0984375
1 0.51171875 0.6296875 0.109375 0.11015625
1 0.509375 0.72734375 0.0859375 0.0859375
1 0.509375 0.828125 0.09765625 0.09765625
1 0.50625 0.94375 0.09765625 0.09765625
1 0.41171875 0.89765625 0.08515625 0.0859375
1 0.315625 0.8453125 0.0859375 0.0859375
1 0.21875 0.8953125 0.0859375 0.0859375
1 0.1265625 0.94609375 0.09765625 0.0984375