2 0.40390625 0.1390625 0.0734375 0.0734375
2 0.3234375 0.62890625 0.08515625 0.0859375
2 0.3296875 0.525 0.08515625 0.0859375
2 0.240625 0.56953125 0.08515625 0.0859375
2 0.13203125 0.52578125 0.0734375 0.0734375
2 0.134375 0.40078125 0.0734375 0.0734375
2 0.1265625 0.30390625 0.0734375 0.07421875
2 0.6125 0.0421875 0.0609375 0.06171875
2 0.878125 0.08515625 0.0734375 0.07421875
2 0.87421875 0.65 0.0734375 0.0734375
2 0.71015625 0.85859375 0.0734375 0.07421875
1 0.04609375 0.56953125 0.0859375 0.08671875
1 0.121875 0.18671875 0.0734375 0.07421875
1 0.2375 0.1453125 0.11015625 0.1109375
1 0.24375 0.25 0.11015625 0.1109375
1 0.2390625 0.35546875 0.0734375 0.07421875
1 0.23671875 0.4671875 0.0734375 0.07421875
1 0.328125 0.07890625 0.09765625 0.0984375
1 0.328125 0.1953125 0.09765625 0.09765625
1 0.32890625 0.309375 0.0734375 0.07421875
1 0.3234375 0.4109375 0.0734375 0.07421875
1 0.428125 0.24375 0.0734375 0.07421875
1 0.42265625 0.35859375 0.09765625 0.09765625
1 0.42578125 0.46953125 0.09765625 0.09765625
1 0.5140625 0.07734375 0.08515625 0.08671875
1 0.51796875 0.190625 0.11015625 0.11015625
1 0.52265625 0.30703125 0.11015625 0.11015625
1 0.5171875 0.41328125 0.11015625 0.11015625
1 0.51640625 0.5296875 0.109375 0.1109375
1 0.61953125 0.134375 0.121875 0.121875
1 0.621875 0.24921875 0.09765625 0.0984375
1 0.6125 0.36171875 0.09765625 0.0984375
1 0.6125 0.4796875 0.09765625 0.0984375
1 0.703125 0.090625 0.0859375 0.0859375
1 0.7078125 0.196875 0.09765625 0.0984375
1 0.7 0.31015625 0.09765625 0.0984375
1 0.70390625 0.41796875 0.0859375 0.0859375
1 0.7140625 0.528125 0.09765625 0.0984375
1 0.615625 0.5875 0.09765625 0.09765625
1 0.79140625 0.14375 0.08515625 0.0859375
1 0.79375 0.265625 0.08515625 0.0859375
1 0.79765625 0.36484375 0.0859375 0.08671875
1 0.79765625 0.4734375 0.0859375 0.0859375
1 0.796875 0.590625 0.0859375 0.0859375
1 0.8796875 0.209375 0.08515625 0.0859375
1 0.87734375 0.31953125 0.08515625 0.0859375
1 0.87734375 0.41875 0.08515625 0.0859375
1 0.871875 0.534375 0.08515625 0.0859375
2 0.9703125 0.55703125 0.0484375 0.05
2 0.97265625 0.909375 0.0484375 0.05
2 0.8953125 0.95234375 0.0734375 0.07421875
2 0.8671875 0.73359375 0.0484375 0.05
1 0.7953125 0.69375 0.0859375 0.0859375
1 0.78515625 0.8 0.09765625 0.0984375
1 0.790625 0.921875 0.08515625 0.0859375
1 0.709375 0.64609375 0.09765625 0.0984375
1 0.70625 0.7578125 0.08515625 0.0859375
1 0.6140625 0.69375 0.109375 0.11015625
1 0.6125 0.8046875 0.09765625 0.09765625
1 0.609375 0.91796875 0.109375 0.1109375
1 0.5140625 0.6375 0.09765625 0.09765625
1 0.51953125 0.753125 0.109375 0.1109375
1 0.51796875 0.8609375 0.11015625 0.1109375
1 0.421875 0.5859375 0.109375 0.1109375
1 0.4203125 0.69609375 0.11015625 0.1109375
1 0.41953125 0.80546875 0.11015625 0.11015625
1 0.4171875 0.9171875 0.11015625 0.11015625
1 0.32734375 0.7296875 0.08515625 0.0859375
1 0.32265625 0.846875 0.08515625 0.0859375
1 0.23203125 0.69609375 0.0734375 0.0734375
1 0.23125 0.8015625 0.109375 0.11015625
1 0.23359375 0.915625 0.109375 0.11015625
1 0.13984375 0.63984375 0.0859375 0.0859375
1 0.134375 0.75546875 0.109375 0.11015625
1 0.1359375 0.86015625 0.11015625 0.11015625