2 0.79375 0.05234375 0.0734375 0.0734375
2 0.49765625 0.325 0.0734375 0.07421875
2 0.690625 0.1015625 0.0734375 0.07421875
2 0.77890625 0.24765625 0.0734375 0.0734375
2 0.596875 0.1546875 0.0734375 0.0734375
2 0.86484375 0.3296875 0.0734375 0.0734375
2 0.86171875 0.4328125 0.0734375 0.07421875
2 0.2953125 0.8375 0.0734375 0.07421875
1 0.68828125 0.30546875 0.0859375 0.0859375
1 0.6765625 0.41875 0.0859375 0.0859375
1 0.78828125 0.3609375 0.0859375 0.08671875
1 0.78671875 0.47265625 0.08515625 0.0859375
1 0.85625 0.5234375 0.0859375 0.0859375
1 0.7796875 0.6171875 0.08515625 0.0859375
1 0.86640625 0.67265625 0.08515625 0.0859375
1 0.77734375 0.92265625 0.09765625 0.09765625
1 0.78125 0.82890625 0.09765625 0.09765625
1 0.865625 0.878125 0.09765625 0.0984375
1 0.78125 0.728125 0.0859375 0.0859375
1 0.8625 0.765625 0.08515625 0.0859375
1 0.6828125 0.55234375 0.11015625 0.11015625
1 0.68046875 0.64296875 0.109375 0.11015625
1 0.6765625 0.7703125 0.11015625 0.1109375
1 0.68046875 0.865625 0.11015625 0.11015625
1 0.58984375 0.93046875 0.109375 0.11015625
1 0.58984375 0.8234375 0.109375 0.11015625
1 0.5859375 0.7140625 0.109375 0.11015625
1 0.496875 0.55859375 0.0859375 0.0859375
1 0.496875 0.65703125 0.0859375 0.0859375
1 0.49140625 0.77421875 0.09765625 0.0984375
1 0.490625 0.8765625 0.09765625 0.09765625
1 0.39765625 0.26484375 0.09765625 0.0984375
1 0.3953125 0.38125 0.11015625 0.11015625
1 0.296875 0.428125 0.09765625 0.0984375
1 0.30625 0.31953125 0.11015625 0.11015625
1 0.2078125 0.3625 0.109375 0.11015625
1 0.1203125 0.3109375 0.0859375 0.0859375
1 0.109375 0.41484375 0.0859375 0.0859375
1 0.11328125 0.53984375 0.0859375 0.0859375
1 0.10625 0.63984375 0.0859375 0.0859375
1 0.1125 0.771875 0.08515625 0.0859375
1 0.2203125 0.78828125 0.08515625 0.0859375
1 0.21640625 0.7046875 0.08515625 0.0859375
1 0.20625 0.5890625 0.0859375 0.0859375
1 0.2078125 0.475 0.08515625 0.0859375
1 0.3015625 0.5453125 0.0859375 0.0859375
1 0.29921875 0.6671875 0.08515625 0.0859375
1 0.3 0.74921875 0.08515625 0.0859375
1 0.3984375 0.89921875 0.0859375 0.0859375
1 0.39609375 0.7921875 0.08515625 0.0859375
1 0.40390625 0.696875 0.08515625 0.0859375
1 0.39609375 0.60234375 0.08515625 0.0859375
1 0.4 0.4921875 0.0859375 0.0859375
1 0.58671875 0.3671875 0.08515625 0.0859375
1 0.58515625 0.49296875 0.0859375 0.0859375
1 0.58359375 0.603125 0.08515625 0.0859375
1 0.49921875 0.43828125 0.08515625 0.0859375
2 0.79375 0.14609375 0.0734375 0.0734375
2 0.6890625 0.2109375 0.0734375 0.07421875
1 0.121875 0.19453125 0.11015625 0.11015625
1 0.1203125 0.08671875 0.109375 0.11015625
1 0.2109375 0.14296875 0.09765625 0.0984375
1 0.31171875 0.2078125 0.109375 0.1109375
1 0.21171875 0.2546875 0.0859375 0.0859375
1 0.3078125 0.0828125 0.0859375 0.0859375
1 0.396875 0.1515625 0.109375 0.11015625
1 0.49609375 0.2125 0.0859375 0.0859375
1 0.503125 0.09765625 0.0859375 0.0859375
1 0.871875 0.2171875 0.0859375 0.0859375