1 0.8140625 0.09609375 0.09765625 0.0984375
1 0.61796875 0.10234375 0.109375 0.1109375
1 0.4265625 0.0875 0.11015625 0.1109375
2 0.0484375 0.0984375 0.0484375 0.05
2 0.140625 0.153125 0.0484375 0.05
2 0.23515625 0.090625 0.0484375 0.0484375
1 0.1421875 0.259375 0.109375 0.1109375
1 0.2453125 0.31875 0.0859375 0.0859375
1 0.2390625 0.20625 0.08515625 0.0859375
2 0.33515625 0.15703125 0.08515625 0.0859375
1 0.3328125 0.2640625 0.08515625 0.0859375
1 0.33984375 0.37109375 0.09765625 0.09765625
1 0.33515625 0.47578125 0.09765625 0.09765625
1 0.3296875 0.5921875 0.09765625 0.0984375
2 0.42890625 0.20546875 0.0734375 0.0734375
1 0.43203125 0.3171875 0.08515625 0.0859375
1 0.43125 0.534375 0.0734375 0.07421875
1 0.5171875 0.1515625 0.09765625 0.0984375
1 0.5234375 0.2609375 0.09765625 0.0984375
1 0.51875 0.3765625 0.09765625 0.0984375
1 0.528125 0.4875 0.09765625 0.09765625
1 0.53046875 0.59765625 0.09765625 0.09765625
1 0.6203125 0.20625 0.11015625 0.11015625
1 0.621875 0.32109375 0.11015625 0.11015625
1 0.61640625 0.42734375 0.109375 0.11015625
1 0.615625 0.5453125 0.109375 0.11015625
1 0.61640625 0.653125 0.109375 0.1109375
1 0.715625 0.15546875 0.11015625 0.11015625
1 0.7125 0.2671875 0.11015625 0.11015625
1 0.70625 0.37578125 0.11015625 0.11015625
1 0.7140625 0.4875 0.11015625 0.11015625
1 0.715625 0.59609375 0.109375 0.11015625
1 0.81640625 0.20859375 0.109375 0.11015625
1 0.81640625 0.3171875 0.09765625 0.0984375
1 0.81171875 0.42890625 0.11015625 0.11015625
1 0.81484375 0.540625 0.11015625 0.11015625
1 0.8140625 0.65546875 0.11015625 0.11015625
1 0.909375 0.14921875 0.109375 0.11015625
1 0.915625 0.27265625 0.109375 0.11015625
1 0.909375 0.3765625 0.109375 0.11015625
1 0.909375 0.49296875 0.109375 0.11015625
1 0.90625 0.59609375 0.109375 0.11015625
3 0.90078125 0.715625 0.11015625 0.11015625
3 0.80546875 0.76328125 0.11015625 0.11015625
1 0.903125 0.8140625 0.11015625 0.11015625
1 0.9 0.92890625 0.11015625 0.11015625
1 0.80390625 0.8859375 0.0734375 0.07421875
1 0.7046875 0.70859375 0.109375 0.11015625
1 0.7078125 0.81953125 0.109375 0.1109375
1 0.71171875 0.9203125 0.109375 0.1109375
1 0.61875 0.75703125 0.109375 0.1109375
1 0.61953125 0.8640625 0.08515625 0.0859375
1 0.51875 0.7234375 0.11015625 0.1109375
1 0.521875 0.83203125 0.08515625 0.0859375
1 0.51484375 0.9515625 0.08515625 0.0859375
1 0.43046875 0.66484375 0.08515625 0.0859375
2 0.43671875 0.77890625 0.02421875 0.02421875
2 0.43046875 0.89765625 0.0375 0.0375
2 0.33515625 0.925 0.02421875 0.02421875
1 0.3375 0.70078125 0.09765625 0.0984375
1 0.3359375 0.80625 0.09765625 0.0984375