2 0.378125 0.759375 0.0734375 0.07421875
2 0.75703125 0.090625 0.0734375 0.07421875
2 0.665625 0.17109375 0.0734375 0.0734375
2 0.8578125 0.378125 0.0734375 0.07421875
1 0.47734375 0.2515625 0.08515625 0.0859375
1 0.471875 0.14765625 0.08515625 0.0859375
1 0.2875 0.1296875 0.0859375 0.08671875
1 0.384375 0.0875 0.08515625 0.0859375
1 0.38046875 0.1859375 0.08515625 0.0859375
2 0.6609375 0.05703125 0.06171875 0.06171875
1 0.09765625 0.15703125 0.09765625 0.0984375
1 0.0984375 0.2625 0.09765625 0.0984375
1 0.20390625 0.20234375 0.09765625 0.09765625
1 0.2046875 0.1 0.08515625 0.0859375
1 0.28828125 0.26484375 0.09765625 0.09765625
1 0.56796875 0.0953125 0.08515625 0.0859375
1 0.5703125 0.22578125 0.0859375 0.0859375
1 0.8609375 0.26796875 0.09765625 0.0984375
1 0.95625 0.0890625 0.08515625 0.0859375
1 0.94453125 0.7734375 0.0859375 0.0859375
1 0.9484375 0.8828125 0.0859375 0.0859375
1 0.85625 0.91484375 0.109375 0.1109375
1 0.8609375 0.834375 0.09765625 0.0984375
1 0.771875 0.77421875 0.0859375 0.0859375
1 0.75625 0.88125 0.09765625 0.0984375
1 0.6640625 0.71171875 0.09765625 0.09765625
1 0.6671875 0.825 0.09765625 0.09765625
1 0.66484375 0.9265625 0.09765625 0.0984375
1 0.5640625 0.6640625 0.0859375 0.0859375
1 0.565625 0.7625 0.08515625 0.0859375
1 0.56875 0.8765625 0.0859375 0.0859375
1 0.4703125 0.7046875 0.08515625 0.0859375
1 0.46640625 0.8078125 0.08515625 0.0859375
1 0.46640625 0.92265625 0.08515625 0.0859375
1 0.3734375 0.8625 0.09765625 0.09765625
1 0.284375 0.7984375 0.0859375 0.0859375
1 0.26875 0.9265625 0.09765625 0.0984375
1 0.0875 0.70390625 0.09765625 0.0984375
1 0.95078125 0.6515625 0.08515625 0.0859375
1 0.94765625 0.53125 0.08515625 0.0859375
1 0.95390625 0.315625 0.0859375 0.0859375
1 0.8578125 0.48359375 0.09765625 0.09765625
1 0.8578125 0.59375 0.09765625 0.09765625
1 0.85625 0.70625 0.09765625 0.09765625
1 0.7640625 0.653125 0.09765625 0.0984375
1 0.7671875 0.53984375 0.09765625 0.09765625
1 0.7625 0.43359375 0.08515625 0.0859375
1 0.76484375 0.325 0.11015625 0.1109375
1 0.6734375 0.37421875 0.09765625 0.09765625
1 0.66484375 0.47734375 0.09765625 0.09765625
1 0.6578125 0.5953125 0.09765625 0.0984375
1 0.565625 0.5671875 0.08515625 0.0859375
1 0.38515625 0.31953125 0.08515625 0.0859375
1 0.37265625 0.42734375 0.11015625 0.11015625
1 0.27734375 0.365625 0.109375 0.11015625
1 0.27734375 0.48125 0.09765625 0.0984375
1 0.203125 0.3015625 0.0859375 0.08671875
1 0.20390625 0.4 0.09765625 0.0984375
1 0.1984375 0.521875 0.08515625 0.0859375
1 0.096875 0.57421875 0.09765625 0.09765625
1 0.090625 0.4671875 0.09765625 0.0984375
1 0.090625 0.38125 0.09765625 0.0984375