2 0.66875 0.32109375 0.0734375 0.07421875
1 0.94375 0.61484375 0.109375 0.11015625
1 0.9421875 0.72265625 0.08515625 0.0859375
1 0.8484375 0.66796875 0.0859375 0.0859375
1 0.8484375 0.77578125 0.09765625 0.0984375
1 0.84453125 0.865625 0.09765625 0.0984375
1 0.75859375 0.6015625 0.09765625 0.09765625
1 0.75390625 0.72734375 0.09765625 0.09765625
1 0.7515625 0.82265625 0.09765625 0.0984375
1 0.753125 0.92890625 0.09765625 0.0984375
1 0.66484375 0.8734375 0.0859375 0.0859375
1 0.6625 0.7671875 0.08515625 0.0859375
1 0.6625 0.66484375 0.08515625 0.0859375
1 0.56953125 0.6046875 0.11015625 0.11015625
1 0.565625 0.72109375 0.11015625 0.11015625
1 0.559375 0.834375 0.11015625 0.11015625
1 0.4734375 0.871875 0.109375 0.11015625
1 0.47421875 0.7796875 0.11015625 0.1109375
1 0.48046875 0.6515625 0.109375 0.11015625
1 0.3703125 0.60859375 0.11015625 0.11015625
1 0.36796875 0.71171875 0.109375 0.11015625
1 0.37578125 0.82890625 0.09765625 0.0984375
1 0.37578125 0.93828125 0.09765625 0.0984375
1 0.28828125 0.6609375 0.109375 0.11015625
1 0.28515625 0.79765625 0.109375 0.11015625
1 0.27734375 0.87890625 0.0859375 0.0859375
1 0.19609375 0.7125 0.0859375 0.0859375
1 0.1859375 0.8078125 0.109375 0.1109375
1 0.1828125 0.90703125 0.11015625 0.11015625
1 0.09296875 0.884375 0.09765625 0.0984375
1 0.096875 0.77421875 0.09765625 0.0984375
1 0.10078125 0.66328125 0.109375 0.11015625
1 0.94375 0.165625 0.11015625 0.11015625
1 0.940625 0.39296875 0.11015625 0.11015625
1 0.859375 0.55546875 0.109375 0.1109375
1 0.85078125 0.43671875 0.109375 0.11015625
1 0.846875 0.33046875 0.109375 0.11015625
1 0.85546875 0.23203125 0.09765625 0.0984375
1 0.85625 0.1140625 0.11015625 0.11015625
1 0.75546875 0.0625 0.11015625 0.1109375
1 0.7625 0.1734375 0.109375 0.11015625
1 0.76171875 0.27265625 0.109375 0.11015625
1 0.7625 0.3890625 0.109375 0.11015625
1 0.7515625 0.50703125 0.109375 0.11015625
1 0.665625 0.55546875 0.08515625 0.0859375
1 0.665625 0.434375 0.08515625 0.0859375
1 0.6765625 0.20703125 0.08515625 0.0859375
1 0.67109375 0.11171875 0.09765625 0.0984375
1 0.5734375 0.05703125 0.109375 0.11015625
1 0.5765625 0.17109375 0.11015625 0.11015625
1 0.57109375 0.27421875 0.109375 0.1109375
1 0.5625 0.38125 0.109375 0.11015625
1 0.5671875 0.4890625 0.109375 0.11015625
1 0.471875 0.5421875 0.109375 0.11015625
1 0.4703125 0.45390625 0.109375 0.11015625
1 0.4734375 0.3484375 0.11015625 0.11015625
1 0.4796875 0.215625 0.11015625 0.1109375
1 0.4796875 0.1078125 0.11015625 0.11015625
1 0.378125 0.0578125 0.09765625 0.0984375
1 0.3859375 0.159375 0.09765625 0.0984375
1 0.38125 0.27578125 0.11015625 0.11015625
1 0.38203125 0.39140625 0.09765625 0.0984375
1 0.3796875 0.49921875 0.109375 0.11015625
1 0.2875 0.54609375 0.109375 0.1109375
1 0.28046875 0.434375 0.09765625 0.0984375
1 0.28984375 0.33671875 0.11015625 0.11015625
1 0.290625 0.221875 0.09765625 0.0984375
1 0.2875 0.1 0.11015625 0.11015625
1 0.19453125 0.0671875 0.0859375 0.0859375
1 0.19609375 0.1625 0.08515625 0.0859375
1 0.196875 0.278125 0.08515625 0.0859375
1 0.19921875 0.3859375 0.0859375 0.0859375
1 0.20390625 0.503125 0.0859375 0.0859375
1 0.1984375 0.60546875 0.08515625 0.0859375
1 0.0953125 0.5671875 0.109375 0.11015625
1 0.09453125 0.4421875 0.09765625 0.0984375
1 0.09453125 0.33203125 0.0859375 0.0859375
1 0.0953125 0.225 0.09765625 0.09765625
1 0.10234375 0.1 0.109375 0.1109375