2 0.05703125 0.78671875 0.0734375 0.0734375
2 0.05 0.5703125 0.0734375 0.07421875
2 0.6203125 0.34140625 0.0734375 0.0734375
2 0.528125 0.4140625 0.0734375 0.07421875
2 0.8234375 0.571875 0.0734375 0.0734375
2 0.70546875 0.615625 0.06171875 0.06171875
1 0.909375 0.184375 0.109375 0.11015625
1 0.90078125 0.525 0.11015625 0.11015625
1 0.9109375 0.6375 0.0859375 0.0859375
1 0.81171875 0.24140625 0.11015625 0.1109375
1 0.721875 0.21640625 0.109375 0.11015625
1 0.7140625 0.3125 0.09765625 0.09765625
1 0.61796875 0.23984375 0.09765625 0.0984375
1 0.62578125 0.46875 0.09765625 0.09765625
1 0.81875 0.45 0.0859375 0.0859375
1 0.81953125 0.69609375 0.09765625 0.09765625
1 0.8015625 0.79609375 0.11015625 0.11015625
1 0.7984375 0.88203125 0.11015625 0.11015625
1 0.903125 0.89140625 0.109375 0.1109375
1 0.89453125 0.74765625 0.09765625 0.0984375
3 0.70234375 0.70625 0.0734375 0.0734375
1 0.70703125 0.81171875 0.09765625 0.0984375
1 0.70234375 0.9203125 0.11015625 0.11015625
1 0.61875 0.88125 0.09765625 0.09765625
1 0.62421875 0.803125 0.09765625 0.0984375
1 0.53125 0.18359375 0.09765625 0.09765625
1 0.52265625 0.2921875 0.0859375 0.0859375
1 0.534375 0.5203125 0.09765625 0.09765625
1 0.4359375 0.4828125 0.0859375 0.0859375
1 0.43828125 0.575 0.11015625 0.11015625
1 0.43046875 0.68671875 0.09765625 0.0984375
2 0.521875 0.82734375 0.0734375 0.0734375
1 0.528125 0.9265625 0.09765625 0.0984375
1 0.34453125 0.1828125 0.09765625 0.0984375
3 0.3375 0.29765625 0.0859375 0.0859375
1 0.340625 0.403125 0.08515625 0.0859375
1 0.34140625 0.5203125 0.11015625 0.11015625
1 0.3453125 0.628125 0.11015625 0.11015625
1 0.34375 0.7375 0.109375 0.11015625
1 0.340625 0.85625 0.09765625 0.0984375
1 0.24921875 0.14921875 0.09765625 0.09765625
1 0.25390625 0.240625 0.09765625 0.0984375
1 0.2390625 0.34453125 0.09765625 0.09765625
1 0.240625 0.471875 0.09765625 0.0984375
1 0.23515625 0.58125 0.09765625 0.0984375
1 0.23125 0.68671875 0.09765625 0.0984375
1 0.24296875 0.79609375 0.08515625 0.0859375
1 0.146875 0.84375 0.08515625 0.0859375
1 0.15546875 0.19609375 0.11015625 0.1109375
1 0.159375 0.32109375 0.121875 0.1234375
1 0.153125 0.4265625 0.08515625 0.0859375
1 0.1359375 0.54375 0.0859375 0.0859375
1 0.13828125 0.6296875 0.08515625 0.08671875
1 0.14453125 0.7375 0.09765625 0.09765625
1 0.06015625 0.1453125 0.11015625 0.11015625
1 0.0640625 0.2546875 0.11015625 0.11015625
1 0.06171875 0.36640625 0.09765625 0.0984375
1 0.06328125 0.465625 0.09765625 0.0984375
1 0.8125 0.14296875 0.09765625 0.0984375
1 0.7203125 0.12265625 0.109375 0.11015625
1 0.6234375 0.1390625 0.11015625 0.11015625
1 0.5296875 0.07109375 0.09765625 0.09765625
1 0.33671875 0.071875 0.0859375 0.0859375
1 0.1625 0.10390625 0.11015625 0.11015625
1 0.0546875 0.67421875 0.09765625 0.0984375