1 0.93359375 0.1296875 0.09765625 0.09765625
1 0.94375 0.24765625 0.109375 0.11015625
2 0.84375 0.0765625 0.0609375 0.06171875
1 0.83984375 0.1828125 0.109375 0.11015625
1 0.8421875 0.29375 0.109375 0.11015625
1 0.74453125 0.11953125 0.11015625 0.11015625
1 0.7484375 0.23984375 0.11015625 0.11015625
2 0.6515625 0.05703125 0.06171875 0.06171875
1 0.653125 0.178125 0.11015625 0.11015625
1 0.65234375 0.29453125 0.109375 0.11015625
1 0.55859375 0.12578125 0.109375 0.11015625
1 0.5578125 0.24453125 0.109375 0.11015625
1 0.4625 0.08203125 0.0859375 0.0859375
1 0.4625 0.18203125 0.109375 0.11015625
1 0.46484375 0.290625 0.09765625 0.0984375
1 0.371875 0.121875 0.11015625 0.11015625
1 0.37265625 0.23359375 0.11015625 0.11015625
1 0.2765625 0.06796875 0.11015625 0.11015625
1 0.27734375 0.1671875 0.109375 0.11015625
1 0.27265625 0.28203125 0.109375 0.1109375
1 0.37578125 0.340625 0.11015625 0.1109375
1 0.184375 0.1171875 0.109375 0.1109375
1 0.18046875 0.23515625 0.109375 0.1109375
1 0.0828125 0.06875 0.09765625 0.09765625
1 0.090625 0.1703125 0.11015625 0.1109375
1 0.0828125 0.2875 0.11015625 0.11015625
1 0.08125 0.4 0.11015625 0.11015625
1 0.084375 0.503125 0.11015625 0.11015625
1 0.0921875 0.6125 0.08515625 0.08671875
1 0.17578125 0.346875 0.109375 0.11015625
1 0.18046875 0.4484375 0.109375 0.11015625
1 0.18125 0.5640625 0.109375 0.11015625
1 0.18046875 0.68125 0.11015625 0.11015625
1 0.26328125 0.39140625 0.11015625 0.1109375
1 0.27421875 0.50625 0.109375 0.11015625
1 0.275 0.61875 0.109375 0.11015625
1 0.36796875 0.45625 0.11015625 0.1109375
1 0.3640625 0.565625 0.11015625 0.11015625
1 0.3703125 0.6703125 0.109375 0.11015625
1 0.46796875 0.3921875 0.09765625 0.09765625
1 0.46328125 0.5078125 0.11015625 0.1109375
1 0.46015625 0.61640625 0.11015625 0.1109375
1 0.5625 0.34453125 0.09765625 0.0984375
1 0.56328125 0.4515625 0.09765625 0.0984375
1 0.56171875 0.56328125 0.09765625 0.09765625
1 0.5578125 0.67265625 0.09765625 0.09765625
1 0.653125 0.403125 0.11015625 0.11015625
1 0.65 0.51328125 0.109375 0.11015625
1 0.6484375 0.6203125 0.109375 0.11015625
1 0.65 0.7203125 0.109375 0.1109375
1 0.74375 0.34921875 0.11015625 0.11015625
1 0.746875 0.46015625 0.11015625 0.11015625
1 0.74765625 0.56328125 0.11015625 0.11015625
1 0.74296875 0.68125 0.09765625 0.0984375
1 0.8359375 0.40859375 0.109375 0.11015625
1 0.840625 0.51796875 0.09765625 0.0984375
1 0.8390625 0.621875 0.11015625 0.11015625
1 0.9421875 0.34453125 0.09765625 0.0984375
1 0.93828125 0.45234375 0.09765625 0.0984375
1 0.94296875 0.7984375 0.11015625 0.11015625
1 0.83671875 0.73515625 0.11015625 0.11015625
1 0.84140625 0.84609375 0.11015625 0.11015625
1 0.74375 0.796875 0.09765625 0.09765625
1 0.74921875 0.9078125 0.09765625 0.09765625
1 0.64921875 0.8421875 0.109375 0.1109375
1 0.559375 0.784375 0.11015625 0.1109375
1 0.55625 0.89375 0.11015625 0.11015625
1 0.45859375 0.72890625 0.11015625 0.11015625
1 0.46015625 0.8484375 0.11015625 0.11015625
1 0.36796875 0.78671875 0.109375 0.11015625
1 0.365625 0.8953125 0.109375 0.11015625
1 0.2703125 0.73203125 0.109375 0.11015625
1 0.2734375 0.84453125 0.109375 0.11015625
1 0.1734375 0.78359375 0.09765625 0.0984375
1 0.17109375 0.89375 0.09765625 0.0984375
1 0.0828125 0.72421875 0.09765625 0.0984375
1 0.0796875 0.84453125 0.109375 0.11015625