2 0.3078125 0.10703125 0.0734375 0.0734375
2 0.39375 0.1890625 0.0734375 0.0734375
2 0.39140625 0.2921875 0.0734375 0.07421875
2 0.49765625 0.5 0.0734375 0.07421875
1 0.875 0.69296875 0.09765625 0.0984375
1 0.871875 0.58125 0.11015625 0.1109375
1 0.87265625 0.4578125 0.11015625 0.11015625
1 0.86875 0.346875 0.109375 0.11015625
1 0.8734375 0.23515625 0.109375 0.11015625
1 0.8625 0.1390625 0.11015625 0.11015625
1 0.784375 0.2953125 0.09765625 0.09765625
1 0.7875 0.4 0.09765625 0.0984375
1 0.790625 0.49375 0.09765625 0.0984375
1 0.7875 0.63359375 0.109375 0.11015625
1 0.790625 0.74453125 0.109375 0.11015625
1 0.7765625 0.8515625 0.11015625 0.1109375
1 0.67578125 0.89453125 0.109375 0.1109375
1 0.67734375 0.7890625 0.11015625 0.1109375
1 0.67734375 0.67265625 0.08515625 0.0859375
1 0.6828125 0.45078125 0.09765625 0.0984375
1 0.6859375 0.35078125 0.109375 0.1109375
1 0.67890625 0.24375 0.11015625 0.11015625
1 0.6828125 0.1234375 0.11015625 0.1109375
1 0.5015625 0.12265625 0.09765625 0.0984375
1 0.21796875 0.16484375 0.0859375 0.0859375
1 0.20625 0.278125 0.0859375 0.0859375
1 0.3171875 0.2203125 0.0859375 0.08671875
1 0.315625 0.33203125 0.08515625 0.0859375
1 0.3859375 0.3828125 0.0859375 0.0859375
1 0.309375 0.4765625 0.08515625 0.0859375
1 0.39609375 0.53203125 0.08515625 0.0859375
1 0.50078125 0.57734375 0.08515625 0.0859375
1 0.39921875 0.93046875 0.0859375 0.0859375
1 0.30234375 0.8875 0.11015625 0.11015625
1 0.30625 0.78203125 0.09765625 0.09765625
1 0.3109375 0.68828125 0.09765625 0.09765625
1 0.5 0.678125 0.09765625 0.0984375
1 0.39453125 0.7375 0.09765625 0.0984375
1 0.396875 0.840625 0.08515625 0.0859375
1 0.3109375 0.5875 0.0859375 0.0859375
1 0.3921875 0.625 0.08515625 0.0859375
1 0.2125 0.41171875 0.11015625 0.11015625
1 0.21015625 0.50234375 0.109375 0.11015625
1 0.20546875 0.6296875 0.11015625 0.1109375
1 0.209375 0.725 0.11015625 0.11015625
1 0.215625 0.85 0.109375 0.1109375
1 0.11875 0.78984375 0.109375 0.11015625
1 0.11875 0.6828125 0.109375 0.11015625
1 0.115625 0.5734375 0.109375 0.11015625
1 0.115625 0.2265625 0.08515625 0.0859375
1 0.1140625 0.35234375 0.0859375 0.0859375
1 0.1125 0.4625 0.08515625 0.0859375
2 0.21796875 0.0703125 0.0734375 0.07421875
1 0.7875 0.07734375 0.09765625 0.09765625
1 0.59765625 0.8421875 0.09765625 0.0984375
1 0.4015625 0.0765625 0.0859375 0.0859375