2 0.36328125 0.1375 0.0859375 0.0859375
2 0.55703125 0.1421875 0.0734375 0.0734375
2 0.55 0.359375 0.08515625 0.0859375
2 0.55546875 0.47578125 0.0734375 0.0734375
2 0.6453125 0.3015625 0.0734375 0.0734375
2 0.65078125 0.52734375 0.08515625 0.0859375
2 0.64375 0.415625 0.06171875 0.06171875
2 0.64765625 0.64375 0.0859375 0.0859375
2 0.6515625 0.19609375 0.0734375 0.0734375
1 0.08125 0.084375 0.09765625 0.0984375
1 0.1765625 0.14140625 0.0734375 0.07421875
0 0.2703125 0.0890625 0.0734375 0.0734375
1 0.45859375 0.08515625 0.08515625 0.0859375
2 0.553125 0.03359375 0.06171875 0.06171875
1 0.46171875 0.196875 0.0859375 0.08671875
1 0.27421875 0.190625 0.09765625 0.0984375
1 0.64765625 0.08515625 0.0859375 0.0859375
1 0.54921875 0.25078125 0.0734375 0.0734375
1 0.553125 0.58203125 0.0859375 0.0859375
1 0.55390625 0.69375 0.09765625 0.09765625
1 0.45703125 0.3078125 0.0859375 0.0859375
1 0.453125 0.41953125 0.09765625 0.0984375
1 0.45625 0.52734375 0.0859375 0.0859375
1 0.45625 0.63359375 0.09765625 0.09765625
1 0.36015625 0.2546875 0.09765625 0.0984375
1 0.36015625 0.36171875 0.09765625 0.0984375
1 0.3625 0.4765625 0.08515625 0.0859375
1 0.365625 0.58515625 0.08515625 0.0859375
1 0.3640625 0.6890625 0.09765625 0.09765625
1 0.26875 0.303125 0.09765625 0.0984375
1 0.271875 0.415625 0.09765625 0.09765625
1 0.26796875 0.53515625 0.08515625 0.0859375
1 0.26640625 0.6375 0.09765625 0.09765625
1 0.17890625 0.2484375 0.09765625 0.09765625
1 0.17578125 0.36796875 0.0859375 0.0859375
1 0.178125 0.4765625 0.0734375 0.07421875
1 0.1765625 0.58515625 0.0734375 0.07421875
1 0.16875 0.696875 0.0734375 0.0734375
1 0.08125 0.196875 0.109375 0.1109375
1 0.0796875 0.30859375 0.09765625 0.09765625
1 0.084375 0.421875 0.09765625 0.09765625
1 0.084375 0.52734375 0.08515625 0.0859375
1 0.0859375 0.6359375 0.09765625 0.0984375
1 0.08125 0.75078125 0.0734375 0.07421875
1 0.084375 0.85859375 0.09765625 0.09765625
1 0.1734375 0.803125 0.0734375 0.07421875
1 0.1703125 0.91484375 0.09765625 0.09765625
1 0.271875 0.7453125 0.09765625 0.0984375
1 0.2671875 0.859375 0.0859375 0.0859375
1 0.3640625 0.79765625 0.09765625 0.0984375
1 0.36875 0.915625 0.09765625 0.0984375
1 0.4578125 0.7484375 0.0859375 0.08671875
1 0.4578125 0.85625 0.09765625 0.0984375
1 0.5578125 0.80234375 0.09765625 0.0984375
1 0.55078125 0.9109375 0.09765625 0.0984375
1 0.646875 0.7421875 0.08515625 0.0859375
1 0.646875 0.8546875 0.08515625 0.0859375