2 0.24453125 0.18046875 0.0734375 0.0734375
2 0.31796875 0.33125 0.0734375 0.07421875
2 0.69296875 0.875 0.0734375 0.07421875
1 0.89140625 0.45390625 0.09765625 0.09765625
1 0.896875 0.5453125 0.09765625 0.0984375
1 0.88203125 0.64921875 0.09765625 0.09765625
1 0.8828125 0.7765625 0.09765625 0.0984375
1 0.878125 0.8859375 0.09765625 0.0984375
1 0.7984375 0.50078125 0.11015625 0.1109375
1 0.80234375 0.62578125 0.121875 0.1234375
1 0.7953125 0.73125 0.08515625 0.0859375
1 0.778125 0.8484375 0.0859375 0.0859375
1 0.78046875 0.934375 0.08515625 0.08671875
1 0.70234375 0.45 0.11015625 0.11015625
1 0.70625 0.559375 0.11015625 0.11015625
1 0.70390625 0.67109375 0.09765625 0.0984375
1 0.70625 0.7703125 0.09765625 0.0984375
2 0.6140625 0.85703125 0.0609375 0.06171875
2 0.6140625 0.96015625 0.0734375 0.07421875
1 0.60859375 0.51640625 0.109375 0.11015625
1 0.615625 0.6125 0.11015625 0.11015625
1 0.61328125 0.728125 0.109375 0.11015625
1 0.5171875 0.4546875 0.0859375 0.0859375
1 0.5125 0.565625 0.109375 0.11015625
1 0.51484375 0.67265625 0.11015625 0.11015625
1 0.51484375 0.77265625 0.109375 0.1109375
1 0.503125 0.91484375 0.09765625 0.0984375
1 0.43359375 0.84765625 0.0859375 0.0859375
1 0.41953125 0.5046875 0.08515625 0.08671875
1 0.42578125 0.60859375 0.09765625 0.09765625
1 0.41875 0.73984375 0.09765625 0.0984375
1 0.3171875 0.4484375 0.0859375 0.0859375
1 0.31875 0.56171875 0.08515625 0.0859375
1 0.3265625 0.675 0.09765625 0.09765625
1 0.3296875 0.778125 0.109375 0.11015625
1 0.340625 0.91484375 0.08515625 0.0859375
1 0.2359375 0.8359375 0.11015625 0.1109375
1 0.23828125 0.734375 0.109375 0.1109375
1 0.2359375 0.61875 0.09765625 0.0984375
3 0.23671875 0.50703125 0.0734375 0.07421875
1 0.1390625 0.44453125 0.08515625 0.0859375
1 0.1359375 0.565625 0.08515625 0.0859375
1 0.1390625 0.67421875 0.109375 0.11015625
1 0.14140625 0.7828125 0.09765625 0.0984375
1 0.14765625 0.90625 0.0859375 0.0859375
1 0.05234375 0.9515625 0.08515625 0.0859375
1 0.0609375 0.8421875 0.08515625 0.0859375
1 0.0640625 0.7296875 0.08515625 0.0859375
1 0.0640625 0.6234375 0.09765625 0.0984375
1 0.05 0.51875 0.0859375 0.0859375
3 0.24140625 0.3828125 0.0734375 0.07421875
3 0.23671875 0.275 0.0734375 0.0734375
1 0.14375 0.23359375 0.0859375 0.0859375
1 0.14375 0.3484375 0.0859375 0.0859375
3 0.3328125 0.2375 0.0734375 0.07421875
3 0.3328125 0.11796875 0.0734375 0.0734375
1 0.8953125 0.12578125 0.09765625 0.09765625
1 0.8953125 0.2234375 0.109375 0.1109375
1 0.88984375 0.33515625 0.11015625 0.11015625
1 0.7984375 0.07109375 0.09765625 0.09765625
1 0.79609375 0.1953125 0.08515625 0.0859375
1 0.8015625 0.29765625 0.08515625 0.0859375
1 0.70703125 0.34296875 0.09765625 0.0984375
1 0.7015625 0.2359375 0.11015625 0.1109375
1 0.7078125 0.12578125 0.09765625 0.09765625
1 0.6140625 0.06171875 0.09765625 0.0984375
1 0.6203125 0.1828125 0.11015625 0.11015625
1 0.615625 0.2859375 0.109375 0.11015625
1 0.521875 0.3375 0.11015625 0.11015625
1 0.615625 0.4015625 0.0859375 0.0859375
1 0.52734375 0.24375 0.109375 0.1109375
1 0.51484375 0.1203125 0.109375 0.11015625
1 0.42265625 0.16328125 0.0859375 0.0859375
1 0.428125 0.2828125 0.0859375 0.0859375
1 0.425 0.06328125 0.08515625 0.0859375
1 0.4265625 0.38984375 0.08515625 0.0859375
1 0.24453125 0.0734375 0.08515625 0.0859375
1 0.14609375 0.13359375 0.11015625 0.11015625
1 0.05546875 0.190625 0.0859375 0.0859375
1 0.05625 0.28046875 0.0859375 0.0859375
1 0.0609375 0.08203125 0.08515625 0.0859375
1 0.0609375 0.39296875 0.09765625 0.0984375
1 0.80546875 0.40859375 0.11015625 0.11015625