2 0.2953125 0.6640625 0.0734375 0.07421875
2 0.10859375 0.89140625 0.0734375 0.0734375
1 0.40234375 0.765625 0.0859375 0.0859375
3 0.2015625 0.50234375 0.0859375 0.08671875
1 0.2015625 0.39140625 0.0859375 0.0859375
2 0.1078125 0.44609375 0.0734375 0.07421875
2 0.11171875 0.5515625 0.0734375 0.07421875
1 0.1078125 0.7859375 0.08515625 0.0859375
1 0.10234375 0.65078125 0.09765625 0.0984375
1 0.2 0.7078125 0.08515625 0.0859375
1 0.19921875 0.8390625 0.09765625 0.0984375
1 0.29765625 0.89765625 0.109375 0.11015625
1 0.29375 0.7796875 0.09765625 0.0984375
2 0.58125 0.85234375 0.0484375 0.0484375
1 0.58046875 0.95390625 0.08515625 0.0859375
1 0.94453125 0.6375 0.09765625 0.0984375
1 0.95 0.746875 0.09765625 0.0984375
1 0.85859375 0.896875 0.09765625 0.0984375
1 0.85859375 0.80703125 0.09765625 0.0984375
1 0.8640625 0.684375 0.09765625 0.0984375
1 0.7640625 0.41484375 0.09765625 0.0984375
1 0.67109375 0.36640625 0.09765625 0.09765625
1 0.67265625 0.4625 0.09765625 0.0984375
1 0.66796875 0.5796875 0.109375 0.11015625
1 0.66484375 0.68515625 0.109375 0.11015625
1 0.5734375 0.40859375 0.09765625 0.0984375
1 0.5796875 0.5140625 0.09765625 0.0984375
1 0.575 0.6265625 0.11015625 0.11015625
1 0.571875 0.740625 0.11015625 0.11015625
1 0.48046875 0.684375 0.109375 0.1109375
1 0.4890625 0.55078125 0.09765625 0.09765625
1 0.484375 0.44921875 0.109375 0.1109375
1 0.3890625 0.40234375 0.109375 0.1109375
1 0.39375 0.51015625 0.11015625 0.11015625
1 0.39140625 0.6546875 0.11015625 0.11015625
1 0.48515625 0.79140625 0.109375 0.11015625
1 0.48515625 0.89921875 0.0859375 0.0859375
1 0.29453125 0.4578125 0.08515625 0.0859375
1 0.8796875 0.1109375 0.09765625 0.0984375
1 0.87421875 0.2328125 0.08515625 0.0859375
1 0.77265625 0.28515625 0.09765625 0.09765625
1 0.76640625 0.178125 0.09765625 0.0984375
1 0.76640625 0.0921875 0.09765625 0.0984375
1 0.671875 0.13359375 0.109375 0.11015625
1 0.67109375 0.2453125 0.09765625 0.09765625
1 0.58515625 0.2890625 0.09765625 0.09765625
1 0.57734375 0.07421875 0.09765625 0.09765625
1 0.58203125 0.1875 0.09765625 0.09765625
1 0.490625 0.1390625 0.09765625 0.09765625
1 0.4828125 0.24921875 0.09765625 0.09765625
1 0.48203125 0.35 0.11015625 0.11015625
1 0.39375 0.29921875 0.09765625 0.0984375
1 0.39140625 0.18671875 0.11015625 0.11015625
1 0.39140625 0.0640625 0.11015625 0.1109375
3 0.3 0.12890625 0.0859375 0.0859375
1 0.20390625 0.07265625 0.109375 0.11015625
1 0.203125 0.19609375 0.09765625 0.0984375
1 0.20234375 0.290625 0.08515625 0.08671875
1 0.1140625 0.3625 0.08515625 0.0859375
1 0.1078125 0.2390625 0.11015625 0.11015625
1 0.10859375 0.1296875 0.11015625 0.11015625
1 0.3 0.2515625 0.109375 0.11015625
1 0.2953125 0.3421875 0.109375 0.11015625