1 0.296875 0.2921875 0.109375 0.11015625
1 0.86640625 0.08046875 0.109375 0.11015625
1 0.86953125 0.1828125 0.11015625 0.11015625
1 0.865625 0.290625 0.11015625 0.11015625
1 0.76796875 0.13125 0.11015625 0.11015625
1 0.77421875 0.2453125 0.11015625 0.11015625
1 0.7734375 0.3546875 0.109375 0.1109375
1 0.6875 0.07109375 0.0859375 0.0859375
1 0.6765625 0.184375 0.09765625 0.09765625
1 0.68046875 0.30078125 0.09765625 0.09765625
1 0.58515625 0.12578125 0.109375 0.1109375
1 0.58671875 0.240625 0.109375 0.1109375
1 0.58125 0.33984375 0.11015625 0.1109375
1 0.48671875 0.07734375 0.11015625 0.1109375
1 0.48359375 0.184375 0.11015625 0.1109375
1 0.4890625 0.29140625 0.11015625 0.11015625
1 0.39296875 0.13515625 0.11015625 0.11015625
1 0.39765625 0.23984375 0.109375 0.11015625
1 0.29765625 0.07890625 0.09765625 0.0984375
1 0.2953125 0.18515625 0.109375 0.11015625
1 0.196875 0.13203125 0.109375 0.11015625
1 0.2015625 0.23671875 0.109375 0.11015625
2 0.20390625 0.35 0.0484375 0.05
2 0.29609375 0.4046875 0.0484375 0.05
2 0.390625 0.34296875 0.0484375 0.0484375
1 0.1078125 0.08046875 0.11015625 0.11015625
1 0.1078125 0.190625 0.11015625 0.11015625
1 0.1109375 0.303125 0.11015625 0.11015625
1 0.11015625 0.409375 0.08515625 0.0859375
1 0.1109375 0.5109375 0.11015625 0.11015625
1 0.2015625 0.4625 0.109375 0.11015625
1 0.29765625 0.51171875 0.109375 0.1109375
1 0.4 0.5703125 0.0859375 0.0859375
1 0.39375 0.4578125 0.08515625 0.0859375
2 0.490625 0.409375 0.08515625 0.0859375
1 0.4875 0.515625 0.08515625 0.0859375
1 0.4953125 0.6234375 0.09765625 0.09765625
1 0.490625 0.72734375 0.09765625 0.09765625
1 0.48515625 0.84453125 0.09765625 0.0984375
2 0.584375 0.4578125 0.0734375 0.0734375
1 0.5875 0.56953125 0.08515625 0.0859375
1 0.58671875 0.7859375 0.0734375 0.07421875
1 0.67265625 0.40390625 0.09765625 0.0984375
1 0.67890625 0.51328125 0.09765625 0.0984375
1 0.6734375 0.628125 0.09765625 0.0984375
1 0.68359375 0.7390625 0.09765625 0.09765625
1 0.6859375 0.85 0.09765625 0.09765625
1 0.77578125 0.45859375 0.11015625 0.11015625
1 0.7765625 0.57265625 0.11015625 0.11015625
1 0.771875 0.67890625 0.109375 0.11015625
1 0.7703125 0.79765625 0.109375 0.11015625
1 0.771875 0.90546875 0.109375 0.1109375
1 0.8703125 0.4078125 0.11015625 0.11015625
1 0.86796875 0.51875 0.11015625 0.11015625
1 0.86171875 0.62734375 0.11015625 0.11015625
1 0.86953125 0.73984375 0.11015625 0.11015625
1 0.87109375 0.8484375 0.109375 0.11015625
1 0.58515625 0.9171875 0.08515625 0.0859375