2 0.59921875 0.0890625 0.0734375 0.0734375
2 0.67265625 0.240625 0.0734375 0.07421875
2 0.85078125 0.9328125 0.0734375 0.07421875
2 0.96875 0.76640625 0.0609375 0.06171875
1 0.871875 0.3640625 0.0859375 0.0859375
1 0.8671875 0.475 0.109375 0.11015625
1 0.86953125 0.58125 0.11015625 0.11015625
1 0.86875 0.68125 0.109375 0.1109375
1 0.8578125 0.8234375 0.09765625 0.0984375
1 0.7734375 0.871875 0.09765625 0.0984375
1 0.78828125 0.75703125 0.0859375 0.0859375
1 0.77421875 0.41328125 0.08515625 0.08671875
1 0.78046875 0.5171875 0.09765625 0.09765625
1 0.7734375 0.64921875 0.09765625 0.0984375
1 0.671875 0.3578125 0.0859375 0.0859375
1 0.6734375 0.4703125 0.08515625 0.0859375
1 0.68046875 0.584375 0.09765625 0.09765625
1 0.684375 0.68671875 0.109375 0.11015625
1 0.69453125 0.82421875 0.08515625 0.0859375
1 0.6859375 0.91875 0.09765625 0.0984375
1 0.5875 0.87265625 0.11015625 0.11015625
1 0.590625 0.7453125 0.11015625 0.1109375
1 0.59296875 0.64375 0.109375 0.1109375
1 0.590625 0.528125 0.09765625 0.0984375
3 0.59140625 0.415625 0.0734375 0.07421875
1 0.49375 0.353125 0.08515625 0.0859375
1 0.490625 0.475 0.08515625 0.0859375
1 0.49296875 0.58359375 0.109375 0.11015625
1 0.49609375 0.6921875 0.09765625 0.0984375
1 0.5015625 0.815625 0.0859375 0.0859375
1 0.496875 0.9140625 0.109375 0.1109375
1 0.40703125 0.86015625 0.08515625 0.0859375
1 0.415625 0.75078125 0.08515625 0.0859375
1 0.41875 0.6390625 0.08515625 0.0859375
1 0.41875 0.5328125 0.09765625 0.0984375
1 0.4046875 0.428125 0.0859375 0.0859375
1 0.3109375 0.35703125 0.09765625 0.0984375
1 0.30625 0.48125 0.11015625 0.11015625
1 0.30703125 0.5875 0.11015625 0.11015625
1 0.3109375 0.696875 0.096875 0.0984375
1 0.31171875 0.80078125 0.08515625 0.0859375
1 0.3046875 0.91640625 0.09765625 0.0984375
1 0.21953125 0.8578125 0.08515625 0.08671875
1 0.1203125 0.91875 0.08515625 0.0859375
1 0.21953125 0.4265625 0.109375 0.11015625
1 0.21953125 0.5328125 0.09765625 0.0984375
1 0.21953125 0.64296875 0.11015625 0.11015625
1 0.2171875 0.75625 0.109375 0.11015625
3 0.59609375 0.2921875 0.0734375 0.07421875
3 0.59140625 0.184375 0.0734375 0.0734375
1 0.4984375 0.1421875 0.0859375 0.0859375
1 0.4984375 0.2578125 0.0859375 0.0859375
3 0.68671875 0.146875 0.0734375 0.07421875
1 0.8765625 0.246875 0.11015625 0.11015625
1 0.88203125 0.153125 0.109375 0.1109375
1 0.77734375 0.071875 0.0859375 0.0859375
1 0.78203125 0.1921875 0.0859375 0.0859375
1 0.78046875 0.2984375 0.08515625 0.0859375
1 0.41015625 0.1 0.0859375 0.0859375
1 0.4109375 0.1890625 0.0859375 0.0859375
1 0.30625 0.05625 0.09765625 0.0984375
1 0.31171875 0.1375 0.09765625 0.0984375
1 0.2125 0.2109375 0.08515625 0.0859375
1 0.2140625 0.30625 0.09765625 0.0984375
1 0.3109375 0.2515625 0.09765625 0.0984375
1 0.41484375 0.30234375 0.09765625 0.0984375
1 0.215625 0.103125 0.09765625 0.0984375
1 0.1234375 0.25390625 0.09765625 0.09765625
1 0.121875 0.1390625 0.09765625 0.0984375
1 0.1203125 0.4734375 0.11015625 0.11015625
1 0.121875 0.5953125 0.109375 0.11015625
1 0.121875 0.71015625 0.109375 0.11015625
1 0.1171875 0.80625 0.109375 0.11015625
1 0.12265625 0.3671875 0.08515625 0.0859375