2 0.5203125 0.30234375 0.0734375 0.0734375
2 0.59296875 0.453125 0.0734375 0.07421875
1 0.88359375 0.63828125 0.109375 0.11015625
1 0.89140625 0.73515625 0.11015625 0.11015625
1 0.8890625 0.85 0.109375 0.11015625
1 0.79296875 0.57734375 0.0859375 0.0859375
1 0.78828125 0.68828125 0.109375 0.11015625
1 0.790625 0.79453125 0.11015625 0.11015625
1 0.78984375 0.89453125 0.109375 0.1109375
1 0.69453125 0.6265625 0.08515625 0.08671875
1 0.7015625 0.73046875 0.09765625 0.09765625
1 0.69453125 0.86171875 0.09765625 0.0984375
1 0.59296875 0.5703125 0.0859375 0.0859375
1 0.59453125 0.68359375 0.08515625 0.0859375
1 0.6015625 0.796875 0.09765625 0.09765625
1 0.60546875 0.9 0.109375 0.11015625
1 0.5140625 0.85625 0.109375 0.1109375
1 0.51171875 0.740625 0.09765625 0.0984375
3 0.5125 0.62890625 0.0734375 0.07421875
1 0.41484375 0.56640625 0.08515625 0.0859375
1 0.41171875 0.6875 0.08515625 0.0859375
1 0.4140625 0.79609375 0.109375 0.11015625
1 0.4171875 0.9046875 0.09765625 0.0984375
1 0.3390625 0.8515625 0.08515625 0.0859375
1 0.33984375 0.7453125 0.09765625 0.0984375
1 0.325 0.640625 0.0859375 0.0859375
1 0.23125 0.56953125 0.09765625 0.0984375
1 0.22734375 0.69375 0.11015625 0.11015625
1 0.228125 0.8 0.11015625 0.11015625
1 0.23203125 0.909375 0.096875 0.0984375
1 0.140625 0.6390625 0.109375 0.11015625
1 0.140625 0.7453125 0.09765625 0.0984375
1 0.13984375 0.85625 0.11015625 0.11015625
3 0.5171875 0.5046875 0.0734375 0.07421875
3 0.5125 0.396875 0.0734375 0.0734375
1 0.41875 0.35546875 0.0859375 0.0859375
1 0.41875 0.4703125 0.0859375 0.0859375
3 0.6078125 0.359375 0.0734375 0.07421875
3 0.6078125 0.23984375 0.0734375 0.0734375
1 0.89453125 0.0875 0.109375 0.1109375
1 0.88984375 0.184375 0.09765625 0.0984375
1 0.89609375 0.30546875 0.11015625 0.11015625
1 0.890625 0.4078125 0.109375 0.11015625
1 0.79765625 0.459375 0.11015625 0.11015625
1 0.890625 0.5234375 0.0859375 0.0859375
1 0.803125 0.36640625 0.109375 0.1109375
1 0.78984375 0.24296875 0.109375 0.11015625
1 0.78984375 0.13046875 0.109375 0.11015625
1 0.7046875 0.07109375 0.09765625 0.0984375
1 0.13359375 0.0765625 0.0859375 0.0859375
1 0.6984375 0.28515625 0.0859375 0.0859375
1 0.703125 0.40546875 0.0859375 0.0859375
1 0.70078125 0.1859375 0.08515625 0.0859375
1 0.7015625 0.51171875 0.08515625 0.0859375
1 0.5140625 0.075 0.09765625 0.0984375
1 0.5203125 0.1953125 0.08515625 0.0859375
1 0.6046875 0.128125 0.08515625 0.0859375
1 0.4203125 0.13515625 0.11015625 0.11015625
1 0.42109375 0.25546875 0.11015625 0.11015625
1 0.33125 0.3125 0.0859375 0.0859375
1 0.33203125 0.40234375 0.0859375 0.0859375
1 0.33671875 0.20390625 0.08515625 0.0859375
1 0.3328125 0.07265625 0.11015625 0.11015625
1 0.225 0.16171875 0.11015625 0.11015625
1 0.22734375 0.26875 0.09765625 0.0984375
1 0.2328125 0.35 0.09765625 0.0984375
1 0.13359375 0.4234375 0.08515625 0.0859375
1 0.134375 0.51875 0.09765625 0.0984375
1 0.23125 0.4640625 0.09765625 0.0984375
1 0.3359375 0.51484375 0.09765625 0.0984375
1 0.13671875 0.315625 0.09765625 0.0984375
1 0.1390625 0.22265625 0.0859375 0.0859375
1 0.04453125 0.2515625 0.08515625 0.0859375
1 0.04375 0.5796875 0.08515625 0.0859375