1 0.059375 0.1109375 0.08515625 0.0859375
1 0.05625 0.221875 0.08515625 0.08671875
1 0.059375 0.32265625 0.09765625 0.0984375
1 0.165625 0.05234375 0.09765625 0.0984375
1 0.1703125 0.159375 0.109375 0.11015625
1 0.1703125 0.278125 0.11015625 0.11015625
1 0.165625 0.39375 0.11015625 0.11015625
1 0.2609375 0.1078125 0.109375 0.11015625
1 0.2609375 0.21953125 0.09765625 0.0984375
1 0.2578125 0.33359375 0.109375 0.11015625
1 0.35546875 0.0609375 0.09765625 0.09765625
1 0.35546875 0.171875 0.09765625 0.09765625
1 0.35390625 0.2796875 0.08515625 0.0859375
1 0.3546875 0.3921875 0.0859375 0.0859375
1 0.4546875 0.1171875 0.11015625 0.1109375
1 0.446875 0.22734375 0.11015625 0.1109375
1 0.45234375 0.33359375 0.11015625 0.11015625
1 0.54375 0.059375 0.0859375 0.0859375
1 0.55 0.1609375 0.109375 0.1109375
1 0.546875 0.2703125 0.109375 0.1109375
1 0.5421875 0.39375 0.11015625 0.11015625
1 0.6484375 0.11171875 0.109375 0.11015625
1 0.6421875 0.221875 0.109375 0.11015625
1 0.64140625 0.33671875 0.109375 0.1109375
1 0.7390625 0.0578125 0.11015625 0.11015625
1 0.73359375 0.16640625 0.09765625 0.0984375
1 0.7359375 0.2765625 0.08515625 0.0859375
1 0.7359375 0.38984375 0.09765625 0.09765625
1 0.82734375 0.1140625 0.09765625 0.0984375
1 0.8328125 0.22578125 0.11015625 0.11015625
1 0.825 0.3328125 0.11015625 0.11015625
1 0.925 0.06953125 0.109375 0.11015625
1 0.925 0.17265625 0.09765625 0.0984375
1 0.9296875 0.28828125 0.109375 0.11015625
1 0.92734375 0.39921875 0.11015625 0.11015625
1 0.91875 0.4953125 0.11015625 0.11015625
1 0.921875 0.6078125 0.09765625 0.09765625
1 0.9234375 0.71796875 0.11015625 0.1109375
1 0.9234375 0.83671875 0.11015625 0.11015625
1 0.8296875 0.4484375 0.11015625 0.11015625
1 0.83125 0.565625 0.11015625 0.1109375
1 0.821875 0.675 0.09765625 0.09765625
1 0.83203125 0.7921875 0.109375 0.11015625
1 0.73359375 0.5015625 0.109375 0.1109375
2 0.7328125 0.621875 0.0609375 0.06171875
1 0.728125 0.728125 0.109375 0.11015625
1 0.73046875 0.83828125 0.109375 0.11015625
1 0.6390625 0.44609375 0.109375 0.1109375
1 0.64140625 0.55625 0.109375 0.11015625
1 0.63359375 0.66484375 0.11015625 0.11015625
1 0.6375 0.784375 0.11015625 0.11015625
1 0.54453125 0.50234375 0.11015625 0.11015625
2 0.540625 0.60234375 0.06171875 0.06171875
1 0.54140625 0.7234375 0.11015625 0.11015625
1 0.540625 0.8390625 0.109375 0.11015625
2 0.45078125 0.4515625 0.06171875 0.06171875
2 0.44609375 0.56015625 0.06171875 0.06171875
1 0.446875 0.6703125 0.109375 0.11015625
1 0.44609375 0.78984375 0.109375 0.11015625
1 0.3578125 0.5015625 0.109375 0.11015625
1 0.3515625 0.6265625 0.0859375 0.0859375
1 0.3515625 0.72734375 0.109375 0.11015625
1 0.353125 0.83515625 0.09765625 0.0984375
1 0.259375 0.44375 0.109375 0.11015625
1 0.25625 0.55625 0.11015625 0.11015625
1 0.26015625 0.66640625 0.11015625 0.11015625
1 0.2609375 0.77890625 0.11015625 0.11015625
1 0.16328125 0.4953125 0.11015625 0.11015625
1 0.165625 0.6125 0.11015625 0.11015625
1 0.165625 0.7125 0.109375 0.11015625
1 0.1609375 0.82734375 0.109375 0.1109375
1 0.2640625 0.8859375 0.11015625 0.1109375
1 0.065625 0.42890625 0.09765625 0.0984375
1 0.07421875 0.5484375 0.109375 0.11015625
1 0.0734375 0.6625 0.109375 0.1109375
1 0.06953125 0.78046875 0.109375 0.1109375
1 0.0640625 0.8921875 0.109375 0.11015625
1 0.1515625 0.93671875 0.11015625 0.1109375
1 0.35625 0.9375 0.09765625 0.09765625
1 0.4515625 0.8890625 0.09765625 0.0984375
1 0.63203125 0.89375 0.11015625 0.11015625
1 0.83125 0.8890625 0.09765625 0.0984375