2 0.1296875 0.1375 0.0734375 0.07421875
2 0.2359375 0.3453125 0.0734375 0.07421875
3 0.8875 0.80859375 0.09765625 0.09765625
1 0.88203125 0.9125 0.09765625 0.0984375
1 0.7921875 0.8609375 0.11015625 0.11015625
1 0.696875 0.80390625 0.11015625 0.11015625
1 0.69921875 0.90703125 0.109375 0.1109375
1 0.52421875 0.78984375 0.11015625 0.1109375
1 0.515625 0.88984375 0.109375 0.11015625
1 0.40625 0.8484375 0.109375 0.11015625
1 0.3171875 0.80546875 0.09765625 0.0984375
1 0.3171875 0.89921875 0.11015625 0.11015625
1 0.8890625 0.70234375 0.109375 0.11015625
1 0.78125 0.7453125 0.109375 0.11015625
1 0.7953125 0.4140625 0.09765625 0.09765625
1 0.890625 0.134375 0.09765625 0.0984375
1 0.88984375 0.25546875 0.11015625 0.11015625
1 0.89140625 0.36875 0.109375 0.11015625
1 0.7984375 0.09296875 0.09765625 0.09765625
1 0.7921875 0.19140625 0.09765625 0.09765625
1 0.8 0.3046875 0.109375 0.1109375
1 0.70390625 0.1328125 0.109375 0.1109375
0 0.70390625 0.228125 0.09765625 0.0984375
1 0.7 0.3578125 0.109375 0.11015625
1 0.7 0.48515625 0.09765625 0.09765625
1 0.696875 0.684375 0.109375 0.1109375
1 0.61328125 0.53828125 0.09765625 0.0984375
1 0.61015625 0.4265625 0.11015625 0.1109375
1 0.6109375 0.303125 0.11015625 0.11015625
1 0.6078125 0.19296875 0.109375 0.11015625
1 0.6109375 0.08046875 0.109375 0.11015625
1 0.52265625 0.140625 0.09765625 0.09765625
1 0.525 0.2453125 0.09765625 0.0984375
1 0.5296875 0.3390625 0.09765625 0.0984375
1 0.525 0.47890625 0.109375 0.11015625
1 0.5296875 0.590625 0.109375 0.11015625
1 0.51484375 0.696875 0.11015625 0.1109375
1 0.4140625 0.740625 0.109375 0.1109375
1 0.415625 0.634375 0.11015625 0.1109375
1 0.415625 0.51875 0.08515625 0.0859375
1 0.42109375 0.29609375 0.09765625 0.0984375
1 0.4234375 0.19609375 0.109375 0.1109375
1 0.4171875 0.0890625 0.11015625 0.11015625
1 0.05546875 0.065625 0.0859375 0.08671875
1 0.05390625 0.178125 0.08515625 0.0859375
1 0.12421875 0.228125 0.0859375 0.0859375
1 0.04765625 0.321875 0.08515625 0.0859375
1 0.134375 0.378125 0.08515625 0.0859375
1 0.2390625 0.42265625 0.08515625 0.0859375
1 0.1375 0.7765625 0.0859375 0.0859375
1 0.23828125 0.52421875 0.09765625 0.0984375
1 0.1328125 0.58359375 0.09765625 0.0984375
1 0.13515625 0.68671875 0.08515625 0.0859375
1 0.0484375 0.43359375 0.0859375 0.0859375
1 0.13046875 0.4703125 0.08515625 0.0859375
1 0.3359375 0.68828125 0.09765625 0.0984375