2 0.94375 0.775 0.0734375 0.0734375
2 0.8453125 0.60625 0.06171875 0.06171875
2 0.93984375 0.6515625 0.06171875 0.06171875
2 0.66640625 0.6078125 0.06171875 0.06171875
1 0.0828125 0.6078125 0.0859375 0.0859375
1 0.0984375 0.725 0.08515625 0.0859375
1 0.09375 0.83203125 0.0859375 0.0859375
1 0.096875 0.93359375 0.08515625 0.0859375
1 0.1796875 0.6671875 0.09765625 0.09765625
1 0.1921875 0.77421875 0.09765625 0.09765625
1 0.18828125 0.8859375 0.109375 0.11015625
1 0.284375 0.7203125 0.11015625 0.1109375
1 0.28828125 0.8296875 0.11015625 0.1109375
1 0.28828125 0.9421875 0.109375 0.11015625
1 0.27890625 0.61015625 0.08515625 0.0859375
1 0.37890625 0.6671875 0.09765625 0.0984375
1 0.37890625 0.7734375 0.09765625 0.09765625
1 0.38203125 0.88203125 0.09765625 0.09765625
1 0.475 0.61953125 0.109375 0.11015625
1 0.47734375 0.725 0.09765625 0.0984375
1 0.4796875 0.82890625 0.09765625 0.0984375
1 0.4703125 0.94140625 0.109375 0.1109375
1 0.56875 0.66484375 0.09765625 0.0984375
1 0.5703125 0.76796875 0.09765625 0.0984375
1 0.571875 0.88359375 0.109375 0.11015625
1 0.6625 0.72109375 0.09765625 0.0984375
1 0.66484375 0.8265625 0.09765625 0.0984375
1 0.66328125 0.93828125 0.11015625 0.11015625
1 0.75703125 0.6609375 0.09765625 0.0984375
1 0.75859375 0.77578125 0.0859375 0.08671875
1 0.75546875 0.88671875 0.08515625 0.0859375
1 0.85078125 0.71953125 0.0859375 0.0859375
1 0.84765625 0.8296875 0.0859375 0.0859375
1 0.85 0.9390625 0.0734375 0.0734375
1 0.946875 0.89453125 0.0859375 0.0859375