1 0.8953125 0.1265625 0.09765625 0.0984375
1 0.89765625 0.24140625 0.09765625 0.0984375
1 0.80625 0.0765625 0.09765625 0.0984375
2 0.81484375 0.178125 0.06171875 0.06171875
1 0.71171875 0.240625 0.109375 0.11015625
2 0.71015625 0.04296875 0.0359375 0.0375
2 0.70625 0.13203125 0.0359375 0.0375
1 0.52578125 0.23828125 0.11015625 0.1109375
1 0.43984375 0.07421875 0.11015625 0.1109375
1 0.43984375 0.17890625 0.11015625 0.1109375
1 0.3375 0.1234375 0.109375 0.11015625
1 0.34453125 0.23515625 0.109375 0.11015625
1 0.2421875 0.06015625 0.09765625 0.0984375
1 0.23828125 0.171875 0.0859375 0.0859375
1 0.24296875 0.2859375 0.0859375 0.0859375
1 0.1421875 0.115625 0.0859375 0.0859375
1 0.14921875 0.2296875 0.08515625 0.08671875
1 0.0515625 0.06015625 0.09765625 0.0984375
1 0.0515625 0.17109375 0.08515625 0.08671875
1 0.04921875 0.284375 0.08515625 0.0859375
2 0.0515625 0.39375 0.0859375 0.0859375
1 0.0484375 0.5046875 0.0859375 0.0859375
1 0.14375 0.340625 0.11015625 0.11015625
1 0.1453125 0.45390625 0.11015625 0.11015625
1 0.153125 0.55703125 0.109375 0.11015625
1 0.14765625 0.6671875 0.109375 0.11015625
1 0.146875 0.78203125 0.109375 0.1109375
1 0.2453125 0.38828125 0.11015625 0.11015625
1 0.24375 0.503125 0.11015625 0.11015625
1 0.23828125 0.61171875 0.09765625 0.0984375
1 0.240625 0.721875 0.08515625 0.0859375
1 0.24140625 0.83515625 0.09765625 0.09765625
1 0.33984375 0.346875 0.109375 0.11015625
1 0.3421875 0.446875 0.109375 0.11015625
1 0.33203125 0.559375 0.09765625 0.0984375
1 0.3375 0.67109375 0.11015625 0.11015625
1 0.3296875 0.778125 0.11015625 0.11015625
1 0.4203125 0.290625 0.11015625 0.11015625
1 0.42890625 0.40703125 0.109375 0.11015625
1 0.4296875 0.51484375 0.109375 0.11015625
1 0.4296875 0.61796875 0.09765625 0.0984375
1 0.434375 0.73359375 0.109375 0.11015625
1 0.52109375 0.35078125 0.11015625 0.11015625
1 0.525 0.45546875 0.11015625 0.11015625
1 0.521875 0.5671875 0.11015625 0.11015625
1 0.5203125 0.678125 0.109375 0.11015625
1 0.521875 0.7875 0.109375 0.11015625
1 0.61328125 0.28515625 0.109375 0.1109375
1 0.6171875 0.39765625 0.109375 0.1109375
1 0.615625 0.50703125 0.09765625 0.0984375
1 0.62265625 0.61953125 0.11015625 0.11015625
1 0.61484375 0.72734375 0.11015625 0.11015625
1 0.71015625 0.35078125 0.109375 0.1109375
1 0.70703125 0.45625 0.109375 0.1109375
1 0.709375 0.5625 0.09765625 0.09765625
1 0.7078125 0.67109375 0.109375 0.11015625
1 0.7078125 0.79140625 0.09765625 0.0984375
1 0.80546875 0.29921875 0.09765625 0.0984375
1 0.8 0.39765625 0.11015625 0.1109375
1 0.8046875 0.5078125 0.109375 0.1109375
1 0.8015625 0.6203125 0.109375 0.1109375
1 0.80390625 0.73515625 0.109375 0.11015625
1 0.9015625 0.5671875 0.11015625 0.1109375
1 0.90390625 0.65 0.0734375 0.07421875
1 0.89375 0.78984375 0.09765625 0.09765625
1 0.9 0.8921875 0.09765625 0.0984375
1 0.803125 0.83828125 0.09765625 0.0984375
1 0.80390625 0.94765625 0.09765625 0.0984375
1 0.71328125 0.89765625 0.11015625 0.11015625
1 0.61640625 0.8453125 0.11015625 0.11015625
1 0.5234375 0.8953125 0.109375 0.11015625
1 0.43203125 0.84453125 0.11015625 0.11015625
1 0.4234375 0.940625 0.11015625 0.11015625
1 0.334375 0.89375 0.11015625 0.11015625
1 0.14375 0.89140625 0.109375 0.1109375