2 0.1984375 0.3640625 0.0734375 0.0734375
2 0.28828125 0.509375 0.0734375 0.07421875
2 0.28984375 0.4046875 0.0734375 0.0734375
2 0.38515625 0.44765625 0.0734375 0.0734375
2 0.1046875 0.4265625 0.08515625 0.0859375
2 0.20078125 0.459375 0.0734375 0.07421875
2 0.20546875 0.575 0.0734375 0.07421875
2 0.3890625 0.553125 0.0859375 0.0859375
2 0.2921875 0.6296875 0.0734375 0.07421875
2 0.76015625 0.49140625 0.0734375 0.07421875
2 0.74453125 0.38359375 0.0734375 0.07421875
2 0.575 0.81484375 0.0734375 0.0734375
2 0.56328125 0.7015625 0.0734375 0.0734375
2 0.759375 0.69296875 0.0734375 0.0734375
2 0.86171875 0.76328125 0.0734375 0.0734375
2 0.8640625 0.63828125 0.0734375 0.0734375
2 0.48125 0.7484375 0.0859375 0.0859375
2 0.76015625 0.5796875 0.0734375 0.0734375
2 0.85625 0.540625 0.0734375 0.07421875
2 0.475 0.6296875 0.0734375 0.0734375
1 0.19921875 0.071875 0.0859375 0.0859375
2 0.103125 0.3234375 0.0734375 0.07421875
1 0.11015625 0.5453125 0.0859375 0.0859375
1 0.1078125 0.6578125 0.09765625 0.09765625
1 0.1078125 0.76875 0.121875 0.1234375
2 0.196875 0.26640625 0.0609375 0.06171875
1 0.19921875 0.7078125 0.09765625 0.09765625
2 0.28515625 0.2984375 0.0609375 0.06171875
1 0.29921875 0.76875 0.08515625 0.0859375
2 0.3734375 0.25078125 0.06171875 0.06171875
2 0.37421875 0.3375 0.06171875 0.06171875
1 0.3921875 0.6890625 0.0859375 0.0859375
1 0.3921875 0.80546875 0.08515625 0.0859375
2 0.4796875 0.31796875 0.0484375 0.05
2 0.478125 0.42109375 0.0484375 0.05
2 0.48203125 0.53046875 0.0734375 0.0734375
2 0.55390625 0.28046875 0.0609375 0.06171875
2 0.5578125 0.378125 0.0609375 0.06171875
2 0.5578125 0.46328125 0.0609375 0.06171875
2 0.5671875 0.571875 0.06171875 0.06171875
2 0.6421875 0.3328125 0.06171875 0.06171875
2 0.65 0.43828125 0.0734375 0.0734375
2 0.66328125 0.52578125 0.0734375 0.0734375
2 0.66171875 0.6375 0.0734375 0.0734375
2 0.66484375 0.75859375 0.0734375 0.0734375
2 0.73203125 0.271875 0.06171875 0.06171875
1 0.775 0.80703125 0.0859375 0.08671875
1 0.85078125 0.4234375 0.0734375 0.07421875
1 0.96171875 0.9328125 0.0734375 0.0734375
1 0.86875 0.8765625 0.0859375 0.0859375
1 0.76875 0.934375 0.11015625 0.11015625
1 0.66875 0.87578125 0.08515625 0.08671875
1 0.5765625 0.92109375 0.0859375 0.0859375
1 0.4828125 0.871875 0.0734375 0.0734375
1 0.39375 0.9015625 0.08515625 0.0859375
1 0.3 0.8796875 0.09765625 0.09765625
1 0.20625 0.8234375 0.0859375 0.0859375
1 0.2 0.93125 0.109375 0.1109375
1 0.109375 0.871875 0.09765625 0.09765625