2 0.303125 0.1859375 0.0734375 0.07421875
1 0.94921875 0.75234375 0.09765625 0.0984375
1 0.86015625 0.70078125 0.11015625 0.11015625
1 0.859375 0.8078125 0.09765625 0.0984375
1 0.8515625 0.91875 0.09765625 0.09765625
1 0.7640625 0.64375 0.11015625 0.11015625
1 0.76640625 0.746875 0.109375 0.1109375
1 0.7625 0.86171875 0.09765625 0.0984375
1 0.6703125 0.81953125 0.109375 0.11015625
1 0.6671875 0.9078125 0.09765625 0.09765625
1 0.59140625 0.6296875 0.11015625 0.1109375
1 0.5828125 0.7296875 0.109375 0.11015625
1 0.5828125 0.87421875 0.109375 0.11015625
1 0.4734375 0.68828125 0.109375 0.11015625
1 0.4828125 0.915625 0.09765625 0.09765625
1 0.384375 0.6453125 0.09765625 0.0984375
2 0.31953125 0.8796875 0.0484375 0.05
1 0.384375 0.7390625 0.11015625 0.11015625
1 0.11015625 0.6796875 0.0859375 0.0859375
1 0.1125 0.7765625 0.09765625 0.09765625
1 0.8484375 0.58515625 0.109375 0.11015625
1 0.8625 0.25390625 0.09765625 0.09765625
1 0.8671875 0.14453125 0.109375 0.1109375
0 0.771875 0.06796875 0.09765625 0.0984375
1 0.7671875 0.19765625 0.109375 0.11015625
1 0.7671875 0.325 0.09765625 0.09765625
1 0.76484375 0.52421875 0.109375 0.1109375
1 0.68046875 0.378125 0.09765625 0.0984375
1 0.67734375 0.26640625 0.11015625 0.1109375
1 0.678125 0.14296875 0.11015625 0.11015625
1 0.59296875 0.08515625 0.09765625 0.0984375
1 0.596875 0.17890625 0.09765625 0.0984375
1 0.59296875 0.31875 0.109375 0.11015625
1 0.596875 0.43046875 0.109375 0.11015625
1 0.5828125 0.5375 0.11015625 0.1109375
1 0.48125 0.5796875 0.109375 0.1109375
1 0.4828125 0.475 0.11015625 0.1109375
1 0.4828125 0.35859375 0.08515625 0.0859375
1 0.48828125 0.1359375 0.09765625 0.0984375
1 0.19140625 0.06875 0.0859375 0.0859375
1 0.11484375 0.1625 0.08515625 0.0859375
1 0.2015625 0.21796875 0.08515625 0.0859375
1 0.30625 0.2625 0.08515625 0.0859375
1 0.2046875 0.61640625 0.0859375 0.0859375
1 0.1078125 0.57265625 0.11015625 0.11015625
1 0.1125 0.46796875 0.09765625 0.09765625
1 0.11640625 0.37421875 0.09765625 0.09765625
1 0.30546875 0.3640625 0.09765625 0.0984375
1 0.2 0.4234375 0.09765625 0.0984375
1 0.20234375 0.5265625 0.08515625 0.0859375
1 0.11640625 0.2734375 0.0859375 0.0859375
1 0.19765625 0.3109375 0.08515625 0.0859375
1 0.403125 0.528125 0.09765625 0.0984375