2 0.6921875 0.071875 0.0859375 0.08671875
2 0.20625 0.23515625 0.0734375 0.07421875
1 0.8734375 0.0671875 0.08515625 0.0859375
2 0.5953125 0.028125 0.02421875 0.02421875
2 0.49921875 0.06171875 0.02421875 0.02421875
2 0.4953125 0.17109375 0.02421875 0.02421875
2 0.4984375 0.253125 0.02421875 0.02421875
2 0.59609375 0.11484375 0.02421875 0.02421875
2 0.5890625 0.221875 0.02421875 0.02421875
2 0.6890625 0.253125 0.0375 0.0375
1 0.68671875 0.1703125 0.109375 0.11015625
1 0.79609375 0.1140625 0.0859375 0.0859375
1 0.79609375 0.2234375 0.0734375 0.0734375
1 0.8765625 0.1734375 0.09765625 0.0984375
2 0.86796875 0.28828125 0.06171875 0.06171875
1 0.2125 0.128125 0.09765625 0.09765625
1 0.11171875 0.07578125 0.11015625 0.11015625
1 0.1125 0.18515625 0.09765625 0.0984375
1 0.1171875 0.4609375 0.0859375 0.0859375
1 0.11796875 0.56484375 0.09765625 0.0984375
1 0.1203125 0.678125 0.09765625 0.0984375
1 0.1171875 0.79140625 0.09765625 0.0984375
1 0.11796875 0.90546875 0.121875 0.121875
2 0.215625 0.4125 0.0359375 0.0375
1 0.215625 0.5109375 0.09765625 0.09765625
1 0.21484375 0.61953125 0.109375 0.11015625
1 0.2125 0.740625 0.121875 0.1234375
1 0.21796875 0.85 0.109375 0.11015625
1 0.3109375 0.46953125 0.08515625 0.0859375
1 0.30859375 0.5671875 0.09765625 0.09765625
1 0.30703125 0.68359375 0.11015625 0.1109375
1 0.303125 0.79609375 0.121875 0.1234375
1 0.30546875 0.89765625 0.109375 0.11015625
2 0.4109375 0.41640625 0.0609375 0.06171875
1 0.403125 0.51484375 0.0859375 0.0859375
1 0.4046875 0.62578125 0.11015625 0.1109375
1 0.396875 0.7390625 0.121875 0.1234375
1 0.396875 0.846875 0.11015625 0.11015625
1 0.5 0.46484375 0.0859375 0.0859375
1 0.4921875 0.575 0.09765625 0.0984375
1 0.5015625 0.68515625 0.109375 0.11015625
1 0.49921875 0.796875 0.121875 0.1234375
2 0.4984375 0.90859375 0.06171875 0.06171875
2 0.596875 0.4234375 0.06171875 0.06171875
1 0.59375 0.5171875 0.09765625 0.0984375
1 0.5984375 0.63203125 0.121875 0.1234375
1 0.590625 0.740625 0.109375 0.11015625
1 0.59453125 0.85546875 0.121875 0.1234375
1 0.69140625 0.46640625 0.09765625 0.0984375
1 0.68671875 0.57578125 0.11015625 0.11015625
1 0.67890625 0.6796875 0.121875 0.1234375
1 0.68828125 0.80234375 0.11015625 0.11015625
1 0.6890625 0.90546875 0.121875 0.1234375
2 0.78125 0.43359375 0.0484375 0.0484375
1 0.778125 0.51875 0.09765625 0.0984375
1 0.778125 0.634375 0.121875 0.121875
1 0.78203125 0.740625 0.121875 0.1234375
1 0.78046875 0.85703125 0.11015625 0.11015625
1 0.86640625 0.46640625 0.0734375 0.0734375
1 0.87109375 0.57890625 0.109375 0.11015625
1 0.871875 0.68828125 0.109375 0.11015625
1 0.871875 0.79609375 0.0859375 0.0859375
1 0.87734375 0.909375 0.11015625 0.11015625