2 0.58515625 0.88359375 0.0734375 0.07421875
2 0.30625 0.6375 0.0734375 0.0734375
1 0.11796875 0.1828125 0.09765625 0.09765625
1 0.121875 0.071875 0.09765625 0.0984375
1 0.209375 0.1265625 0.09765625 0.0984375
1 0.29921875 0.1890625 0.08515625 0.0859375
1 0.3046875 0.0609375 0.0859375 0.0859375
1 0.39765625 0.1265625 0.0859375 0.0859375
1 0.48671875 0.075 0.11015625 0.11015625
1 0.48515625 0.18828125 0.09765625 0.0984375
1 0.5859375 0.1203125 0.09765625 0.0984375
1 0.678125 0.07109375 0.09765625 0.09765625
1 0.68125 0.17109375 0.109375 0.11015625
1 0.78046875 0.128125 0.09765625 0.0984375
1 0.878125 0.08515625 0.09765625 0.0984375
1 0.87421875 0.1859375 0.08515625 0.0859375
3 0.49140625 0.721875 0.0859375 0.08671875
1 0.49140625 0.6109375 0.0859375 0.0859375
2 0.39765625 0.665625 0.0734375 0.07421875
2 0.4015625 0.771875 0.0734375 0.07421875
1 0.20546875 0.67265625 0.08515625 0.0859375
1 0.1125 0.63203125 0.09765625 0.09765625
1 0.103125 0.73515625 0.109375 0.11015625
1 0.11640625 0.8390625 0.109375 0.1109375
1 0.209375 0.9015625 0.08515625 0.0859375
1 0.20390625 0.775 0.109375 0.11015625
1 0.30234375 0.73515625 0.08515625 0.0859375
1 0.30078125 0.83515625 0.09765625 0.09765625
1 0.3921875 0.8703125 0.09765625 0.0984375
1 0.48984375 0.928125 0.08515625 0.0859375
1 0.86328125 0.628125 0.09765625 0.0984375
1 0.8703125 0.73359375 0.09765625 0.0984375
1 0.86484375 0.84609375 0.11015625 0.11015625
1 0.7703125 0.9046875 0.109375 0.1109375
1 0.7796875 0.7703125 0.09765625 0.09765625
1 0.77421875 0.66875 0.109375 0.1109375
1 0.67890625 0.621875 0.109375 0.1109375
1 0.684375 0.7296875 0.11015625 0.11015625
1 0.68125 0.87421875 0.11015625 0.11015625
1 0.584375 0.678125 0.08515625 0.0859375
1 0.875 0.50859375 0.09765625 0.09765625
1 0.8671875 0.29375 0.09765625 0.09765625
1 0.871875 0.40703125 0.09765625 0.09765625
1 0.78046875 0.24375 0.09765625 0.09765625
1 0.78046875 0.35859375 0.09765625 0.09765625
1 0.77265625 0.46875 0.09765625 0.09765625
1 0.771875 0.56953125 0.11015625 0.11015625
1 0.68359375 0.51875 0.09765625 0.0984375
1 0.68125 0.40703125 0.11015625 0.11015625
1 0.68125 0.284375 0.11015625 0.1109375
3 0.58984375 0.3484375 0.0859375 0.0859375
1 0.58671875 0.21484375 0.09765625 0.09765625
1 0.49375 0.2921875 0.109375 0.11015625
1 0.49296875 0.415625 0.09765625 0.0984375
1 0.49296875 0.51015625 0.08515625 0.08671875
1 0.40390625 0.58203125 0.08515625 0.0859375
1 0.39765625 0.45859375 0.11015625 0.11015625
1 0.39921875 0.34921875 0.11015625 0.11015625
1 0.39921875 0.2390625 0.09765625 0.0984375
1 0.3 0.29765625 0.09765625 0.0984375
1 0.3015625 0.4078125 0.09765625 0.0984375
1 0.30078125 0.51171875 0.0859375 0.0859375
1 0.203125 0.56953125 0.109375 0.11015625
1 0.20625 0.465625 0.09765625 0.0984375
1 0.20625 0.34765625 0.0859375 0.0859375
1 0.2046875 0.24140625 0.0859375 0.0859375
1 0.1140625 0.2875 0.09765625 0.0984375
1 0.1109375 0.3953125 0.09765625 0.0984375
1 0.1171875 0.50078125 0.09765625 0.09765625
1 0.58984375 0.47109375 0.109375 0.11015625
1 0.58515625 0.56171875 0.109375 0.11015625