1 0.0796875 0.13046875 0.109375 0.11015625
1 0.07890625 0.24375 0.109375 0.11015625
1 0.08671875 0.3546875 0.109375 0.11015625
1 0.1796875 0.08046875 0.09765625 0.0984375
1 0.1796875 0.1921875 0.109375 0.11015625
1 0.1828125 0.2984375 0.09765625 0.0984375
1 0.18359375 0.4109375 0.109375 0.11015625
1 0.27890625 0.12734375 0.11015625 0.11015625
1 0.27421875 0.24140625 0.11015625 0.11015625
1 0.278125 0.3609375 0.11015625 0.11015625
1 0.28046875 0.46640625 0.109375 0.11015625
1 0.37890625 0.0828125 0.0859375 0.0859375
1 0.38203125 0.184375 0.08515625 0.0859375
1 0.37734375 0.29609375 0.08515625 0.0859375
1 0.378125 0.409375 0.08515625 0.0859375
1 0.4734375 0.1375 0.109375 0.11015625
1 0.471875 0.24296875 0.109375 0.11015625
1 0.4734375 0.3578125 0.09765625 0.0984375
1 0.47109375 0.46640625 0.11015625 0.11015625
1 0.5734375 0.08125 0.11015625 0.1109375
1 0.5734375 0.19296875 0.109375 0.11015625
1 0.56953125 0.2953125 0.09765625 0.0984375
1 0.571875 0.41171875 0.109375 0.11015625
1 0.6671875 0.1328125 0.09765625 0.09765625
1 0.66875 0.24140625 0.11015625 0.1109375
1 0.66875 0.35078125 0.09765625 0.0984375
1 0.76484375 0.0796875 0.09765625 0.0984375
1 0.75625 0.1921875 0.109375 0.1109375
1 0.75859375 0.296875 0.11015625 0.1109375
1 0.76640625 0.39375 0.11015625 0.1109375
1 0.8578125 0.134375 0.109375 0.11015625
1 0.8546875 0.24140625 0.09765625 0.09765625
1 0.85625 0.35546875 0.09765625 0.09765625
1 0.95 0.07734375 0.09765625 0.0984375
1 0.9484375 0.29609375 0.09765625 0.0984375
1 0.946875 0.5203125 0.09765625 0.09765625
1 0.9515625 0.7390625 0.08515625 0.0859375
1 0.853125 0.4625 0.09765625 0.09765625
1 0.853125 0.5734375 0.09765625 0.0984375
1 0.85625 0.684375 0.08515625 0.0859375
1 0.8546875 0.79609375 0.09765625 0.0984375
1 0.8546875 0.9109375 0.09765625 0.0984375
1 0.76015625 0.521875 0.11015625 0.11015625
1 0.7625 0.6296875 0.11015625 0.11015625
1 0.75859375 0.740625 0.0859375 0.0859375
1 0.7609375 0.84921875 0.09765625 0.0984375
1 0.6625 0.46328125 0.09765625 0.0984375
1 0.659375 0.57265625 0.09765625 0.0984375
1 0.66796875 0.6859375 0.09765625 0.0984375
1 0.66875 0.79375 0.09765625 0.0984375
1 0.665625 0.9046875 0.09765625 0.0984375
1 0.56328125 0.525 0.109375 0.11015625
1 0.5625 0.6375 0.109375 0.11015625
1 0.565625 0.73984375 0.11015625 0.11015625
1 0.56171875 0.846875 0.11015625 0.11015625
1 0.4734375 0.57734375 0.11015625 0.11015625
1 0.4640625 0.68828125 0.11015625 0.11015625
1 0.4703125 0.80234375 0.11015625 0.11015625
1 0.46953125 0.9109375 0.109375 0.1109375
1 0.38125 0.5203125 0.09765625 0.0984375
1 0.38359375 0.628125 0.0859375 0.0859375
1 0.3734375 0.74140625 0.09765625 0.09765625
1 0.3765625 0.8578125 0.09765625 0.09765625
1 0.2796875 0.57890625 0.109375 0.11015625
1 0.28125 0.6828125 0.109375 0.1109375
1 0.2828125 0.796875 0.109375 0.1109375
1 0.278125 0.896875 0.11015625 0.1109375
1 0.18125 0.52265625 0.109375 0.11015625
1 0.1828125 0.63359375 0.11015625 0.1109375
1 0.18046875 0.74140625 0.11015625 0.1109375
1 0.18515625 0.8484375 0.11015625 0.11015625
1 0.08359375 0.4671875 0.11015625 0.1109375
1 0.08515625 0.57421875 0.11015625 0.1109375
1 0.0890625 0.6921875 0.11015625 0.11015625
1 0.09375 0.79609375 0.109375 0.11015625
2 0.08671875 0.89921875 0.0484375 0.0484375