2 0.21875 0.11328125 0.0859375 0.0859375
2 0.4125 0.11796875 0.0734375 0.0734375
2 0.40546875 0.33515625 0.08515625 0.0859375
2 0.4109375 0.4515625 0.0734375 0.0734375
2 0.50078125 0.2765625 0.0734375 0.0734375
2 0.50625 0.503125 0.08515625 0.0859375
2 0.49921875 0.39140625 0.06171875 0.06171875
2 0.503125 0.61875 0.0859375 0.0859375
2 0.50703125 0.17109375 0.0734375 0.0734375
0 0.12578125 0.06484375 0.0734375 0.0734375
1 0.3140625 0.0609375 0.08515625 0.0859375
1 0.3171875 0.17265625 0.0859375 0.08671875
1 0.1296875 0.16640625 0.09765625 0.0984375
1 0.503125 0.0609375 0.0859375 0.0859375
1 0.4046875 0.22578125 0.0734375 0.0734375
1 0.4078125 0.5578125 0.0859375 0.0859375
1 0.409375 0.66875 0.09765625 0.09765625
1 0.3125 0.2828125 0.0859375 0.0859375
1 0.30859375 0.3953125 0.09765625 0.0984375
1 0.31171875 0.503125 0.0859375 0.0859375
1 0.31171875 0.609375 0.09765625 0.09765625
1 0.215625 0.2296875 0.09765625 0.0984375
1 0.215625 0.3375 0.09765625 0.0984375
1 0.21796875 0.45234375 0.08515625 0.0859375
1 0.22109375 0.5609375 0.08515625 0.0859375
1 0.21953125 0.66484375 0.09765625 0.09765625
1 0.12421875 0.27890625 0.09765625 0.0984375
1 0.1265625 0.39140625 0.09765625 0.09765625
1 0.1234375 0.5109375 0.08515625 0.0859375
1 0.121875 0.61328125 0.09765625 0.09765625
1 0.1265625 0.72109375 0.09765625 0.0984375
1 0.1234375 0.83515625 0.0859375 0.0859375
1 0.12109375 0.9375 0.09765625 0.09765625
1 0.21953125 0.77265625 0.09765625 0.0984375
1 0.225 0.89140625 0.09765625 0.0984375
1 0.31328125 0.72421875 0.0859375 0.08671875
1 0.31328125 0.83125 0.09765625 0.0984375
1 0.3125 0.93984375 0.09765625 0.0984375
1 0.41328125 0.778125 0.09765625 0.0984375
1 0.40625 0.8859375 0.09765625 0.0984375
1 0.50234375 0.71796875 0.08515625 0.0859375
1 0.50234375 0.8296875 0.08515625 0.0859375
1 0.503125 0.94375 0.09765625 0.0984375