2 0.7671875 0.5890625 0.0734375 0.07421875
2 0.675 0.66953125 0.0734375 0.0734375
2 0.86796875 0.87578125 0.0734375 0.07421875
1 0.48671875 0.75 0.08515625 0.0859375
1 0.48203125 0.6453125 0.08515625 0.0859375
1 0.48203125 0.52734375 0.08515625 0.0859375
1 0.4 0.484375 0.0859375 0.0859375
1 0.29375 0.5359375 0.08515625 0.0859375
1 0.296875 0.62734375 0.0859375 0.08671875
1 0.39375 0.5859375 0.08515625 0.0859375
1 0.38984375 0.68359375 0.08515625 0.0859375
2 0.6703125 0.55546875 0.06171875 0.06171875
1 0.1109375 0.09921875 0.09765625 0.0984375
1 0.11015625 0.2109375 0.09765625 0.09765625
1 0.10859375 0.31796875 0.09765625 0.0984375
1 0.11640625 0.43125 0.109375 0.11015625
1 0.103125 0.5421875 0.09765625 0.0984375
1 0.1078125 0.6546875 0.09765625 0.0984375
1 0.10859375 0.76015625 0.09765625 0.0984375
1 0.2140625 0.7 0.09765625 0.09765625
1 0.2140625 0.59765625 0.08515625 0.0859375
1 0.20390625 0.48046875 0.109375 0.1109375
1 0.20390625 0.390625 0.109375 0.1109375
3 0.203125 0.16953125 0.09765625 0.0984375
1 0.20390625 0.265625 0.09765625 0.09765625
1 0.3015625 0.1046875 0.09765625 0.09765625
1 0.30546875 0.2125 0.09765625 0.0984375
1 0.30078125 0.32578125 0.09765625 0.0984375
1 0.2984375 0.415625 0.09765625 0.0984375
1 0.29765625 0.7625 0.09765625 0.09765625
1 0.390625 0.14921875 0.109375 0.11015625
1 0.3984375 0.259375 0.109375 0.11015625
1 0.39453125 0.36796875 0.09765625 0.0984375
1 0.49296875 0.1046875 0.08515625 0.0859375
1 0.48515625 0.20859375 0.11015625 0.11015625
1 0.49375 0.31640625 0.08515625 0.0859375
1 0.49375 0.39375 0.09765625 0.09765625
1 0.58203125 0.065625 0.09765625 0.0984375
1 0.5828125 0.15703125 0.0859375 0.0859375
1 0.590625 0.275 0.0859375 0.0859375
1 0.590625 0.371875 0.09765625 0.0984375
1 0.5828125 0.490625 0.0859375 0.0859375
1 0.57734375 0.59375 0.08515625 0.0859375
1 0.5796875 0.7234375 0.0859375 0.0859375
1 0.6890625 0.1109375 0.08515625 0.0859375
1 0.68515625 0.2125 0.11015625 0.1109375
1 0.68359375 0.31953125 0.109375 0.11015625
1 0.6828125 0.41953125 0.109375 0.11015625
1 0.7828125 0.48125 0.109375 0.11015625
1 0.78828125 0.37421875 0.11015625 0.11015625
1 0.7875 0.271875 0.109375 0.1109375
1 0.7859375 0.153125 0.09765625 0.09765625
1 0.87421875 0.09609375 0.109375 0.11015625
1 0.875 0.2015625 0.09765625 0.0984375
1 0.87421875 0.315625 0.109375 0.11015625
1 0.86796875 0.43046875 0.09765625 0.0984375
1 0.871875 0.53203125 0.109375 0.11015625
1 0.87109375 0.76640625 0.09765625 0.0984375
1 0.771875 0.93125 0.08515625 0.0859375
1 0.775 0.8234375 0.11015625 0.1109375
1 0.68359375 0.871875 0.09765625 0.09765625
1 0.3953125 0.8171875 0.08515625 0.0859375
1 0.38203125 0.925 0.11015625 0.11015625
1 0.2875 0.8640625 0.109375 0.11015625
1 0.2125 0.79921875 0.0859375 0.08671875
1 0.2140625 0.89765625 0.09765625 0.0984375
1 0.10078125 0.8796875 0.09765625 0.0984375