2 0.30234375 0.93828125 0.06171875 0.06171875
2 0.76484375 0.4234375 0.0734375 0.07421875
2 0.7671875 0.509375 0.0734375 0.07421875
2 0.96171875 0.275 0.0734375 0.07421875
2 0.68671875 0.47734375 0.0734375 0.0734375
2 0.8796875 0.6046875 0.0609375 0.06171875
2 0.68515625 0.575 0.0734375 0.0734375
1 0.50234375 0.94375 0.08515625 0.0859375
2 0.8828125 0.25703125 0.0609375 0.06171875
2 0.88203125 0.36015625 0.0734375 0.07421875
1 0.88515625 0.44609375 0.08515625 0.0859375
1 0.87578125 0.525 0.0859375 0.0859375
2 0.75078125 0.60859375 0.06171875 0.06171875
1 0.50390625 0.5625 0.0859375 0.0859375
1 0.88203125 0.128125 0.109375 0.11015625
1 0.78359375 0.07265625 0.11015625 0.11015625
1 0.7828125 0.17265625 0.109375 0.1109375
1 0.771875 0.31484375 0.09765625 0.0984375
1 0.6875 0.3625 0.09765625 0.0984375
1 0.70234375 0.2484375 0.0859375 0.0859375
1 0.6875 0.13984375 0.09765625 0.0984375
1 0.59453125 0.075 0.09765625 0.09765625
1 0.5984375 0.178125 0.109375 0.11015625
1 0.60859375 0.315625 0.08515625 0.0859375
1 0.6 0.409375 0.09765625 0.0984375
1 0.58671875 0.53046875 0.08515625 0.0859375
1 0.509375 0.4578125 0.11015625 0.11015625
1 0.5015625 0.3640625 0.11015625 0.11015625
1 0.5046875 0.2359375 0.11015625 0.1109375
1 0.50703125 0.134375 0.109375 0.1109375
1 0.40703125 0.075 0.109375 0.11015625
1 0.41015625 0.1828125 0.09765625 0.0984375
1 0.415625 0.30625 0.0859375 0.0859375
1 0.4109375 0.40546875 0.109375 0.1109375
1 0.4125 0.5125 0.09765625 0.0984375
1 0.40703125 0.6203125 0.08515625 0.0859375
1 0.33046875 0.57578125 0.08515625 0.08671875
1 0.3203125 0.4703125 0.0859375 0.0859375
1 0.32109375 0.3515625 0.08515625 0.0859375
1 0.3296875 0.2421875 0.08515625 0.0859375
1 0.3328125 0.1296875 0.08515625 0.0859375
1 0.22109375 0.07890625 0.11015625 0.11015625
1 0.225 0.18828125 0.096875 0.0984375
1 0.22578125 0.2921875 0.08515625 0.0859375
1 0.21875 0.4078125 0.09765625 0.0984375
1 0.215625 0.525 0.109375 0.11015625
1 0.22734375 0.62890625 0.09765625 0.09765625
1 0.13359375 0.34921875 0.08515625 0.08671875
1 0.13359375 0.134375 0.11015625 0.11015625
1 0.13125 0.24765625 0.109375 0.11015625
1 0.125 0.446875 0.09765625 0.0984375
1 0.13046875 0.565625 0.08515625 0.0859375