2 0.05625 0.2203125 0.0734375 0.07421875
2 0.14375 0.1609375 0.0734375 0.07421875
1 0.9171875 0.2875 0.109375 0.11015625
2 0.446875 0.60859375 0.0734375 0.0734375
2 0.35234375 0.56640625 0.0734375 0.07421875
1 0.915625 0.059375 0.11015625 0.1109375
1 0.91484375 0.171875 0.09765625 0.09765625
1 0.91953125 0.39296875 0.0734375 0.0734375
1 0.8140625 0.1234375 0.109375 0.11015625
1 0.81640625 0.23125 0.09765625 0.0984375
1 0.8203125 0.33515625 0.09765625 0.0984375
1 0.725 0.0578125 0.09765625 0.0984375
1 0.72578125 0.16875 0.09765625 0.0984375
1 0.72578125 0.275 0.09765625 0.0984375
2 0.728125 0.3875 0.0734375 0.0734375
1 0.6265625 0.10234375 0.09765625 0.0984375
1 0.62890625 0.225 0.09765625 0.0984375
1 0.62890625 0.334375 0.09765625 0.0984375
1 0.5375 0.053125 0.09765625 0.0984375
1 0.53125 0.15859375 0.09765625 0.0984375
1 0.53203125 0.278125 0.09765625 0.0984375
2 0.53671875 0.3796875 0.0734375 0.07421875
1 0.440625 0.10859375 0.09765625 0.0984375
1 0.4390625 0.2234375 0.09765625 0.0984375
1 0.4390625 0.328125 0.0859375 0.0859375
1 0.340625 0.05234375 0.09765625 0.0984375
1 0.33984375 0.165625 0.09765625 0.0984375
1 0.34609375 0.26953125 0.08515625 0.0859375
1 0.34296875 0.3765625 0.09765625 0.09765625
1 0.24296875 0.1046875 0.08515625 0.0859375
1 0.24453125 0.2140625 0.08515625 0.0859375
1 0.25078125 0.328125 0.09765625 0.09765625
1 0.15 0.0546875 0.08515625 0.0859375
1 0.15078125 0.2671875 0.0734375 0.07421875
2 0.146875 0.371875 0.0609375 0.06171875
1 0.0625 0.1046875 0.0859375 0.0859375
3 0.05703125 0.3078125 0.0734375 0.07421875
1 0.06015625 0.53046875 0.08515625 0.0859375
1 0.0609375 0.61328125 0.09765625 0.09765625
1 0.065625 0.8296875 0.109375 0.11015625
1 0.1515625 0.55546875 0.08515625 0.0859375
1 0.15390625 0.66796875 0.121875 0.1234375
1 0.165625 0.88203125 0.0859375 0.0859375
1 0.24609375 0.61875 0.09765625 0.09765625
1 0.2546875 0.72578125 0.121875 0.1234375
1 0.2546875 0.83515625 0.11015625 0.1109375
1 0.25234375 0.93671875 0.11015625 0.11015625
1 0.3421875 0.66171875 0.109375 0.11015625
1 0.346875 0.77421875 0.109375 0.1109375
1 0.34609375 0.88671875 0.121875 0.1234375
1 0.4421875 0.71953125 0.11015625 0.11015625
1 0.44453125 0.8296875 0.121875 0.1234375
2 0.53984375 0.5578125 0.06171875 0.06171875
1 0.53828125 0.66484375 0.09765625 0.0984375
1 0.5375 0.7765625 0.09765625 0.0984375
1 0.54375 0.8703125 0.09765625 0.09765625
1 0.6375 0.60703125 0.09765625 0.0984375
1 0.63203125 0.725 0.09765625 0.0984375
1 0.63125 0.82109375 0.121875 0.1234375
1 0.63046875 0.9375 0.121875 0.1234375
2 0.734375 0.55625 0.0609375 0.06171875
1 0.7265625 0.6625 0.09765625 0.0984375
1 0.7265625 0.771875 0.09765625 0.0984375
1 0.72890625 0.8890625 0.121875 0.1234375
1 0.8234375 0.61015625 0.08515625 0.0859375
1 0.81953125 0.71796875 0.09765625 0.0984375
1 0.82265625 0.8328125 0.121875 0.121875
1 0.82734375 0.93984375 0.09765625 0.0984375
2 0.915625 0.55703125 0.0609375 0.06171875
1 0.91875 0.66640625 0.09765625 0.0984375
1 0.9140625 0.77890625 0.09765625 0.0984375
1 0.91484375 0.88984375 0.09765625 0.0984375