2 0.19453125 0.49375 0.0734375 0.0734375
2 0.18828125 0.7109375 0.08515625 0.0859375
2 0.19296875 0.82734375 0.0734375 0.0734375
2 0.2828125 0.653125 0.0734375 0.0734375
2 0.28828125 0.87890625 0.08515625 0.0859375
2 0.28203125 0.7671875 0.06171875 0.06171875
2 0.28984375 0.54765625 0.0734375 0.0734375
1 0.09765625 0.1078125 0.09765625 0.09765625
1 0.09609375 0.215625 0.08515625 0.0859375
1 0.0953125 0.32890625 0.08515625 0.0859375
1 0.09609375 0.43671875 0.08515625 0.0859375
0 0.1890625 0.05 0.0734375 0.07421875
0 0.28203125 0.103125 0.0859375 0.0859375
0 0.2875 0.215625 0.0734375 0.07421875
1 0.19453125 0.16015625 0.09765625 0.09765625
1 0.19453125 0.271875 0.09765625 0.09765625
2 0.190625 0.38515625 0.06171875 0.06171875
1 0.1 0.5484375 0.0859375 0.08671875
1 0.284375 0.328125 0.0859375 0.0859375
1 0.28515625 0.43671875 0.0859375 0.0859375
1 0.18671875 0.60234375 0.0734375 0.0734375
1 0.190625 0.93359375 0.0859375 0.0859375
1 0.09453125 0.659375 0.0859375 0.0859375
1 0.090625 0.77109375 0.09765625 0.0984375
1 0.09375 0.87890625 0.0859375 0.0859375