2 0.12421875 0.94375 0.0734375 0.0734375
1 0.11796875 0.49609375 0.08515625 0.0859375
1 0.1234375 0.3671875 0.0859375 0.0859375
1 0.1234375 0.25703125 0.0859375 0.0859375
1 0.125 0.05078125 0.09765625 0.09765625
1 0.1234375 0.15078125 0.09765625 0.0984375
1 0.215625 0.43359375 0.0859375 0.0859375
1 0.2328125 0.32265625 0.09765625 0.0984375
1 0.2265625 0.2125 0.109375 0.11015625
1 0.22421875 0.1046875 0.08515625 0.0859375
1 0.31328125 0.0640625 0.09765625 0.0984375
1 0.31875 0.159375 0.09765625 0.09765625
1 0.3125 0.27109375 0.09765625 0.0984375
1 0.30546875 0.38125 0.11015625 0.11015625
1 0.30390625 0.49453125 0.09765625 0.0984375
1 0.4046875 0.42734375 0.09765625 0.0984375
1 0.4140625 0.3296875 0.09765625 0.0984375
1 0.4109375 0.2125 0.109375 0.11015625
1 0.40859375 0.11328125 0.08515625 0.0859375
1 0.50625 0.1609375 0.09765625 0.0984375
1 0.503125 0.27421875 0.09765625 0.0984375
1 0.49609375 0.378125 0.09765625 0.09765625
1 0.5 0.478125 0.109375 0.11015625
1 0.5984375 0.43515625 0.09765625 0.0984375
1 0.5984375 0.325 0.109375 0.11015625
1 0.596875 0.2234375 0.11015625 0.11015625
1 0.6 0.10859375 0.09765625 0.0984375
1 0.69140625 0.16484375 0.09765625 0.0984375
1 0.696875 0.2703125 0.09765625 0.0984375
1 0.69609375 0.3921875 0.09765625 0.0984375
1 0.69296875 0.4921875 0.08515625 0.0859375
1 0.7875 0.44296875 0.09765625 0.0984375
1 0.784375 0.32734375 0.11015625 0.11015625
1 0.78984375 0.2203125 0.109375 0.1109375
1 0.79375 0.11015625 0.09765625 0.0984375
1 0.8828125 0.05703125 0.09765625 0.0984375
1 0.890625 0.1703125 0.109375 0.11015625
1 0.878125 0.28203125 0.09765625 0.0984375
1 0.88203125 0.39375 0.09765625 0.0984375
1 0.8828125 0.49921875 0.09765625 0.0984375
1 0.309375 0.91796875 0.0859375 0.0859375
1 0.871875 0.940625 0.09765625 0.0984375
1 0.7796875 0.8921875 0.09765625 0.09765625
1 0.68125 0.93515625 0.09765625 0.0984375
1 0.496875 0.92890625 0.109375 0.1109375
1 0.88125 0.81171875 0.09765625 0.09765625
1 0.875 0.7046875 0.09765625 0.0984375
1 0.875 0.61875 0.09765625 0.0984375
1 0.78125 0.55234375 0.09765625 0.0984375
1 0.78046875 0.659375 0.109375 0.11015625
1 0.7796875 0.771875 0.09765625 0.09765625
1 0.69375 0.815625 0.09765625 0.09765625
1 0.6859375 0.60078125 0.09765625 0.09765625
1 0.690625 0.7140625 0.09765625 0.09765625
1 0.5984375 0.55078125 0.09765625 0.09765625
1 0.5984375 0.66484375 0.09765625 0.09765625
1 0.590625 0.775 0.09765625 0.09765625
1 0.590625 0.8765625 0.11015625 0.11015625
1 0.5015625 0.82578125 0.09765625 0.0984375
1 0.49921875 0.71328125 0.11015625 0.11015625
1 0.49921875 0.590625 0.11015625 0.1109375
3 0.4078125 0.65546875 0.0859375 0.0859375
1 0.40546875 0.521875 0.09765625 0.09765625
1 0.3125 0.59921875 0.109375 0.11015625
1 0.31171875 0.721875 0.09765625 0.0984375
1 0.3109375 0.8171875 0.08515625 0.08671875
1 0.221875 0.8890625 0.08515625 0.0859375
1 0.21640625 0.76484375 0.11015625 0.11015625
1 0.2171875 0.65546875 0.11015625 0.11015625
1 0.21796875 0.5453125 0.09765625 0.0984375
1 0.11796875 0.60390625 0.09765625 0.0984375
1 0.1203125 0.7140625 0.09765625 0.0984375
1 0.11875 0.81875 0.0859375 0.0859375
1 0.4078125 0.778125 0.109375 0.11015625
1 0.403125 0.86875 0.109375 0.11015625