2 0.53359375 0.096875 0.0734375 0.0734375
2 0.1609375 0.21171875 0.0734375 0.07421875
2 0.1453125 0.1046875 0.0734375 0.07421875
2 0.45390625 0.58671875 0.08515625 0.0859375
2 0.459375 0.48359375 0.08515625 0.0859375
2 0.159375 0.41328125 0.0734375 0.0734375
2 0.3703125 0.52734375 0.08515625 0.0859375
2 0.2625 0.48359375 0.0734375 0.0734375
2 0.2640625 0.35859375 0.0734375 0.0734375
2 0.1609375 0.3 0.0734375 0.0734375
2 0.25625 0.26171875 0.0734375 0.07421875
2 0.840625 0.81640625 0.0734375 0.07421875
2 0.0421875 0.053125 0.06171875 0.06171875
2 0.05 0.15859375 0.0734375 0.0734375
2 0.0640625 0.246875 0.0734375 0.0734375
2 0.06171875 0.3578125 0.0734375 0.0734375
2 0.06484375 0.47890625 0.0734375 0.0734375
1 0.17578125 0.528125 0.0859375 0.08671875
1 0.2515625 0.14453125 0.0734375 0.07421875
1 0.36796875 0.103125 0.11015625 0.1109375
1 0.3734375 0.2078125 0.11015625 0.1109375
1 0.36875 0.31328125 0.0734375 0.07421875
1 0.36640625 0.425 0.0734375 0.07421875
1 0.4578125 0.153125 0.09765625 0.09765625
1 0.45859375 0.2671875 0.0734375 0.07421875
1 0.45390625 0.36875 0.0734375 0.07421875
1 0.5578125 0.20234375 0.0734375 0.07421875
1 0.553125 0.31640625 0.09765625 0.09765625
1 0.55546875 0.428125 0.09765625 0.09765625
1 0.64765625 0.14921875 0.11015625 0.11015625
1 0.653125 0.26484375 0.11015625 0.11015625
1 0.646875 0.371875 0.11015625 0.11015625
1 0.646875 0.4875 0.109375 0.1109375
1 0.74921875 0.0921875 0.121875 0.121875
1 0.7515625 0.2078125 0.09765625 0.0984375
1 0.7421875 0.31953125 0.09765625 0.0984375
1 0.7421875 0.43828125 0.09765625 0.0984375
1 0.8328125 0.0484375 0.0859375 0.0859375
1 0.8375 0.1546875 0.09765625 0.0984375
1 0.8296875 0.26796875 0.09765625 0.0984375
1 0.834375 0.37578125 0.0859375 0.0859375
1 0.84375 0.4859375 0.09765625 0.0984375
1 0.7453125 0.54609375 0.09765625 0.09765625
1 0.92109375 0.1015625 0.08515625 0.0859375
1 0.9234375 0.2234375 0.08515625 0.0859375
1 0.928125 0.32265625 0.0859375 0.08671875
1 0.928125 0.43125 0.0859375 0.0859375
1 0.9265625 0.5484375 0.0859375 0.0859375
1 0.925 0.6515625 0.0859375 0.0859375
1 0.91484375 0.75859375 0.09765625 0.0984375
1 0.9203125 0.8796875 0.08515625 0.0859375
1 0.8390625 0.60390625 0.09765625 0.0984375
1 0.83671875 0.715625 0.08515625 0.0859375
2 0.83515625 0.9234375 0.0734375 0.07421875
1 0.74375 0.6515625 0.109375 0.11015625
1 0.7421875 0.7625 0.09765625 0.09765625
1 0.7390625 0.87578125 0.109375 0.1109375
1 0.64375 0.5953125 0.09765625 0.09765625
1 0.64921875 0.7109375 0.109375 0.1109375
1 0.64765625 0.81953125 0.11015625 0.1109375
1 0.6453125 0.9328125 0.11015625 0.11015625
1 0.5515625 0.54375 0.109375 0.1109375
1 0.55 0.6546875 0.11015625 0.1109375
1 0.54921875 0.76328125 0.11015625 0.11015625
1 0.54765625 0.87578125 0.11015625 0.11015625
1 0.4578125 0.6875 0.08515625 0.0859375
1 0.45234375 0.8046875 0.08515625 0.0859375
1 0.45234375 0.9265625 0.109375 0.11015625
1 0.36171875 0.65390625 0.0734375 0.0734375
1 0.3609375 0.759375 0.109375 0.11015625
1 0.36328125 0.8734375 0.109375 0.11015625
1 0.26953125 0.59765625 0.0859375 0.0859375
1 0.26484375 0.71328125 0.109375 0.11015625
1 0.26640625 0.81796875 0.11015625 0.11015625
1 0.26640625 0.9265625 0.08515625 0.0859375
1 0.16953125 0.6546875 0.11015625 0.11015625
1 0.16953125 0.76484375 0.11015625 0.11015625
1 0.17109375 0.878125 0.08515625 0.0859375
1 0.06875 0.59609375 0.08515625 0.08671875
1 0.0796875 0.7078125 0.09765625 0.0984375
1 0.07890625 0.81953125 0.0859375 0.0859375
1 0.0765625 0.92265625 0.121875 0.1234375