1 0.8234375 0.11171875 0.09765625 0.0984375
3 0.821875 0.21796875 0.11015625 0.11015625
1 0.91484375 0.05078125 0.0859375 0.0859375
1 0.93046875 0.16796875 0.08515625 0.0859375
1 0.72734375 0.06328125 0.11015625 0.11015625
1 0.72734375 0.16875 0.109375 0.11015625
1 0.63125 0.09921875 0.109375 0.11015625
1 0.62890625 0.21796875 0.109375 0.11015625
1 0.53515625 0.05234375 0.09765625 0.0984375
1 0.53515625 0.1609375 0.09765625 0.0984375
1 0.44453125 0.10703125 0.09765625 0.0984375
1 0.4421875 0.2203125 0.09765625 0.0984375
1 0.3421875 0.0640625 0.09765625 0.0984375
1 0.34765625 0.16953125 0.109375 0.11015625
1 0.25703125 0.11015625 0.09765625 0.0984375
1 0.25078125 0.2234375 0.109375 0.1109375
1 0.15859375 0.1640625 0.11015625 0.1109375
1 0.0671875 0.1015625 0.11015625 0.1109375
1 0.0671875 0.2203125 0.11015625 0.11015625
1 0.06796875 0.33046875 0.11015625 0.11015625
1 0.06953125 0.43984375 0.109375 0.11015625
1 0.0671875 0.54375 0.109375 0.11015625
1 0.165625 0.271875 0.11015625 0.1109375
1 0.1609375 0.38828125 0.11015625 0.11015625
1 0.1625 0.49140625 0.11015625 0.11015625
1 0.15703125 0.60390625 0.11015625 0.11015625
1 0.25859375 0.32890625 0.109375 0.1109375
1 0.25625 0.440625 0.109375 0.11015625
1 0.25390625 0.54921875 0.09765625 0.0984375
1 0.25625 0.665625 0.09765625 0.0984375
1 0.35 0.2703125 0.11015625 0.11015625
1 0.3484375 0.39140625 0.0859375 0.0859375
1 0.3484375 0.4984375 0.09765625 0.09765625
1 0.353125 0.60859375 0.09765625 0.0984375
1 0.44453125 0.32890625 0.11015625 0.11015625
1 0.44375 0.43359375 0.11015625 0.1109375
1 0.44453125 0.55546875 0.109375 0.1109375
1 0.440625 0.66171875 0.109375 0.11015625
1 0.5390625 0.27109375 0.109375 0.11015625
1 0.53671875 0.38828125 0.11015625 0.11015625
1 0.53828125 0.49453125 0.11015625 0.11015625
1 0.53984375 0.60546875 0.11015625 0.1109375
1 0.6265625 0.32265625 0.109375 0.11015625
1 0.62578125 0.4359375 0.109375 0.11015625
1 0.63359375 0.54765625 0.109375 0.11015625
1 0.7265625 0.27265625 0.09765625 0.0984375
1 0.7265625 0.384375 0.109375 0.11015625
1 0.7296875 0.490625 0.09765625 0.0984375
1 0.73046875 0.603125 0.109375 0.11015625
1 0.82578125 0.31953125 0.11015625 0.11015625
1 0.82109375 0.434375 0.11015625 0.11015625
1 0.825 0.553125 0.11015625 0.11015625
1 0.82734375 0.65859375 0.109375 0.11015625
1 0.92578125 0.275 0.0859375 0.0859375
1 0.92890625 0.3765625 0.08515625 0.0859375
1 0.92421875 0.48828125 0.08515625 0.0859375
1 0.925 0.6015625 0.08515625 0.0859375
1 0.928125 0.7125 0.09765625 0.0984375
1 0.93046875 0.8203125 0.0859375 0.0859375
1 0.9203125 0.93359375 0.09765625 0.09765625
1 0.8265625 0.77109375 0.109375 0.11015625
1 0.828125 0.875 0.109375 0.1109375
1 0.728125 0.715625 0.109375 0.11015625
1 0.7296875 0.8265625 0.11015625 0.1109375
1 0.72734375 0.93359375 0.11015625 0.1109375
1 0.63046875 0.659375 0.11015625 0.1109375
1 0.63203125 0.76640625 0.11015625 0.1109375
1 0.6359375 0.884375 0.11015625 0.11015625
1 0.5421875 0.72265625 0.11015625 0.1109375
1 0.540625 0.82734375 0.09765625 0.0984375
1 0.53828125 0.934375 0.109375 0.11015625
1 0.4453125 0.7703125 0.09765625 0.0984375
1 0.440625 0.88125 0.109375 0.11015625
1 0.3453125 0.7140625 0.109375 0.11015625
1 0.35078125 0.8296875 0.11015625 0.11015625
1 0.35078125 0.93984375 0.11015625 0.11015625
1 0.25625 0.7671875 0.09765625 0.0984375
1 0.2515625 0.87734375 0.11015625 0.11015625
1 0.1625 0.71796875 0.109375 0.11015625
1 0.159375 0.8265625 0.109375 0.11015625
1 0.1640625 0.9359375 0.109375 0.11015625
1 0.07109375 0.66484375 0.109375 0.11015625
1 0.0703125 0.77265625 0.09765625 0.0984375
1 0.071875 0.88828125 0.11015625 0.11015625