2 0.5375 0.76328125 0.06171875 0.06171875
2 0.26640625 0.81015625 0.06171875 0.06171875
2 0.46015625 0.91484375 0.0609375 0.06171875
2 0.82578125 0.82890625 0.0734375 0.07421875
2 0.54140625 0.8703125 0.0734375 0.07421875
2 0.92265625 0.30234375 0.0734375 0.0734375
2 0.9203125 0.4 0.0734375 0.0734375
3 0.8203125 0.94375 0.0484375 0.0484375
3 0.74375 0.8875 0.0609375 0.06171875
3 0.6421875 0.92265625 0.0359375 0.0359375
3 0.9171875 0.88125 0.06171875 0.06171875
1 0.7375 0.76875 0.08515625 0.0859375
1 0.63984375 0.81171875 0.0859375 0.0859375
2 0.45625 0.815625 0.0484375 0.0484375
1 0.35859375 0.86875 0.11015625 0.11015625
1 0.2671875 0.9125 0.11015625 0.11015625
1 0.17578125 0.85390625 0.109375 0.11015625
1 0.06875 0.90078125 0.109375 0.11015625
1 0.7390625 0.3875 0.0859375 0.0859375
1 0.92265625 0.18828125 0.09765625 0.0984375
1 0.9375 0.0734375 0.0859375 0.0859375
1 0.84453125 0.140625 0.08515625 0.0859375
1 0.83515625 0.23515625 0.09765625 0.0984375
1 0.821875 0.35546875 0.08515625 0.0859375
1 0.74453125 0.2828125 0.11015625 0.11015625
1 0.73671875 0.1890625 0.11015625 0.11015625
1 0.73984375 0.06171875 0.11015625 0.1109375
1 0.6515625 0.13203125 0.0859375 0.0859375
1 0.646875 0.23046875 0.109375 0.1109375
1 0.64765625 0.3375 0.09765625 0.0984375
1 0.6421875 0.4453125 0.08515625 0.0859375
1 0.565625 0.40078125 0.08515625 0.08671875
1 0.55546875 0.29609375 0.0859375 0.0859375
1 0.55625 0.1765625 0.08515625 0.0859375
1 0.56484375 0.0671875 0.08515625 0.0859375
1 0.46171875 0.1171875 0.08515625 0.0859375
1 0.45390625 0.2328125 0.09765625 0.0984375
1 0.4515625 0.35 0.109375 0.11015625
1 0.4625 0.45390625 0.09765625 0.09765625
1 0.36875 0.17421875 0.08515625 0.08671875
1 0.2703125 0.23515625 0.08515625 0.0859375
1 0.07734375 0.3375 0.08515625 0.0859375
1 0.36640625 0.07265625 0.109375 0.11015625
1 0.36015625 0.271875 0.09765625 0.0984375
1 0.365625 0.390625 0.08515625 0.0859375
1 0.2765625 0.43671875 0.0859375 0.0859375
1 0.271875 0.33671875 0.09765625 0.09765625
1 0.178125 0.39140625 0.08515625 0.0859375
1 0.17578125 0.28828125 0.09765625 0.0984375
1 0.178125 0.07265625 0.09765625 0.0984375
1 0.078125 0.1296875 0.09765625 0.09765625
1 0.26640625 0.12265625 0.109375 0.11015625