2 0.13828125 0.11640625 0.0734375 0.07421875
2 0.04609375 0.196875 0.0734375 0.0734375
2 0.2390625 0.403125 0.0734375 0.07421875
2 0.80703125 0.0609375 0.0734375 0.0734375
2 0.8953125 0.12890625 0.0734375 0.07421875
2 0.04140625 0.0828125 0.06171875 0.06171875
1 0.24296875 0.059375 0.109375 0.11015625
1 0.2421875 0.29375 0.09765625 0.0984375
1 0.42265625 0.0609375 0.0859375 0.0859375
1 0.3375 0.1140625 0.08515625 0.0859375
1 0.80546875 0.1796875 0.08515625 0.0859375
1 0.7140625 0.121875 0.09765625 0.09765625
1 0.7109375 0.23359375 0.09765625 0.0984375
1 0.615625 0.2875 0.09765625 0.09765625
1 0.6109375 0.17421875 0.09765625 0.0984375
1 0.521875 0.2375 0.09765625 0.0984375
1 0.4234375 0.2859375 0.09765625 0.0984375
1 0.896875 0.7875 0.109375 0.11015625
1 0.88984375 0.903125 0.11015625 0.1109375
1 0.8046875 0.8390625 0.109375 0.11015625
1 0.70234375 0.78828125 0.11015625 0.11015625
1 0.7078125 0.89765625 0.109375 0.11015625
1 0.5140625 0.78984375 0.11015625 0.11015625
1 0.61328125 0.83515625 0.109375 0.11015625
1 0.5125 0.89921875 0.09765625 0.0984375
1 0.42265625 0.940625 0.11015625 0.11015625
1 0.4234375 0.84296875 0.11015625 0.11015625
1 0.325 0.7984375 0.0859375 0.0859375
1 0.32890625 0.9078125 0.0859375 0.0859375
1 0.2375 0.940625 0.109375 0.1109375
1 0.2421875 0.86015625 0.09765625 0.0984375
1 0.15234375 0.8 0.0859375 0.0859375
1 0.13671875 0.90703125 0.09765625 0.0984375
1 0.896875 0.6765625 0.09765625 0.0984375
1 0.8953125 0.571875 0.11015625 0.11015625
1 0.8953125 0.45234375 0.09765625 0.0984375
1 0.89609375 0.34296875 0.11015625 0.1109375
1 0.89765625 0.2390625 0.09765625 0.09765625
1 0.80625 0.29296875 0.09765625 0.09765625
1 0.796875 0.384375 0.09765625 0.0984375
1 0.80078125 0.5140625 0.09765625 0.0984375
1 0.803125 0.61953125 0.109375 0.11015625
1 0.79609375 0.73671875 0.09765625 0.0984375
1 0.70703125 0.69296875 0.09765625 0.0984375
1 0.709375 0.565625 0.109375 0.11015625
1 0.703125 0.45859375 0.109375 0.11015625
1 0.71015625 0.34140625 0.109375 0.11015625
1 0.61640625 0.51796875 0.09765625 0.0984375
1 0.6125 0.61484375 0.11015625 0.11015625
1 0.609375 0.72734375 0.09765625 0.0984375
1 0.5234375 0.6765625 0.109375 0.11015625
1 0.5234375 0.56484375 0.09765625 0.0984375
1 0.5203125 0.4484375 0.08515625 0.0859375
1 0.5265625 0.3453125 0.09765625 0.0984375
1 0.425 0.40390625 0.09765625 0.0984375
1 0.4203125 0.6171875 0.09765625 0.09765625
1 0.42265625 0.721875 0.0859375 0.0859375
1 0.33125 0.6765625 0.08515625 0.0859375
1 0.32890625 0.55625 0.08515625 0.0859375
1 0.33515625 0.340625 0.0859375 0.0859375
1 0.23828125 0.50859375 0.09765625 0.09765625
1 0.23828125 0.61875 0.09765625 0.09765625
1 0.2375 0.73125 0.09765625 0.09765625
1 0.14453125 0.678125 0.09765625 0.0984375
1 0.1484375 0.565625 0.09765625 0.09765625
1 0.14296875 0.459375 0.08515625 0.0859375
1 0.14609375 0.35078125 0.11015625 0.1109375
1 0.0546875 0.39921875 0.09765625 0.09765625