2 0.4625 0.19921875 0.0734375 0.07421875
1 0.93828125 0.91875 0.109375 0.11015625
1 0.8375 0.8671875 0.109375 0.1109375
1 0.74296875 0.915625 0.109375 0.11015625
1 0.54296875 0.9125 0.0859375 0.0859375
1 0.34921875 0.92421875 0.11015625 0.11015625
1 0.16953125 0.9078125 0.11015625 0.1109375
1 0.93359375 0.821875 0.109375 0.11015625
1 0.9328125 0.696875 0.09765625 0.0984375
1 0.9328125 0.58671875 0.0859375 0.0859375
1 0.93359375 0.4796875 0.09765625 0.09765625
1 0.940625 0.3546875 0.109375 0.1109375
1 0.9453125 0.27421875 0.09765625 0.0984375
1 0.85546875 0.2140625 0.0859375 0.0859375
1 0.83984375 0.32109375 0.09765625 0.0984375
1 0.8421875 0.428125 0.09765625 0.0984375
1 0.84453125 0.53515625 0.09765625 0.09765625
1 0.84453125 0.65625 0.09765625 0.09765625
1 0.846875 0.7640625 0.09765625 0.0984375
1 0.7484375 0.1515625 0.09765625 0.09765625
1 0.75078125 0.26484375 0.09765625 0.09765625
1 0.74921875 0.365625 0.09765625 0.0984375
1 0.7453125 0.4734375 0.0859375 0.0859375
1 0.7515625 0.59375 0.09765625 0.09765625
1 0.74921875 0.71171875 0.109375 0.1109375
1 0.7453125 0.809375 0.09765625 0.09765625
1 0.646875 0.85625 0.0859375 0.0859375
1 0.6515625 0.75625 0.09765625 0.0984375
1 0.65234375 0.6375 0.09765625 0.09765625
1 0.6484375 0.103125 0.0859375 0.0859375
1 0.65 0.20234375 0.08515625 0.0859375
1 0.65234375 0.31640625 0.0859375 0.0859375
1 0.653125 0.42578125 0.0859375 0.0859375
1 0.653125 0.528125 0.0859375 0.0859375
1 0.55390625 0.14453125 0.08515625 0.0859375
1 0.55 0.246875 0.08515625 0.0859375
1 0.55 0.3625 0.08515625 0.0859375
1 0.5484375 0.47109375 0.109375 0.11015625
1 0.54765625 0.578125 0.08515625 0.0859375
1 0.54609375 0.69765625 0.09765625 0.0984375
1 0.55078125 0.81328125 0.109375 0.11015625
1 0.459375 0.8609375 0.109375 0.1109375
1 0.45546875 0.74921875 0.11015625 0.11015625
1 0.45546875 0.64140625 0.11015625 0.11015625
1 0.4546875 0.52578125 0.11015625 0.11015625
1 0.45546875 0.41328125 0.11015625 0.11015625
1 0.45703125 0.3015625 0.09765625 0.09765625
1 0.36796875 0.23828125 0.0859375 0.0859375
1 0.35234375 0.365625 0.09765625 0.0984375
1 0.35859375 0.475 0.09765625 0.0984375
1 0.3546875 0.584375 0.11015625 0.11015625
1 0.3609375 0.69609375 0.109375 0.11015625
1 0.35703125 0.8078125 0.11015625 0.11015625
1 0.2734375 0.8625 0.09765625 0.09765625
1 0.26953125 0.725 0.09765625 0.09765625
1 0.26640625 0.62578125 0.09765625 0.0984375
1 0.26640625 0.5359375 0.09765625 0.0984375
1 0.27265625 0.4125 0.09765625 0.0984375
1 0.17109375 0.8015625 0.09765625 0.0984375
1 0.17109375 0.6859375 0.08515625 0.0859375
1 0.171875 0.14296875 0.09765625 0.0984375
1 0.07890625 0.09453125 0.09765625 0.09765625
1 0.08125 0.190625 0.09765625 0.0984375
1 0.0765625 0.3078125 0.109375 0.11015625
1 0.0734375 0.41328125 0.109375 0.11015625
1 0.940625 0.1453125 0.09765625 0.09765625
1 0.84765625 0.0921875 0.09765625 0.0984375