2 0.5609375 0.35859375 0.0859375 0.08671875
2 0.075 0.52265625 0.0734375 0.07421875
1 0.9359375 0.12734375 0.11015625 0.11015625
1 0.9390625 0.2453125 0.11015625 0.1109375
1 0.93671875 0.35234375 0.0859375 0.0859375
1 0.840625 0.084375 0.0734375 0.07421875
1 0.84375 0.1828125 0.09765625 0.09765625
1 0.83671875 0.30078125 0.09765625 0.09765625
1 0.7484375 0.11796875 0.109375 0.1109375
1 0.74140625 0.2375 0.09765625 0.0984375
1 0.74140625 0.3546875 0.08515625 0.0859375
1 0.65546875 0.0625 0.08515625 0.0859375
1 0.65234375 0.18828125 0.09765625 0.0984375
1 0.66015625 0.29765625 0.09765625 0.0984375
1 0.5515625 0.14921875 0.08515625 0.0859375
1 0.5578125 0.253125 0.0859375 0.0859375
2 0.4671875 0.0953125 0.0375 0.0375
2 0.46953125 0.2015625 0.02421875 0.02421875
2 0.46328125 0.31484375 0.02421875 0.02421875
2 0.371875 0.1234375 0.02421875 0.02421875
2 0.371875 0.23359375 0.02421875 0.02421875
2 0.36796875 0.34921875 0.02421875 0.02421875
2 0.3640625 0.45859375 0.02421875 0.02421875
2 0.36640625 0.540625 0.02421875 0.02421875
2 0.4640625 0.4015625 0.02421875 0.02421875
2 0.4578125 0.509375 0.02421875 0.02421875
2 0.5578125 0.53984375 0.0375 0.0375
1 0.5546875 0.4578125 0.109375 0.11015625
1 0.6640625 0.4015625 0.0859375 0.0859375
1 0.66484375 0.51015625 0.0734375 0.0734375
1 0.7453125 0.46015625 0.09765625 0.0984375
2 0.7359375 0.57578125 0.06171875 0.06171875
1 0.83671875 0.40703125 0.09765625 0.0984375
1 0.8421875 0.5140625 0.09765625 0.0984375
1 0.9453125 0.4640625 0.09765625 0.09765625
1 0.08125 0.0890625 0.09765625 0.0984375
1 0.08515625 0.19296875 0.109375 0.11015625
1 0.0765625 0.30390625 0.09765625 0.09765625
1 0.08125 0.41484375 0.09765625 0.09765625
2 0.08359375 0.69921875 0.0359375 0.0375
1 0.084375 0.79765625 0.09765625 0.09765625
1 0.0828125 0.90703125 0.109375 0.11015625
1 0.17890625 0.75703125 0.08515625 0.0859375
1 0.1765625 0.8546875 0.09765625 0.09765625
2 0.2796875 0.70390625 0.0609375 0.06171875
1 0.271875 0.8015625 0.0859375 0.0859375
1 0.27265625 0.91328125 0.11015625 0.1109375
1 0.36796875 0.7515625 0.0859375 0.0859375
1 0.36015625 0.86171875 0.09765625 0.0984375
2 0.465625 0.71015625 0.06171875 0.06171875
1 0.46171875 0.80390625 0.09765625 0.0984375
1 0.46640625 0.91875 0.121875 0.1234375
1 0.559375 0.753125 0.09765625 0.0984375
1 0.55546875 0.8625 0.11015625 0.11015625
2 0.64921875 0.7203125 0.0484375 0.0484375
1 0.646875 0.80625 0.09765625 0.0984375
1 0.64609375 0.92109375 0.121875 0.121875
1 0.73515625 0.753125 0.0734375 0.0734375
1 0.7390625 0.865625 0.109375 0.11015625
1 0.8453125 0.80546875 0.121875 0.1234375
1 0.83359375 0.9140625 0.121875 0.1234375
1 0.9390625 0.75078125 0.0734375 0.07421875
1 0.94453125 0.86328125 0.09765625 0.09765625