2 0.27265625 0.7234375 0.0734375 0.07421875
2 0.2640625 0.60390625 0.0734375 0.0734375
2 0.45234375 0.834375 0.0734375 0.0734375
2 0.33828125 0.6765625 0.0734375 0.07421875
1 0.896875 0.89375 0.0859375 0.0859375
1 0.903125 0.7828125 0.09765625 0.0984375
1 0.9109375 0.67109375 0.09765625 0.09765625
1 0.90625 0.56171875 0.09765625 0.09765625
1 0.9078125 0.4578125 0.11015625 0.11015625
1 0.90625 0.3375 0.109375 0.1109375
1 0.9078125 0.23359375 0.11015625 0.11015625
1 0.82109375 0.17265625 0.09765625 0.0984375
1 0.82109375 0.28203125 0.109375 0.11015625
1 0.8234375 0.4 0.11015625 0.11015625
1 0.81875 0.5125 0.109375 0.11015625
1 0.81328125 0.61796875 0.11015625 0.11015625
1 0.81328125 0.7296875 0.11015625 0.1109375
1 0.80625 0.84296875 0.08515625 0.0859375
1 0.71796875 0.5515625 0.09765625 0.0984375
1 0.71875 0.34140625 0.09765625 0.0984375
1 0.72265625 0.2203125 0.09765625 0.09765625
1 0.62734375 0.2875 0.08515625 0.0859375
1 0.63125 0.3953125 0.109375 0.11015625
1 0.6203125 0.50703125 0.11015625 0.1109375
1 0.53125 0.440625 0.09765625 0.09765625
1 0.53046875 0.30234375 0.09765625 0.0984375
1 0.53046875 0.2125 0.109375 0.11015625
1 0.43828125 0.17265625 0.09765625 0.0984375
1 0.4421875 0.28984375 0.109375 0.11015625
1 0.44453125 0.4015625 0.08515625 0.0859375
2 0.33671875 0.76953125 0.0484375 0.0484375
2 0.16484375 0.22265625 0.0484375 0.0484375
1 0.340625 0.2359375 0.08515625 0.08671875
1 0.340625 0.33203125 0.08515625 0.0859375
1 0.353125 0.45703125 0.11015625 0.1109375
1 0.26015625 0.47890625 0.11015625 0.11015625
1 0.1609375 0.43359375 0.08515625 0.0859375
1 0.25234375 0.28125 0.08515625 0.0859375
2 0.25390625 0.3875 0.0484375 0.0484375
1 0.4578125 0.6453125 0.08515625 0.0859375
1 0.2640625 0.83671875 0.109375 0.11015625
1 0.165625 0.7875 0.11015625 0.11015625
1 0.16328125 0.66484375 0.109375 0.1109375
2 0.80234375 0.9484375 0.0359375 0.0375
1 0.45390625 0.94375 0.11015625 0.11015625
1 0.34609375 0.90859375 0.11015625 0.11015625
1 0.16484375 0.8796875 0.09765625 0.0984375
2 0.0703125 0.284375 0.0484375 0.0484375
1 0.0734375 0.390625 0.09765625 0.09765625
1 0.0640625 0.50234375 0.11015625 0.11015625
1 0.07421875 0.61640625 0.109375 0.11015625
1 0.0765625 0.7296875 0.11015625 0.11015625
1 0.07109375 0.8328125 0.0859375 0.0859375
1 0.075 0.9484375 0.09765625 0.0984375
2 0.1578125 0.33046875 0.0484375 0.05