2 0.42421875 0.41953125 0.0734375 0.0734375
2 0.49765625 0.5703125 0.0734375 0.07421875
1 0.88203125 0.6890625 0.11015625 0.11015625
1 0.8859375 0.7984375 0.11015625 0.11015625
1 0.88359375 0.9109375 0.09765625 0.0984375
1 0.78828125 0.75546875 0.109375 0.11015625
1 0.7953125 0.85234375 0.11015625 0.11015625
1 0.696875 0.69453125 0.0859375 0.0859375
1 0.6921875 0.80546875 0.109375 0.11015625
1 0.69453125 0.91171875 0.11015625 0.11015625
1 0.59921875 0.74375 0.08515625 0.08671875
1 0.60546875 0.84765625 0.09765625 0.09765625
1 0.496875 0.6875 0.0859375 0.0859375
1 0.4984375 0.80078125 0.08515625 0.0859375
1 0.50625 0.9140625 0.09765625 0.09765625
1 0.415625 0.8578125 0.09765625 0.0984375
3 0.41640625 0.74609375 0.0734375 0.07421875
1 0.31875 0.68359375 0.08515625 0.0859375
1 0.315625 0.8046875 0.08515625 0.0859375
1 0.31875 0.91328125 0.109375 0.11015625
1 0.24375 0.8625 0.09765625 0.0984375
1 0.2296875 0.7578125 0.0859375 0.0859375
1 0.1359375 0.68671875 0.09765625 0.0984375
1 0.13125 0.8109375 0.11015625 0.11015625
1 0.13203125 0.9171875 0.11015625 0.11015625
3 0.42109375 0.621875 0.0734375 0.07421875
3 0.41640625 0.5140625 0.0734375 0.0734375
1 0.3234375 0.47265625 0.0859375 0.0859375
1 0.3234375 0.5875 0.0859375 0.0859375
3 0.5125 0.4765625 0.0734375 0.07421875
3 0.5125 0.35703125 0.0734375 0.0734375
1 0.88671875 0.5828125 0.09765625 0.0984375
1 0.88125 0.47578125 0.11015625 0.1109375
1 0.8875 0.365625 0.09765625 0.09765625
1 0.89375 0.24921875 0.109375 0.11015625
1 0.8921875 0.14375 0.09765625 0.0984375
1 0.7890625 0.0875 0.09765625 0.09765625
1 0.7984375 0.2046875 0.109375 0.1109375
1 0.79375 0.3015625 0.09765625 0.0984375
1 0.8 0.42265625 0.11015625 0.11015625
1 0.7953125 0.525 0.109375 0.11015625
1 0.7015625 0.5765625 0.11015625 0.11015625
1 0.7953125 0.640625 0.0859375 0.0859375
1 0.70703125 0.48359375 0.109375 0.1109375
1 0.69453125 0.36015625 0.109375 0.11015625
1 0.69453125 0.24765625 0.109375 0.11015625
1 0.6984375 0.1375 0.109375 0.11015625
1 0.609375 0.18828125 0.09765625 0.0984375
1 0.60546875 0.07109375 0.0859375 0.08671875
1 0.5125 0.13671875 0.08515625 0.0859375
1 0.13125 0.05078125 0.0859375 0.0859375
1 0.60234375 0.40234375 0.0859375 0.0859375
1 0.6078125 0.52265625 0.0859375 0.0859375
1 0.6046875 0.303125 0.08515625 0.0859375
1 0.60625 0.62890625 0.08515625 0.0859375
1 0.4171875 0.0890625 0.09765625 0.09765625
1 0.41796875 0.1921875 0.09765625 0.0984375
1 0.42421875 0.3125 0.08515625 0.0859375
1 0.509375 0.2453125 0.08515625 0.0859375
1 0.3234375 0.1453125 0.11015625 0.11015625
1 0.325 0.25234375 0.11015625 0.11015625
1 0.32578125 0.37265625 0.11015625 0.11015625
1 0.23515625 0.4296875 0.0859375 0.0859375
1 0.2359375 0.51953125 0.0859375 0.0859375
1 0.240625 0.32109375 0.08515625 0.0859375
1 0.23671875 0.18984375 0.11015625 0.11015625
1 0.2328125 0.08828125 0.11015625 0.11015625
1 0.13359375 0.16796875 0.11015625 0.1109375
1 0.1296875 0.27890625 0.11015625 0.11015625
1 0.13203125 0.3859375 0.09765625 0.0984375
1 0.13671875 0.4671875 0.09765625 0.0984375
1 0.1359375 0.58125 0.09765625 0.0984375
1 0.240625 0.63203125 0.09765625 0.0984375