2 0.43671875 0.171875 0.08515625 0.0859375
2 0.4421875 0.28828125 0.0734375 0.0734375
2 0.53203125 0.1140625 0.0734375 0.0734375
2 0.5375 0.33984375 0.08515625 0.0859375
2 0.53046875 0.228125 0.06171875 0.06171875
2 0.534375 0.45625 0.0859375 0.0859375
1 0.4359375 0.06328125 0.0734375 0.0734375
1 0.4390625 0.39453125 0.0859375 0.0859375
1 0.440625 0.50625 0.09765625 0.09765625
1 0.34375 0.1203125 0.0859375 0.0859375
1 0.33984375 0.23203125 0.09765625 0.0984375
1 0.34296875 0.33984375 0.0859375 0.0859375
1 0.34296875 0.44609375 0.09765625 0.09765625
1 0.246875 0.0671875 0.09765625 0.0984375
1 0.246875 0.17421875 0.09765625 0.0984375
1 0.24921875 0.2890625 0.08515625 0.0859375
1 0.25234375 0.39765625 0.08515625 0.0859375
1 0.25078125 0.5015625 0.09765625 0.09765625
1 0.15546875 0.115625 0.09765625 0.0984375
1 0.1578125 0.228125 0.09765625 0.09765625
1 0.1546875 0.34765625 0.08515625 0.0859375
1 0.153125 0.45 0.09765625 0.09765625
1 0.065625 0.0609375 0.09765625 0.09765625
1 0.0625 0.18046875 0.0859375 0.0859375
1 0.06484375 0.2890625 0.0734375 0.07421875
1 0.06328125 0.39765625 0.0734375 0.07421875
1 0.05546875 0.509375 0.0734375 0.0734375
1 0.06015625 0.615625 0.0734375 0.07421875
1 0.05625 0.72734375 0.09765625 0.09765625
1 0.06171875 0.8390625 0.08515625 0.0859375
1 0.0609375 0.95 0.09765625 0.0984375
1 0.1578125 0.5578125 0.09765625 0.0984375
1 0.1546875 0.671875 0.0859375 0.0859375
1 0.15234375 0.77421875 0.09765625 0.09765625
1 0.153125 0.8890625 0.0859375 0.0859375
1 0.25078125 0.61015625 0.09765625 0.0984375
1 0.25625 0.728125 0.09765625 0.0984375
1 0.25859375 0.834375 0.09765625 0.09765625
1 0.34453125 0.5609375 0.0859375 0.08671875
1 0.34453125 0.66875 0.09765625 0.0984375
1 0.34375 0.7765625 0.09765625 0.0984375
1 0.34453125 0.90703125 0.09765625 0.0984375
1 0.44453125 0.61484375 0.09765625 0.0984375
1 0.4375 0.7234375 0.09765625 0.0984375
1 0.43671875 0.8375 0.0859375 0.0859375
1 0.43984375 0.946875 0.08515625 0.0859375
1 0.53359375 0.5546875 0.08515625 0.0859375
1 0.53359375 0.6671875 0.08515625 0.0859375
1 0.534375 0.78046875 0.09765625 0.0984375
1 0.5359375 0.8921875 0.0859375 0.0859375