1 0.746875 0.16875 0.109375 0.11015625
2 0.2765625 0.48984375 0.0734375 0.0734375
2 0.18203125 0.446875 0.0734375 0.07421875
2 0.92734375 0.26875 0.0734375 0.07421875
1 0.92890625 0.05 0.09765625 0.09765625
1 0.93359375 0.1609375 0.09765625 0.09765625
1 0.8328125 0.10859375 0.11015625 0.11015625
1 0.8328125 0.21796875 0.09765625 0.0984375
1 0.7453125 0.053125 0.09765625 0.09765625
1 0.74921875 0.27421875 0.0734375 0.0734375
1 0.646875 0.11171875 0.09765625 0.0984375
1 0.65 0.21640625 0.09765625 0.0984375
1 0.55546875 0.15546875 0.09765625 0.0984375
2 0.5578125 0.26796875 0.0734375 0.0734375
1 0.459375 0.10625 0.09765625 0.0984375
1 0.459375 0.215625 0.09765625 0.0984375
1 0.3625 0.15859375 0.09765625 0.0984375
2 0.36640625 0.2609375 0.0734375 0.07421875
1 0.26953125 0.10390625 0.09765625 0.0984375
1 0.26953125 0.209375 0.0859375 0.0859375
1 0.1765625 0.15 0.08515625 0.0859375
1 0.17265625 0.2578125 0.09765625 0.09765625
1 0.075 0.09453125 0.08515625 0.0859375
1 0.08125 0.209375 0.09765625 0.09765625
1 0.0765625 0.5 0.09765625 0.09765625
1 0.084375 0.60625 0.121875 0.1234375
1 0.084375 0.715625 0.11015625 0.1109375
1 0.0828125 0.81796875 0.11015625 0.11015625
1 0.07578125 0.9328125 0.11015625 0.11015625
1 0.171875 0.5421875 0.109375 0.11015625
1 0.1765625 0.65546875 0.109375 0.1109375
1 0.1765625 0.7671875 0.121875 0.1234375
1 0.17421875 0.88203125 0.11015625 0.11015625
1 0.271875 0.6 0.11015625 0.11015625
1 0.275 0.7109375 0.121875 0.1234375
1 0.27421875 0.8234375 0.121875 0.1234375
1 0.2796875 0.928125 0.109375 0.1109375
2 0.36953125 0.4390625 0.06171875 0.06171875
1 0.36796875 0.5453125 0.09765625 0.0984375
1 0.3671875 0.6578125 0.09765625 0.0984375
1 0.37421875 0.75078125 0.09765625 0.09765625
1 0.36796875 0.878125 0.121875 0.1234375
1 0.46796875 0.4875 0.09765625 0.0984375
1 0.46171875 0.60625 0.09765625 0.0984375
1 0.46171875 0.70234375 0.121875 0.1234375
1 0.46015625 0.81875 0.121875 0.1234375
1 0.46015625 0.93125 0.121875 0.1234375
2 0.5640625 0.43671875 0.0609375 0.06171875
1 0.55625 0.54375 0.09765625 0.0984375
1 0.55625 0.653125 0.09765625 0.0984375
1 0.559375 0.76953125 0.121875 0.1234375
1 0.55703125 0.884375 0.121875 0.1234375
1 0.65390625 0.49140625 0.08515625 0.0859375
1 0.64921875 0.59921875 0.09765625 0.0984375
1 0.653125 0.71328125 0.121875 0.121875
1 0.65703125 0.82109375 0.09765625 0.0984375
1 0.6515625 0.93125 0.121875 0.1234375
2 0.74609375 0.43828125 0.0609375 0.06171875
1 0.74921875 0.54765625 0.09765625 0.0984375
1 0.74375 0.659375 0.09765625 0.0984375
1 0.7453125 0.77109375 0.09765625 0.0984375
1 0.74921875 0.87265625 0.09765625 0.0984375
1 0.8375 0.49375 0.0859375 0.0859375
1 0.8390625 0.5984375 0.09765625 0.0984375
1 0.840625 0.71171875 0.09765625 0.0984375
1 0.8375 0.825 0.09765625 0.0984375
2 0.9359375 0.4453125 0.0359375 0.0375
1 0.93671875 0.54375 0.09765625 0.09765625
1 0.9359375 0.653125 0.109375 0.11015625
1 0.9328125 0.7734375 0.121875 0.1234375
1 0.93828125 0.88359375 0.109375 0.11015625