1 0.103125 0.13203125 0.08515625 0.0859375
1 0.11015625 0.2390625 0.09765625 0.09765625
1 0.10546875 0.34375 0.09765625 0.09765625
1 0.10078125 0.46015625 0.09765625 0.0984375
2 0.2 0.0734375 0.0734375 0.0734375
1 0.20234375 0.1859375 0.08515625 0.0859375
1 0.2015625 0.40234375 0.0734375 0.07421875
1 0.29375 0.1296875 0.09765625 0.0984375
1 0.2890625 0.24453125 0.09765625 0.0984375
1 0.2984375 0.35546875 0.09765625 0.09765625
1 0.30078125 0.465625 0.09765625 0.09765625
1 0.39140625 0.075 0.11015625 0.11015625
1 0.3921875 0.1890625 0.11015625 0.11015625
1 0.38671875 0.2953125 0.109375 0.11015625
1 0.3859375 0.41328125 0.109375 0.11015625
1 0.38671875 0.521875 0.109375 0.1109375
1 0.4828125 0.13515625 0.11015625 0.11015625
1 0.47734375 0.24375 0.11015625 0.11015625
1 0.48515625 0.35625 0.11015625 0.11015625
1 0.4859375 0.4640625 0.109375 0.11015625
1 0.58671875 0.0765625 0.109375 0.11015625
1 0.58671875 0.18515625 0.09765625 0.0984375
1 0.5828125 0.29765625 0.11015625 0.11015625
1 0.58515625 0.40859375 0.11015625 0.11015625
1 0.584375 0.52421875 0.11015625 0.11015625
1 0.68671875 0.14140625 0.109375 0.11015625
1 0.6796875 0.24453125 0.109375 0.11015625
1 0.6796875 0.3609375 0.109375 0.11015625
1 0.6765625 0.4640625 0.109375 0.11015625
1 0.77421875 0.07109375 0.09765625 0.09765625
1 0.77109375 0.18671875 0.11015625 0.11015625
1 0.77734375 0.30234375 0.109375 0.11015625
1 0.77265625 0.41328125 0.09765625 0.0984375
1 0.778125 0.52109375 0.109375 0.11015625
1 0.8703125 0.1296875 0.09765625 0.09765625
1 0.86640625 0.2375 0.11015625 0.11015625
1 0.86953125 0.3546875 0.11015625 0.11015625
1 0.86875 0.46953125 0.08515625 0.0859375
1 0.959375 0.07421875 0.0734375 0.07421875
1 0.86875 0.57578125 0.09765625 0.0984375
1 0.8671875 0.68203125 0.09765625 0.0984375
1 0.865625 0.7953125 0.09765625 0.0984375
1 0.8671875 0.903125 0.09765625 0.0984375
1 0.771875 0.63125 0.109375 0.11015625
1 0.77265625 0.746875 0.11015625 0.11015625
1 0.77734375 0.8484375 0.09765625 0.0984375
3 0.67109375 0.58359375 0.11015625 0.11015625
3 0.57578125 0.63125 0.11015625 0.11015625
1 0.6734375 0.68203125 0.11015625 0.11015625
1 0.6703125 0.79765625 0.11015625 0.11015625
1 0.6734375 0.91484375 0.11015625 0.1109375
1 0.575 0.75390625 0.0734375 0.07421875
1 0.578125 0.85234375 0.09765625 0.09765625
1 0.47578125 0.5765625 0.109375 0.11015625
1 0.478125 0.6875 0.109375 0.1109375
1 0.4828125 0.78828125 0.109375 0.1109375
1 0.47578125 0.9078125 0.09765625 0.0984375
1 0.38984375 0.625 0.109375 0.1109375
1 0.38984375 0.7328125 0.08515625 0.0859375
1 0.38671875 0.8578125 0.09765625 0.0984375
1 0.28984375 0.5921875 0.11015625 0.1109375
1 0.2921875 0.7 0.08515625 0.0859375
1 0.2859375 0.81953125 0.08515625 0.0859375
1 0.2921875 0.92265625 0.0859375 0.0859375
1 0.20078125 0.5328125 0.08515625 0.0859375
2 0.2078125 0.646875 0.02421875 0.02421875
2 0.2015625 0.765625 0.0375 0.0375
2 0.20390625 0.871875 0.02421875 0.02421875
2 0.19765625 0.98515625 0.02421875 0.02421875
2 0.10625 0.79375 0.02421875 0.02421875
2 0.10625 0.90390625 0.02421875 0.02421875
1 0.10859375 0.56875 0.09765625 0.0984375
1 0.10625 0.67421875 0.09765625 0.0984375