2 0.30703125 0.58515625 0.0734375 0.07421875
2 0.215625 0.665625 0.0734375 0.0734375
2 0.4078125 0.871875 0.0734375 0.07421875
2 0.21015625 0.5515625 0.06171875 0.06171875
1 0.121875 0.06171875 0.09765625 0.0984375
1 0.1234375 0.153125 0.0859375 0.0859375
1 0.13125 0.271875 0.0859375 0.0859375
1 0.13125 0.36796875 0.09765625 0.0984375
1 0.1234375 0.4859375 0.0859375 0.0859375
1 0.11796875 0.58984375 0.08515625 0.0859375
1 0.1203125 0.71953125 0.0859375 0.0859375
1 0.22890625 0.1078125 0.08515625 0.0859375
1 0.225 0.209375 0.11015625 0.1109375
1 0.2234375 0.315625 0.109375 0.11015625
1 0.22265625 0.415625 0.109375 0.11015625
1 0.3234375 0.47734375 0.109375 0.11015625
1 0.32890625 0.3703125 0.11015625 0.11015625
1 0.32734375 0.2671875 0.109375 0.1109375
1 0.3265625 0.14921875 0.09765625 0.09765625
1 0.4140625 0.0921875 0.109375 0.11015625
1 0.41484375 0.19765625 0.09765625 0.0984375
1 0.4140625 0.31171875 0.109375 0.11015625
1 0.4078125 0.4265625 0.09765625 0.0984375
1 0.4125 0.528125 0.109375 0.11015625
1 0.4109375 0.7625 0.09765625 0.0984375
1 0.5921875 0.5296875 0.0859375 0.0859375
1 0.50625 0.146875 0.0859375 0.0859375
1 0.50859375 0.26171875 0.08515625 0.0859375
1 0.5046875 0.38359375 0.08515625 0.0859375
1 0.50390625 0.49140625 0.09765625 0.0984375
1 0.50625 0.5828125 0.08515625 0.0859375
1 0.59765625 0.0953125 0.109375 0.11015625
1 0.59453125 0.1984375 0.09765625 0.0984375
1 0.59609375 0.30703125 0.11015625 0.11015625
1 0.596875 0.428125 0.08515625 0.0859375
1 0.6984375 0.15078125 0.109375 0.11015625
1 0.69140625 0.2546875 0.09765625 0.09765625
1 0.68671875 0.36640625 0.109375 0.11015625
1 0.69296875 0.4828125 0.11015625 0.11015625
1 0.79140625 0.09609375 0.11015625 0.11015625
1 0.7875 0.19921875 0.11015625 0.1109375
1 0.7796875 0.3078125 0.11015625 0.11015625
1 0.7828125 0.428125 0.109375 0.11015625
1 0.890625 0.14921875 0.0859375 0.0859375
1 0.89375 0.26640625 0.0859375 0.0859375
1 0.8890625 0.484375 0.08515625 0.0859375
1 0.8828125 0.590625 0.09765625 0.09765625
1 0.8796875 0.70234375 0.09765625 0.0984375
1 0.784375 0.75625 0.09765625 0.09765625
1 0.78046875 0.64296875 0.09765625 0.0984375
1 0.690625 0.70625 0.09765625 0.0984375
1 0.59296875 0.7546875 0.09765625 0.0984375
1 0.871875 0.92734375 0.109375 0.11015625
1 0.87890625 0.81015625 0.109375 0.11015625
1 0.6890625 0.9171875 0.08515625 0.0859375
1 0.6953125 0.8140625 0.09765625 0.0984375
1 0.59375 0.87265625 0.09765625 0.0984375
1 0.50390625 0.809375 0.0859375 0.0859375
1 0.31171875 0.928125 0.08515625 0.0859375
1 0.31484375 0.81953125 0.11015625 0.1109375
1 0.2234375 0.86796875 0.09765625 0.09765625