1 0.92890625 0.209375 0.09765625 0.0984375
1 0.08125 0.146875 0.11015625 0.11015625
1 0.0765625 0.25546875 0.09765625 0.0984375
1 0.07890625 0.365625 0.08515625 0.0859375
1 0.07890625 0.478125 0.09765625 0.09765625
1 0.1796875 0.090625 0.109375 0.11015625
1 0.1703125 0.20234375 0.09765625 0.0984375
1 0.175 0.31484375 0.11015625 0.11015625
1 0.1671875 0.42109375 0.11015625 0.11015625
1 0.2671875 0.15859375 0.109375 0.11015625
1 0.2671875 0.2609375 0.09765625 0.0984375
1 0.27265625 0.37734375 0.109375 0.11015625
1 0.3625 0.09921875 0.11015625 0.11015625
1 0.36015625 0.21015625 0.11015625 0.11015625
1 0.35859375 0.321875 0.109375 0.11015625
1 0.359375 0.43125 0.109375 0.11015625
1 0.453125 0.15078125 0.09765625 0.0984375
1 0.46015625 0.26328125 0.11015625 0.11015625
1 0.45234375 0.3703125 0.11015625 0.11015625
1 0.5453125 0.1 0.109375 0.1109375
1 0.546875 0.20625 0.09765625 0.09765625
1 0.54609375 0.31484375 0.109375 0.11015625
1 0.54609375 0.43515625 0.09765625 0.0984375
1 0.6421875 0.1515625 0.109375 0.1109375
1 0.63984375 0.2640625 0.109375 0.1109375
1 0.64140625 0.378125 0.109375 0.11015625
1 0.73984375 0.2109375 0.11015625 0.1109375
1 0.74140625 0.29375 0.0734375 0.07421875
1 0.73125 0.43359375 0.09765625 0.09765625
1 0.83125 0.2609375 0.09765625 0.09765625
1 0.828125 0.3703125 0.09765625 0.09765625
1 0.925 0.096875 0.109375 0.11015625
1 0.9296875 0.32265625 0.109375 0.11015625
1 0.92734375 0.4265625 0.11015625 0.1109375
1 0.92578125 0.540625 0.09765625 0.09765625
1 0.925 0.6484375 0.08515625 0.0859375
1 0.9265625 0.76796875 0.11015625 0.11015625
1 0.9265625 0.8734375 0.109375 0.11015625
1 0.82734375 0.46484375 0.11015625 0.1109375
1 0.8375 0.58515625 0.09765625 0.0984375
2 0.828125 0.70546875 0.0609375 0.06171875
1 0.8296875 0.80390625 0.109375 0.11015625
1 0.828125 0.9234375 0.109375 0.11015625
1 0.73828125 0.5359375 0.09765625 0.0984375
1 0.7421875 0.6515625 0.09765625 0.0984375
1 0.734375 0.75703125 0.09765625 0.0984375
1 0.734375 0.865625 0.09765625 0.0984375
1 0.640625 0.48203125 0.09765625 0.0984375
1 0.64140625 0.59140625 0.09765625 0.0984375
2 0.6421875 0.7078125 0.0734375 0.0734375
1 0.64375 0.81171875 0.09765625 0.0984375
1 0.64140625 0.925 0.09765625 0.0984375
1 0.5515625 0.54140625 0.11015625 0.11015625
1 0.54375 0.6390625 0.09765625 0.0984375
1 0.540625 0.76875 0.09765625 0.0984375
1 0.546875 0.87421875 0.109375 0.11015625
1 0.4546875 0.4890625 0.11015625 0.11015625
1 0.45625 0.596875 0.109375 0.11015625
1 0.45625 0.7140625 0.09765625 0.0984375
1 0.45625 0.81484375 0.09765625 0.0984375
1 0.45 0.92890625 0.109375 0.1109375
1 0.3609375 0.53828125 0.109375 0.11015625
1 0.3578125 0.64765625 0.109375 0.11015625
1 0.359375 0.75703125 0.109375 0.11015625
1 0.3578125 0.86875 0.11015625 0.1109375
1 0.2703125 0.4875 0.11015625 0.11015625
1 0.2609375 0.584375 0.11015625 0.11015625
1 0.26484375 0.69609375 0.09765625 0.09765625
1 0.26640625 0.80625 0.11015625 0.1109375
1 0.26640625 0.925 0.11015625 0.11015625
1 0.17265625 0.5375 0.11015625 0.11015625
1 0.17421875 0.6546875 0.11015625 0.1109375
1 0.16484375 0.7640625 0.09765625 0.09765625
1 0.175 0.88125 0.109375 0.11015625
1 0.0765625 0.590625 0.109375 0.1109375
2 0.075 0.71015625 0.0609375 0.06171875
1 0.07109375 0.8171875 0.109375 0.11015625
1 0.0734375 0.92734375 0.109375 0.11015625