2 0.596875 0.0875 0.0734375 0.07421875
2 0.4984375 0.70234375 0.0734375 0.07421875
2 0.40546875 0.64140625 0.0609375 0.06171875
2 0.69375 0.571875 0.0734375 0.07421875
1 0.87578125 0.5875 0.0859375 0.0859375
1 0.8765625 0.7015625 0.0859375 0.0859375
1 0.871875 0.8109375 0.09765625 0.09765625
1 0.88203125 0.928125 0.109375 0.1109375
1 0.78125 0.86015625 0.109375 0.11015625
1 0.78515625 0.75625 0.109375 0.1109375
1 0.790625 0.63359375 0.09765625 0.0984375
1 0.69609375 0.6859375 0.0859375 0.0859375
1 0.6921875 0.9109375 0.09765625 0.0984375
1 0.68828125 0.79375 0.0859375 0.08671875
1 0.5953125 0.859375 0.08515625 0.0859375
1 0.59296875 0.75703125 0.0859375 0.0859375
1 0.2140625 0.7734375 0.0859375 0.0859375
1 0.12109375 0.915625 0.0859375 0.0859375
1 0.58984375 0.63359375 0.09765625 0.0984375
1 0.50625 0.60078125 0.09765625 0.09765625
1 0.5 0.81171875 0.09765625 0.09765625
1 0.50078125 0.91484375 0.09765625 0.0984375
1 0.41328125 0.7609375 0.109375 0.1109375
1 0.40703125 0.86796875 0.11015625 0.11015625
1 0.31953125 0.9125 0.11015625 0.11015625
1 0.315625 0.8109375 0.11015625 0.11015625
1 0.3203125 0.70625 0.0859375 0.0859375
1 0.3234375 0.59453125 0.09765625 0.0984375
1 0.21796875 0.65 0.09765625 0.0984375
1 0.21640625 0.890625 0.11015625 0.1109375
1 0.12109375 0.59375 0.0859375 0.0859375
3 0.1328125 0.6953125 0.09765625 0.09765625
1 0.12578125 0.81171875 0.0859375 0.0859375
1 0.12890625 0.4828125 0.09765625 0.0984375
1 0.12578125 0.15625 0.08515625 0.0859375
1 0.13203125 0.2625 0.09765625 0.0984375
1 0.12421875 0.38671875 0.09765625 0.09765625
1 0.22109375 0.08671875 0.08515625 0.08671875
1 0.21875 0.196875 0.0859375 0.0859375
1 0.21953125 0.3140625 0.0859375 0.0859375
1 0.21953125 0.4078125 0.09765625 0.0984375
1 0.21796875 0.5375 0.09765625 0.0984375
1 0.321875 0.4640625 0.08515625 0.0859375
1 0.325 0.153125 0.08515625 0.0859375
1 0.33125 0.259375 0.0859375 0.0859375
1 0.32421875 0.37109375 0.0859375 0.0859375
1 0.409375 0.5421875 0.08515625 0.0859375
1 0.4125 0.07890625 0.09765625 0.0984375
1 0.40703125 0.20390625 0.0859375 0.0859375
1 0.4109375 0.303125 0.0859375 0.0859375
1 0.403125 0.42890625 0.0859375 0.0859375
1 0.503125 0.06171875 0.0859375 0.08671875
1 0.503125 0.16484375 0.0859375 0.0859375
1 0.50546875 0.2765625 0.08515625 0.0859375
1 0.5046875 0.36796875 0.09765625 0.0984375
1 0.5078125 0.5046875 0.09765625 0.0984375
1 0.5984375 0.534375 0.08515625 0.0859375
1 0.5984375 0.41875 0.08515625 0.0859375
1 0.6046875 0.3171875 0.08515625 0.0859375
1 0.59296875 0.196875 0.08515625 0.0859375
1 0.69453125 0.14453125 0.0859375 0.0859375
1 0.68984375 0.25859375 0.08515625 0.0859375
1 0.6890625 0.365625 0.08515625 0.0859375
1 0.6859375 0.4703125 0.08515625 0.0859375
1 0.7828125 0.09375 0.0859375 0.0859375
1 0.7796875 0.203125 0.0859375 0.0859375
1 0.7765625 0.31875 0.09765625 0.0984375
1 0.790625 0.440625 0.09765625 0.0984375
1 0.7859375 0.5375 0.11015625 0.1109375
1 0.87890625 0.159375 0.09765625 0.0984375
1 0.875 0.26640625 0.0859375 0.0859375
1 0.8734375 0.37109375 0.08515625 0.0859375
1 0.8796875 0.47734375 0.09765625 0.09765625