2 0.5328125 0.834375 0.0734375 0.07421875
2 0.91171875 0.16484375 0.0734375 0.07421875
2 0.81953125 0.2453125 0.0734375 0.0734375
1 0.63125 0.3265625 0.08515625 0.0859375
1 0.6265625 0.221875 0.08515625 0.0859375
1 0.6265625 0.103125 0.08515625 0.0859375
1 0.5453125 0.0609375 0.0859375 0.0859375
1 0.43828125 0.1125 0.08515625 0.0859375
1 0.44140625 0.20390625 0.0859375 0.08671875
1 0.53828125 0.1625 0.08515625 0.0859375
1 0.534375 0.259375 0.08515625 0.0859375
2 0.81484375 0.13125 0.06171875 0.06171875
1 0.0671875 0.10703125 0.09765625 0.0984375
1 0.06640625 0.22890625 0.09765625 0.0984375
1 0.06328125 0.32890625 0.08515625 0.0859375
1 0.15703125 0.2796875 0.09765625 0.0984375
1 0.1546875 0.16484375 0.11015625 0.11015625
1 0.16015625 0.0578125 0.109375 0.1109375
1 0.2484375 0.11875 0.09765625 0.0984375
1 0.2515625 0.23125 0.09765625 0.0984375
1 0.253125 0.33671875 0.09765625 0.0984375
1 0.35859375 0.2765625 0.09765625 0.09765625
1 0.35859375 0.1734375 0.08515625 0.0859375
1 0.3484375 0.05625 0.109375 0.1109375
1 0.4421875 0.3390625 0.09765625 0.09765625
1 0.72734375 0.06640625 0.0859375 0.0859375
1 0.721875 0.1703125 0.08515625 0.0859375
1 0.725 0.3 0.0859375 0.0859375
1 0.928125 0.05703125 0.109375 0.11015625
1 0.92578125 0.8484375 0.0859375 0.0859375
1 0.81875 0.7859375 0.09765625 0.09765625
1 0.82109375 0.89921875 0.09765625 0.09765625
1 0.71875 0.73828125 0.0859375 0.0859375
1 0.7203125 0.83671875 0.08515625 0.0859375
1 0.72265625 0.9515625 0.0859375 0.0859375
1 0.62421875 0.7796875 0.08515625 0.0859375
1 0.6203125 0.88203125 0.08515625 0.0859375
1 0.52734375 0.93671875 0.09765625 0.09765625
1 0.43828125 0.8734375 0.0859375 0.0859375
1 0.2421875 0.778125 0.09765625 0.0984375
1 0.14921875 0.7296875 0.09765625 0.09765625
1 0.1515625 0.82578125 0.09765625 0.0984375
1 0.146875 0.94296875 0.109375 0.11015625
1 0.0515625 0.771875 0.09765625 0.0984375
1 0.05859375 0.87734375 0.09765625 0.0984375
1 0.91796875 0.72734375 0.09765625 0.0984375
1 0.921875 0.6140625 0.09765625 0.09765625
1 0.91640625 0.5078125 0.08515625 0.0859375
1 0.91953125 0.39921875 0.11015625 0.1109375
1 0.828125 0.4484375 0.09765625 0.09765625
1 0.81953125 0.5515625 0.09765625 0.09765625
1 0.8125 0.66953125 0.09765625 0.0984375
1 0.7203125 0.64140625 0.08515625 0.0859375
1 0.53984375 0.39375 0.08515625 0.0859375
1 0.5265625 0.5015625 0.11015625 0.11015625
1 0.43125 0.43984375 0.109375 0.11015625
1 0.43125 0.55546875 0.09765625 0.0984375
1 0.3578125 0.37578125 0.0859375 0.08671875
1 0.35859375 0.47421875 0.09765625 0.0984375
1 0.353125 0.5953125 0.08515625 0.0859375
1 0.25078125 0.6484375 0.09765625 0.09765625
1 0.2453125 0.54140625 0.09765625 0.0984375
1 0.2453125 0.45546875 0.09765625 0.0984375
1 0.1515625 0.3890625 0.09765625 0.0984375
1 0.15 0.496875 0.109375 0.11015625
1 0.14921875 0.60859375 0.09765625 0.09765625
1 0.06328125 0.65234375 0.09765625 0.09765625
1 0.05546875 0.4375 0.09765625 0.09765625
1 0.0609375 0.55078125 0.09765625 0.09765625