2 0.31171875 0.775 0.0734375 0.0734375
2 0.31328125 0.6671875 0.08515625 0.0859375
2 0.8890625 0.8765625 0.0609375 0.06171875
2 0.5203125 0.678125 0.0609375 0.06171875
2 0.78671875 0.7203125 0.0734375 0.07421875
1 0.140625 0.66484375 0.09765625 0.0984375
1 0.14609375 0.78125 0.11015625 0.1109375
1 0.1515625 0.8859375 0.11015625 0.1109375
1 0.2359375 0.7140625 0.09765625 0.0984375
1 0.2359375 0.83125 0.09765625 0.09765625
1 0.23671875 0.9453125 0.0734375 0.07421875
1 0.33671875 0.8796875 0.0734375 0.07421875
1 0.42265625 0.71328125 0.08515625 0.08671875
1 0.4265625 0.8265625 0.11015625 0.11015625
1 0.43125 0.94296875 0.11015625 0.11015625
1 0.528125 0.7703125 0.121875 0.121875
1 0.53046875 0.88515625 0.09765625 0.0984375
1 0.6109375 0.7265625 0.0859375 0.0859375
1 0.61640625 0.8328125 0.09765625 0.0984375
1 0.60859375 0.94609375 0.09765625 0.0984375
1 0.7 0.7796875 0.08515625 0.0859375
1 0.7015625 0.9015625 0.08515625 0.0859375
1 0.7875 0.84453125 0.08515625 0.0859375
1 0.7859375 0.9546875 0.08515625 0.0859375
2 0.8921875 0.78203125 0.0484375 0.0484375