2 0.54765625 0.55078125 0.0734375 0.07421875
1 0.07890625 0.94609375 0.09765625 0.0984375
1 0.075 0.2875 0.09765625 0.0984375
1 0.07734375 0.3953125 0.0859375 0.0859375
1 0.0765625 0.49921875 0.09765625 0.0984375
1 0.07578125 0.61875 0.08515625 0.0859375
1 0.08203125 0.725 0.09765625 0.0984375
1 0.07421875 0.85 0.09765625 0.09765625
1 0.16484375 0.3375 0.09765625 0.0984375
1 0.17109375 0.4609375 0.08515625 0.0859375
1 0.17109375 0.54921875 0.08515625 0.08671875
1 0.16875 0.66015625 0.0859375 0.0859375
1 0.1703125 0.77734375 0.0859375 0.0859375
1 0.1703125 0.8703125 0.09765625 0.0984375
1 0.271875 0.9265625 0.08515625 0.0859375
1 0.2640625 0.3375 0.09765625 0.0984375
1 0.26875 0.40625 0.09765625 0.09765625
1 0.26171875 0.48671875 0.09765625 0.0984375
1 0.275 0.61640625 0.08515625 0.0859375
1 0.28125 0.72265625 0.0859375 0.0859375
1 0.27421875 0.834375 0.0859375 0.0859375
1 0.36171875 0.34296875 0.08515625 0.0859375
1 0.365625 0.4609375 0.0859375 0.0859375
1 0.3625 0.54140625 0.09765625 0.0984375
1 0.3578125 0.6671875 0.0859375 0.0859375
1 0.3609375 0.765625 0.0859375 0.0859375
1 0.353125 0.89140625 0.0859375 0.0859375
1 0.45625 0.2734375 0.0859375 0.0859375
1 0.45625 0.39765625 0.0859375 0.0859375
1 0.453125 0.525 0.0859375 0.08671875
1 0.453125 0.628125 0.0859375 0.0859375
1 0.45546875 0.7390625 0.08515625 0.0859375
1 0.4546875 0.83046875 0.09765625 0.0984375
1 0.5484375 0.88203125 0.08515625 0.0859375
1 0.55546875 0.78046875 0.08515625 0.0859375
1 0.54375 0.66015625 0.08515625 0.0859375
1 0.540625 0.3390625 0.09765625 0.09765625
1 0.54765625 0.440625 0.09765625 0.09765625
1 0.6484375 0.3484375 0.09765625 0.0984375
1 0.65546875 0.49296875 0.09765625 0.0984375
1 0.64453125 0.6078125 0.0859375 0.0859375
1 0.63984375 0.721875 0.08515625 0.0859375
1 0.6390625 0.828125 0.08515625 0.0859375
1 0.6359375 0.93359375 0.08515625 0.0859375
1 0.7328125 0.340625 0.0859375 0.0859375
1 0.7359375 0.446875 0.09765625 0.09765625
1 0.73359375 0.55625 0.0859375 0.0859375
1 0.7296875 0.665625 0.0859375 0.0859375
1 0.7265625 0.78203125 0.09765625 0.0984375
1 0.74140625 0.90390625 0.09765625 0.0984375
1 0.828125 0.39765625 0.0859375 0.0859375
1 0.828125 0.5015625 0.0859375 0.0859375
1 0.82890625 0.62265625 0.09765625 0.0984375
1 0.825 0.7296875 0.0859375 0.0859375
1 0.8234375 0.834375 0.08515625 0.0859375
1 0.8296875 0.940625 0.09765625 0.09765625
1 0.91953125 0.890625 0.08515625 0.0859375
1 0.925 0.77265625 0.0859375 0.0859375
1 0.91875 0.66875 0.08515625 0.08671875
1 0.921875 0.5578125 0.09765625 0.0984375
1 0.9234375 0.4421875 0.09765625 0.0984375
1 0.9203125 0.33515625 0.09765625 0.0984375
1 0.91875 0.1203125 0.109375 0.11015625
1 0.92109375 0.2265625 0.0859375 0.0859375
1 0.82109375 0.2890625 0.08515625 0.0859375
1 0.828125 0.1734375 0.09765625 0.0984375
1 0.834375 0.06484375 0.09765625 0.0984375
1 0.73359375 0.12421875 0.09765625 0.0984375
1 0.73359375 0.22265625 0.08515625 0.0859375
1 0.63984375 0.253125 0.09765625 0.09765625
1 0.63984375 0.15390625 0.109375 0.11015625
1 0.64296875 0.06328125 0.11015625 0.11015625
1 0.5515625 0.09375 0.09765625 0.09765625
1 0.540625 0.22734375 0.0859375 0.0859375
1 0.453125 0.1671875 0.09765625 0.09765625
1 0.46015625 0.06171875 0.09765625 0.09765625
1 0.3625 0.1203125 0.08515625 0.0859375
1 0.3640625 0.22578125 0.08515625 0.0859375
1 0.265625 0.0578125 0.09765625 0.09765625
1 0.26953125 0.1546875 0.109375 0.11015625
1 0.271875 0.24140625 0.09765625 0.0984375
1 0.16796875 0.22890625 0.09765625 0.0984375
1 0.171875 0.12734375 0.09765625 0.0984375
1 0.0765625 0.065625 0.09765625 0.0984375
1 0.08046875 0.17890625 0.11015625 0.11015625