2 0.4515625 0.0578125 0.0484375 0.05
2 0.54296875 0.1125 0.0484375 0.05
2 0.6375 0.05078125 0.0484375 0.0484375
1 0.35703125 0.1171875 0.08515625 0.0859375
1 0.16875 0.12109375 0.0734375 0.07421875
1 0.071875 0.06171875 0.11015625 0.1109375
1 0.065625 0.18203125 0.11015625 0.11015625
1 0.06953125 0.28359375 0.11015625 0.11015625
1 0.06953125 0.40390625 0.11015625 0.11015625
1 0.06484375 0.51328125 0.11015625 0.11015625
1 0.06875 0.6234375 0.09765625 0.09765625
1 0.165625 0.225 0.0859375 0.08671875
1 0.25234375 0.1703125 0.0734375 0.0734375
1 0.3578125 0.21953125 0.11015625 0.11015625
1 0.4484375 0.1703125 0.109375 0.11015625
1 0.5453125 0.21953125 0.109375 0.1109375
1 0.64765625 0.278125 0.0859375 0.0859375
1 0.64140625 0.165625 0.08515625 0.0859375
2 0.7375 0.1171875 0.08515625 0.0859375
1 0.73515625 0.2234375 0.08515625 0.0859375
1 0.7421875 0.33125 0.09765625 0.09765625
1 0.7375 0.4359375 0.09765625 0.09765625
1 0.7328125 0.55234375 0.09765625 0.0984375
2 0.83125 0.165625 0.0734375 0.0734375
1 0.834375 0.27734375 0.08515625 0.0859375
1 0.83359375 0.49375 0.0734375 0.07421875
1 0.9203125 0.11171875 0.09765625 0.0984375
1 0.92578125 0.22109375 0.09765625 0.0984375
1 0.92109375 0.33671875 0.09765625 0.0984375
1 0.93046875 0.446875 0.09765625 0.09765625
1 0.9328125 0.5578125 0.09765625 0.09765625
1 0.92109375 0.68359375 0.11015625 0.1109375
1 0.92421875 0.7921875 0.08515625 0.0859375
1 0.9171875 0.9109375 0.08515625 0.0859375
1 0.8328125 0.625 0.08515625 0.0859375
2 0.8390625 0.7390625 0.02421875 0.02421875
2 0.8328125 0.8578125 0.0375 0.0375
2 0.83515625 0.96328125 0.02421875 0.02421875
2 0.7375 0.88515625 0.02421875 0.02421875
1 0.740625 0.6609375 0.09765625 0.0984375
1 0.73828125 0.76640625 0.09765625 0.0984375
1 0.446875 0.85078125 0.09765625 0.0984375
3 0.35 0.90625 0.0859375 0.0859375
1 0.2609375 0.84296875 0.11015625 0.1109375
1 0.16171875 0.7953125 0.11015625 0.1109375
1 0.1609375 0.8984375 0.109375 0.1109375
1 0.06328125 0.84609375 0.109375 0.11015625
1 0.06640625 0.73515625 0.109375 0.1109375