2 0.0703125 0.3828125 0.0609375 0.0609375
2 0.1765625 0.87265625 0.0734375 0.0734375
2 0.27109375 0.9265625 0.0734375 0.0734375
1 0.07890625 0.4859375 0.09765625 0.09765625
1 0.07734375 0.59453125 0.08515625 0.0859375
1 0.0765625 0.7078125 0.08515625 0.0859375
1 0.07734375 0.815625 0.08515625 0.0859375
0 0.1703125 0.42890625 0.0734375 0.07421875
0 0.2640625 0.4828125 0.0859375 0.0859375
0 0.26875 0.59453125 0.0734375 0.07421875
1 0.17578125 0.5390625 0.09765625 0.09765625
1 0.17578125 0.65 0.09765625 0.09765625
2 0.17265625 0.7640625 0.06171875 0.06171875
1 0.08125 0.92734375 0.0859375 0.08671875
1 0.265625 0.70703125 0.0859375 0.0859375
1 0.26640625 0.815625 0.0859375 0.0859375