2 0.15 0.7171875 0.0734375 0.07421875
2 0.90859375 0.5234375 0.0734375 0.07421875
1 0.25703125 0.81875 0.0859375 0.0859375
3 0.05546875 0.55546875 0.0859375 0.08671875
1 0.05546875 0.44453125 0.0859375 0.0859375
1 0.05390625 0.7609375 0.08515625 0.0859375
1 0.05390625 0.8921875 0.09765625 0.0984375
1 0.1484375 0.8328125 0.09765625 0.0984375
2 0.4359375 0.90546875 0.0484375 0.0484375
1 0.90078125 0.85 0.11015625 0.11015625
1 0.9015625 0.7375 0.11015625 0.11015625
1 0.903125 0.62578125 0.09765625 0.09765625
1 0.8140625 0.5625 0.0859375 0.0859375
1 0.7984375 0.68984375 0.09765625 0.0984375
1 0.8046875 0.79921875 0.09765625 0.0984375
1 0.8015625 0.90859375 0.11015625 0.11015625
1 0.7125 0.95 0.09765625 0.0984375
1 0.7125 0.86015625 0.09765625 0.0984375
1 0.71875 0.73671875 0.09765625 0.0984375
1 0.61796875 0.4671875 0.09765625 0.0984375
1 0.525 0.41875 0.09765625 0.09765625
1 0.52734375 0.51484375 0.09765625 0.0984375
1 0.52265625 0.63203125 0.109375 0.11015625
1 0.51953125 0.7375 0.109375 0.11015625
1 0.428125 0.46171875 0.09765625 0.0984375
1 0.434375 0.5671875 0.09765625 0.0984375
1 0.42890625 0.67890625 0.11015625 0.11015625
1 0.4265625 0.79375 0.11015625 0.11015625
1 0.33515625 0.7375 0.109375 0.1109375
1 0.34375 0.603125 0.09765625 0.09765625
1 0.3390625 0.5015625 0.109375 0.1109375
1 0.24296875 0.4546875 0.109375 0.1109375
1 0.2484375 0.56328125 0.11015625 0.11015625
1 0.2453125 0.7078125 0.11015625 0.11015625
1 0.33984375 0.84453125 0.109375 0.11015625
1 0.33984375 0.95234375 0.0859375 0.0859375
1 0.14921875 0.5109375 0.08515625 0.0859375
1 0.915625 0.0828125 0.08515625 0.0859375
1 0.903125 0.190625 0.11015625 0.11015625
1 0.8078125 0.1296875 0.109375 0.11015625
1 0.8078125 0.24453125 0.09765625 0.0984375
1 0.73359375 0.06484375 0.0859375 0.08671875
1 0.734375 0.16328125 0.09765625 0.0984375
1 0.72890625 0.28515625 0.08515625 0.0859375
1 0.6265625 0.3375 0.09765625 0.09765625
1 0.62109375 0.23125 0.09765625 0.0984375
1 0.62109375 0.1453125 0.09765625 0.0984375
1 0.52734375 0.07890625 0.09765625 0.0984375
1 0.5265625 0.1859375 0.109375 0.11015625
1 0.525 0.29765625 0.09765625 0.09765625
1 0.4390625 0.3421875 0.09765625 0.09765625
1 0.43125 0.1265625 0.09765625 0.09765625
1 0.43671875 0.240625 0.09765625 0.09765625
1 0.34453125 0.07734375 0.09765625 0.09765625
1 0.34453125 0.19140625 0.09765625 0.09765625
1 0.33671875 0.3015625 0.09765625 0.09765625
1 0.33671875 0.403125 0.11015625 0.11015625
1 0.2484375 0.35234375 0.09765625 0.0984375
1 0.2453125 0.23984375 0.11015625 0.11015625
1 0.2453125 0.1171875 0.11015625 0.1109375
3 0.1546875 0.18125 0.0859375 0.0859375
1 0.05859375 0.12578125 0.109375 0.11015625
1 0.0578125 0.2484375 0.09765625 0.0984375
1 0.05703125 0.34296875 0.08515625 0.08671875
1 0.1546875 0.30390625 0.109375 0.11015625
1 0.14921875 0.3953125 0.109375 0.11015625