1 0.075 0.27890625 0.109375 0.11015625
1 0.93828125 0.1140625 0.08515625 0.0859375
1 0.93671875 0.22578125 0.09765625 0.0984375
1 0.93671875 0.340625 0.09765625 0.0984375
1 0.84453125 0.059375 0.11015625 0.11015625
1 0.840625 0.1703125 0.0859375 0.0859375
1 0.84296875 0.27890625 0.09765625 0.0984375
1 0.75 0.115625 0.09765625 0.0984375
1 0.75078125 0.2234375 0.09765625 0.0984375
1 0.7484375 0.334375 0.09765625 0.0984375
1 0.64453125 0.0671875 0.109375 0.11015625
1 0.64765625 0.16953125 0.11015625 0.11015625
1 0.64375 0.2765625 0.11015625 0.11015625
1 0.54609375 0.11796875 0.11015625 0.11015625
1 0.55234375 0.23203125 0.11015625 0.11015625
1 0.5515625 0.340625 0.109375 0.1109375
1 0.465625 0.0578125 0.0859375 0.0859375
1 0.4546875 0.17109375 0.09765625 0.09765625
1 0.459375 0.2875 0.09765625 0.09765625
1 0.36328125 0.1125 0.109375 0.1109375
1 0.365625 0.2265625 0.109375 0.1109375
1 0.36015625 0.3265625 0.11015625 0.1109375
1 0.26484375 0.06328125 0.11015625 0.1109375
1 0.2625 0.17109375 0.11015625 0.1109375
1 0.2671875 0.278125 0.11015625 0.11015625
1 0.17109375 0.121875 0.11015625 0.11015625
1 0.17578125 0.22578125 0.109375 0.11015625
1 0.0765625 0.06484375 0.09765625 0.0984375
1 0.0734375 0.17109375 0.109375 0.11015625
2 0.07421875 0.39140625 0.0484375 0.05
2 0.16875 0.32890625 0.0484375 0.0484375
1 0.0765625 0.4984375 0.109375 0.1109375
1 0.17890625 0.55625 0.0859375 0.0859375
1 0.17265625 0.44453125 0.08515625 0.0859375
2 0.26875 0.3953125 0.08515625 0.0859375
1 0.26640625 0.5015625 0.08515625 0.0859375
1 0.2734375 0.609375 0.09765625 0.09765625
1 0.26875 0.7140625 0.09765625 0.09765625
1 0.2640625 0.83046875 0.09765625 0.0984375
2 0.3625 0.44375 0.0734375 0.0734375
1 0.365625 0.55546875 0.08515625 0.0859375
1 0.36484375 0.77265625 0.0734375 0.07421875
1 0.4515625 0.38984375 0.09765625 0.0984375
1 0.45703125 0.49921875 0.09765625 0.0984375
1 0.45234375 0.61484375 0.09765625 0.0984375
1 0.46171875 0.72578125 0.09765625 0.09765625
1 0.4640625 0.8359375 0.09765625 0.09765625
1 0.55390625 0.44453125 0.11015625 0.11015625
1 0.55546875 0.559375 0.11015625 0.11015625
1 0.55 0.665625 0.109375 0.11015625
1 0.5484375 0.78359375 0.109375 0.11015625
1 0.55 0.89140625 0.109375 0.1109375
1 0.64921875 0.39375 0.11015625 0.11015625
1 0.64609375 0.50546875 0.11015625 0.11015625
1 0.63984375 0.6140625 0.11015625 0.11015625
1 0.64765625 0.72578125 0.11015625 0.11015625
1 0.64921875 0.834375 0.109375 0.11015625
1 0.75 0.446875 0.109375 0.11015625
1 0.75 0.55546875 0.09765625 0.0984375
1 0.7453125 0.6671875 0.11015625 0.11015625
1 0.7484375 0.77890625 0.11015625 0.11015625
1 0.74765625 0.89375 0.11015625 0.11015625
1 0.84296875 0.3875 0.109375 0.11015625
1 0.85 0.5109375 0.109375 0.11015625
1 0.84296875 0.61484375 0.109375 0.11015625
1 0.84296875 0.73125 0.109375 0.11015625
1 0.83984375 0.834375 0.109375 0.11015625
1 0.9375 0.44140625 0.09765625 0.09765625
1 0.934375 0.55703125 0.11015625 0.11015625
1 0.940625 0.67265625 0.109375 0.11015625
1 0.9359375 0.78359375 0.09765625 0.0984375
1 0.94140625 0.89140625 0.109375 0.11015625
1 0.3640625 0.903125 0.08515625 0.0859375
1 0.271875 0.9390625 0.09765625 0.0984375