2 0.2875 0.89765625 0.0734375 0.07421875
2 0.8578125 0.66875 0.0734375 0.0734375
2 0.95078125 0.259375 0.0734375 0.07421875
2 0.76484375 0.74140625 0.0734375 0.07421875
2 0.94296875 0.94296875 0.06171875 0.06171875
1 0.85546875 0.5671875 0.09765625 0.0984375
1 0.86328125 0.79609375 0.09765625 0.09765625
1 0.76875 0.5109375 0.09765625 0.09765625
1 0.759375 0.61875 0.0859375 0.0859375
1 0.771875 0.84765625 0.09765625 0.09765625
1 0.67265625 0.809375 0.0859375 0.0859375
1 0.675 0.9015625 0.11015625 0.11015625
1 0.58203125 0.51015625 0.09765625 0.0984375
3 0.575 0.625 0.0859375 0.0859375
1 0.57734375 0.73046875 0.08515625 0.0859375
1 0.57890625 0.846875 0.11015625 0.11015625
1 0.4859375 0.4765625 0.09765625 0.09765625
1 0.49140625 0.56796875 0.09765625 0.0984375
1 0.4765625 0.671875 0.09765625 0.09765625
1 0.47734375 0.79921875 0.09765625 0.0984375
1 0.47265625 0.90859375 0.09765625 0.0984375
1 0.39296875 0.5234375 0.11015625 0.1109375
1 0.396875 0.6484375 0.121875 0.1234375
1 0.38984375 0.75390625 0.08515625 0.0859375
1 0.3734375 0.87109375 0.0859375 0.0859375
1 0.29765625 0.471875 0.11015625 0.11015625
1 0.3015625 0.58125 0.11015625 0.11015625
1 0.2984375 0.69375 0.09765625 0.0984375
1 0.30078125 0.7921875 0.09765625 0.0984375
2 0.209375 0.8796875 0.0609375 0.06171875
1 0.203125 0.53828125 0.109375 0.11015625
1 0.21015625 0.63515625 0.11015625 0.11015625
1 0.2078125 0.75078125 0.109375 0.11015625
1 0.1125 0.47734375 0.0859375 0.0859375
1 0.1078125 0.58828125 0.109375 0.11015625
1 0.11015625 0.69453125 0.11015625 0.11015625
1 0.109375 0.7953125 0.109375 0.1109375
1 0.09765625 0.93671875 0.09765625 0.0984375
1 0.76171875 0.06171875 0.0859375 0.0859375
1 0.76796875 0.19375 0.08515625 0.0859375
1 0.87578125 0.21015625 0.08515625 0.0859375
1 0.871875 0.1265625 0.08515625 0.0859375
1 0.9546875 0.0890625 0.08515625 0.0859375
1 0.95546875 0.17109375 0.08515625 0.0859375
1 0.8609375 0.46640625 0.11015625 0.11015625
1 0.76640625 0.3984375 0.09765625 0.09765625
1 0.6734375 0.13359375 0.09765625 0.0984375
1 0.675 0.246875 0.09765625 0.0984375
1 0.5859375 0.07890625 0.09765625 0.0984375
1 0.58203125 0.19140625 0.0859375 0.0859375
1 0.57890625 0.30078125 0.09765625 0.09765625
1 0.57421875 0.39921875 0.0859375 0.0859375
1 0.490625 0.1484375 0.09765625 0.09765625
1 0.490625 0.24609375 0.109375 0.1109375
1 0.48515625 0.3578125 0.11015625 0.11015625
1 0.39375 0.09375 0.09765625 0.09765625
1 0.39140625 0.21796875 0.08515625 0.0859375
1 0.39609375 0.3203125 0.08515625 0.0859375
1 0.3015625 0.365625 0.09765625 0.0984375
1 0.29609375 0.25859375 0.11015625 0.1109375
1 0.303125 0.1484375 0.09765625 0.09765625
1 0.209375 0.084375 0.09765625 0.0984375
1 0.215625 0.20546875 0.11015625 0.11015625
1 0.21015625 0.3078125 0.109375 0.11015625
1 0.11640625 0.36015625 0.11015625 0.11015625
1 0.21015625 0.4234375 0.0859375 0.0859375
1 0.121875 0.26640625 0.109375 0.1109375
1 0.109375 0.14296875 0.109375 0.11015625
1 0.4 0.43125 0.11015625 0.11015625