2 0.7953125 0.0578125 0.0734375 0.07421875
2 0.603125 0.78203125 0.0734375 0.0734375
2 0.69296875 0.928125 0.0734375 0.07421875
2 0.69375 0.82265625 0.0734375 0.0734375
2 0.78984375 0.865625 0.0734375 0.0734375
2 0.509375 0.84453125 0.08515625 0.0859375
2 0.6046875 0.8765625 0.0734375 0.07421875
1 0.89453125 0.1125 0.0859375 0.0859375
1 0.8890625 0.21953125 0.0859375 0.0859375
1 0.80078125 0.165625 0.09765625 0.0984375
1 0.70078125 0.10859375 0.08515625 0.0859375
1 0.70234375 0.22421875 0.09765625 0.0984375
1 0.6078125 0.05 0.09765625 0.0984375
1 0.60625 0.16484375 0.09765625 0.0984375
1 0.6046875 0.278125 0.09765625 0.0984375
1 0.51484375 0.1125 0.09765625 0.0984375
1 0.5109375 0.22734375 0.0859375 0.0859375
1 0.41796875 0.05703125 0.09765625 0.0984375
1 0.4203125 0.16484375 0.09765625 0.0984375
1 0.41875 0.28515625 0.08515625 0.0859375
1 0.3296875 0.11015625 0.09765625 0.0984375
1 0.31953125 0.21875 0.09765625 0.09765625
1 0.2234375 0.059375 0.11015625 0.11015625
1 0.22578125 0.1765625 0.11015625 0.1109375
1 0.2234375 0.284375 0.0859375 0.0859375
1 0.13125 0.1140625 0.09765625 0.09765625
1 0.12421875 0.2328125 0.09765625 0.09765625
1 0.12421875 0.33828125 0.09765625 0.0984375
1 0.12890625 0.44609375 0.09765625 0.0984375
1 0.2328125 0.3953125 0.09765625 0.09765625
1 0.3234375 0.334375 0.08515625 0.0859375
1 0.321875 0.4453125 0.09765625 0.09765625
1 0.421875 0.3921875 0.09765625 0.09765625
1 0.415625 0.4875 0.08515625 0.0859375
1 0.5109375 0.3375 0.0859375 0.0859375
1 0.5125 0.44140625 0.0859375 0.0859375
1 0.60625 0.3828125 0.0859375 0.0859375
1 0.603125 0.490625 0.0859375 0.0859375
1 0.7078125 0.33125 0.08515625 0.0859375
1 0.69921875 0.43203125 0.09765625 0.0984375
1 0.7984375 0.28359375 0.09765625 0.0984375
1 0.796875 0.38515625 0.09765625 0.0984375
3 0.8890625 0.328125 0.0859375 0.0859375
1 0.89375 0.43828125 0.09765625 0.0984375
1 0.13203125 0.7375 0.121875 0.1234375
1 0.1203125 0.8453125 0.121875 0.1234375
1 0.22578125 0.6828125 0.0734375 0.07421875
1 0.23125 0.7953125 0.09765625 0.09765625
1 0.2375 0.9078125 0.121875 0.1234375
1 0.3265625 0.73828125 0.121875 0.1234375
1 0.32265625 0.85859375 0.121875 0.1234375
1 0.4171875 0.6890625 0.09765625 0.09765625
1 0.42109375 0.803125 0.09765625 0.09765625
1 0.42109375 0.90703125 0.09765625 0.09765625
2 0.50703125 0.74140625 0.0734375 0.07421875
2 0.6015625 0.684375 0.0609375 0.06171875
2 0.6890625 0.71640625 0.0609375 0.06171875
2 0.778125 0.66875 0.06171875 0.06171875
2 0.77890625 0.75546875 0.06171875 0.06171875
2 0.88359375 0.7359375 0.0484375 0.05
2 0.8828125 0.8390625 0.0484375 0.05
2 0.8859375 0.9484375 0.0734375 0.0734375
2 0.9578125 0.6984375 0.0609375 0.06171875
2 0.96171875 0.79609375 0.0609375 0.06171875
2 0.96171875 0.88125 0.0609375 0.06171875