1 0.590625 0.53984375 0.109375 0.11015625
1 0.2078125 0.10234375 0.11015625 0.11015625
1 0.30625 0.16328125 0.09765625 0.0984375
1 0.4046875 0.10703125 0.09765625 0.0984375
1 0.49140625 0.159375 0.109375 0.11015625
1 0.590625 0.103125 0.11015625 0.1109375
1 0.78125 0.10078125 0.109375 0.11015625
1 0.878125 0.15703125 0.109375 0.11015625
1 0.8765625 0.26875 0.109375 0.11015625
1 0.87890625 0.3734375 0.109375 0.1109375
1 0.88125 0.4875 0.109375 0.1109375
1 0.87578125 0.58671875 0.11015625 0.1109375
1 0.7796875 0.21328125 0.109375 0.11015625
1 0.78046875 0.32421875 0.11015625 0.1109375
1 0.778125 0.43125 0.11015625 0.1109375
1 0.7828125 0.53828125 0.11015625 0.11015625
1 0.68125 0.15703125 0.11015625 0.1109375
1 0.6828125 0.26484375 0.11015625 0.1109375
1 0.68671875 0.38203125 0.11015625 0.11015625
1 0.69140625 0.48671875 0.109375 0.11015625
1 0.59296875 0.2203125 0.11015625 0.1109375
1 0.5921875 0.32578125 0.09765625 0.0984375
1 0.5890625 0.43203125 0.109375 0.11015625
1 0.49609375 0.26796875 0.09765625 0.0984375
1 0.49140625 0.3796875 0.109375 0.11015625
1 0.4953125 0.48359375 0.109375 0.11015625
2 0.4984375 0.596875 0.0484375 0.05
2 0.58984375 0.6515625 0.0484375 0.05
2 0.684375 0.58984375 0.0484375 0.0484375
1 0.396875 0.2125 0.109375 0.11015625
1 0.4015625 0.32734375 0.11015625 0.11015625
1 0.4015625 0.43828125 0.11015625 0.11015625
1 0.4046875 0.55 0.11015625 0.11015625
1 0.40390625 0.65625 0.08515625 0.0859375
1 0.30625 0.26484375 0.09765625 0.0984375
1 0.30234375 0.37578125 0.11015625 0.11015625
1 0.3078125 0.48671875 0.09765625 0.0984375
1 0.2125 0.21640625 0.109375 0.11015625
1 0.21015625 0.325 0.109375 0.11015625
1 0.21484375 0.434375 0.109375 0.11015625
1 0.2140625 0.53828125 0.109375 0.11015625
1 0.215625 0.66015625 0.0734375 0.07421875
1 0.121875 0.1625 0.109375 0.11015625
1 0.12109375 0.27109375 0.09765625 0.0984375
1 0.12265625 0.3859375 0.11015625 0.11015625
1 0.11640625 0.47890625 0.11015625 0.11015625
1 0.11875 0.60078125 0.11015625 0.1109375
1 0.1125 0.72109375 0.11015625 0.11015625
1 0.11640625 0.82265625 0.11015625 0.11015625
1 0.11640625 0.94296875 0.11015625 0.11015625
1 0.2125 0.7640625 0.0859375 0.08671875
1 0.29921875 0.709375 0.0734375 0.0734375
1 0.4046875 0.75859375 0.11015625 0.11015625
1 0.4953125 0.709375 0.109375 0.11015625
1 0.5921875 0.75859375 0.109375 0.1109375
1 0.69453125 0.8171875 0.0859375 0.0859375
1 0.68828125 0.7046875 0.08515625 0.0859375
2 0.784375 0.65625 0.08515625 0.0859375
1 0.78203125 0.7625 0.08515625 0.0859375
1 0.7890625 0.8703125 0.09765625 0.09765625
2 0.878125 0.7046875 0.0734375 0.0734375
1 0.88125 0.81640625 0.08515625 0.0859375