1 0.9390625 0.90234375 0.09765625 0.09765625
1 0.9421875 0.8 0.09765625 0.09765625
1 0.94140625 0.6890625 0.09765625 0.0984375
1 0.846875 0.7453125 0.09765625 0.0984375
1 0.83984375 0.853125 0.109375 0.1109375
1 0.75625 0.896875 0.109375 0.1109375
3 0.753125 0.78828125 0.11015625 0.11015625
1 0.75703125 0.678125 0.11015625 0.1109375
1 0.6578125 0.740625 0.11015625 0.1109375
1 0.65390625 0.85078125 0.11015625 0.11015625
1 0.559375 0.9 0.109375 0.11015625
1 0.565625 0.78984375 0.11015625 0.11015625
1 0.56328125 0.69296875 0.109375 0.11015625
1 0.471875 0.7296875 0.109375 0.1109375
1 0.46796875 0.83671875 0.09765625 0.0984375
1 0.4671875 0.94453125 0.09765625 0.09765625
1 0.36796875 0.89609375 0.109375 0.11015625
1 0.371875 0.77890625 0.09765625 0.0984375
1 0.37734375 0.6734375 0.11015625 0.11015625
1 0.278125 0.7328125 0.11015625 0.11015625
1 0.28046875 0.8453125 0.109375 0.11015625
1 0.18203125 0.890625 0.11015625 0.1109375
1 0.19140625 0.6703125 0.109375 0.11015625
1 0.184375 0.77890625 0.109375 0.11015625
1 0.08515625 0.72890625 0.11015625 0.11015625
1 0.08671875 0.83046875 0.11015625 0.11015625
2 0.95234375 0.36796875 0.06171875 0.06171875
1 0.9484375 0.46015625 0.08515625 0.08671875
1 0.85859375 0.0984375 0.08515625 0.0859375
1 0.8546875 0.2 0.0859375 0.0859375
1 0.85234375 0.31328125 0.08515625 0.0859375
1 0.859375 0.4265625 0.09765625 0.0984375
1 0.76015625 0.0515625 0.08515625 0.0859375
1 0.765625 0.15234375 0.0859375 0.0859375
1 0.76171875 0.24375 0.0859375 0.0859375
1 0.7609375 0.35859375 0.08515625 0.0859375
1 0.75625 0.46953125 0.09765625 0.0984375
1 0.67109375 0.08671875 0.11015625 0.1109375
1 0.6625 0.20234375 0.109375 0.11015625
1 0.6703125 0.31171875 0.109375 0.11015625
1 0.659375 0.4203125 0.109375 0.1109375
1 0.56640625 0.14765625 0.109375 0.11015625
1 0.5703125 0.2484375 0.09765625 0.09765625
1 0.57109375 0.3625 0.09765625 0.0984375
1 0.56640625 0.4765625 0.0859375 0.0859375
1 0.478125 0.09453125 0.09765625 0.0984375
1 0.475 0.20234375 0.09765625 0.0984375
1 0.4796875 0.309375 0.08515625 0.08671875
1 0.478125 0.415625 0.109375 0.11015625
1 0.38125 0.14375 0.09765625 0.0984375
1 0.378125 0.25078125 0.09765625 0.0984375
1 0.3828125 0.3703125 0.09765625 0.09765625
1 0.37734375 0.4765625 0.08515625 0.0859375
1 0.28359375 0.12109375 0.08515625 0.0859375
1 0.28046875 0.20703125 0.08515625 0.0859375
1 0.28203125 0.31015625 0.109375 0.11015625
1 0.28828125 0.425 0.121875 0.1234375
1 0.1984375 0.14921875 0.09765625 0.0984375
1 0.1890625 0.259375 0.11015625 0.11015625
1 0.1890625 0.3578125 0.11015625 0.11015625
1 0.18515625 0.4625 0.11015625 0.11015625
1 0.0984375 0.08359375 0.09765625 0.0984375
1 0.09609375 0.20234375 0.08515625 0.0859375
1 0.09453125 0.31015625 0.09765625 0.0984375
1 0.0953125 0.41171875 0.109375 0.11015625