2 0.17890625 0.115625 0.0734375 0.07421875
2 0.07734375 0.88046875 0.0734375 0.0734375
2 0.1734375 0.9234375 0.0734375 0.0734375
2 0.92109375 0.85234375 0.0734375 0.0734375
2 0.92265625 0.74375 0.08515625 0.0859375
2 0.5328125 0.859375 0.0734375 0.07421875
1 0.36875 0.12109375 0.08515625 0.0859375
1 0.36953125 0.215625 0.08515625 0.0859375
1 0.36875 0.3390625 0.08515625 0.0859375
1 0.27421875 0.0625 0.09765625 0.09765625
1 0.278125 0.1703125 0.0859375 0.0859375
1 0.27265625 0.27734375 0.0859375 0.0859375
1 0.184375 0.2234375 0.09765625 0.0984375
1 0.0875 0.06328125 0.09765625 0.0984375
1 0.084375 0.165625 0.08515625 0.0859375
1 0.0859375 0.28203125 0.09765625 0.0984375
1 0.09140625 0.3890625 0.08515625 0.0859375
1 0.0828125 0.48984375 0.09765625 0.0984375
1 0.1828125 0.34140625 0.09765625 0.0984375
1 0.18046875 0.44296875 0.09765625 0.0984375
3 0.27265625 0.3859375 0.0859375 0.0859375
1 0.27734375 0.4953125 0.09765625 0.0984375
1 0.375 0.446875 0.0859375 0.0859375
2 0.0734375 0.77421875 0.0609375 0.06171875
2 0.16171875 0.72578125 0.06171875 0.06171875
2 0.1625 0.81328125 0.06171875 0.06171875
2 0.2671875 0.79375 0.0484375 0.05
2 0.26640625 0.896875 0.0484375 0.05
2 0.3421875 0.75625 0.0609375 0.06171875
2 0.3453125 0.85390625 0.0609375 0.06171875
2 0.3453125 0.9390625 0.0609375 0.06171875
2 0.43046875 0.8078125 0.06171875 0.06171875
2 0.43828125 0.91328125 0.0734375 0.0734375
2 0.5203125 0.74765625 0.06171875 0.06171875
1 0.6390625 0.89921875 0.0734375 0.07421875
1 0.75 0.74140625 0.09765625 0.0984375
1 0.75546875 0.85859375 0.11015625 0.1109375
1 0.8453125 0.79140625 0.09765625 0.0984375
1 0.8453125 0.9078125 0.09765625 0.09765625
1 0.94609375 0.95703125 0.0734375 0.07421875