2 0.09140625 0.071875 0.0734375 0.07421875
1 0.8640625 0.1984375 0.109375 0.11015625
2 0.39375 0.5203125 0.0734375 0.0734375
2 0.29921875 0.47734375 0.0734375 0.07421875
1 0.95 0.2484375 0.09765625 0.0984375
1 0.8625 0.0828125 0.09765625 0.09765625
1 0.86640625 0.30390625 0.0734375 0.0734375
1 0.7640625 0.1421875 0.09765625 0.0984375
1 0.7671875 0.246875 0.09765625 0.0984375
1 0.67265625 0.0796875 0.09765625 0.0984375
1 0.67265625 0.1859375 0.09765625 0.0984375
2 0.675 0.2984375 0.0734375 0.0734375
1 0.5765625 0.1359375 0.09765625 0.0984375
1 0.5765625 0.2453125 0.09765625 0.0984375
1 0.478125 0.06953125 0.09765625 0.0984375
1 0.4796875 0.1890625 0.09765625 0.0984375
2 0.48359375 0.290625 0.0734375 0.07421875
1 0.38671875 0.134375 0.09765625 0.0984375
1 0.38671875 0.2390625 0.0859375 0.0859375
1 0.2875 0.0765625 0.09765625 0.0984375
1 0.29375 0.18046875 0.08515625 0.0859375
1 0.28984375 0.28828125 0.09765625 0.09765625
1 0.1921875 0.125 0.08515625 0.0859375
1 0.1984375 0.2390625 0.09765625 0.09765625
1 0.0984375 0.17890625 0.0734375 0.07421875
2 0.09375 0.2828125 0.0609375 0.06171875
1 0.09921875 0.4671875 0.08515625 0.0859375
1 0.10078125 0.57890625 0.121875 0.1234375
1 0.11328125 0.79296875 0.0859375 0.0859375
1 0.096875 0.9109375 0.109375 0.11015625
1 0.19375 0.53046875 0.09765625 0.09765625
1 0.2015625 0.63671875 0.121875 0.1234375
1 0.2015625 0.74609375 0.11015625 0.1109375
1 0.2 0.8484375 0.11015625 0.11015625
1 0.2890625 0.57265625 0.109375 0.11015625
1 0.29375 0.6859375 0.109375 0.1109375
1 0.29375 0.79765625 0.121875 0.1234375
1 0.29140625 0.9125 0.11015625 0.11015625
1 0.3890625 0.63046875 0.11015625 0.11015625
1 0.3921875 0.74140625 0.121875 0.1234375
1 0.39140625 0.853125 0.121875 0.1234375
2 0.48671875 0.46953125 0.06171875 0.06171875
1 0.48515625 0.57578125 0.09765625 0.0984375
1 0.484375 0.68828125 0.09765625 0.0984375
1 0.49140625 0.78125 0.09765625 0.09765625
1 0.48515625 0.9078125 0.121875 0.1234375
1 0.58515625 0.51796875 0.09765625 0.0984375
1 0.57890625 0.6359375 0.09765625 0.0984375
1 0.57890625 0.7328125 0.121875 0.1234375
1 0.57734375 0.8484375 0.121875 0.1234375
2 0.68125 0.4671875 0.0609375 0.06171875
1 0.6734375 0.5734375 0.09765625 0.0984375
1 0.6734375 0.6828125 0.09765625 0.0984375
1 0.6765625 0.8 0.121875 0.1234375
1 0.67421875 0.91484375 0.121875 0.1234375
1 0.77109375 0.521875 0.08515625 0.0859375
1 0.76640625 0.6296875 0.09765625 0.0984375
1 0.7703125 0.74375 0.121875 0.121875
1 0.77421875 0.85078125 0.09765625 0.0984375
2 0.86328125 0.46796875 0.0609375 0.06171875
1 0.86640625 0.57734375 0.09765625 0.0984375
1 0.8609375 0.68984375 0.09765625 0.0984375
1 0.8625 0.8015625 0.09765625 0.0984375
1 0.86640625 0.903125 0.09765625 0.0984375
1 0.9546875 0.52421875 0.0859375 0.0859375