2 0.10546875 0.925 0.0859375 0.08671875
1 0.1 0.14140625 0.09765625 0.0984375
1 0.109375 0.2515625 0.09765625 0.09765625
1 0.1109375 0.3625 0.09765625 0.09765625
1 0.20234375 0.08515625 0.11015625 0.11015625
1 0.196875 0.1921875 0.109375 0.11015625
1 0.19609375 0.31015625 0.109375 0.11015625
1 0.196875 0.41796875 0.109375 0.1109375
1 0.2875 0.13984375 0.11015625 0.11015625
1 0.2953125 0.25234375 0.11015625 0.11015625
1 0.296875 0.3609375 0.109375 0.11015625
1 0.39765625 0.08125 0.09765625 0.0984375
1 0.39296875 0.19375 0.11015625 0.11015625
1 0.39609375 0.30546875 0.11015625 0.11015625
1 0.3953125 0.4203125 0.11015625 0.11015625
1 0.490625 0.14140625 0.109375 0.11015625
1 0.490625 0.25703125 0.109375 0.11015625
1 0.4875 0.3609375 0.109375 0.11015625
1 0.58125 0.08359375 0.11015625 0.11015625
1 0.5875 0.1984375 0.109375 0.11015625
1 0.5828125 0.31015625 0.09765625 0.0984375
1 0.5890625 0.4171875 0.109375 0.11015625
1 0.67734375 0.134375 0.11015625 0.11015625
1 0.68046875 0.2515625 0.11015625 0.11015625
1 0.67890625 0.36640625 0.08515625 0.0859375
1 0.76640625 0.0828125 0.09765625 0.09765625
1 0.771875 0.19453125 0.08515625 0.0859375
1 0.7703125 0.30546875 0.09765625 0.0984375
1 0.8625 0.1296875 0.09765625 0.09765625
1 0.86328125 0.24375 0.0859375 0.0859375
1 0.86640625 0.36015625 0.0859375 0.0859375
1 0.86875 0.4640625 0.09765625 0.0984375
1 0.86640625 0.57890625 0.09765625 0.0984375
1 0.865625 0.68515625 0.09765625 0.0984375
1 0.8640625 0.79921875 0.09765625 0.0984375
1 0.8625 0.9125 0.09765625 0.0984375
1 0.76796875 0.41796875 0.08515625 0.0859375
1 0.77109375 0.53046875 0.08515625 0.0859375
1 0.7671875 0.6375 0.09765625 0.0984375
1 0.77265625 0.74765625 0.09765625 0.0984375
1 0.76875 0.8625 0.0859375 0.0859375
1 0.6796875 0.471875 0.09765625 0.0984375
1 0.678125 0.57890625 0.09765625 0.0984375
1 0.67578125 0.6921875 0.09765625 0.0984375
1 0.678125 0.79921875 0.09765625 0.0984375
1 0.6765625 0.9203125 0.08515625 0.0859375
1 0.58203125 0.528125 0.109375 0.11015625
1 0.58359375 0.64296875 0.11015625 0.11015625
1 0.5875 0.74453125 0.09765625 0.0984375
1 0.57734375 0.853125 0.09765625 0.09765625
3 0.48203125 0.4796875 0.11015625 0.11015625
3 0.3859375 0.528125 0.11015625 0.11015625
1 0.48359375 0.57890625 0.11015625 0.11015625
1 0.48125 0.69375 0.11015625 0.11015625
1 0.48359375 0.81171875 0.11015625 0.1109375
1 0.48125 0.91875 0.0859375 0.0859375
1 0.38515625 0.65 0.0734375 0.07421875
1 0.3890625 0.74921875 0.09765625 0.09765625
1 0.38203125 0.8671875 0.09765625 0.09765625
1 0.2859375 0.4734375 0.109375 0.11015625
1 0.2890625 0.584375 0.109375 0.1109375
1 0.29296875 0.684375 0.109375 0.1109375
1 0.2859375 0.80390625 0.09765625 0.0984375
1 0.28671875 0.92109375 0.08515625 0.0859375
1 0.2 0.521875 0.109375 0.1109375
1 0.20078125 0.62890625 0.08515625 0.0859375
1 0.196875 0.7546875 0.09765625 0.0984375
1 0.2046875 0.8640625 0.09765625 0.0984375
1 0.1 0.48828125 0.11015625 0.1109375
1 0.103125 0.596875 0.08515625 0.0859375
1 0.09609375 0.715625 0.08515625 0.0859375
1 0.10234375 0.81953125 0.0859375 0.0859375
2 0.01796875 0.54375 0.02421875 0.02421875
2 0.0140625 0.76796875 0.02421875 0.02421875