1 0.9421875 0.87421875 0.09765625 0.0984375
1 0.93671875 0.76328125 0.09765625 0.0984375
1 0.94375 0.65859375 0.09765625 0.0984375
1 0.95 0.5546875 0.09765625 0.09765625
1 0.946875 0.44140625 0.09765625 0.09765625
1 0.95 0.3390625 0.09765625 0.09765625
1 0.94921875 0.228125 0.09765625 0.0984375
1 0.8546875 0.284375 0.09765625 0.0984375
1 0.84765625 0.3921875 0.109375 0.1109375
1 0.85234375 0.49921875 0.09765625 0.0984375
1 0.84609375 0.5984375 0.11015625 0.11015625
1 0.8453125 0.7140625 0.09765625 0.09765625
1 0.84453125 0.82109375 0.09765625 0.0984375
1 0.75703125 0.884375 0.09765625 0.0984375
1 0.6546875 0.921875 0.11015625 0.1109375
1 0.75625 0.74140625 0.09765625 0.09765625
1 0.7515625 0.653125 0.09765625 0.0984375
1 0.75703125 0.53671875 0.11015625 0.11015625
1 0.7640625 0.4359375 0.109375 0.1109375
3 0.7609375 0.32734375 0.11015625 0.11015625
1 0.76484375 0.2171875 0.11015625 0.1109375
1 0.665625 0.2796875 0.11015625 0.1109375
1 0.66171875 0.38984375 0.11015625 0.11015625
1 0.665625 0.48359375 0.11015625 0.1109375
1 0.65859375 0.59921875 0.11015625 0.11015625
1 0.5734375 0.65859375 0.109375 0.11015625
1 0.5671875 0.5421875 0.11015625 0.1109375
1 0.5671875 0.4390625 0.109375 0.11015625
1 0.5734375 0.32890625 0.11015625 0.11015625
1 0.57109375 0.23203125 0.109375 0.11015625
1 0.4796875 0.26875 0.109375 0.1109375
1 0.47578125 0.37578125 0.09765625 0.0984375
1 0.475 0.48359375 0.09765625 0.09765625
1 0.47421875 0.59609375 0.11015625 0.11015625
1 0.47578125 0.71328125 0.09765625 0.0984375
1 0.471875 0.821875 0.09765625 0.0984375
1 0.5640625 0.88515625 0.11015625 0.11015625
1 0.56171875 0.759375 0.109375 0.11015625
1 0.459375 0.91875 0.08515625 0.0859375
1 0.37421875 0.86796875 0.09765625 0.09765625
1 0.38125 0.74765625 0.09765625 0.0984375
1 0.3796875 0.6484375 0.09765625 0.09765625
1 0.375 0.54453125 0.09765625 0.0984375
1 0.37578125 0.43515625 0.109375 0.11015625
1 0.3796875 0.31796875 0.09765625 0.0984375
1 0.38515625 0.2125 0.11015625 0.11015625
1 0.2859375 0.271875 0.11015625 0.11015625
1 0.28828125 0.384375 0.109375 0.11015625
1 0.290625 0.484375 0.11015625 0.1109375
1 0.284375 0.59921875 0.109375 0.11015625
1 0.28515625 0.7078125 0.109375 0.1109375
1 0.28125 0.8109375 0.109375 0.11015625
1 0.27109375 0.93203125 0.11015625 0.11015625
1 0.18046875 0.865625 0.11015625 0.11015625
1 0.18671875 0.75234375 0.11015625 0.11015625
1 0.17890625 0.64375 0.11015625 0.11015625
1 0.18828125 0.53984375 0.09765625 0.09765625
1 0.18984375 0.4296875 0.11015625 0.1109375
1 0.19921875 0.209375 0.109375 0.11015625
1 0.1921875 0.31796875 0.109375 0.11015625
1 0.09296875 0.26796875 0.11015625 0.11015625
1 0.09453125 0.36953125 0.11015625 0.11015625
1 0.0875 0.49140625 0.109375 0.11015625
1 0.0875 0.59609375 0.11015625 0.11015625
1 0.0828125 0.7015625 0.11015625 0.11015625
1 0.0796875 0.8328125 0.11015625 0.11015625
1 0.0890625 0.92109375 0.09765625 0.0984375