1 0.3890625 0.7984375 0.08515625 0.0859375
1 0.38515625 0.92109375 0.11015625 0.11015625
1 0.2859375 0.8640625 0.11015625 0.11015625
1 0.19921875 0.80234375 0.09765625 0.0984375
1 0.19921875 0.91171875 0.109375 0.11015625
1 0.10078125 0.85078125 0.09765625 0.09765625
1 0.85234375 0.87578125 0.09765625 0.09765625
1 0.86328125 0.76171875 0.09765625 0.09765625
1 0.7640625 0.8171875 0.109375 0.1109375
1 0.7625 0.92890625 0.109375 0.11015625
1 0.67109375 0.7515625 0.0859375 0.0859375
1 0.66171875 0.8703125 0.11015625 0.11015625
1 0.56875 0.928125 0.09765625 0.09765625
1 0.575 0.80625 0.09765625 0.09765625
1 0.4828125 0.7671875 0.109375 0.1109375
1 0.478125 0.8703125 0.09765625 0.0984375
1 0.8703125 0.575 0.109375 0.11015625
1 0.85859375 0.4671875 0.11015625 0.1109375
1 0.865625 0.353125 0.109375 0.1109375
1 0.87109375 0.2546875 0.09765625 0.0984375
1 0.871875 0.12734375 0.09765625 0.0984375
1 0.775 0.07890625 0.09765625 0.09765625
1 0.7765625 0.1859375 0.09765625 0.09765625
1 0.7765625 0.2984375 0.09765625 0.09765625
1 0.77265625 0.4125 0.09765625 0.09765625
2 0.6125 0.0421875 0.0484375 0.05
1 0.68046875 0.259375 0.09765625 0.09765625
1 0.678125 0.34921875 0.11015625 0.11015625
1 0.678125 0.4703125 0.09765625 0.0984375
1 0.67890625 0.565625 0.11015625 0.1109375
1 0.7640625 0.51875 0.11015625 0.1109375
1 0.58125 0.51328125 0.09765625 0.0984375
1 0.58515625 0.39375 0.0859375 0.0859375
1 0.58515625 0.29453125 0.109375 0.11015625
1 0.496875 0.23125 0.09765625 0.0984375
1 0.509375 0.37578125 0.109375 0.11015625
1 0.496875 0.47109375 0.109375 0.11015625
1 0.4828125 0.57421875 0.09765625 0.09765625
1 0.4015625 0.525 0.109375 0.11015625
1 0.39765625 0.40703125 0.109375 0.11015625
0 0.39921875 0.30859375 0.08515625 0.0859375
1 0.396875 0.18671875 0.09765625 0.09765625
1 0.303125 0.1421875 0.08515625 0.0859375
1 0.29765625 0.25078125 0.09765625 0.0984375
1 0.29765625 0.3515625 0.09765625 0.09765625
1 0.29765625 0.4671875 0.109375 0.11015625
1 0.29921875 0.56484375 0.11015625 0.11015625
1 0.2015625 0.52265625 0.109375 0.11015625
1 0.20234375 0.40859375 0.09765625 0.0984375
1 0.2125 0.29296875 0.109375 0.1109375
1 0.20390625 0.1921875 0.109375 0.11015625
1 0.2140625 0.0671875 0.11015625 0.11015625
1 0.1109375 0.13828125 0.11015625 0.11015625
1 0.12109375 0.25078125 0.0859375 0.0859375
1 0.11328125 0.5046875 0.109375 0.1109375
1 0.1046875 0.3609375 0.09765625 0.0984375