2 0.96015625 0.1203125 0.0734375 0.0734375
1 0.8625 0.05234375 0.09765625 0.0984375
1 0.859375 0.18203125 0.09765625 0.0984375
1 0.865625 0.2875 0.109375 0.11015625
1 0.77421875 0.12734375 0.09765625 0.0984375
1 0.77421875 0.228125 0.09765625 0.0984375
1 0.76875 0.3421875 0.109375 0.1109375
1 0.67578125 0.0609375 0.109375 0.11015625
1 0.678125 0.1703125 0.109375 0.11015625
1 0.6765625 0.28203125 0.11015625 0.1109375
1 0.5828125 0.109375 0.09765625 0.09765625
1 0.584375 0.21953125 0.11015625 0.1109375
1 0.584375 0.33828125 0.11015625 0.11015625
1 0.49296875 0.0671875 0.11015625 0.1109375
1 0.48359375 0.1765625 0.09765625 0.09765625
1 0.49296875 0.29453125 0.109375 0.11015625
2 0.39375 0.1234375 0.0609375 0.06171875
1 0.38984375 0.2296875 0.109375 0.11015625
1 0.39140625 0.340625 0.109375 0.11015625
1 0.303125 0.0578125 0.109375 0.11015625
1 0.29453125 0.16640625 0.11015625 0.11015625
1 0.2984375 0.28671875 0.11015625 0.11015625
2 0.2015625 0.10390625 0.06171875 0.06171875
1 0.20234375 0.225 0.11015625 0.11015625
1 0.20234375 0.34140625 0.109375 0.11015625
2 0.10703125 0.06171875 0.06171875 0.06171875
1 0.10859375 0.17265625 0.109375 0.11015625
1 0.1078125 0.29140625 0.109375 0.11015625
1 0.1125 0.39140625 0.09765625 0.0984375
1 0.11328125 0.4984375 0.09765625 0.0984375
1 0.1109375 0.61015625 0.09765625 0.09765625
1 0.1078125 0.71953125 0.09765625 0.09765625
1 0.20234375 0.45 0.11015625 0.11015625
1 0.2 0.56015625 0.109375 0.11015625
1 0.1984375 0.6671875 0.109375 0.11015625
1 0.2 0.7671875 0.109375 0.1109375
1 0.29375 0.39609375 0.11015625 0.11015625
1 0.29609375 0.50703125 0.11015625 0.11015625
1 0.29765625 0.61015625 0.11015625 0.11015625
1 0.29296875 0.728125 0.09765625 0.0984375
1 0.3859375 0.45546875 0.109375 0.11015625
1 0.390625 0.56484375 0.09765625 0.0984375
1 0.3890625 0.66875 0.11015625 0.11015625
1 0.4921875 0.39140625 0.09765625 0.0984375
1 0.48828125 0.49921875 0.09765625 0.0984375
1 0.4953125 0.61484375 0.109375 0.11015625
1 0.496875 0.72578125 0.11015625 0.11015625
1 0.58515625 0.4484375 0.11015625 0.11015625
1 0.58671875 0.5578125 0.109375 0.11015625
1 0.58515625 0.66171875 0.109375 0.11015625
1 0.6828125 0.38984375 0.11015625 0.1109375
1 0.678125 0.50625 0.11015625 0.11015625
1 0.68046875 0.61015625 0.11015625 0.11015625
1 0.67421875 0.721875 0.11015625 0.11015625
1 0.7765625 0.446875 0.109375 0.1109375
1 0.7734375 0.559375 0.109375 0.11015625
1 0.771875 0.6671875 0.09765625 0.0984375
1 0.7734375 0.78359375 0.09765625 0.0984375
1 0.86796875 0.38828125 0.11015625 0.11015625
1 0.86640625 0.509375 0.0859375 0.0859375
1 0.86640625 0.61640625 0.09765625 0.09765625
1 0.87109375 0.72734375 0.09765625 0.0984375
1 0.86328125 0.8328125 0.109375 0.11015625
1 0.7734375 0.88515625 0.09765625 0.0984375
1 0.6796875 0.83671875 0.109375 0.11015625
1 0.5890625 0.7828125 0.109375 0.11015625
1 0.5875 0.89140625 0.09765625 0.0984375
1 0.49296875 0.8453125 0.11015625 0.11015625
1 0.3859375 0.78203125 0.11015625 0.11015625
1 0.39140625 0.89296875 0.11015625 0.11015625
1 0.29375 0.84375 0.09765625 0.09765625
1 0.19921875 0.8890625 0.109375 0.1109375
1 0.10859375 0.83125 0.11015625 0.1109375
1 0.10625 0.940625 0.11015625 0.11015625