2 0.81171875 0.88046875 0.0734375 0.0734375
2 0.71328125 0.71171875 0.06171875 0.06171875
2 0.8078125 0.75703125 0.06171875 0.06171875
2 0.9015625 0.71875 0.0609375 0.0609375
2 0.534375 0.71328125 0.06171875 0.06171875
1 0.0609375 0.8796875 0.09765625 0.09765625
1 0.153125 0.8265625 0.11015625 0.1109375
1 0.15703125 0.9359375 0.11015625 0.1109375
1 0.146875 0.715625 0.08515625 0.0859375
1 0.246875 0.77265625 0.09765625 0.0984375
1 0.246875 0.87890625 0.09765625 0.09765625
1 0.34296875 0.725 0.109375 0.11015625
1 0.3453125 0.83046875 0.09765625 0.0984375
1 0.34765625 0.934375 0.09765625 0.0984375
1 0.43671875 0.7703125 0.09765625 0.0984375
1 0.43828125 0.8734375 0.09765625 0.0984375
1 0.53046875 0.8265625 0.09765625 0.0984375
1 0.5328125 0.93203125 0.09765625 0.0984375
1 0.625 0.76640625 0.09765625 0.0984375
1 0.6265625 0.88125 0.0859375 0.08671875
1 0.71875 0.825 0.0859375 0.0859375
1 0.715625 0.9359375 0.0859375 0.0859375
1 0.91015625 0.821875 0.09765625 0.09765625
1 0.90859375 0.93046875 0.08515625 0.0859375