2 0.4578125 0.590625 0.0734375 0.07421875
2 0.459375 0.6765625 0.0734375 0.07421875
2 0.6609375 0.65859375 0.0734375 0.0734375
2 0.65390625 0.4421875 0.0734375 0.07421875
2 0.3796875 0.64375 0.0734375 0.0734375
2 0.571875 0.771875 0.0609375 0.06171875
2 0.37734375 0.74140625 0.0734375 0.0734375
1 0.9484375 0.05546875 0.09765625 0.0984375
3 0.94140625 0.1703125 0.0859375 0.0859375
1 0.94375 0.275 0.08515625 0.0859375
1 0.94453125 0.728125 0.09765625 0.0984375
1 0.8578125 0.1125 0.09765625 0.0984375
1 0.84296875 0.2171875 0.09765625 0.09765625
1 0.84375 0.34453125 0.09765625 0.0984375
1 0.8390625 0.45390625 0.09765625 0.0984375
1 0.83515625 0.559375 0.09765625 0.0984375
1 0.84609375 0.66796875 0.08515625 0.0859375
1 0.75078125 0.715625 0.08515625 0.0859375
1 0.759375 0.06875 0.11015625 0.1109375
1 0.76328125 0.19375 0.121875 0.1234375
1 0.75625 0.2984375 0.08515625 0.0859375
1 0.7390625 0.415625 0.0859375 0.0859375
1 0.74140625 0.5015625 0.08515625 0.08671875
1 0.7484375 0.609375 0.09765625 0.09765625
1 0.6671875 0.1265625 0.11015625 0.11015625
1 0.66484375 0.2390625 0.09765625 0.0984375
1 0.6671875 0.3375 0.09765625 0.0984375
2 0.575 0.42421875 0.0609375 0.06171875
2 0.575 0.52734375 0.0734375 0.07421875
1 0.57734375 0.61328125 0.08515625 0.0859375
1 0.56875 0.6921875 0.0859375 0.0859375
2 0.44296875 0.77578125 0.06171875 0.06171875
1 0.19609375 0.7296875 0.0859375 0.0859375
1 0.56953125 0.08359375 0.109375 0.11015625
1 0.5765625 0.18046875 0.11015625 0.11015625
1 0.57421875 0.2953125 0.109375 0.11015625
1 0.4734375 0.13359375 0.109375 0.11015625
1 0.47578125 0.23984375 0.11015625 0.11015625
1 0.47578125 0.33984375 0.109375 0.1109375
1 0.4640625 0.48203125 0.09765625 0.0984375
1 0.3796875 0.5296875 0.09765625 0.0984375
1 0.39453125 0.41484375 0.0859375 0.0859375
1 0.38046875 0.071875 0.08515625 0.08671875
1 0.38671875 0.17578125 0.09765625 0.09765625
1 0.3796875 0.30703125 0.09765625 0.0984375
1 0.2796875 0.12890625 0.08515625 0.0859375
1 0.2875 0.2421875 0.09765625 0.09765625
1 0.290625 0.3453125 0.109375 0.11015625
1 0.3015625 0.4828125 0.08515625 0.0859375
1 0.2921875 0.5765625 0.09765625 0.0984375
1 0.27890625 0.696875 0.08515625 0.0859375
1 0.2015625 0.62421875 0.11015625 0.11015625
1 0.19375 0.53046875 0.11015625 0.11015625
1 0.196875 0.403125 0.11015625 0.1109375
1 0.19921875 0.3015625 0.109375 0.1109375
1 0.196875 0.1859375 0.09765625 0.0984375
3 0.19765625 0.07421875 0.0734375 0.07421875
1 0.096875 0.1328125 0.08515625 0.0859375
1 0.1 0.24140625 0.109375 0.11015625
1 0.10234375 0.35 0.09765625 0.0984375
1 0.10859375 0.4734375 0.0859375 0.0859375
1 0.103125 0.571875 0.109375 0.1109375
1 0.1046875 0.67890625 0.09765625 0.0984375
1 0.09921875 0.7875 0.08515625 0.0859375
1 0.6578125 0.54609375 0.09765625 0.0984375