1 0.409375 0.4671875 0.109375 0.11015625
2 0.5890625 0.5671875 0.0734375 0.07421875
2 0.98359375 0.246875 0.02421875 0.02421875
2 0.978125 0.36015625 0.02421875 0.02421875
2 0.8859375 0.16875 0.02421875 0.02421875
2 0.8859375 0.27890625 0.02421875 0.02421875
2 0.88203125 0.39375 0.02421875 0.02421875
2 0.878125 0.503125 0.02421875 0.02421875
2 0.88125 0.58515625 0.02421875 0.02421875
2 0.97890625 0.446875 0.02421875 0.02421875
2 0.971875 0.55390625 0.02421875 0.02421875
1 0.5953125 0.134375 0.09765625 0.0984375
1 0.6 0.2375 0.109375 0.11015625
1 0.590625 0.3484375 0.09765625 0.09765625
1 0.5953125 0.46015625 0.09765625 0.09765625
3 0.4984375 0.1890625 0.0859375 0.0859375
1 0.49921875 0.303125 0.09765625 0.09765625
1 0.49453125 0.4078125 0.11015625 0.11015625
1 0.4953125 0.5171875 0.09765625 0.0984375
1 0.409375 0.12578125 0.11015625 0.1109375
1 0.4078125 0.2390625 0.11015625 0.1109375
1 0.40703125 0.3515625 0.09765625 0.09765625
1 0.41171875 0.57265625 0.0734375 0.0734375
1 0.31015625 0.078125 0.11015625 0.1109375
1 0.309375 0.18125 0.109375 0.1109375
1 0.30625 0.303125 0.109375 0.11015625
1 0.30859375 0.4109375 0.09765625 0.0984375
1 0.3125 0.51484375 0.09765625 0.0984375
1 0.21171875 0.1296875 0.109375 0.11015625
1 0.2171875 0.2375 0.09765625 0.0984375
1 0.21796875 0.3484375 0.09765625 0.0984375
1 0.21796875 0.4546875 0.09765625 0.0984375
2 0.2203125 0.5671875 0.0734375 0.0734375
1 0.11796875 0.07578125 0.109375 0.11015625
1 0.11484375 0.1796875 0.08515625 0.0859375
1 0.11875 0.28203125 0.09765625 0.0984375
1 0.12109375 0.4046875 0.09765625 0.0984375
1 0.12109375 0.5140625 0.09765625 0.0984375
2 0.03203125 0.7375 0.06171875 0.06171875
1 0.1296875 0.78671875 0.09765625 0.0984375
1 0.12421875 0.9046875 0.09765625 0.0984375
2 0.2265625 0.7359375 0.0609375 0.06171875
1 0.21875 0.8421875 0.09765625 0.0984375
1 0.315625 0.78984375 0.08515625 0.0859375
1 0.31171875 0.89765625 0.09765625 0.0984375
2 0.4078125 0.73671875 0.0609375 0.06171875
1 0.4109375 0.84609375 0.09765625 0.0984375
1 0.5 0.79296875 0.0859375 0.0859375
1 0.50078125 0.896875 0.09765625 0.0984375
2 0.5984375 0.74375 0.0359375 0.0375
1 0.5984375 0.84296875 0.09765625 0.09765625
1 0.69375 0.8015625 0.08515625 0.0859375
1 0.69140625 0.89921875 0.09765625 0.09765625
2 0.79375 0.7484375 0.0609375 0.06171875
1 0.7859375 0.846875 0.0859375 0.0859375
1 0.8828125 0.796875 0.0859375 0.0859375
1 0.875 0.90703125 0.09765625 0.0984375