1 0.8828125 0.7625 0.109375 0.11015625
1 0.121875 0.11015625 0.11015625 0.11015625
1 0.12265625 0.2125 0.11015625 0.11015625
1 0.11796875 0.33046875 0.09765625 0.0984375
1 0.2109375 0.0578125 0.109375 0.11015625
1 0.215625 0.1671875 0.09765625 0.0984375
1 0.2140625 0.27109375 0.11015625 0.11015625
1 0.31328125 0.10234375 0.09765625 0.0984375
1 0.3203125 0.2171875 0.109375 0.11015625
1 0.321875 0.32890625 0.11015625 0.11015625
1 0.4125 0.1609375 0.109375 0.11015625
1 0.41015625 0.2640625 0.109375 0.11015625
1 0.503125 0.10859375 0.11015625 0.11015625
1 0.50546875 0.2125 0.11015625 0.11015625
1 0.49921875 0.325 0.11015625 0.11015625
1 0.5984375 0.16171875 0.109375 0.11015625
1 0.596875 0.2703125 0.09765625 0.0984375
1 0.5984375 0.3859375 0.09765625 0.0984375
1 0.69140625 0.1125 0.0859375 0.0859375
1 0.69140625 0.21875 0.09765625 0.09765625
1 0.69609375 0.3296875 0.09765625 0.0984375
1 0.78671875 0.1546875 0.11015625 0.1109375
1 0.7875 0.2765625 0.109375 0.1109375
1 0.7828125 0.38203125 0.109375 0.11015625
1 0.8796875 0.10859375 0.11015625 0.11015625
1 0.88125 0.215625 0.11015625 0.11015625
1 0.88203125 0.3265625 0.11015625 0.1109375
1 0.88515625 0.44375 0.11015625 0.1109375
1 0.88359375 0.5484375 0.09765625 0.0984375
1 0.88125 0.6546875 0.109375 0.11015625
1 0.78828125 0.490625 0.09765625 0.0984375
1 0.7828125 0.60234375 0.109375 0.11015625
1 0.7875 0.70625 0.109375 0.11015625
2 0.78984375 0.81953125 0.0484375 0.05
2 0.88203125 0.87421875 0.0484375 0.05
1 0.68828125 0.43515625 0.109375 0.11015625
1 0.69375 0.55 0.11015625 0.11015625
1 0.69375 0.6609375 0.11015625 0.11015625
1 0.696875 0.77265625 0.11015625 0.11015625
1 0.69609375 0.87890625 0.08515625 0.0859375
1 0.5984375 0.4875 0.09765625 0.0984375
1 0.59453125 0.5984375 0.11015625 0.11015625
1 0.6 0.709375 0.09765625 0.0984375
1 0.5046875 0.4390625 0.109375 0.11015625
1 0.5015625 0.54765625 0.109375 0.11015625
1 0.50703125 0.65703125 0.109375 0.11015625
1 0.50625 0.7609375 0.109375 0.11015625
1 0.50703125 0.8828125 0.0734375 0.07421875
1 0.4140625 0.38515625 0.109375 0.11015625
1 0.41328125 0.49375 0.09765625 0.0984375
1 0.41484375 0.60859375 0.11015625 0.11015625
1 0.40859375 0.7015625 0.11015625 0.11015625
1 0.4109375 0.8234375 0.11015625 0.1109375
1 0.31796875 0.44765625 0.11015625 0.11015625
1 0.321875 0.5609375 0.11015625 0.11015625
1 0.31875 0.66796875 0.11015625 0.1109375
1 0.3203125 0.775 0.09765625 0.09765625
2 0.321875 0.8796875 0.0609375 0.06171875
1 0.21171875 0.384375 0.11015625 0.11015625
1 0.21640625 0.4953125 0.11015625 0.11015625
1 0.2171875 0.6078125 0.109375 0.1109375
1 0.215625 0.7078125 0.09765625 0.09765625
1 0.21875 0.82734375 0.109375 0.11015625
1 0.11875 0.44609375 0.09765625 0.09765625
1 0.12421875 0.5578125 0.09765625 0.09765625
1 0.1203125 0.66875 0.109375 0.11015625
1 0.12421875 0.77578125 0.109375 0.11015625
1 0.11796875 0.88203125 0.109375 0.11015625
1 0.21796875 0.93984375 0.09765625 0.0984375
1 0.4046875 0.94375 0.11015625 0.11015625
1 0.59140625 0.93203125 0.0734375 0.0734375
1 0.7875 0.93203125 0.109375 0.11015625