2 0.1109375 0.12890625 0.0734375 0.07421875
2 0.1046875 0.93671875 0.0734375 0.0734375
2 0.853125 0.865625 0.0734375 0.0734375
2 0.85390625 0.7578125 0.08515625 0.0859375
2 0.4640625 0.8734375 0.0734375 0.07421875
1 0.3 0.134375 0.08515625 0.0859375
1 0.3015625 0.2296875 0.08515625 0.0859375
1 0.3 0.35234375 0.08515625 0.0859375
1 0.20625 0.0765625 0.09765625 0.09765625
1 0.21015625 0.18359375 0.0859375 0.0859375
1 0.20390625 0.290625 0.0859375 0.0859375
1 0.11640625 0.23671875 0.09765625 0.0984375
1 0.1140625 0.3546875 0.09765625 0.0984375
1 0.1125 0.45625 0.09765625 0.0984375
3 0.20390625 0.39921875 0.0859375 0.0859375
1 0.209375 0.509375 0.09765625 0.0984375
1 0.30625 0.4609375 0.0859375 0.0859375
2 0.09296875 0.73984375 0.06171875 0.06171875
2 0.09453125 0.8265625 0.06171875 0.06171875
2 0.19921875 0.80703125 0.0484375 0.05
2 0.1984375 0.9109375 0.0484375 0.05
2 0.2734375 0.7703125 0.0609375 0.06171875
2 0.27734375 0.86796875 0.0609375 0.06171875
2 0.27734375 0.95234375 0.0609375 0.06171875
2 0.36171875 0.821875 0.06171875 0.06171875
2 0.36953125 0.92734375 0.0734375 0.0734375
2 0.4515625 0.7609375 0.06171875 0.06171875
1 0.57109375 0.91328125 0.0734375 0.07421875
1 0.68125 0.75546875 0.09765625 0.0984375
1 0.68671875 0.871875 0.11015625 0.1109375
1 0.77734375 0.80546875 0.09765625 0.0984375
1 0.77734375 0.921875 0.09765625 0.09765625