2 0.7875 0.15703125 0.0734375 0.07421875
2 0.89296875 0.46171875 0.0734375 0.0734375
2 0.596875 0.734375 0.0734375 0.07421875
2 0.60078125 0.384375 0.0734375 0.0734375
2 0.790625 0.5109375 0.0734375 0.07421875
2 0.878125 0.65703125 0.0734375 0.0734375
2 0.696875 0.5640625 0.0734375 0.0734375
2 0.96171875 0.8421875 0.0734375 0.07421875
1 0.78828125 0.71484375 0.0859375 0.0859375
1 0.7765625 0.828125 0.0859375 0.0859375
1 0.8875 0.7703125 0.0859375 0.08671875
1 0.8859375 0.88203125 0.08515625 0.0859375
1 0.95625 0.9328125 0.0859375 0.0859375
1 0.496875 0.67421875 0.09765625 0.0984375
1 0.49453125 0.790625 0.11015625 0.11015625
1 0.396875 0.8375 0.09765625 0.0984375
1 0.40546875 0.72890625 0.11015625 0.11015625
1 0.3078125 0.771875 0.109375 0.11015625
1 0.21953125 0.71953125 0.0859375 0.0859375
1 0.209375 0.82421875 0.0859375 0.0859375
1 0.2125 0.94921875 0.0859375 0.0859375
1 0.30703125 0.88359375 0.08515625 0.0859375
1 0.4015625 0.95390625 0.0859375 0.0859375
1 0.5 0.9015625 0.0859375 0.0859375
1 0.6859375 0.7765625 0.08515625 0.0859375
1 0.684375 0.90234375 0.0859375 0.0859375
1 0.59921875 0.84765625 0.08515625 0.0859375
1 0.1203125 0.6703125 0.09765625 0.0984375
1 0.12421875 0.7859375 0.0859375 0.0859375
1 0.121875 0.89375 0.09765625 0.0984375
2 0.89296875 0.55546875 0.0734375 0.0734375
2 0.78828125 0.6203125 0.0734375 0.07421875
1 0.89453125 0.25859375 0.0859375 0.0859375
2 0.60390625 0.0453125 0.0734375 0.07421875
1 0.1265625 0.115625 0.09765625 0.0984375
1 0.12578125 0.23046875 0.09765625 0.09765625
1 0.121875 0.34609375 0.09765625 0.0984375
1 0.12578125 0.4515625 0.08515625 0.0859375
1 0.125 0.553125 0.09765625 0.0984375
1 0.22109375 0.60390625 0.11015625 0.11015625
1 0.21953125 0.4953125 0.109375 0.11015625
1 0.21484375 0.38828125 0.109375 0.11015625
1 0.22109375 0.28671875 0.11015625 0.11015625
1 0.2203125 0.1734375 0.11015625 0.11015625
1 0.21796875 0.059375 0.109375 0.11015625
1 0.31875 0.1125 0.109375 0.1109375
1 0.3109375 0.22421875 0.109375 0.11015625
1 0.31328125 0.32890625 0.08515625 0.0859375
1 0.315625 0.41875 0.0859375 0.0859375
1 0.3109375 0.55234375 0.09765625 0.0984375
1 0.4109375 0.6171875 0.109375 0.1109375
1 0.31171875 0.6640625 0.0859375 0.0859375
1 0.40703125 0.4921875 0.0859375 0.0859375
1 0.40703125 0.4 0.09765625 0.0984375
1 0.40625 0.27890625 0.09765625 0.0984375
1 0.41171875 0.175 0.08515625 0.0859375
1 0.503125 0.10859375 0.09765625 0.09765625
1 0.50625 0.24375 0.09765625 0.0984375
1 0.50390625 0.3328125 0.09765625 0.0984375
1 0.4953125 0.45 0.109375 0.11015625
1 0.49609375 0.5609375 0.109375 0.11015625
1 0.5953125 0.621875 0.0859375 0.0859375
1 0.60234375 0.50703125 0.0859375 0.0859375
1 0.6 0.2796875 0.08515625 0.0859375
1 0.59453125 0.14375 0.09765625 0.0984375
1 0.6921875 0.2015625 0.08515625 0.0859375
1 0.69140625 0.3328125 0.09765625 0.0984375
1 0.6921875 0.4484375 0.09765625 0.09765625
1 0.78984375 0.39140625 0.109375 0.11015625
1 0.7859375 0.27265625 0.09765625 0.0984375
1 0.88359375 0.14765625 0.11015625 0.11015625