2 0.09609375 0.54140625 0.0734375 0.0734375
2 0.08125 0.73671875 0.0734375 0.0734375
2 0.1671875 0.81875 0.0734375 0.0734375
2 0.16484375 0.921875 0.0734375 0.07421875
2 0.74921875 0.04375 0.0734375 0.07421875
1 0.93046875 0.8015625 0.0859375 0.0859375
1 0.92578125 0.91875 0.09765625 0.0984375
1 0.8296875 0.75703125 0.0859375 0.0859375
1 0.834375 0.8765625 0.09765625 0.09765625
1 0.73828125 0.80625 0.109375 0.1109375
1 0.7390625 0.9171875 0.109375 0.1109375
1 0.646875 0.86484375 0.109375 0.11015625
1 0.6359375 0.76875 0.11015625 0.11015625
1 0.5578125 0.925 0.09765625 0.09765625
1 0.45234375 0.8734375 0.11015625 0.11015625
1 0.45625 0.753125 0.11015625 0.1109375
1 0.275 0.75234375 0.09765625 0.0984375
1 0.090625 0.85 0.0859375 0.08671875
2 0.09609375 0.63515625 0.0734375 0.0734375
1 0.09765625 0.3390625 0.0859375 0.0859375
1 0.93359375 0.7015625 0.0859375 0.0859375
1 0.93828125 0.60078125 0.09765625 0.0984375
1 0.9390625 0.4828125 0.09765625 0.09765625
1 0.93671875 0.046875 0.08515625 0.0859375
1 0.9390625 0.1609375 0.0859375 0.0859375
1 0.940625 0.2703125 0.0859375 0.0859375
1 0.940625 0.3734375 0.0859375 0.0859375
1 0.8375 0.0921875 0.08515625 0.0859375
2 0.2765625 0.42578125 0.0484375 0.0484375
1 0.27578125 0.52734375 0.08515625 0.0859375
1 0.278125 0.64296875 0.0859375 0.08671875
1 0.8375 0.20703125 0.08515625 0.0859375
1 0.8359375 0.315625 0.109375 0.11015625
1 0.834375 0.42265625 0.08515625 0.0859375
1 0.8328125 0.5421875 0.09765625 0.0984375
1 0.8375 0.6578125 0.109375 0.11015625
1 0.74609375 0.70625 0.109375 0.1109375
1 0.74296875 0.59453125 0.11015625 0.11015625
1 0.74296875 0.4859375 0.11015625 0.11015625
1 0.74140625 0.3703125 0.11015625 0.11015625
1 0.74296875 0.25859375 0.11015625 0.11015625
1 0.74375 0.146875 0.09765625 0.09765625
1 0.65546875 0.0828125 0.0859375 0.0859375
1 0.63984375 0.21015625 0.09765625 0.0984375
1 0.6453125 0.31953125 0.09765625 0.0984375
1 0.6421875 0.42890625 0.11015625 0.11015625
1 0.6484375 0.540625 0.109375 0.11015625
1 0.64375 0.653125 0.11015625 0.11015625
1 0.5609375 0.70703125 0.09765625 0.09765625
1 0.55625 0.56953125 0.09765625 0.09765625
1 0.55390625 0.4703125 0.09765625 0.0984375
1 0.55390625 0.38046875 0.09765625 0.0984375
1 0.559375 0.25703125 0.09765625 0.0984375
1 0.4578125 0.64609375 0.09765625 0.0984375
1 0.45859375 0.53046875 0.08515625 0.0859375
1 0.36328125 0.153125 0.109375 0.11015625
1 0.36015625 0.25859375 0.109375 0.11015625
1 0.275 0.0875 0.09765625 0.0984375
1 0.2703125 0.2 0.11015625 0.11015625
1 0.2671875 0.3140625 0.11015625 0.11015625
1 0.17578125 0.2578125 0.109375 0.1109375
1 0.184375 0.12421875 0.09765625 0.09765625
1 0.0890625 0.08359375 0.11015625 0.11015625
1 0.08671875 0.228125 0.11015625 0.11015625
1 0.18046875 0.36484375 0.109375 0.11015625
1 0.18046875 0.47265625 0.0859375 0.0859375
1 0.175 0.70625 0.0859375 0.0859375