2 0.34296875 0.3078125 0.0734375 0.0734375
2 0.25078125 0.38125 0.0734375 0.07421875
2 0.54609375 0.53828125 0.0734375 0.0734375
2 0.428125 0.5828125 0.06171875 0.06171875
1 0.9140625 0.878125 0.109375 0.11015625
1 0.91015625 0.76015625 0.109375 0.11015625
0 0.91171875 0.6625 0.08515625 0.0859375
1 0.915625 0.19609375 0.0859375 0.0859375
1 0.91796875 0.29296875 0.09765625 0.09765625
1 0.81640625 0.15078125 0.109375 0.11015625
1 0.909375 0.53984375 0.09765625 0.09765625
1 0.815625 0.49609375 0.08515625 0.0859375
1 0.8109375 0.60390625 0.09765625 0.0984375
1 0.8109375 0.7046875 0.09765625 0.09765625
1 0.8109375 0.82109375 0.109375 0.11015625
1 0.81171875 0.91875 0.11015625 0.11015625
1 0.7140625 0.8765625 0.109375 0.11015625
1 0.71484375 0.7625 0.09765625 0.0984375
1 0.72578125 0.646875 0.109375 0.1109375
1 0.7171875 0.5453125 0.109375 0.11015625
1 0.72734375 0.4203125 0.11015625 0.11015625
1 0.71953125 0.215625 0.09765625 0.09765625
1 0.63203125 0.15078125 0.109375 0.11015625
1 0.6234375 0.49140625 0.11015625 0.11015625
1 0.63359375 0.6046875 0.0859375 0.0859375
1 0.534375 0.2078125 0.11015625 0.1109375
1 0.44453125 0.1828125 0.109375 0.11015625
1 0.43671875 0.2796875 0.09765625 0.09765625
1 0.340625 0.20625 0.09765625 0.0984375
1 0.3484375 0.4359375 0.09765625 0.09765625
1 0.540625 0.4171875 0.0859375 0.0859375
1 0.5421875 0.66328125 0.09765625 0.09765625
1 0.52421875 0.76328125 0.11015625 0.11015625
1 0.52109375 0.84921875 0.11015625 0.11015625
1 0.62578125 0.85859375 0.109375 0.1109375
1 0.6171875 0.7140625 0.09765625 0.0984375
3 0.425 0.6734375 0.0734375 0.0734375
1 0.4296875 0.77890625 0.09765625 0.0984375
1 0.425 0.8875 0.11015625 0.11015625
1 0.3421875 0.84765625 0.09765625 0.09765625
1 0.346875 0.7703125 0.09765625 0.0984375
1 0.25390625 0.15 0.09765625 0.09765625
1 0.2453125 0.25859375 0.0859375 0.0859375
1 0.25703125 0.4875 0.09765625 0.09765625
1 0.1578125 0.44921875 0.0859375 0.0859375
1 0.1609375 0.54140625 0.11015625 0.11015625
1 0.153125 0.65390625 0.09765625 0.0984375
2 0.24453125 0.79453125 0.0734375 0.0734375
1 0.25078125 0.89296875 0.09765625 0.0984375
1 0.0671875 0.15 0.09765625 0.0984375
3 0.0609375 0.26484375 0.0859375 0.0859375
1 0.06328125 0.3703125 0.08515625 0.0859375
1 0.0640625 0.48671875 0.11015625 0.11015625
1 0.06796875 0.5953125 0.11015625 0.11015625
1 0.06640625 0.7046875 0.109375 0.11015625
1 0.06328125 0.82265625 0.09765625 0.0984375
1 0.91328125 0.0890625 0.11015625 0.11015625
1 0.53515625 0.11015625 0.09765625 0.0984375
1 0.44375 0.0890625 0.109375 0.11015625
1 0.34609375 0.10625 0.11015625 0.11015625