2 0.49453125 0.1703125 0.0734375 0.07421875
2 0.30234375 0.89375 0.0734375 0.0734375
2 0.39296875 0.93515625 0.0734375 0.0734375
2 0.8484375 0.9140625 0.0734375 0.07421875
1 0.68046875 0.053125 0.09765625 0.09765625
1 0.684375 0.17578125 0.08515625 0.0859375
1 0.68515625 0.2703125 0.08515625 0.0859375
1 0.684375 0.39375 0.08515625 0.0859375
1 0.58984375 0.1171875 0.09765625 0.09765625
1 0.59375 0.225 0.0859375 0.0859375
1 0.5875 0.33203125 0.0859375 0.0859375
1 0.4953125 0.05625 0.09765625 0.09765625
1 0.5 0.278125 0.09765625 0.0984375
1 0.403125 0.11796875 0.09765625 0.0984375
1 0.4 0.2203125 0.08515625 0.0859375
1 0.4015625 0.33671875 0.09765625 0.0984375
1 0.3078125 0.05625 0.09765625 0.0984375
1 0.30625 0.1625 0.09765625 0.0984375
1 0.30546875 0.2765625 0.09765625 0.0984375
1 0.30390625 0.38984375 0.09765625 0.0984375
1 0.209375 0.11484375 0.09765625 0.0984375
1 0.2140625 0.225 0.09765625 0.0984375
1 0.21015625 0.33984375 0.0859375 0.0859375
1 0.11875 0.05625 0.09765625 0.0984375
1 0.1171875 0.16953125 0.09765625 0.0984375
1 0.11875 0.2765625 0.09765625 0.0984375
1 0.11796875 0.39765625 0.08515625 0.0859375
1 0.12109375 0.5046875 0.09765625 0.09765625
1 0.11484375 0.6 0.08515625 0.0859375
1 0.21015625 0.45 0.0859375 0.0859375
1 0.21171875 0.55390625 0.0859375 0.0859375
1 0.30546875 0.4953125 0.0859375 0.0859375
1 0.303125 0.60234375 0.0859375 0.0859375
1 0.40703125 0.44375 0.08515625 0.0859375
1 0.3984375 0.54453125 0.09765625 0.0984375
1 0.4984375 0.39609375 0.09765625 0.0984375
1 0.49609375 0.49765625 0.09765625 0.0984375
3 0.5875 0.440625 0.0859375 0.0859375
1 0.59296875 0.55 0.09765625 0.0984375
1 0.690625 0.5015625 0.0859375 0.0859375
1 0.11640625 0.8015625 0.09765625 0.09765625
1 0.1203125 0.91484375 0.09765625 0.09765625
2 0.20625 0.853125 0.0734375 0.07421875
2 0.30078125 0.79609375 0.0609375 0.06171875
2 0.3890625 0.82890625 0.0609375 0.06171875
2 0.47734375 0.78046875 0.06171875 0.06171875
2 0.478125 0.86796875 0.06171875 0.06171875
2 0.5828125 0.8484375 0.0484375 0.05
2 0.58203125 0.9515625 0.0484375 0.05
2 0.65703125 0.8109375 0.0609375 0.06171875
2 0.6609375 0.90859375 0.0609375 0.06171875
2 0.7453125 0.8625 0.06171875 0.06171875
2 0.83515625 0.80234375 0.06171875 0.06171875
1 0.9546875 0.95390625 0.0734375 0.07421875