2 0.51953125 0.37734375 0.0859375 0.08671875
1 0.8953125 0.14609375 0.11015625 0.11015625
1 0.89765625 0.2640625 0.11015625 0.1109375
1 0.8953125 0.37109375 0.0859375 0.0859375
1 0.79921875 0.10234375 0.0734375 0.07421875
1 0.803125 0.2015625 0.09765625 0.09765625
1 0.79609375 0.31953125 0.09765625 0.09765625
1 0.70703125 0.13671875 0.109375 0.1109375
1 0.7 0.25625 0.09765625 0.0984375
1 0.70078125 0.3734375 0.08515625 0.0859375
1 0.61484375 0.08125 0.08515625 0.0859375
1 0.6109375 0.20625 0.09765625 0.0984375
1 0.61875 0.315625 0.09765625 0.0984375
1 0.5171875 0.0484375 0.08515625 0.0859375
1 0.51015625 0.16796875 0.08515625 0.0859375
1 0.51640625 0.271875 0.0859375 0.0859375
2 0.42578125 0.1140625 0.0375 0.0375
2 0.428125 0.2203125 0.02421875 0.02421875
2 0.42265625 0.33359375 0.02421875 0.02421875
2 0.33046875 0.1421875 0.02421875 0.02421875
2 0.33046875 0.25234375 0.02421875 0.02421875
2 0.3265625 0.36796875 0.02421875 0.02421875
2 0.32265625 0.47734375 0.02421875 0.02421875
2 0.32578125 0.559375 0.02421875 0.02421875
2 0.4234375 0.4203125 0.02421875 0.02421875
2 0.41640625 0.528125 0.02421875 0.02421875
2 0.51640625 0.55859375 0.0375 0.0375
1 0.5140625 0.47578125 0.109375 0.11015625
1 0.6234375 0.4203125 0.0859375 0.0859375
1 0.6234375 0.52890625 0.0734375 0.0734375
1 0.70390625 0.47890625 0.09765625 0.0984375
2 0.69453125 0.59453125 0.06171875 0.06171875
1 0.79609375 0.425 0.09765625 0.0984375
1 0.80078125 0.5328125 0.09765625 0.0984375
1 0.9046875 0.4828125 0.09765625 0.09765625
2 0.0421875 0.71796875 0.0359375 0.0375
1 0.13828125 0.775 0.08515625 0.0859375
1 0.1359375 0.8734375 0.09765625 0.09765625
2 0.23828125 0.721875 0.0609375 0.06171875
1 0.23046875 0.8203125 0.0859375 0.0859375
1 0.23203125 0.93125 0.11015625 0.1109375
1 0.32734375 0.7703125 0.0859375 0.0859375
1 0.31953125 0.88046875 0.09765625 0.0984375
2 0.42421875 0.72890625 0.06171875 0.06171875
1 0.42109375 0.82265625 0.09765625 0.0984375
1 0.425 0.9375 0.121875 0.1234375
1 0.51875 0.771875 0.09765625 0.0984375
1 0.5140625 0.88125 0.11015625 0.11015625
2 0.60859375 0.7390625 0.0484375 0.0484375
1 0.60546875 0.825 0.09765625 0.0984375
1 0.69375 0.771875 0.0734375 0.0734375
1 0.6984375 0.884375 0.109375 0.11015625
1 0.80390625 0.82421875 0.121875 0.1234375
1 0.7921875 0.9328125 0.121875 0.1234375
1 0.89765625 0.76953125 0.0734375 0.07421875
1 0.903125 0.88203125 0.09765625 0.09765625