1 0.81171875 0.08515625 0.109375 0.11015625
2 0.34140625 0.40703125 0.0734375 0.0734375
2 0.246875 0.3640625 0.0734375 0.07421875
1 0.89765625 0.13515625 0.09765625 0.0984375
1 0.8140625 0.190625 0.0734375 0.0734375
1 0.71484375 0.13359375 0.09765625 0.0984375
1 0.6203125 0.07265625 0.09765625 0.0984375
2 0.62265625 0.18515625 0.0734375 0.0734375
1 0.5234375 0.13203125 0.09765625 0.0984375
1 0.4265625 0.07578125 0.09765625 0.0984375
2 0.43125 0.178125 0.0734375 0.07421875
1 0.334375 0.12578125 0.0859375 0.0859375
1 0.240625 0.0671875 0.08515625 0.0859375
1 0.2375 0.175 0.09765625 0.09765625
1 0.1453125 0.12578125 0.09765625 0.09765625
1 0.0453125 0.065625 0.0734375 0.07421875
2 0.040625 0.16953125 0.0609375 0.06171875
1 0.04609375 0.353125 0.08515625 0.0859375
1 0.0609375 0.6796875 0.0859375 0.0859375
1 0.140625 0.4171875 0.09765625 0.09765625
1 0.14921875 0.5234375 0.121875 0.1234375
1 0.14921875 0.6328125 0.11015625 0.1109375
1 0.146875 0.73515625 0.11015625 0.11015625
1 0.13984375 0.85 0.11015625 0.11015625
1 0.2359375 0.459375 0.109375 0.11015625
1 0.24140625 0.571875 0.109375 0.1109375
1 0.240625 0.684375 0.121875 0.1234375
1 0.2390625 0.79921875 0.11015625 0.11015625
1 0.33671875 0.5171875 0.11015625 0.11015625
1 0.3390625 0.628125 0.121875 0.1234375
1 0.33828125 0.740625 0.121875 0.1234375
1 0.34375 0.84453125 0.109375 0.1109375
2 0.434375 0.35625 0.06171875 0.06171875
1 0.4328125 0.4625 0.09765625 0.0984375
1 0.43125 0.575 0.09765625 0.0984375
1 0.43828125 0.66796875 0.09765625 0.09765625
1 0.43203125 0.7953125 0.121875 0.1234375
1 0.53203125 0.4046875 0.09765625 0.0984375
1 0.5265625 0.52265625 0.09765625 0.0984375
1 0.52578125 0.61875 0.121875 0.1234375
1 0.525 0.73515625 0.121875 0.1234375
1 0.525 0.8484375 0.121875 0.1234375
2 0.62890625 0.35390625 0.0609375 0.06171875
1 0.62109375 0.46015625 0.09765625 0.0984375
1 0.62109375 0.56953125 0.09765625 0.0984375
1 0.6234375 0.68671875 0.121875 0.1234375
1 0.621875 0.8015625 0.121875 0.1234375
1 0.71796875 0.4078125 0.08515625 0.0859375
1 0.7140625 0.51640625 0.09765625 0.0984375
1 0.7171875 0.63046875 0.121875 0.121875
1 0.721875 0.7375 0.09765625 0.0984375
1 0.71640625 0.8484375 0.121875 0.1234375
2 0.8109375 0.3546875 0.0609375 0.06171875
1 0.81328125 0.4640625 0.09765625 0.0984375
1 0.80859375 0.5765625 0.09765625 0.0984375
1 0.809375 0.68828125 0.09765625 0.0984375
1 0.81328125 0.78984375 0.09765625 0.0984375
1 0.90234375 0.4109375 0.0859375 0.0859375
1 0.903125 0.51484375 0.09765625 0.0984375
1 0.90546875 0.628125 0.09765625 0.0984375
1 0.90234375 0.74140625 0.09765625 0.0984375
1 0.903125 0.85625 0.121875 0.121875
1 0.81171875 0.90390625 0.121875 0.121875
1 0.621875 0.9015625 0.121875 0.1234375
1 0.4375 0.89375 0.09765625 0.09765625
1 0.2390625 0.9109375 0.11015625 0.1109375