2 0.371875 0.82421875 0.0734375 0.07421875
2 0.3625 0.7046875 0.0734375 0.0734375
2 0.0828125 0.87734375 0.06171875 0.06171875
2 0.5515625 0.93515625 0.0734375 0.0734375
2 0.43671875 0.77734375 0.0734375 0.07421875
1 0.9203125 0.27265625 0.09765625 0.0984375
1 0.9203125 0.38203125 0.109375 0.11015625
1 0.92265625 0.50078125 0.11015625 0.11015625
1 0.9171875 0.6125 0.109375 0.11015625
1 0.91171875 0.71796875 0.11015625 0.11015625
1 0.91171875 0.8296875 0.11015625 0.1109375
1 0.9046875 0.94375 0.08515625 0.0859375
1 0.81640625 0.6515625 0.09765625 0.0984375
1 0.8171875 0.4421875 0.09765625 0.0984375
1 0.82109375 0.32109375 0.09765625 0.09765625
1 0.72578125 0.3875 0.08515625 0.0859375
1 0.7296875 0.4953125 0.109375 0.11015625
1 0.71953125 0.6078125 0.11015625 0.1109375
1 0.6296875 0.540625 0.09765625 0.09765625
1 0.62890625 0.403125 0.09765625 0.0984375
1 0.62890625 0.31328125 0.109375 0.11015625
1 0.5375 0.27265625 0.09765625 0.0984375
1 0.540625 0.38984375 0.109375 0.11015625
1 0.54375 0.5015625 0.08515625 0.0859375
2 0.4359375 0.8703125 0.0484375 0.0484375
2 0.2640625 0.3234375 0.0484375 0.0484375
1 0.4390625 0.33671875 0.08515625 0.08671875
1 0.4390625 0.4328125 0.08515625 0.0859375
1 0.4515625 0.5578125 0.11015625 0.1109375
1 0.35859375 0.5796875 0.11015625 0.11015625
1 0.259375 0.534375 0.08515625 0.0859375
1 0.35078125 0.38203125 0.08515625 0.0859375
2 0.35234375 0.48828125 0.0484375 0.0484375
1 0.55625 0.74609375 0.08515625 0.0859375
1 0.3625 0.93671875 0.109375 0.11015625
1 0.2640625 0.88828125 0.11015625 0.11015625
1 0.26171875 0.765625 0.109375 0.1109375
2 0.16875 0.384375 0.0484375 0.0484375
2 0.07890625 0.33984375 0.0484375 0.0484375
2 0.07421875 0.440625 0.0484375 0.0484375
1 0.171875 0.49140625 0.09765625 0.09765625
1 0.1625 0.603125 0.11015625 0.11015625
1 0.17265625 0.7171875 0.109375 0.11015625
1 0.175 0.83046875 0.11015625 0.11015625
1 0.1703125 0.93359375 0.0859375 0.0859375
1 0.0734375 0.54453125 0.11015625 0.11015625
1 0.07890625 0.6734375 0.11015625 0.11015625
1 0.078125 0.771875 0.09765625 0.0984375
2 0.25703125 0.43125 0.0484375 0.05