2 0.48671875 0.08203125 0.0734375 0.07421875
2 0.38828125 0.69609375 0.0734375 0.07421875
2 0.2953125 0.63515625 0.0609375 0.06171875
2 0.58359375 0.56640625 0.0734375 0.07421875
1 0.9515625 0.5953125 0.08515625 0.0859375
1 0.9484375 0.70234375 0.08515625 0.0859375
1 0.9515625 0.7984375 0.08515625 0.0859375
1 0.9484375 0.91328125 0.08515625 0.0859375
1 0.865625 0.8609375 0.09765625 0.0984375
3 0.8609375 0.753125 0.08515625 0.0859375
1 0.86015625 0.640625 0.08515625 0.0859375
1 0.765625 0.58203125 0.0859375 0.0859375
1 0.76640625 0.6953125 0.0859375 0.0859375
1 0.76171875 0.8046875 0.09765625 0.09765625
1 0.771875 0.921875 0.109375 0.1109375
1 0.67109375 0.85390625 0.109375 0.11015625
1 0.675 0.75 0.109375 0.1109375
1 0.68046875 0.62734375 0.09765625 0.0984375
1 0.5859375 0.6796875 0.0859375 0.0859375
1 0.58203125 0.9046875 0.09765625 0.0984375
1 0.578125 0.7875 0.0859375 0.08671875
1 0.48515625 0.853125 0.08515625 0.0859375
1 0.4828125 0.75078125 0.0859375 0.0859375
1 0.103125 0.7671875 0.0859375 0.0859375
1 0.4796875 0.62734375 0.09765625 0.0984375
1 0.3953125 0.59453125 0.09765625 0.09765625
1 0.38984375 0.80546875 0.09765625 0.09765625
1 0.390625 0.90859375 0.09765625 0.0984375
1 0.303125 0.7546875 0.109375 0.1109375
1 0.29609375 0.86171875 0.11015625 0.11015625
1 0.209375 0.90703125 0.11015625 0.11015625
1 0.20546875 0.80546875 0.11015625 0.11015625
1 0.21015625 0.7 0.0859375 0.0859375
1 0.2125 0.58828125 0.09765625 0.0984375
1 0.1078125 0.64375 0.09765625 0.0984375
1 0.10625 0.884375 0.11015625 0.1109375
1 0.1109375 0.08046875 0.08515625 0.08671875
1 0.10859375 0.19140625 0.0859375 0.0859375
1 0.109375 0.30859375 0.0859375 0.0859375
1 0.109375 0.4015625 0.09765625 0.0984375
1 0.1078125 0.53203125 0.09765625 0.0984375
1 0.21171875 0.4578125 0.08515625 0.0859375
1 0.2140625 0.14765625 0.08515625 0.0859375
1 0.2203125 0.25390625 0.0859375 0.0859375
1 0.2140625 0.365625 0.0859375 0.0859375
1 0.29921875 0.5359375 0.08515625 0.0859375
1 0.3015625 0.07265625 0.09765625 0.0984375
1 0.296875 0.1984375 0.0859375 0.0859375
1 0.30078125 0.296875 0.0859375 0.0859375
1 0.29296875 0.42265625 0.0859375 0.0859375
1 0.3921875 0.05625 0.0859375 0.08671875
1 0.3921875 0.159375 0.0859375 0.0859375
1 0.3953125 0.2703125 0.08515625 0.0859375
1 0.39453125 0.36171875 0.09765625 0.0984375
1 0.39765625 0.4984375 0.09765625 0.0984375
1 0.4875 0.528125 0.08515625 0.0859375
1 0.4875 0.41328125 0.08515625 0.0859375
1 0.49453125 0.31171875 0.08515625 0.0859375
1 0.4828125 0.19140625 0.08515625 0.0859375
1 0.584375 0.1390625 0.0859375 0.0859375
1 0.5796875 0.253125 0.08515625 0.0859375
1 0.57890625 0.359375 0.08515625 0.0859375
1 0.57578125 0.46484375 0.08515625 0.0859375
1 0.67265625 0.0875 0.0859375 0.0859375
1 0.66875 0.196875 0.0859375 0.0859375
1 0.665625 0.31328125 0.09765625 0.0984375
1 0.68046875 0.43515625 0.09765625 0.0984375
1 0.675 0.53125 0.11015625 0.1109375
1 0.76875 0.15390625 0.09765625 0.0984375
1 0.76484375 0.2609375 0.0859375 0.0859375
1 0.76328125 0.365625 0.08515625 0.0859375
1 0.76953125 0.471875 0.09765625 0.09765625
1 0.86015625 0.528125 0.09765625 0.0984375
1 0.85859375 0.421875 0.08515625 0.0859375
1 0.8640625 0.30390625 0.0859375 0.0859375
1 0.8578125 0.2 0.08515625 0.08671875
1 0.8609375 0.0890625 0.09765625 0.0984375