2 0.2015625 0.54609375 0.0734375 0.07421875
1 0.778125 0.09453125 0.109375 0.1109375
1 0.87109375 0.05546875 0.09765625 0.0984375
1 0.871875 0.17109375 0.09765625 0.09765625
1 0.8765625 0.28203125 0.09765625 0.09765625
1 0.8734375 0.39296875 0.109375 0.11015625
1 0.8765625 0.50078125 0.109375 0.11015625
1 0.77734375 0.215625 0.109375 0.1109375
1 0.78203125 0.325 0.09765625 0.09765625
1 0.78046875 0.434375 0.11015625 0.11015625
1 0.778125 0.54375 0.11015625 0.11015625
1 0.68671875 0.1578125 0.11015625 0.1109375
1 0.684375 0.26796875 0.11015625 0.11015625
1 0.6890625 0.384375 0.11015625 0.11015625
1 0.68203125 0.49375 0.11015625 0.11015625
1 0.58671875 0.103125 0.11015625 0.11015625
1 0.58828125 0.221875 0.11015625 0.11015625
1 0.5890625 0.32578125 0.109375 0.11015625
1 0.58671875 0.4359375 0.109375 0.11015625
1 0.584375 0.54609375 0.09765625 0.0984375
1 0.49609375 0.1609375 0.109375 0.11015625
1 0.49296875 0.26875 0.109375 0.11015625
1 0.49375 0.38203125 0.09765625 0.0984375
1 0.49921875 0.4859375 0.09765625 0.0984375
1 0.3984375 0.10625 0.109375 0.11015625
1 0.4015625 0.21796875 0.109375 0.11015625
1 0.39765625 0.321875 0.11015625 0.11015625
1 0.39765625 0.43515625 0.11015625 0.11015625
1 0.39609375 0.54453125 0.11015625 0.11015625
1 0.3015625 0.1578125 0.09765625 0.0984375
1 0.2984375 0.26796875 0.09765625 0.0984375
1 0.30078125 0.378125 0.09765625 0.0984375
1 0.3015625 0.49140625 0.09765625 0.09765625
1 0.3015625 0.59296875 0.09765625 0.09765625
1 0.2109375 0.0984375 0.09765625 0.0984375
1 0.2078125 0.21796875 0.109375 0.11015625
1 0.20390625 0.3265625 0.09765625 0.0984375
1 0.20234375 0.42890625 0.09765625 0.09765625
1 0.10859375 0.1609375 0.09765625 0.0984375
1 0.103125 0.26328125 0.09765625 0.0984375
1 0.109375 0.37421875 0.09765625 0.0984375
1 0.1109375 0.4875 0.08515625 0.0859375
1 0.1125 0.60859375 0.109375 0.11015625
1 0.109375 0.7125 0.0859375 0.0859375
1 0.10859375 0.815625 0.08515625 0.0859375
1 0.10859375 0.9234375 0.11015625 0.1109375
1 0.2078125 0.6546875 0.0859375 0.0859375
1 0.20625 0.76484375 0.09765625 0.0984375
1 0.2015625 0.8875 0.09765625 0.0984375
1 0.3046875 0.71640625 0.09765625 0.0984375
1 0.29609375 0.8265625 0.0859375 0.0859375
1 0.29765625 0.934375 0.09765625 0.0984375
1 0.396875 0.6546875 0.11015625 0.11015625
1 0.403125 0.76484375 0.11015625 0.11015625
1 0.403125 0.8765625 0.11015625 0.11015625
1 0.4859375 0.60234375 0.109375 0.11015625
1 0.4890625 0.715625 0.109375 0.11015625
1 0.490625 0.81875 0.11015625 0.11015625
1 0.49296875 0.9421875 0.11015625 0.11015625
1 0.5859375 0.6609375 0.109375 0.11015625
1 0.5921875 0.7703125 0.109375 0.11015625
1 0.5859375 0.8796875 0.109375 0.11015625
1 0.6765625 0.603125 0.11015625 0.1109375
1 0.68046875 0.7203125 0.09765625 0.09765625
1 0.6828125 0.8234375 0.109375 0.11015625
1 0.6859375 0.93828125 0.09765625 0.0984375
1 0.77890625 0.66015625 0.11015625 0.1109375
1 0.77890625 0.775 0.11015625 0.1109375
1 0.775 0.88515625 0.11015625 0.11015625
1 0.87109375 0.60703125 0.109375 0.11015625
1 0.8765625 0.72265625 0.109375 0.1109375
1 0.87578125 0.8296875 0.11015625 0.1109375
1 0.8765625 0.9421875 0.11015625 0.1109375