2 0.409375 0.6765625 0.0734375 0.07421875
2 0.49765625 0.6171875 0.0734375 0.07421875
1 0.12265625 0.06640625 0.11015625 0.1109375
1 0.215625 0.1203125 0.09765625 0.09765625
1 0.32109375 0.06875 0.109375 0.11015625
1 0.41328125 0.12265625 0.11015625 0.11015625
1 0.49921875 0.06328125 0.109375 0.11015625
1 0.59765625 0.121875 0.109375 0.11015625
1 0.7 0.0734375 0.11015625 0.11015625
1 0.790625 0.13125 0.11015625 0.11015625
1 0.88359375 0.07109375 0.109375 0.1109375
1 0.87890625 0.17734375 0.109375 0.11015625
1 0.88359375 0.29453125 0.11015625 0.11015625
1 0.88203125 0.396875 0.11015625 0.11015625
1 0.890625 0.509375 0.09765625 0.0984375
1 0.884375 0.61484375 0.09765625 0.0984375
1 0.8859375 0.73359375 0.09765625 0.0984375
2 0.88984375 0.8359375 0.0734375 0.07421875
1 0.7875 0.346875 0.11015625 0.11015625
1 0.79296875 0.4515625 0.109375 0.11015625
1 0.79375 0.56484375 0.09765625 0.0984375
1 0.79296875 0.67890625 0.09765625 0.0984375
1 0.79296875 0.784375 0.0859375 0.0859375
1 0.69140625 0.29375 0.0859375 0.08671875
1 0.69375 0.4015625 0.109375 0.11015625
1 0.69453125 0.50859375 0.09765625 0.0984375
1 0.69375 0.621875 0.09765625 0.0984375
1 0.7 0.72578125 0.08515625 0.0859375
1 0.69609375 0.8328125 0.09765625 0.09765625
1 0.59453125 0.3421875 0.109375 0.11015625
1 0.6 0.45390625 0.09765625 0.0984375
1 0.59609375 0.5609375 0.08515625 0.0859375
1 0.5984375 0.6703125 0.08515625 0.0859375
1 0.6046875 0.784375 0.09765625 0.09765625
1 0.49921875 0.2796875 0.09765625 0.0984375
1 0.49765625 0.39453125 0.08515625 0.0859375
1 0.503125 0.5109375 0.08515625 0.0859375
1 0.5046875 0.7234375 0.0734375 0.07421875
2 0.5 0.82734375 0.0609375 0.06171875
1 0.78984375 0.2375 0.08515625 0.0859375
1 0.6921875 0.17421875 0.109375 0.11015625
1 0.5984375 0.23203125 0.109375 0.11015625
1 0.503125 0.17421875 0.11015625 0.11015625
1 0.4125 0.23203125 0.09765625 0.0984375
1 0.4109375 0.340625 0.09765625 0.09765625
1 0.409375 0.44921875 0.09765625 0.09765625
1 0.415625 0.5609375 0.0859375 0.0859375
3 0.315625 0.1734375 0.0859375 0.0859375
1 0.1203125 0.16171875 0.11015625 0.11015625
1 0.11953125 0.284375 0.11015625 0.1109375
1 0.1203125 0.38984375 0.09765625 0.09765625
1 0.12421875 0.51875 0.09765625 0.09765625
1 0.2234375 0.21796875 0.09765625 0.0984375
1 0.225 0.33671875 0.08515625 0.0859375
1 0.22578125 0.45234375 0.08515625 0.0859375
1 0.2171875 0.55546875 0.08515625 0.0859375
1 0.3234375 0.2765625 0.09765625 0.0984375
1 0.3234375 0.40390625 0.109375 0.11015625
1 0.32109375 0.5015625 0.0859375 0.0859375
1 0.32109375 0.60234375 0.09765625 0.09765625
3 0.4109375 0.7640625 0.0734375 0.07421875
1 0.3171875 0.71796875 0.09765625 0.09765625
2 0.3109375 0.81171875 0.0734375 0.07421875
1 0.2234375 0.671875 0.08515625 0.0859375
2 0.2234375 0.77109375 0.0734375 0.0734375
1 0.12109375 0.73359375 0.09765625 0.0984375
1 0.1265625 0.6203125 0.0859375 0.0859375