2 0.2875 0.76875 0.0734375 0.07421875
2 0.27890625 0.64921875 0.0734375 0.0734375
2 0.4671875 0.8796875 0.0734375 0.0734375
2 0.353125 0.721875 0.0734375 0.07421875
1 0.9109375 0.93828125 0.0859375 0.0859375
1 0.91796875 0.82734375 0.09765625 0.0984375
1 0.92578125 0.715625 0.09765625 0.09765625
1 0.92109375 0.60625 0.09765625 0.09765625
1 0.92265625 0.50234375 0.11015625 0.11015625
1 0.92109375 0.3828125 0.109375 0.1109375
1 0.92265625 0.27890625 0.11015625 0.11015625
1 0.8359375 0.2171875 0.09765625 0.0984375
1 0.8359375 0.3265625 0.109375 0.11015625
1 0.83828125 0.44453125 0.11015625 0.11015625
1 0.8328125 0.55703125 0.109375 0.11015625
1 0.82734375 0.6625 0.11015625 0.11015625
1 0.82734375 0.77421875 0.11015625 0.1109375
1 0.82109375 0.8875 0.08515625 0.0859375
1 0.7328125 0.59609375 0.09765625 0.0984375
1 0.73359375 0.3859375 0.09765625 0.0984375
1 0.7375 0.265625 0.09765625 0.09765625
1 0.6421875 0.33203125 0.08515625 0.0859375
1 0.6453125 0.43984375 0.109375 0.11015625
1 0.63515625 0.5515625 0.11015625 0.1109375
1 0.54609375 0.48515625 0.09765625 0.09765625
1 0.5453125 0.346875 0.09765625 0.0984375
1 0.5453125 0.25703125 0.109375 0.11015625
1 0.453125 0.2171875 0.09765625 0.0984375
1 0.45703125 0.334375 0.109375 0.11015625
1 0.459375 0.44609375 0.08515625 0.0859375
2 0.3515625 0.8140625 0.0484375 0.0484375
2 0.1796875 0.2671875 0.0484375 0.0484375
1 0.3546875 0.28046875 0.08515625 0.08671875
1 0.3546875 0.3765625 0.08515625 0.0859375
1 0.36796875 0.5015625 0.11015625 0.1109375
1 0.275 0.52421875 0.11015625 0.11015625
1 0.175 0.478125 0.08515625 0.0859375
1 0.2671875 0.3265625 0.08515625 0.0859375
2 0.26875 0.4328125 0.0484375 0.0484375
1 0.471875 0.690625 0.08515625 0.0859375
1 0.278125 0.88125 0.109375 0.11015625
1 0.18046875 0.8328125 0.11015625 0.11015625
1 0.178125 0.71015625 0.109375 0.1109375
1 0.1796875 0.92421875 0.09765625 0.0984375
2 0.08515625 0.32890625 0.0484375 0.0484375
1 0.0875 0.4359375 0.09765625 0.09765625
1 0.07890625 0.54765625 0.11015625 0.11015625
1 0.0890625 0.66171875 0.109375 0.11015625
1 0.09140625 0.775 0.11015625 0.11015625
1 0.0859375 0.878125 0.0859375 0.0859375
2 0.17265625 0.37578125 0.0484375 0.05