2 0.71015625 0.1390625 0.0734375 0.07421875
3 0.7921875 0.878125 0.0859375 0.0859375
1 0.890625 0.48515625 0.0859375 0.0859375
1 0.890625 0.59296875 0.09765625 0.0984375
1 0.88671875 0.6828125 0.09765625 0.0984375
1 0.8875 0.9171875 0.09765625 0.0984375
1 0.80078125 0.41875 0.09765625 0.09765625
1 0.79609375 0.5453125 0.09765625 0.09765625
1 0.79375 0.63984375 0.09765625 0.0984375
1 0.7953125 0.746875 0.09765625 0.0984375
1 0.703125 0.79609375 0.0859375 0.0859375
1 0.70703125 0.690625 0.0859375 0.0859375
1 0.7046875 0.58515625 0.08515625 0.0859375
1 0.7046875 0.4828125 0.08515625 0.0859375
1 0.61171875 0.42265625 0.11015625 0.11015625
1 0.6078125 0.53828125 0.11015625 0.11015625
1 0.60078125 0.6515625 0.11015625 0.11015625
1 0.6 0.76484375 0.109375 0.1109375
1 0.603125 0.86640625 0.109375 0.1109375
1 0.5078125 0.921875 0.109375 0.1109375
1 0.515625 0.81328125 0.109375 0.11015625
1 0.515625 0.6890625 0.109375 0.11015625
1 0.51640625 0.596875 0.11015625 0.1109375
1 0.52265625 0.46953125 0.109375 0.11015625
1 0.4125 0.4265625 0.11015625 0.11015625
1 0.41015625 0.52890625 0.109375 0.11015625
1 0.41796875 0.64609375 0.09765625 0.0984375
1 0.41796875 0.75546875 0.09765625 0.0984375
1 0.4203125 0.86171875 0.09765625 0.0984375
1 0.4203125 0.9453125 0.09765625 0.09765625
1 0.3171875 0.9 0.09765625 0.0984375
1 0.3296875 0.478125 0.109375 0.11015625
1 0.32734375 0.61484375 0.109375 0.11015625
1 0.31953125 0.69609375 0.0859375 0.0859375
1 0.32734375 0.7984375 0.109375 0.11015625
1 0.23828125 0.53046875 0.0859375 0.0859375
1 0.22734375 0.625 0.109375 0.1109375
1 0.225 0.72421875 0.11015625 0.11015625
1 0.2375 0.83828125 0.11015625 0.11015625
1 0.134375 0.78671875 0.11015625 0.11015625
1 0.134375 0.7015625 0.09765625 0.0984375
1 0.1390625 0.59140625 0.09765625 0.0984375
1 0.1421875 0.48125 0.109375 0.11015625
1 0.9015625 0.3734375 0.109375 0.1109375
1 0.8921875 0.2546875 0.109375 0.11015625
1 0.8890625 0.14765625 0.109375 0.11015625
1 0.80390625 0.090625 0.109375 0.11015625
1 0.8046875 0.20625 0.109375 0.11015625
1 0.79375 0.325 0.109375 0.11015625
1 0.7078125 0.3734375 0.08515625 0.0859375
1 0.7078125 0.2515625 0.08515625 0.0859375
1 0.61328125 0.0921875 0.109375 0.1109375
1 0.6046875 0.1984375 0.109375 0.11015625
1 0.609375 0.30625 0.109375 0.11015625
1 0.5140625 0.36015625 0.109375 0.11015625
1 0.5125 0.27109375 0.109375 0.11015625
1 0.51484375 0.165625 0.11015625 0.11015625
1 0.4234375 0.09296875 0.11015625 0.11015625
1 0.4234375 0.20859375 0.09765625 0.0984375
1 0.421875 0.3171875 0.109375 0.11015625
1 0.32890625 0.36328125 0.109375 0.1109375
1 0.321875 0.2515625 0.09765625 0.0984375
1 0.33125 0.15390625 0.11015625 0.11015625
1 0.2390625 0.0953125 0.08515625 0.0859375
1 0.24140625 0.203125 0.0859375 0.0859375
1 0.24609375 0.3203125 0.0859375 0.0859375
1 0.240625 0.42265625 0.08515625 0.0859375
1 0.1375 0.384375 0.109375 0.11015625
1 0.13671875 0.259375 0.09765625 0.0984375
1 0.13671875 0.14921875 0.0859375 0.0859375
1 0.05078125 0.3265625 0.09765625 0.0984375