2 0.17890625 0.278125 0.0734375 0.0734375
2 0.08046875 0.10859375 0.06171875 0.06171875
2 0.175 0.1546875 0.06171875 0.06171875
2 0.26875 0.11640625 0.0609375 0.0609375
2 0.18046875 0.6015625 0.0859375 0.0859375
2 0.37421875 0.60625 0.0734375 0.0734375
2 0.36796875 0.8234375 0.08515625 0.0859375
2 0.37265625 0.93984375 0.0734375 0.0734375
2 0.4625 0.76484375 0.0734375 0.0734375
2 0.46171875 0.8796875 0.06171875 0.06171875
2 0.46953125 0.659375 0.0734375 0.0734375
1 0.0859375 0.22265625 0.0859375 0.0859375
1 0.0828125 0.3328125 0.0859375 0.0859375
1 0.08515625 0.4421875 0.0734375 0.0734375
0 0.0875 0.553125 0.0734375 0.0734375
1 0.1828125 0.39765625 0.0859375 0.0859375
1 0.1796875 0.49765625 0.0859375 0.08671875
1 0.27734375 0.21953125 0.09765625 0.09765625
1 0.27578125 0.328125 0.08515625 0.0859375
1 0.275 0.44140625 0.08515625 0.0859375
1 0.27578125 0.5484375 0.08515625 0.0859375
0 0.36875 0.1625 0.0734375 0.07421875
0 0.46171875 0.215625 0.0859375 0.0859375
0 0.4671875 0.328125 0.0734375 0.07421875
1 0.37421875 0.27265625 0.09765625 0.09765625
1 0.37421875 0.38359375 0.09765625 0.09765625
2 0.3703125 0.49765625 0.06171875 0.06171875
1 0.2796875 0.6609375 0.0859375 0.08671875
1 0.0921875 0.6546875 0.09765625 0.0984375
1 0.4640625 0.440625 0.0859375 0.0859375
1 0.46484375 0.5484375 0.0859375 0.0859375
1 0.36640625 0.7140625 0.0734375 0.0734375
1 0.27421875 0.771875 0.0859375 0.0859375
1 0.2703125 0.88359375 0.09765625 0.0984375
1 0.178125 0.71796875 0.09765625 0.0984375
1 0.178125 0.82578125 0.09765625 0.0984375
1 0.18046875 0.940625 0.08515625 0.0859375
1 0.0859375 0.7671875 0.09765625 0.0984375
1 0.0890625 0.8796875 0.09765625 0.09765625