2 0.5375 0.4359375 0.0734375 0.0734375
2 0.44453125 0.50859375 0.0734375 0.07421875
2 0.740625 0.66640625 0.0734375 0.0734375
2 0.62265625 0.71015625 0.06171875 0.06171875
1 0.909375 0.88984375 0.09765625 0.0984375
1 0.9203125 0.77421875 0.109375 0.1109375
1 0.9109375 0.6734375 0.109375 0.11015625
1 0.92109375 0.5484375 0.11015625 0.11015625
1 0.9140625 0.34375 0.09765625 0.09765625
1 0.8265625 0.27890625 0.109375 0.11015625
1 0.81796875 0.61953125 0.11015625 0.11015625
1 0.828125 0.7328125 0.0859375 0.0859375
1 0.72890625 0.3359375 0.11015625 0.1109375
1 0.6390625 0.3109375 0.109375 0.11015625
1 0.63125 0.40703125 0.09765625 0.09765625
1 0.53515625 0.334375 0.09765625 0.0984375
1 0.54296875 0.56328125 0.09765625 0.09765625
1 0.73515625 0.5453125 0.0859375 0.0859375
1 0.7359375 0.790625 0.09765625 0.09765625
1 0.71796875 0.89140625 0.11015625 0.11015625
1 0.81171875 0.8421875 0.09765625 0.0984375
3 0.61953125 0.8015625 0.0734375 0.0734375
1 0.62421875 0.90703125 0.09765625 0.0984375
1 0.540625 0.89765625 0.09765625 0.0984375
1 0.4484375 0.278125 0.09765625 0.09765625
1 0.4390625 0.38671875 0.0859375 0.0859375
1 0.4515625 0.615625 0.09765625 0.09765625
1 0.35234375 0.57734375 0.0859375 0.0859375
1 0.3546875 0.66953125 0.11015625 0.11015625
1 0.34765625 0.78203125 0.09765625 0.0984375
2 0.4390625 0.92265625 0.0734375 0.0734375
1 0.26171875 0.278125 0.09765625 0.0984375
3 0.2546875 0.3921875 0.0859375 0.0859375
1 0.25703125 0.4984375 0.08515625 0.0859375
1 0.25859375 0.61484375 0.11015625 0.11015625
1 0.2625 0.7234375 0.11015625 0.11015625
1 0.2609375 0.8328125 0.109375 0.11015625
1 0.165625 0.24375 0.09765625 0.09765625
1 0.17109375 0.33515625 0.09765625 0.0984375
1 0.15625 0.4390625 0.09765625 0.09765625
1 0.15703125 0.5671875 0.09765625 0.0984375
1 0.15234375 0.6765625 0.09765625 0.0984375
1 0.1484375 0.78203125 0.09765625 0.0984375
1 0.159375 0.890625 0.08515625 0.0859375
1 0.0640625 0.93828125 0.08515625 0.0859375
1 0.07265625 0.290625 0.11015625 0.1109375
1 0.0765625 0.415625 0.121875 0.1234375
1 0.06953125 0.521875 0.08515625 0.0859375
1 0.053125 0.6390625 0.0859375 0.0859375
1 0.05546875 0.72421875 0.08515625 0.08671875
1 0.06171875 0.83203125 0.09765625 0.09765625
1 0.925 0.11953125 0.109375 0.11015625
1 0.825 0.06640625 0.09765625 0.09765625
1 0.73359375 0.0890625 0.0859375 0.0859375
1 0.7296875 0.2375 0.09765625 0.0984375
1 0.6375 0.2171875 0.109375 0.11015625
1 0.540625 0.23359375 0.11015625 0.11015625
1 0.44609375 0.165625 0.09765625 0.09765625
1 0.25859375 0.06875 0.09765625 0.09765625
1 0.25390625 0.1671875 0.0859375 0.0859375
1 0.16484375 0.12578125 0.11015625 0.11015625
1 0.07578125 0.0875 0.08515625 0.0859375
1 0.0796875 0.1984375 0.11015625 0.11015625