2 0.27578125 0.609375 0.0734375 0.07421875
2 0.184375 0.68984375 0.0734375 0.0734375
2 0.3765625 0.896875 0.0734375 0.07421875
2 0.94453125 0.55390625 0.0734375 0.0734375
2 0.17890625 0.57578125 0.06171875 0.06171875
1 0.090625 0.08671875 0.09765625 0.0984375
1 0.0921875 0.178125 0.0859375 0.0859375
1 0.1 0.29609375 0.0859375 0.0859375
1 0.1 0.3921875 0.09765625 0.0984375
1 0.0921875 0.5109375 0.0859375 0.0859375
1 0.08671875 0.6140625 0.08515625 0.0859375
1 0.0890625 0.74375 0.0859375 0.0859375
1 0.19765625 0.13203125 0.08515625 0.0859375
1 0.19375 0.23359375 0.11015625 0.1109375
1 0.1921875 0.340625 0.109375 0.11015625
1 0.19140625 0.43984375 0.109375 0.11015625
1 0.2921875 0.5015625 0.109375 0.11015625
1 0.29765625 0.3953125 0.11015625 0.11015625
1 0.29609375 0.2921875 0.109375 0.1109375
1 0.2953125 0.1734375 0.09765625 0.09765625
1 0.29375 0.06328125 0.09765625 0.0984375
1 0.3828125 0.11640625 0.109375 0.11015625
1 0.38359375 0.221875 0.09765625 0.0984375
1 0.3828125 0.33671875 0.109375 0.11015625
1 0.3765625 0.45078125 0.09765625 0.0984375
1 0.38125 0.55234375 0.109375 0.11015625
1 0.3796875 0.78671875 0.09765625 0.0984375
1 0.5609375 0.55390625 0.0859375 0.0859375
1 0.471875 0.0640625 0.08515625 0.0859375
1 0.475 0.17109375 0.0859375 0.0859375
1 0.47734375 0.2859375 0.08515625 0.0859375
1 0.4734375 0.4078125 0.08515625 0.0859375
1 0.47265625 0.51640625 0.09765625 0.0984375
1 0.475 0.6078125 0.08515625 0.0859375
1 0.56640625 0.11953125 0.109375 0.11015625
1 0.56328125 0.2234375 0.09765625 0.0984375
1 0.56484375 0.33125 0.11015625 0.11015625
1 0.565625 0.45234375 0.08515625 0.0859375
1 0.66484375 0.0734375 0.11015625 0.11015625
1 0.6671875 0.175 0.109375 0.11015625
1 0.66015625 0.2796875 0.09765625 0.09765625
1 0.65546875 0.39140625 0.109375 0.11015625
1 0.66171875 0.50703125 0.11015625 0.11015625
1 0.76015625 0.1203125 0.11015625 0.11015625
1 0.75625 0.2234375 0.11015625 0.1109375
1 0.7484375 0.3328125 0.11015625 0.11015625
1 0.7515625 0.45234375 0.109375 0.11015625
1 0.8609375 0.05703125 0.09765625 0.0984375
1 0.859375 0.1734375 0.0859375 0.0859375
1 0.8625 0.290625 0.0859375 0.0859375
1 0.94140625 0.2234375 0.09765625 0.09765625
1 0.95 0.1140625 0.0859375 0.0859375
1 0.94296875 0.67265625 0.08515625 0.0859375
1 0.93828125 0.446875 0.08515625 0.0859375
1 0.8578125 0.50859375 0.08515625 0.0859375
1 0.8515625 0.615625 0.09765625 0.09765625
1 0.8484375 0.72734375 0.09765625 0.0984375
1 0.753125 0.78046875 0.09765625 0.09765625
1 0.74921875 0.6671875 0.09765625 0.0984375
1 0.659375 0.73125 0.09765625 0.0984375
1 0.56171875 0.77890625 0.09765625 0.0984375
1 0.94453125 0.7859375 0.09765625 0.09765625
1 0.934375 0.87734375 0.09765625 0.0984375
1 0.84765625 0.834375 0.109375 0.11015625
1 0.6578125 0.94140625 0.08515625 0.0859375
1 0.6640625 0.83828125 0.09765625 0.0984375
1 0.5625 0.896875 0.09765625 0.0984375
1 0.47265625 0.834375 0.0859375 0.0859375
1 0.28046875 0.95234375 0.08515625 0.0859375
1 0.28359375 0.84375 0.11015625 0.1109375
1 0.1921875 0.8921875 0.09765625 0.09765625