1 0.91328125 0.0796875 0.09765625 0.09765625
1 0.81484375 0.1390625 0.0734375 0.0734375
1 0.7328125 0.07890625 0.09765625 0.0984375
1 0.63359375 0.14140625 0.09765625 0.0984375
1 0.53984375 0.0796875 0.09765625 0.0984375
1 0.4453125 0.13515625 0.09765625 0.0984375
1 0.34140625 0.07734375 0.11015625 0.11015625
1 0.24921875 0.14140625 0.109375 0.1109375
1 0.15625 0.0875 0.09765625 0.09765625
1 0.05703125 0.1265625 0.11015625 0.1109375
2 0.06015625 0.24453125 0.0734375 0.0734375
1 0.06328125 0.35625 0.08515625 0.0859375
1 0.06171875 0.5734375 0.0734375 0.07421875
1 0.1484375 0.190625 0.09765625 0.0984375
1 0.1546875 0.3 0.09765625 0.0984375
1 0.14921875 0.415625 0.09765625 0.0984375
1 0.159375 0.5265625 0.09765625 0.09765625
1 0.1609375 0.63671875 0.09765625 0.09765625
1 0.2515625 0.2453125 0.11015625 0.11015625
1 0.25234375 0.36015625 0.11015625 0.11015625
1 0.246875 0.46640625 0.109375 0.11015625
1 0.24609375 0.584375 0.109375 0.11015625
1 0.246875 0.6921875 0.109375 0.1109375
1 0.34609375 0.19453125 0.11015625 0.11015625
1 0.34296875 0.30625 0.11015625 0.11015625
1 0.3375 0.41484375 0.11015625 0.11015625
1 0.3453125 0.5265625 0.11015625 0.11015625
1 0.346875 0.63515625 0.109375 0.11015625
1 0.446875 0.24765625 0.109375 0.11015625
1 0.446875 0.35625 0.09765625 0.0984375
1 0.44296875 0.46796875 0.11015625 0.11015625
1 0.44609375 0.5796875 0.11015625 0.11015625
1 0.44453125 0.69453125 0.11015625 0.11015625
1 0.53984375 0.18828125 0.109375 0.11015625
1 0.546875 0.31171875 0.109375 0.11015625
1 0.53984375 0.415625 0.109375 0.11015625
1 0.53984375 0.53203125 0.109375 0.11015625
1 0.5375 0.63515625 0.109375 0.11015625
1 0.634375 0.2421875 0.09765625 0.09765625
1 0.63125 0.3578125 0.11015625 0.11015625
1 0.6375 0.4734375 0.109375 0.11015625
1 0.6328125 0.584375 0.09765625 0.0984375
1 0.6390625 0.6921875 0.109375 0.11015625
1 0.728125 0.19375 0.0734375 0.07421875
1 0.73046875 0.30078125 0.09765625 0.09765625
1 0.72734375 0.40859375 0.11015625 0.11015625
1 0.7296875 0.52578125 0.11015625 0.11015625
1 0.72890625 0.640625 0.08515625 0.0859375
1 0.81953125 0.2453125 0.0734375 0.07421875
1 0.81640625 0.3578125 0.09765625 0.09765625
1 0.821875 0.46875 0.08515625 0.0859375
1 0.8203125 0.5796875 0.09765625 0.0984375
1 0.91796875 0.18828125 0.09765625 0.0984375
1 0.9140625 0.3015625 0.0859375 0.0859375
1 0.9125 0.4046875 0.09765625 0.09765625
1 0.91328125 0.51875 0.0859375 0.0859375
1 0.915625 0.634375 0.0859375 0.0859375
1 0.91875 0.7390625 0.09765625 0.0984375
1 0.915625 0.853125 0.09765625 0.0984375
1 0.81796875 0.6921875 0.08515625 0.0859375
1 0.82109375 0.8046875 0.08515625 0.0859375
1 0.8171875 0.91171875 0.09765625 0.0984375
1 0.7296875 0.746875 0.09765625 0.0984375
1 0.72734375 0.853125 0.09765625 0.0984375
1 0.63203125 0.80234375 0.109375 0.11015625
1 0.63359375 0.9171875 0.11015625 0.11015625
3 0.53203125 0.7546875 0.11015625 0.11015625
3 0.4359375 0.80234375 0.11015625 0.11015625
1 0.53359375 0.853125 0.11015625 0.11015625
1 0.43515625 0.925 0.0734375 0.07421875
1 0.3359375 0.74765625 0.109375 0.11015625
1 0.3390625 0.85859375 0.109375 0.1109375
1 0.25 0.79609375 0.109375 0.1109375
1 0.25078125 0.903125 0.08515625 0.0859375
1 0.15 0.7625 0.11015625 0.1109375
1 0.153125 0.87109375 0.08515625 0.0859375
1 0.0609375 0.70390625 0.08515625 0.0859375
2 0.06796875 0.81796875 0.02421875 0.02421875
2 0.06171875 0.93671875 0.0375 0.0375