2 0.93984375 0.08203125 0.0359375 0.0375
1 0.759375 0.18828125 0.11015625 0.1109375
1 0.6734375 0.12890625 0.11015625 0.1109375
1 0.57109375 0.0734375 0.109375 0.11015625
1 0.578125 0.18515625 0.109375 0.11015625
1 0.471875 0.121875 0.0859375 0.0859375
1 0.4765625 0.2359375 0.0859375 0.0859375
1 0.37578125 0.065625 0.0859375 0.0859375
1 0.38203125 0.18046875 0.08515625 0.08671875
1 0.284375 0.121875 0.08515625 0.08671875
1 0.1921875 0.065625 0.09765625 0.0984375
1 0.19375 0.1765625 0.09765625 0.0984375
1 0.1 0.121875 0.109375 0.11015625
1 0.096875 0.23125 0.08515625 0.0859375
1 0.0984375 0.346875 0.11015625 0.1109375
1 0.09375 0.45625 0.09765625 0.09765625
1 0.09375 0.5671875 0.09765625 0.09765625
1 0.0921875 0.675 0.08515625 0.0859375
1 0.09296875 0.78828125 0.0859375 0.0859375
1 0.1890625 0.290625 0.0859375 0.0859375
1 0.18828125 0.403125 0.09765625 0.09765625
1 0.19296875 0.5125 0.11015625 0.1109375
1 0.18515625 0.6234375 0.11015625 0.1109375
1 0.190625 0.72890625 0.11015625 0.11015625
1 0.2828125 0.234375 0.08515625 0.0859375
2 0.28515625 0.34375 0.0859375 0.0859375
1 0.28203125 0.4546875 0.0859375 0.0859375
1 0.28828125 0.55625 0.109375 0.1109375
1 0.28515625 0.665625 0.109375 0.1109375
1 0.28046875 0.78984375 0.11015625 0.11015625
1 0.37734375 0.290625 0.11015625 0.11015625
1 0.378125 0.40390625 0.11015625 0.11015625
1 0.38671875 0.50703125 0.109375 0.11015625
1 0.38125 0.61796875 0.109375 0.11015625
1 0.3796875 0.7328125 0.109375 0.1109375
1 0.47890625 0.33828125 0.11015625 0.11015625
1 0.47734375 0.45390625 0.11015625 0.11015625
1 0.471875 0.56171875 0.09765625 0.0984375
1 0.47421875 0.671875 0.08515625 0.0859375
1 0.475 0.78515625 0.09765625 0.09765625
1 0.5734375 0.29765625 0.109375 0.11015625
1 0.575 0.396875 0.109375 0.11015625
1 0.565625 0.509375 0.09765625 0.0984375
1 0.57109375 0.621875 0.11015625 0.11015625
1 0.56328125 0.728125 0.11015625 0.11015625
1 0.65390625 0.240625 0.11015625 0.11015625
1 0.6625 0.35703125 0.109375 0.11015625
1 0.66328125 0.465625 0.109375 0.11015625
1 0.66328125 0.56796875 0.09765625 0.0984375
1 0.66796875 0.684375 0.109375 0.11015625
1 0.7546875 0.3015625 0.11015625 0.11015625
1 0.75859375 0.40546875 0.11015625 0.11015625
1 0.75546875 0.5171875 0.11015625 0.11015625
1 0.75390625 0.628125 0.109375 0.11015625
1 0.7546875 0.7375 0.109375 0.11015625
1 0.846875 0.23515625 0.109375 0.1109375
1 0.85078125 0.34765625 0.109375 0.1109375
1 0.8484375 0.4578125 0.09765625 0.0984375
1 0.85625 0.56953125 0.11015625 0.11015625
1 0.8484375 0.67734375 0.11015625 0.11015625
1 0.94375 0.30078125 0.109375 0.1109375
1 0.940625 0.40625 0.109375 0.1109375
1 0.9421875 0.5125 0.09765625 0.09765625
1 0.94140625 0.621875 0.109375 0.11015625
1 0.94140625 0.74140625 0.09765625 0.0984375
1 0.9390625 0.94609375 0.09765625 0.0984375
1 0.85 0.7953125 0.11015625 0.11015625
1 0.8515625 0.90390625 0.109375 0.11015625
1 0.75703125 0.8453125 0.109375 0.11015625
1 0.665625 0.79453125 0.11015625 0.11015625
1 0.65703125 0.89140625 0.11015625 0.11015625
1 0.56796875 0.84453125 0.11015625 0.11015625
1 0.471875 0.89765625 0.109375 0.1109375
1 0.3765625 0.8421875 0.109375 0.1109375
1 0.2828125 0.89765625 0.11015625 0.11015625
2 0.1890625 0.846875 0.06171875 0.06171875
2 0.184375 0.95546875 0.06171875 0.06171875
1 0.0953125 0.896875 0.109375 0.11015625