1 0.04375 0.2015625 0.0859375 0.0859375
1 0.88203125 0.48046875 0.08515625 0.0859375
1 0.8859375 0.571875 0.0859375 0.08671875
1 0.13046875 0.04375 0.08515625 0.0859375
1 0.134375 0.1484375 0.08515625 0.0859375
1 0.128125 0.26875 0.09765625 0.0984375
1 0.1328125 0.3640625 0.09765625 0.09765625
1 0.1265625 0.47578125 0.09765625 0.0984375
1 0.11953125 0.58671875 0.11015625 0.11015625
1 0.11796875 0.7 0.09765625 0.0984375
1 0.21875 0.63203125 0.09765625 0.0984375
1 0.228125 0.534375 0.09765625 0.0984375
1 0.22578125 0.4171875 0.109375 0.11015625
1 0.2234375 0.31875 0.08515625 0.0859375
1 0.225 0.19765625 0.09765625 0.0984375
1 0.22578125 0.08515625 0.08515625 0.0859375
1 0.31484375 0.140625 0.11015625 0.1109375
1 0.32109375 0.25 0.109375 0.1109375
1 0.3203125 0.365625 0.09765625 0.0984375
1 0.3171875 0.47890625 0.09765625 0.0984375
1 0.3109375 0.5828125 0.09765625 0.09765625
1 0.3140625 0.6828125 0.109375 0.11015625
1 0.41328125 0.63984375 0.09765625 0.0984375
1 0.41328125 0.5296875 0.109375 0.11015625
1 0.41171875 0.428125 0.11015625 0.11015625
1 0.415625 0.0953125 0.109375 0.11015625
1 0.41484375 0.2125 0.09765625 0.0984375
1 0.4140625 0.3140625 0.09765625 0.0984375
1 0.50859375 0.153125 0.09765625 0.0984375
1 0.50625 0.25 0.09765625 0.09765625
1 0.50625 0.36953125 0.09765625 0.0984375
1 0.51171875 0.475 0.09765625 0.0984375
1 0.5109375 0.596875 0.09765625 0.0984375
1 0.50703125 0.696875 0.08515625 0.0859375
1 0.6015625 0.64765625 0.09765625 0.0984375
1 0.59921875 0.5328125 0.11015625 0.11015625
1 0.6046875 0.42578125 0.109375 0.1109375
1 0.60859375 0.31484375 0.09765625 0.0984375
1 0.60859375 0.2125 0.109375 0.11015625
1 0.6046875 0.0953125 0.0859375 0.0859375
1 0.69921875 0.15546875 0.09765625 0.09765625
1 0.696875 0.2625 0.09765625 0.0984375
1 0.7046875 0.37578125 0.109375 0.11015625
1 0.6921875 0.48671875 0.09765625 0.0984375
1 0.69609375 0.59921875 0.09765625 0.0984375
1 0.696875 0.7046875 0.09765625 0.0984375
1 0.803125 0.64453125 0.09765625 0.09765625
1 0.803125 0.5421875 0.08515625 0.0859375
1 0.79296875 0.425 0.109375 0.1109375
1 0.79296875 0.33515625 0.109375 0.1109375
3 0.7921875 0.1140625 0.09765625 0.0984375
1 0.79296875 0.21015625 0.09765625 0.09765625
1 0.89453125 0.15703125 0.09765625 0.0984375
1 0.88984375 0.2703125 0.09765625 0.0984375
1 0.8875 0.36015625 0.09765625 0.0984375
1 0.88671875 0.70703125 0.09765625 0.09765625
1 0.87578125 0.8078125 0.109375 0.11015625
1 0.87578125 0.9234375 0.09765625 0.0984375
1 0.8015625 0.74375 0.0859375 0.08671875
1 0.803125 0.8421875 0.09765625 0.0984375
1 0.6890625 0.909375 0.09765625 0.0984375
1 0.6890625 0.8234375 0.09765625 0.0984375
1 0.5953125 0.75703125 0.09765625 0.0984375
1 0.59453125 0.86484375 0.109375 0.11015625
1 0.5 0.80546875 0.09765625 0.09765625
1 0.5046875 0.91875 0.09765625 0.09765625
1 0.41328125 0.75625 0.09765625 0.09765625
1 0.41328125 0.8703125 0.09765625 0.09765625
1 0.3140625 0.91875 0.11015625 0.11015625
1 0.3140625 0.79609375 0.11015625 0.1109375
3 0.22265625 0.86015625 0.0859375 0.0859375
1 0.21953125 0.7265625 0.09765625 0.09765625
1 0.1265625 0.80390625 0.109375 0.11015625
1 0.12578125 0.92734375 0.09765625 0.0984375