2 0.51796875 0.36875 0.0734375 0.0734375
2 0.13828125 0.3515625 0.0734375 0.07421875
1 0.134375 0.484375 0.09765625 0.09765625
1 0.134375 0.5859375 0.11015625 0.1109375
1 0.13046875 0.69609375 0.11015625 0.11015625
2 0.2328125 0.20546875 0.0734375 0.0734375
2 0.2328125 0.2953125 0.0734375 0.0734375
1 0.23359375 0.41484375 0.0859375 0.0859375
1 0.234375 0.53203125 0.09765625 0.09765625
1 0.2359375 0.64453125 0.09765625 0.09765625
2 0.31484375 0.16484375 0.0734375 0.0734375
2 0.31875 0.240625 0.0734375 0.0734375
2 0.31875 0.35078125 0.0609375 0.06171875
2 0.3265625 0.45703125 0.0859375 0.0859375
1 0.325 0.5921875 0.09765625 0.09765625
1 0.32421875 0.678125 0.09765625 0.09765625
2 0.41484375 0.17890625 0.0734375 0.0734375
2 0.4171875 0.30625 0.0734375 0.0734375
2 0.4234375 0.4328125 0.0734375 0.0734375
1 0.4234375 0.5328125 0.109375 0.11015625
1 0.42578125 0.6453125 0.109375 0.11015625
1 0.5125 0.24921875 0.121875 0.1234375
1 0.51796875 0.4796875 0.08515625 0.0859375
1 0.51640625 0.59140625 0.11015625 0.11015625
1 0.5140625 0.70390625 0.121875 0.1234375
1 0.6140625 0.2015625 0.09765625 0.0984375
1 0.61640625 0.30859375 0.121875 0.1234375
1 0.61875 0.42109375 0.109375 0.11015625
1 0.60625 0.534375 0.109375 0.11015625
1 0.61015625 0.64375 0.11015625 0.11015625
1 0.71015625 0.1734375 0.08515625 0.0859375
1 0.7109375 0.25703125 0.09765625 0.09765625
1 0.709375 0.3765625 0.121875 0.1234375
1 0.715625 0.4734375 0.109375 0.11015625
1 0.7203125 0.5890625 0.109375 0.11015625
1 0.7140625 0.696875 0.109375 0.11015625
1 0.80234375 0.19921875 0.08515625 0.0859375
1 0.80390625 0.31171875 0.121875 0.1234375
1 0.81640625 0.525 0.0859375 0.0859375
1 0.8 0.64296875 0.109375 0.11015625
1 0.896875 0.2625 0.09765625 0.09765625
1 0.9046875 0.36875 0.121875 0.1234375
1 0.9046875 0.478125 0.11015625 0.1109375
1 0.903125 0.58046875 0.11015625 0.11015625
1 0.89609375 0.69609375 0.11015625 0.11015625
1 0.9015625 0.80390625 0.109375 0.11015625
1 0.9 0.915625 0.109375 0.11015625
1 0.80390625 0.75625 0.109375 0.11015625
1 0.80625 0.86875 0.0859375 0.0859375
1 0.709375 0.8 0.11015625 0.11015625
1 0.70546875 0.9109375 0.11015625 0.11015625
1 0.60625 0.753125 0.11015625 0.11015625
1 0.5125 0.80546875 0.109375 0.11015625
1 0.5125 0.92109375 0.121875 0.1234375
1 0.4234375 0.75859375 0.109375 0.11015625
1 0.41875 0.8625 0.121875 0.1234375
1 0.31875 0.80625 0.121875 0.1234375
1 0.3234375 0.9140625 0.121875 0.1234375
1 0.2328125 0.7578125 0.121875 0.1234375
1 0.2296875 0.86328125 0.121875 0.1234375
1 0.13828125 0.8 0.121875 0.1234375
1 0.1359375 0.9171875 0.121875 0.1234375