2 0.82578125 0.13203125 0.06171875 0.06171875
2 0.15 0.07890625 0.06171875 0.06171875
1 0.15 0.19296875 0.09765625 0.0984375
3 0.14921875 0.29921875 0.11015625 0.11015625
1 0.2421875 0.13203125 0.0859375 0.0859375
1 0.25703125 0.24921875 0.08515625 0.0859375
1 0.05390625 0.35390625 0.09765625 0.0984375
1 0.05625 0.571875 0.09765625 0.0984375
1 0.0578125 0.684375 0.109375 0.11015625
1 0.153125 0.40078125 0.11015625 0.11015625
1 0.14765625 0.51484375 0.11015625 0.11015625
1 0.1515625 0.634375 0.11015625 0.11015625
1 0.1546875 0.73984375 0.109375 0.11015625
1 0.253125 0.35625 0.0859375 0.0859375
1 0.25625 0.4578125 0.08515625 0.0859375
1 0.2515625 0.56953125 0.08515625 0.0859375
1 0.25234375 0.6828125 0.08515625 0.0859375
1 0.3390625 0.19140625 0.09765625 0.09765625
1 0.3515625 0.2984375 0.09765625 0.09765625
1 0.34765625 0.4109375 0.109375 0.11015625
1 0.3453125 0.51640625 0.109375 0.11015625
1 0.34765625 0.63125 0.09765625 0.0984375
1 0.3453125 0.73984375 0.11015625 0.11015625
1 0.44375 0.2453125 0.11015625 0.1109375
1 0.44765625 0.3546875 0.11015625 0.1109375
1 0.446875 0.46640625 0.109375 0.11015625
1 0.44375 0.56875 0.09765625 0.0984375
1 0.44609375 0.68515625 0.109375 0.11015625
1 0.43828125 0.134375 0.08515625 0.0859375
1 0.53828125 0.1921875 0.09765625 0.0984375
1 0.53828125 0.29765625 0.09765625 0.09765625
1 0.540625 0.40625 0.09765625 0.09765625
1 0.5421875 0.51484375 0.11015625 0.1109375
1 0.54296875 0.62421875 0.09765625 0.0984375
1 0.63359375 0.14375 0.109375 0.11015625
1 0.63671875 0.24921875 0.09765625 0.0984375
1 0.6390625 0.353125 0.09765625 0.0984375
1 0.6296875 0.465625 0.109375 0.1109375
1 0.63203125 0.5703125 0.11015625 0.1109375
1 0.63984375 0.6671875 0.11015625 0.1109375
1 0.72734375 0.1890625 0.09765625 0.0984375
1 0.7296875 0.2921875 0.09765625 0.0984375
1 0.73125 0.4078125 0.109375 0.11015625
1 0.728125 0.51484375 0.09765625 0.09765625
1 0.73046875 0.62890625 0.09765625 0.09765625
1 0.82109375 0.2453125 0.09765625 0.0984375
1 0.82421875 0.35078125 0.09765625 0.0984375
1 0.82265625 0.4625 0.11015625 0.11015625
1 0.821875 0.56953125 0.09765625 0.0984375
1 0.915625 0.18515625 0.09765625 0.0984375
1 0.91796875 0.3 0.0859375 0.08671875
1 0.91484375 0.4109375 0.08515625 0.0859375
1 0.9171875 0.51875 0.08515625 0.0859375
1 0.9171875 0.6265625 0.0734375 0.07421875
1 0.9203125 0.73359375 0.09765625 0.09765625
1 0.9171875 0.853125 0.0859375 0.0859375
1 0.91953125 0.96171875 0.0734375 0.07421875
1 0.821875 0.6828125 0.109375 0.1109375
1 0.82109375 0.79375 0.09765625 0.09765625
1 0.825 0.90703125 0.09765625 0.09765625
1 0.72734375 0.7359375 0.09765625 0.09765625
1 0.72734375 0.846875 0.09765625 0.0984375
1 0.634375 0.7953125 0.11015625 0.11015625
1 0.6359375 0.903125 0.11015625 0.11015625
1 0.5359375 0.73671875 0.09765625 0.0984375
1 0.5328125 0.84609375 0.09765625 0.0984375
1 0.4375 0.7984375 0.109375 0.11015625
1 0.43671875 0.9109375 0.109375 0.11015625
1 0.346875 0.85078125 0.11015625 0.11015625
1 0.2546875 0.79375 0.09765625 0.0984375
1 0.2578125 0.9015625 0.0859375 0.0859375
1 0.153125 0.85234375 0.109375 0.11015625
1 0.05546875 0.79609375 0.109375 0.11015625
1 0.05703125 0.90703125 0.11015625 0.1109375