2 0.29140625 0.5109375 0.0734375 0.0734375
2 0.2921875 0.403125 0.08515625 0.0859375
2 0.2171875 0.89765625 0.08515625 0.0859375
2 0.128125 0.94140625 0.08515625 0.0859375
2 0.86796875 0.6125 0.0609375 0.06171875
2 0.5 0.41484375 0.0609375 0.06171875
2 0.76640625 0.45703125 0.0734375 0.07421875
1 0.1203125 0.40078125 0.09765625 0.0984375
1 0.12578125 0.5171875 0.11015625 0.1109375
1 0.13125 0.621875 0.11015625 0.1109375
1 0.1265625 0.72734375 0.0734375 0.07421875
1 0.12421875 0.8390625 0.0734375 0.07421875
1 0.215625 0.45078125 0.09765625 0.0984375
1 0.215625 0.5671875 0.09765625 0.09765625
1 0.21640625 0.68125 0.0734375 0.07421875
1 0.21171875 0.7828125 0.0734375 0.07421875
1 0.315625 0.61640625 0.0734375 0.07421875
1 0.3109375 0.73046875 0.09765625 0.09765625
1 0.31328125 0.8421875 0.09765625 0.09765625
1 0.4015625 0.45 0.08515625 0.08671875
1 0.40546875 0.56328125 0.11015625 0.11015625
1 0.4109375 0.67890625 0.11015625 0.11015625
1 0.4046875 0.7859375 0.11015625 0.11015625
1 0.4046875 0.9015625 0.109375 0.1109375
1 0.50703125 0.50625 0.121875 0.121875
1 0.509375 0.621875 0.09765625 0.0984375
1 0.5 0.73359375 0.09765625 0.0984375
1 0.5 0.85234375 0.09765625 0.0984375
1 0.590625 0.4625 0.0859375 0.0859375
1 0.5953125 0.56875 0.09765625 0.0984375
1 0.5875 0.68203125 0.09765625 0.0984375
1 0.5921875 0.78984375 0.0859375 0.0859375
1 0.6015625 0.9 0.09765625 0.0984375
1 0.67890625 0.515625 0.08515625 0.0859375
1 0.68125 0.6375 0.08515625 0.0859375
1 0.6859375 0.73671875 0.0859375 0.08671875
1 0.6859375 0.8453125 0.0859375 0.0859375
1 0.7671875 0.58125 0.08515625 0.0859375
1 0.76484375 0.69140625 0.08515625 0.0859375
1 0.76484375 0.790625 0.08515625 0.0859375
1 0.759375 0.90625 0.08515625 0.0859375
2 0.871875 0.51875 0.0484375 0.0484375
1 0.8640625 0.7234375 0.0859375 0.0859375
1 0.8640625 0.83984375 0.08515625 0.0859375
2 0.85859375 0.92890625 0.0484375 0.05
2 0.9671875 0.5671875 0.0609375 0.0609375