2 0.10625 0.90546875 0.0734375 0.07421875
2 0.28046875 0.325 0.0734375 0.07421875
2 0.2828125 0.4109375 0.0734375 0.07421875
2 0.48359375 0.39296875 0.0734375 0.0734375
2 0.47734375 0.1765625 0.0734375 0.07421875
2 0.20234375 0.378125 0.0734375 0.0734375
2 0.3953125 0.50625 0.0609375 0.06171875
2 0.20078125 0.47578125 0.0734375 0.0734375
2 0.759375 0.8453125 0.0484375 0.0484375
1 0.93515625 0.85859375 0.08515625 0.08671875
1 0.93515625 0.9546875 0.08515625 0.0859375
1 0.846875 0.9046875 0.08515625 0.0859375
2 0.66484375 0.90703125 0.0484375 0.0484375
2 0.575 0.8625 0.0484375 0.0484375
2 0.5703125 0.9625 0.0484375 0.0484375
2 0.48046875 0.915625 0.0375 0.0375
2 0.2984375 0.9 0.0359375 0.0375
3 0.19765625 0.9578125 0.06171875 0.06171875
2 0.3796875 0.95625 0.02421875 0.025
2 0.753125 0.95390625 0.0484375 0.05
1 0.8625 0.0890625 0.0859375 0.0859375
1 0.86484375 0.18125 0.11015625 0.11015625
1 0.8578125 0.29375 0.09765625 0.0984375
2 0.9484375 0.434375 0.0734375 0.0734375
1 0.76796875 0.1265625 0.11015625 0.11015625
1 0.771875 0.23515625 0.11015625 0.11015625
1 0.7703125 0.34453125 0.109375 0.11015625
1 0.7671875 0.4625 0.09765625 0.0984375
1 0.6671875 0.07890625 0.09765625 0.0984375
1 0.6625 0.18828125 0.09765625 0.0984375
1 0.6578125 0.29375 0.09765625 0.0984375
1 0.66953125 0.40234375 0.08515625 0.0859375
1 0.5734375 0.45 0.08515625 0.0859375
1 0.5625 0.15 0.0859375 0.0859375
1 0.56484375 0.2359375 0.08515625 0.08671875
1 0.57109375 0.34375 0.09765625 0.09765625
1 0.490625 0.071875 0.09765625 0.0984375
2 0.3984375 0.15859375 0.0609375 0.06171875
2 0.39765625 0.26171875 0.0734375 0.07421875
1 0.40078125 0.34765625 0.08515625 0.0859375
1 0.39140625 0.4265625 0.0859375 0.0859375
2 0.26640625 0.51015625 0.06171875 0.06171875
1 0.2984375 0.07421875 0.109375 0.1109375
1 0.2875 0.21640625 0.09765625 0.0984375
1 0.203125 0.2640625 0.09765625 0.0984375
1 0.21796875 0.14921875 0.0859375 0.0859375
1 0.1140625 0.0796875 0.109375 0.11015625
1 0.12421875 0.2171875 0.08515625 0.0859375
1 0.115625 0.3109375 0.09765625 0.0984375
1 0.10234375 0.43125 0.08515625 0.0859375
1 0.48125 0.28046875 0.09765625 0.0984375