1 0.87578125 0.3390625 0.109375 0.1109375
1 0.871875 0.44609375 0.09765625 0.0984375
1 0.87109375 0.55390625 0.09765625 0.09765625
1 0.8703125 0.66640625 0.11015625 0.11015625
1 0.871875 0.78359375 0.09765625 0.0984375
1 0.86796875 0.8921875 0.09765625 0.0984375
1 0.7703125 0.93828125 0.09765625 0.09765625
1 0.77734375 0.81796875 0.09765625 0.0984375
1 0.7765625 0.71875 0.09765625 0.09765625
1 0.771875 0.61484375 0.09765625 0.0984375
1 0.77265625 0.50546875 0.109375 0.11015625
1 0.7765625 0.38828125 0.09765625 0.0984375
1 0.78203125 0.2828125 0.11015625 0.11015625
1 0.68203125 0.3421875 0.11015625 0.11015625
1 0.684375 0.4546875 0.109375 0.11015625
1 0.68671875 0.5546875 0.11015625 0.1109375
1 0.68046875 0.66953125 0.109375 0.11015625
1 0.68125 0.778125 0.109375 0.1109375
1 0.678125 0.88125 0.109375 0.11015625
1 0.5765625 0.9359375 0.11015625 0.11015625
1 0.58359375 0.82265625 0.11015625 0.11015625
1 0.57578125 0.7140625 0.11015625 0.11015625
1 0.58515625 0.61015625 0.09765625 0.09765625
1 0.58671875 0.5 0.11015625 0.1109375
1 0.5953125 0.2796875 0.109375 0.11015625
1 0.5890625 0.38828125 0.109375 0.11015625
1 0.48984375 0.33828125 0.11015625 0.11015625
1 0.490625 0.43984375 0.11015625 0.11015625
1 0.484375 0.56171875 0.109375 0.11015625
1 0.48359375 0.66640625 0.11015625 0.11015625
1 0.47890625 0.771875 0.11015625 0.11015625
1 0.47578125 0.903125 0.11015625 0.11015625
1 0.38671875 0.92890625 0.09765625 0.0984375
1 0.3796875 0.82890625 0.11015625 0.11015625
1 0.38984375 0.71953125 0.109375 0.11015625
1 0.396875 0.61015625 0.109375 0.1109375
1 0.39921875 0.5046875 0.11015625 0.1109375
1 0.38984375 0.39609375 0.11015625 0.11015625
1 0.39375 0.28671875 0.09765625 0.0984375
1 0.3 0.33125 0.109375 0.11015625
1 0.30625 0.440625 0.11015625 0.11015625
1 0.28671875 0.5421875 0.11015625 0.11015625
1 0.29296875 0.66328125 0.109375 0.11015625
3 0.29375 0.77421875 0.109375 0.11015625
1 0.28828125 0.8890625 0.11015625 0.1109375
1 0.19375 0.9421875 0.09765625 0.0984375
1 0.196875 0.82578125 0.109375 0.11015625
1 0.19375 0.7140625 0.09765625 0.0984375
1 0.2 0.615625 0.09765625 0.09765625
1 0.20390625 0.28203125 0.109375 0.1109375
1 0.20625 0.3890625 0.11015625 0.11015625
1 0.20625 0.503125 0.09765625 0.0984375
1 0.10234375 0.3265625 0.11015625 0.11015625
1 0.103125 0.44453125 0.11015625 0.11015625
1 0.1171875 0.55390625 0.109375 0.11015625
1 0.09921875 0.6625 0.11015625 0.1109375
1 0.09609375 0.7765625 0.11015625 0.11015625
1 0.0984375 0.88203125 0.109375 0.1109375
1 0.78203125 0.0859375 0.08515625 0.0859375
1 0.5890625 0.071875 0.11015625 0.11015625
1 0.396875 0.065625 0.109375 0.11015625
1 0.21171875 0.08125 0.09765625 0.0984375