2 0.653125 0.82890625 0.0734375 0.07421875
2 0.740625 0.76953125 0.0734375 0.07421875
1 0.071875 0.059375 0.109375 0.1109375
1 0.07109375 0.1703125 0.09765625 0.0984375
1 0.06640625 0.28046875 0.09765625 0.0984375
1 0.18046875 0.096875 0.11015625 0.1109375
1 0.1828125 0.20703125 0.109375 0.1109375
1 0.2703125 0.14921875 0.11015625 0.1109375
1 0.27578125 0.27265625 0.11015625 0.1109375
1 0.3625 0.1125 0.09765625 0.0984375
1 0.365625 0.21875 0.11015625 0.1109375
1 0.45703125 0.0515625 0.0859375 0.0859375
1 0.459375 0.159375 0.09765625 0.0984375
1 0.459375 0.27265625 0.09765625 0.09765625
1 0.5640625 0.10234375 0.11015625 0.11015625
1 0.5640625 0.22109375 0.109375 0.11015625
1 0.65390625 0.1671875 0.11015625 0.11015625
1 0.65703125 0.275 0.11015625 0.11015625
1 0.746875 0.1046875 0.109375 0.11015625
1 0.7421875 0.215625 0.109375 0.11015625
1 0.846875 0.16328125 0.09765625 0.0984375
1 0.840625 0.27421875 0.109375 0.11015625
1 0.9359375 0.1109375 0.11015625 0.11015625
1 0.94296875 0.22578125 0.11015625 0.11015625
1 0.934375 0.44609375 0.0859375 0.08671875
1 0.93671875 0.55390625 0.109375 0.11015625
1 0.9375 0.6609375 0.09765625 0.0984375
1 0.93671875 0.77421875 0.09765625 0.0984375
1 0.94296875 0.878125 0.08515625 0.0859375
1 0.8375 0.49453125 0.109375 0.11015625
1 0.84296875 0.60625 0.09765625 0.0984375
1 0.8390625 0.7125 0.08515625 0.0859375
1 0.84140625 0.821875 0.08515625 0.0859375
1 0.84765625 0.93671875 0.09765625 0.09765625
1 0.7421875 0.43203125 0.09765625 0.0984375
1 0.740625 0.546875 0.08515625 0.0859375
1 0.746875 0.66328125 0.08515625 0.0859375
1 0.74765625 0.87578125 0.0734375 0.07421875
1 0.9359375 0.3265625 0.109375 0.11015625
1 0.8421875 0.384375 0.109375 0.11015625
1 0.746875 0.3265625 0.11015625 0.11015625
1 0.65546875 0.384375 0.09765625 0.0984375
1 0.6546875 0.49296875 0.09765625 0.09765625
1 0.65234375 0.6015625 0.09765625 0.09765625
1 0.659375 0.7125 0.0859375 0.0859375
3 0.55859375 0.3265625 0.0859375 0.0859375
3 0.271875 0.3703125 0.08515625 0.0859375
1 0.06953125 0.4078125 0.109375 0.11015625
1 0.0640625 0.50546875 0.09765625 0.0984375
1 0.0703125 0.61640625 0.09765625 0.0984375
1 0.1796875 0.31171875 0.09765625 0.09765625
1 0.190625 0.4515625 0.109375 0.1109375
1 0.190625 0.55546875 0.09765625 0.0984375
1 0.1921875 0.65546875 0.09765625 0.0984375
1 0.18203125 0.76796875 0.11015625 0.11015625
1 0.2734375 0.484375 0.109375 0.1109375
1 0.26875 0.5984375 0.0859375 0.0859375
1 0.2703125 0.7125 0.0859375 0.0859375
1 0.3640625 0.3140625 0.11015625 0.11015625
1 0.3625 0.43671875 0.11015625 0.1109375
1 0.36328125 0.5421875 0.09765625 0.09765625
1 0.3671875 0.67109375 0.09765625 0.09765625
1 0.4671875 0.3703125 0.09765625 0.0984375
1 0.46796875 0.4890625 0.08515625 0.0859375
1 0.46953125 0.6046875 0.08515625 0.0859375
1 0.46015625 0.7078125 0.08515625 0.0859375
1 0.56640625 0.42890625 0.09765625 0.0984375
1 0.56640625 0.55625 0.109375 0.11015625
1 0.5640625 0.6546875 0.0859375 0.0859375
1 0.5640625 0.7546875 0.09765625 0.09765625
3 0.65390625 0.915625 0.0734375 0.07421875
1 0.5609375 0.8703125 0.09765625 0.09765625
1 0.46640625 0.82421875 0.08515625 0.0859375
2 0.46640625 0.9234375 0.0734375 0.0734375
1 0.3640625 0.8859375 0.09765625 0.0984375
1 0.3703125 0.77265625 0.0859375 0.0859375
1 0.2734375 0.821875 0.0859375 0.0859375
1 0.2703125 0.92109375 0.0859375 0.08671875
1 0.18125 0.87265625 0.09765625 0.0984375
1 0.06953125 0.83046875 0.09765625 0.0984375