2 0.4953125 0.8375 0.06171875 0.06171875
2 0.22421875 0.884375 0.06171875 0.06171875
2 0.78359375 0.903125 0.0734375 0.07421875
2 0.49921875 0.94453125 0.0734375 0.07421875
2 0.95859375 0.3234375 0.0734375 0.07421875
2 0.96015625 0.409375 0.0734375 0.07421875
2 0.88046875 0.3765625 0.0734375 0.0734375
2 0.878125 0.47421875 0.0734375 0.0734375
2 0.97578125 0.8984375 0.0359375 0.0375
3 0.70234375 0.96171875 0.0609375 0.06171875
3 0.87578125 0.95546875 0.06171875 0.06171875
1 0.69609375 0.84296875 0.08515625 0.0859375
1 0.59765625 0.8859375 0.0859375 0.0859375
2 0.4140625 0.88984375 0.0484375 0.0484375
1 0.3171875 0.94296875 0.11015625 0.11015625
1 0.13359375 0.928125 0.109375 0.11015625
2 0.94375 0.50859375 0.06171875 0.06171875
1 0.696875 0.46171875 0.0859375 0.0859375
1 0.88125 0.2625 0.09765625 0.0984375
1 0.8953125 0.14765625 0.0859375 0.0859375
1 0.7921875 0.07734375 0.109375 0.11015625
1 0.80234375 0.21484375 0.08515625 0.0859375
1 0.79296875 0.309375 0.09765625 0.0984375
1 0.7796875 0.4296875 0.08515625 0.0859375
1 0.70234375 0.35703125 0.11015625 0.11015625
1 0.69453125 0.26328125 0.11015625 0.11015625
1 0.69765625 0.1359375 0.11015625 0.1109375
1 0.603125 0.0828125 0.09765625 0.0984375
1 0.609375 0.20625 0.0859375 0.0859375
1 0.6046875 0.3046875 0.109375 0.1109375
1 0.60546875 0.41171875 0.09765625 0.0984375
1 0.6 0.51953125 0.08515625 0.0859375
1 0.52421875 0.475 0.08515625 0.08671875
1 0.5140625 0.3703125 0.0859375 0.0859375
1 0.5140625 0.25078125 0.08515625 0.0859375
1 0.52265625 0.14140625 0.08515625 0.0859375
1 0.41875 0.0875 0.096875 0.0984375
1 0.41953125 0.19140625 0.08515625 0.0859375
1 0.4125 0.30703125 0.09765625 0.0984375
1 0.409375 0.42421875 0.109375 0.11015625
1 0.42109375 0.528125 0.09765625 0.09765625
1 0.3265625 0.2484375 0.08515625 0.08671875
1 0.228125 0.309375 0.08515625 0.0859375
1 0.32421875 0.146875 0.109375 0.11015625
1 0.31875 0.34609375 0.09765625 0.0984375
1 0.3234375 0.46484375 0.08515625 0.0859375
1 0.234375 0.5109375 0.0859375 0.0859375
1 0.2296875 0.4109375 0.09765625 0.09765625
1 0.1359375 0.465625 0.08515625 0.0859375
1 0.13359375 0.3625 0.09765625 0.0984375
1 0.1359375 0.146875 0.09765625 0.0984375
1 0.2296875 0.10078125 0.109375 0.11015625
1 0.225 0.196875 0.109375 0.11015625