2 0.20234375 0.51328125 0.0734375 0.0734375
2 0.20390625 0.40546875 0.08515625 0.0859375
2 0.128125 0.89921875 0.08515625 0.0859375
2 0.7796875 0.61484375 0.0609375 0.06171875
2 0.4109375 0.41640625 0.0609375 0.06171875
2 0.67734375 0.459375 0.0734375 0.07421875
1 0.0375 0.7296875 0.0734375 0.07421875
1 0.1265625 0.45234375 0.09765625 0.0984375
1 0.1265625 0.56953125 0.09765625 0.09765625
1 0.12734375 0.68359375 0.0734375 0.07421875
1 0.12265625 0.78515625 0.0734375 0.07421875
1 0.22734375 0.61796875 0.0734375 0.07421875
1 0.221875 0.7328125 0.09765625 0.09765625
1 0.225 0.84375 0.09765625 0.09765625
1 0.31328125 0.4515625 0.08515625 0.08671875
1 0.3171875 0.56484375 0.11015625 0.11015625
1 0.321875 0.68125 0.11015625 0.11015625
1 0.315625 0.7875 0.11015625 0.11015625
1 0.315625 0.903125 0.109375 0.1109375
1 0.41875 0.50859375 0.121875 0.121875
1 0.42109375 0.6234375 0.09765625 0.0984375
1 0.4109375 0.7359375 0.09765625 0.0984375
1 0.4109375 0.85390625 0.09765625 0.0984375
1 0.5015625 0.46484375 0.0859375 0.0859375
1 0.50703125 0.57109375 0.09765625 0.0984375
1 0.49921875 0.684375 0.09765625 0.0984375
1 0.503125 0.7921875 0.0859375 0.0859375
1 0.5125 0.9015625 0.09765625 0.0984375
1 0.590625 0.5171875 0.08515625 0.0859375
1 0.5921875 0.63984375 0.08515625 0.0859375
1 0.596875 0.7390625 0.0859375 0.08671875
1 0.596875 0.84765625 0.0859375 0.0859375
1 0.678125 0.5828125 0.08515625 0.0859375
1 0.6765625 0.69375 0.08515625 0.0859375
1 0.6765625 0.79296875 0.08515625 0.0859375
1 0.6703125 0.9078125 0.08515625 0.0859375
2 0.7828125 0.5203125 0.0484375 0.0484375
1 0.775 0.72578125 0.0859375 0.0859375
1 0.775 0.8421875 0.08515625 0.0859375
2 0.76953125 0.93125 0.0484375 0.05
2 0.878125 0.56953125 0.0609375 0.0609375