1 0.07734375 0.1046875 0.109375 0.11015625
1 0.93828125 0.05234375 0.09765625 0.0984375
1 0.93828125 0.16640625 0.09765625 0.0984375
1 0.84453125 0.1046875 0.09765625 0.0984375
1 0.75 0.1609375 0.09765625 0.0984375
1 0.64609375 0.103125 0.11015625 0.11015625
1 0.55390625 0.0578125 0.11015625 0.11015625
1 0.55390625 0.1671875 0.109375 0.1109375
1 0.4609375 0.11328125 0.09765625 0.09765625
1 0.36171875 0.15234375 0.11015625 0.1109375
1 0.26875 0.10390625 0.11015625 0.11015625
2 0.0765625 0.2171875 0.0484375 0.05
2 0.17109375 0.15546875 0.0484375 0.0484375
1 0.078125 0.32421875 0.109375 0.1109375
1 0.18046875 0.3828125 0.0859375 0.0859375
1 0.17421875 0.2703125 0.08515625 0.0859375
2 0.27109375 0.221875 0.08515625 0.0859375
1 0.26796875 0.328125 0.08515625 0.0859375
1 0.275 0.4359375 0.09765625 0.09765625
1 0.2703125 0.53984375 0.09765625 0.09765625
1 0.265625 0.65703125 0.09765625 0.0984375
2 0.36484375 0.2703125 0.0734375 0.0734375
1 0.36796875 0.38203125 0.08515625 0.0859375
1 0.36640625 0.5984375 0.0734375 0.07421875
1 0.453125 0.21640625 0.09765625 0.0984375
1 0.459375 0.32578125 0.09765625 0.0984375
1 0.45390625 0.440625 0.09765625 0.0984375
1 0.4640625 0.5515625 0.09765625 0.09765625
1 0.465625 0.6625 0.09765625 0.09765625
1 0.55625 0.27109375 0.11015625 0.11015625
1 0.55703125 0.38515625 0.11015625 0.11015625
1 0.5515625 0.49140625 0.109375 0.11015625
1 0.55078125 0.61015625 0.109375 0.11015625
1 0.5515625 0.71796875 0.109375 0.1109375
1 0.65078125 0.2203125 0.11015625 0.11015625
1 0.64765625 0.33125 0.11015625 0.11015625
1 0.6421875 0.43984375 0.11015625 0.11015625
1 0.65 0.55234375 0.11015625 0.11015625
1 0.6515625 0.6609375 0.109375 0.11015625
1 0.7515625 0.27265625 0.109375 0.11015625
1 0.7515625 0.38125 0.09765625 0.0984375
1 0.74765625 0.49375 0.11015625 0.11015625
1 0.75078125 0.6046875 0.11015625 0.11015625
1 0.74921875 0.7203125 0.11015625 0.11015625
1 0.84453125 0.21328125 0.109375 0.11015625
1 0.8515625 0.3375 0.109375 0.11015625
1 0.84453125 0.440625 0.109375 0.11015625
1 0.84453125 0.55703125 0.109375 0.11015625
1 0.8421875 0.6609375 0.109375 0.11015625
1 0.9390625 0.2671875 0.09765625 0.09765625
1 0.9359375 0.38359375 0.11015625 0.11015625
1 0.9421875 0.4984375 0.109375 0.11015625
1 0.9375 0.61015625 0.09765625 0.0984375
1 0.94375 0.7171875 0.109375 0.11015625
1 0.93671875 0.82734375 0.109375 0.11015625
1 0.93828125 0.94296875 0.11015625 0.11015625
3 0.83671875 0.7796875 0.11015625 0.11015625
3 0.740625 0.82734375 0.11015625 0.11015625
1 0.83828125 0.878125 0.11015625 0.11015625
1 0.73984375 0.95 0.0734375 0.07421875
1 0.640625 0.77265625 0.109375 0.11015625
1 0.64375 0.88359375 0.109375 0.1109375
1 0.5546875 0.82109375 0.109375 0.1109375
1 0.55546875 0.92890625 0.08515625 0.0859375
1 0.4546875 0.78828125 0.11015625 0.1109375
1 0.4578125 0.896875 0.08515625 0.0859375
1 0.365625 0.7296875 0.08515625 0.0859375
2 0.37265625 0.84296875 0.02421875 0.02421875
2 0.36640625 0.96171875 0.0375 0.0375
1 0.2734375 0.76484375 0.09765625 0.0984375
1 0.271875 0.8703125 0.09765625 0.0984375