1 0.7984375 0.07890625 0.0734375 0.07421875
2 0.61328125 0.07578125 0.0609375 0.06171875
1 0.12421875 0.13203125 0.109375 0.11015625
1 0.1296875 0.24140625 0.109375 0.11015625
1 0.12421875 0.35078125 0.109375 0.11015625
1 0.11875 0.46171875 0.109375 0.11015625
1 0.2140625 0.075 0.11015625 0.1109375
1 0.21875 0.1921875 0.09765625 0.09765625
1 0.2203125 0.2953125 0.109375 0.11015625
1 0.2234375 0.409375 0.09765625 0.0984375
1 0.21796875 0.5203125 0.109375 0.11015625
1 0.3171875 0.13203125 0.11015625 0.1109375
1 0.3171875 0.246875 0.11015625 0.1109375
1 0.31328125 0.35703125 0.11015625 0.11015625
1 0.31953125 0.471875 0.11015625 0.11015625
1 0.409375 0.07890625 0.109375 0.11015625
1 0.41484375 0.19453125 0.109375 0.1109375
1 0.41328125 0.3015625 0.11015625 0.1109375
1 0.41484375 0.4140625 0.11015625 0.1109375
1 0.4109375 0.5296875 0.11015625 0.11015625
1 0.50859375 0.1359375 0.09765625 0.0984375
1 0.5046875 0.25078125 0.109375 0.11015625
1 0.5046875 0.35546875 0.109375 0.1109375
1 0.50390625 0.46953125 0.109375 0.1109375
1 0.60234375 0.18203125 0.11015625 0.11015625
1 0.59921875 0.3015625 0.11015625 0.11015625
1 0.6015625 0.4125 0.09765625 0.09765625
1 0.6046875 0.5296875 0.109375 0.1109375
1 0.69609375 0.13984375 0.11015625 0.11015625
1 0.7 0.24140625 0.11015625 0.11015625
1 0.7 0.36171875 0.11015625 0.11015625
1 0.69453125 0.47109375 0.11015625 0.11015625
1 0.6984375 0.58125 0.09765625 0.09765625
1 0.49921875 0.57578125 0.109375 0.11015625
1 0.79609375 0.1828125 0.0859375 0.08671875
1 0.88203125 0.128125 0.0734375 0.0734375
1 0.89140625 0.80078125 0.11015625 0.1109375
1 0.8890625 0.9140625 0.11015625 0.1109375
1 0.79140625 0.753125 0.11015625 0.1109375
1 0.790625 0.85625 0.109375 0.1109375
1 0.69375 0.80390625 0.109375 0.11015625
1 0.6984375 0.9125 0.09765625 0.0984375
1 0.69609375 0.69375 0.109375 0.1109375
1 0.6 0.75078125 0.109375 0.11015625
1 0.59609375 0.8546875 0.08515625 0.0859375
1 0.503125 0.69296875 0.11015625 0.11015625
1 0.50234375 0.7953125 0.11015625 0.11015625
1 0.5109375 0.9078125 0.09765625 0.0984375
1 0.4078125 0.7453125 0.11015625 0.11015625
1 0.41328125 0.85 0.109375 0.11015625
1 0.31171875 0.6921875 0.0859375 0.08671875
1 0.31328125 0.8 0.109375 0.11015625
1 0.3140625 0.90703125 0.09765625 0.0984375
1 0.21484375 0.740625 0.109375 0.11015625
1 0.21953125 0.85234375 0.09765625 0.0984375
1 0.11875 0.678125 0.09765625 0.0984375
1 0.11796875 0.79296875 0.08515625 0.0859375
1 0.1234375 0.909375 0.08515625 0.0859375
1 0.6015625 0.63828125 0.109375 0.11015625
1 0.409375 0.6359375 0.08515625 0.0859375
1 0.3125 0.57265625 0.109375 0.11015625
1 0.21875 0.63046875 0.109375 0.11015625
1 0.1234375 0.57265625 0.11015625 0.11015625