1 0.94921875 0.80546875 0.09765625 0.0984375
1 0.94609375 0.89609375 0.09765625 0.0984375
1 0.846875 0.84296875 0.11015625 0.1109375
1 0.9484375 0.6625 0.09765625 0.09765625
1 0.94453125 0.5734375 0.09765625 0.0984375
1 0.8578125 0.2 0.11015625 0.1109375
1 0.85390625 0.3109375 0.11015625 0.11015625
1 0.8578125 0.4046875 0.11015625 0.1109375
1 0.85078125 0.5203125 0.11015625 0.11015625
1 0.765625 0.5796875 0.109375 0.11015625
1 0.759375 0.4625 0.11015625 0.1109375
1 0.759375 0.36015625 0.109375 0.11015625
1 0.76640625 0.24921875 0.11015625 0.11015625
1 0.7640625 0.153125 0.109375 0.11015625
1 0.671875 0.1890625 0.109375 0.1109375
1 0.66796875 0.29609375 0.09765625 0.0984375
1 0.6671875 0.4046875 0.09765625 0.09765625
1 0.66640625 0.5171875 0.11015625 0.11015625
1 0.66796875 0.634375 0.09765625 0.0984375
1 0.6640625 0.74296875 0.09765625 0.0984375
1 0.75625 0.80625 0.11015625 0.11015625
1 0.75390625 0.68046875 0.109375 0.11015625
1 0.6515625 0.83984375 0.08515625 0.0859375
1 0.75390625 0.91015625 0.09765625 0.09765625
1 0.55859375 0.89453125 0.0859375 0.0859375
1 0.56640625 0.7890625 0.09765625 0.09765625
1 0.5734375 0.66875 0.09765625 0.0984375
1 0.571875 0.56953125 0.09765625 0.09765625
1 0.5671875 0.465625 0.09765625 0.0984375
1 0.56875 0.35625 0.109375 0.11015625
1 0.571875 0.2390625 0.09765625 0.0984375
1 0.57734375 0.13359375 0.11015625 0.11015625
1 0.478125 0.19296875 0.11015625 0.11015625
1 0.48046875 0.30546875 0.109375 0.11015625
1 0.4828125 0.40546875 0.11015625 0.1109375
1 0.4765625 0.5203125 0.109375 0.11015625
1 0.47734375 0.62890625 0.109375 0.1109375
1 0.4734375 0.73203125 0.109375 0.11015625
1 0.46328125 0.853125 0.11015625 0.11015625
1 0.3625 0.90859375 0.109375 0.11015625
1 0.37265625 0.78671875 0.11015625 0.11015625
1 0.3796875 0.6734375 0.11015625 0.11015625
1 0.371875 0.56484375 0.11015625 0.11015625
1 0.38125 0.4609375 0.09765625 0.09765625
1 0.38203125 0.35078125 0.11015625 0.1109375
1 0.39140625 0.13046875 0.109375 0.11015625
1 0.384375 0.2390625 0.109375 0.11015625
1 0.2859375 0.1890625 0.11015625 0.11015625
1 0.28671875 0.290625 0.11015625 0.11015625
1 0.28046875 0.4125 0.109375 0.11015625
1 0.2796875 0.5171875 0.11015625 0.11015625
1 0.275 0.62265625 0.11015625 0.11015625
1 0.271875 0.753125 0.11015625 0.11015625
1 0.28125 0.8421875 0.09765625 0.0984375
1 0.18671875 0.89375 0.109375 0.11015625
1 0.1828125 0.7796875 0.09765625 0.0984375
1 0.175 0.67890625 0.11015625 0.11015625
1 0.1859375 0.56953125 0.109375 0.11015625
1 0.1921875 0.4609375 0.109375 0.1109375
1 0.19453125 0.35546875 0.11015625 0.1109375
1 0.1859375 0.246875 0.11015625 0.11015625
1 0.1890625 0.1375 0.09765625 0.0984375
1 0.0953125 0.18203125 0.109375 0.11015625
1 0.10234375 0.29140625 0.11015625 0.11015625
1 0.0828125 0.39296875 0.11015625 0.11015625
1 0.0890625 0.5140625 0.109375 0.11015625
3 0.08984375 0.62421875 0.109375 0.11015625
1 0.084375 0.7390625 0.11015625 0.1109375
1 0.08203125 0.84609375 0.109375 0.11015625