2 0.43828125 0.278125 0.0734375 0.07421875
1 0.925 0.11640625 0.11015625 0.11015625
1 0.91875 0.22578125 0.11015625 0.11015625
1 0.825 0.0578125 0.109375 0.11015625
1 0.8234375 0.16875 0.109375 0.11015625
1 0.8203125 0.27890625 0.09765625 0.0984375
1 0.73046875 0.11484375 0.09765625 0.0984375
1 0.73515625 0.21796875 0.09765625 0.0984375
1 0.634375 0.1671875 0.11015625 0.11015625
1 0.63203125 0.2765625 0.11015625 0.11015625
1 0.5375 0.1109375 0.09765625 0.0984375
1 0.53828125 0.2234375 0.09765625 0.09765625
1 0.53828125 0.325 0.09765625 0.09765625
1 0.440625 0.059375 0.09765625 0.0984375
1 0.43828125 0.1609375 0.09765625 0.09765625
1 0.3453125 0.10703125 0.09765625 0.0984375
1 0.346875 0.21953125 0.08515625 0.0859375
1 0.2515625 0.05703125 0.11015625 0.11015625
1 0.24375 0.1703125 0.109375 0.11015625
1 0.23515625 0.278125 0.109375 0.1109375
1 0.15703125 0.10390625 0.09765625 0.0984375
1 0.1546875 0.2296875 0.109375 0.1109375
1 0.0578125 0.0546875 0.0859375 0.0859375
1 0.0578125 0.1703125 0.11015625 0.1109375
1 0.059375 0.63828125 0.109375 0.11015625
1 0.0640625 0.74296875 0.11015625 0.11015625
1 0.1375 0.321875 0.09765625 0.09765625
1 0.1515625 0.46484375 0.109375 0.1109375
1 0.14765625 0.56640625 0.109375 0.1109375
1 0.146875 0.67734375 0.09765625 0.0984375
1 0.14140625 0.7875 0.09765625 0.0984375
1 0.25703125 0.384375 0.09765625 0.0984375
1 0.25078125 0.50078125 0.11015625 0.1109375
1 0.25546875 0.603125 0.11015625 0.1109375
1 0.2578125 0.7140625 0.109375 0.1109375
1 0.3484375 0.34140625 0.109375 0.11015625
1 0.3453125 0.4453125 0.0859375 0.0859375
1 0.3453125 0.54765625 0.08515625 0.0859375
1 0.3453125 0.65625 0.11015625 0.1109375
1 0.35078125 0.7796875 0.11015625 0.1109375
1 0.44453125 0.38671875 0.0859375 0.0859375
1 0.4421875 0.49765625 0.09765625 0.0984375
1 0.4375 0.61953125 0.09765625 0.0984375
1 0.440625 0.72578125 0.11015625 0.1109375
1 0.540625 0.4484375 0.09765625 0.0984375
1 0.53203125 0.55859375 0.0859375 0.0859375
1 0.534375 0.66640625 0.09765625 0.0984375
1 0.534375 0.7796875 0.09765625 0.09765625
1 0.63359375 0.3875 0.11015625 0.11015625
1 0.6390625 0.49765625 0.11015625 0.11015625
1 0.6390625 0.60859375 0.11015625 0.11015625
1 0.63984375 0.728125 0.109375 0.11015625
1 0.72265625 0.334375 0.109375 0.11015625
1 0.72578125 0.44765625 0.109375 0.11015625
1 0.72734375 0.5515625 0.11015625 0.11015625
1 0.72890625 0.67421875 0.11015625 0.11015625
1 0.73203125 0.78203125 0.11015625 0.11015625
1 0.821875 0.39296875 0.109375 0.11015625
1 0.828125 0.50234375 0.109375 0.11015625
1 0.821875 0.61171875 0.109375 0.11015625
1 0.8171875 0.721875 0.109375 0.11015625
1 0.9125 0.3359375 0.11015625 0.1109375
1 0.9171875 0.453125 0.09765625 0.09765625
1 0.91875 0.55625 0.109375 0.11015625
1 0.921875 0.6703125 0.09765625 0.0984375
1 0.915625 0.78046875 0.109375 0.11015625
1 0.8171875 0.9390625 0.09765625 0.0984375
1 0.9171875 0.89140625 0.109375 0.11015625
1 0.821875 0.83359375 0.11015625 0.11015625
1 0.73046875 0.89140625 0.09765625 0.0984375
3 0.63359375 0.8328125 0.0859375 0.0859375
3 0.346875 0.8765625 0.08515625 0.0859375
1 0.14453125 0.91484375 0.109375 0.11015625
1 0.2546875 0.81875 0.09765625 0.09765625
1 0.4390625 0.82109375 0.11015625 0.11015625
1 0.43828125 0.94375 0.11015625 0.1109375
1 0.5421875 0.87734375 0.09765625 0.0984375
1 0.64140625 0.9359375 0.09765625 0.0984375