2 0.39765625 0.6078125 0.0734375 0.07421875
2 0.11875 0.3609375 0.0734375 0.0734375
2 0.503125 0.91171875 0.0734375 0.0734375
2 0.21171875 0.834375 0.0734375 0.0734375
2 0.40078125 0.9609375 0.0734375 0.07421875
1 0.5046875 0.709375 0.0859375 0.0859375
3 0.30390625 0.44609375 0.0859375 0.08671875
1 0.30390625 0.33515625 0.0859375 0.0859375
2 0.21015625 0.38984375 0.0734375 0.07421875
2 0.2140625 0.4953125 0.0734375 0.07421875
1 0.11484375 0.459375 0.08515625 0.0859375
1 0.11328125 0.55859375 0.09765625 0.09765625
1 0.11640625 0.69375 0.09765625 0.0984375
1 0.1140625 0.7828125 0.09765625 0.0984375
1 0.10546875 0.9 0.109375 0.11015625
1 0.21015625 0.7296875 0.08515625 0.0859375
1 0.2046875 0.59453125 0.09765625 0.0984375
1 0.30234375 0.6515625 0.08515625 0.0859375
1 0.3015625 0.7828125 0.09765625 0.0984375
1 0.303125 0.8984375 0.09765625 0.09765625
1 0.4 0.84140625 0.109375 0.11015625
1 0.396875 0.7234375 0.09765625 0.0984375
2 0.68359375 0.79609375 0.0484375 0.0484375
1 0.6828125 0.89765625 0.08515625 0.0859375
1 0.865625 0.9 0.08515625 0.0859375
1 0.86640625 0.3578125 0.09765625 0.0984375
1 0.7734375 0.309375 0.09765625 0.09765625
1 0.775 0.40546875 0.09765625 0.0984375
1 0.7703125 0.52265625 0.109375 0.11015625
1 0.7671875 0.628125 0.109375 0.11015625
1 0.67578125 0.35234375 0.09765625 0.0984375
1 0.6828125 0.4578125 0.09765625 0.0984375
1 0.67734375 0.56953125 0.11015625 0.11015625
1 0.67421875 0.684375 0.11015625 0.11015625
1 0.5828125 0.628125 0.109375 0.1109375
1 0.5921875 0.49375 0.09765625 0.09765625
1 0.58671875 0.3921875 0.109375 0.1109375
1 0.49140625 0.3453125 0.109375 0.1109375
1 0.496875 0.45390625 0.11015625 0.11015625
1 0.49375 0.5984375 0.11015625 0.11015625
1 0.5875 0.73515625 0.109375 0.11015625
1 0.5875 0.84296875 0.0859375 0.0859375
1 0.396875 0.4015625 0.08515625 0.0859375
1 0.875 0.228125 0.09765625 0.09765625
1 0.86875 0.121875 0.09765625 0.0984375
1 0.77421875 0.0765625 0.109375 0.11015625
1 0.7734375 0.18828125 0.09765625 0.09765625
1 0.6875 0.2328125 0.09765625 0.09765625
1 0.684375 0.13125 0.09765625 0.09765625
1 0.59296875 0.08203125 0.09765625 0.09765625
1 0.58515625 0.1921875 0.09765625 0.09765625
1 0.584375 0.29375 0.11015625 0.11015625
1 0.49609375 0.24296875 0.09765625 0.0984375
1 0.49375 0.13046875 0.11015625 0.11015625
3 0.40234375 0.071875 0.0859375 0.0859375
1 0.30546875 0.1390625 0.09765625 0.0984375
1 0.30546875 0.23359375 0.08515625 0.08671875
1 0.21640625 0.30546875 0.08515625 0.0859375
1 0.21015625 0.18203125 0.11015625 0.11015625
1 0.21171875 0.07265625 0.11015625 0.11015625
1 0.1140625 0.13125 0.09765625 0.0984375
1 0.11328125 0.23515625 0.0859375 0.0859375
1 0.40234375 0.19453125 0.109375 0.11015625
1 0.39765625 0.2859375 0.109375 0.11015625