2 0.61875 0.91484375 0.0734375 0.0734375
2 0.71171875 0.50625 0.0734375 0.07421875
1 0.90703125 0.75703125 0.109375 0.11015625
1 0.81015625 0.8140625 0.11015625 0.1109375
1 0.71953125 0.78984375 0.109375 0.11015625
1 0.71171875 0.8859375 0.09765625 0.09765625
1 0.61640625 0.81328125 0.09765625 0.0984375
1 0.5296875 0.75703125 0.09765625 0.09765625
1 0.5203125 0.865625 0.0859375 0.0859375
1 0.34296875 0.75625 0.09765625 0.0984375
3 0.3359375 0.87109375 0.0859375 0.0859375
1 0.246875 0.72265625 0.09765625 0.09765625
1 0.2515625 0.8140625 0.09765625 0.0984375
1 0.2375 0.91796875 0.09765625 0.09765625
1 0.15390625 0.76953125 0.11015625 0.1109375
1 0.1578125 0.89453125 0.121875 0.1234375
1 0.0578125 0.71796875 0.11015625 0.11015625
1 0.06171875 0.82734375 0.11015625 0.11015625
1 0.059375 0.93984375 0.09765625 0.0984375
1 0.91328125 0.2265625 0.0859375 0.0859375
1 0.91328125 0.325 0.0859375 0.0859375
1 0.90703125 0.4421875 0.09765625 0.0984375
1 0.90625 0.5453125 0.09765625 0.09765625
1 0.7125 0.09609375 0.09765625 0.0984375
1 0.525 0.0828125 0.0859375 0.0859375
1 0.5296875 0.2078125 0.0859375 0.0859375
1 0.52265625 0.3078125 0.0859375 0.0859375
1 0.52890625 0.4390625 0.08515625 0.0859375
1 0.6359375 0.45625 0.08515625 0.0859375
1 0.63203125 0.3734375 0.08515625 0.0859375
1 0.621875 0.25703125 0.0859375 0.0859375
1 0.6234375 0.1421875 0.08515625 0.0859375
1 0.71796875 0.2125 0.0859375 0.0859375
1 0.715625 0.33515625 0.08515625 0.0859375
1 0.71640625 0.4171875 0.08515625 0.0859375
1 0.8140625 0.5671875 0.0859375 0.0859375
1 0.81171875 0.46015625 0.08515625 0.0859375
1 0.81953125 0.365625 0.08515625 0.0859375
1 0.81171875 0.2703125 0.08515625 0.0859375
1 0.81640625 0.16015625 0.0859375 0.0859375
1 0.915625 0.10625 0.08515625 0.0859375
1 0.8109375 0.71640625 0.09765625 0.0984375
1 0.71875 0.69609375 0.109375 0.11015625
1 0.621875 0.7125 0.11015625 0.11015625
1 0.52734375 0.64453125 0.09765625 0.09765625
1 0.440625 0.0453125 0.0859375 0.0859375
1 0.43828125 0.153125 0.09765625 0.0984375
1 0.4359375 0.26171875 0.08515625 0.0859375
1 0.434375 0.3796875 0.09765625 0.0984375
1 0.4359375 0.49296875 0.09765625 0.0984375
1 0.346875 0.096875 0.09765625 0.09765625
1 0.346875 0.20703125 0.08515625 0.0859375
1 0.346875 0.325 0.09765625 0.0984375
1 0.34296875 0.4375 0.0859375 0.0859375
1 0.33984375 0.546875 0.09765625 0.09765625
1 0.33515625 0.6453125 0.0859375 0.0859375
1 0.253125 0.059375 0.09765625 0.0984375
1 0.24921875 0.16875 0.09765625 0.0984375
1 0.24921875 0.28203125 0.09765625 0.0984375
1 0.25078125 0.39453125 0.09765625 0.09765625
1 0.25078125 0.4921875 0.109375 0.1109375
1 0.2453125 0.60390625 0.11015625 0.11015625
1 0.1546875 0.1109375 0.08515625 0.0859375
1 0.1515625 0.22578125 0.08515625 0.0859375
1 0.1546875 0.33984375 0.09765625 0.09765625
1 0.1515625 0.4640625 0.08515625 0.0859375
1 0.15703125 0.56640625 0.08515625 0.0859375
1 0.0625 0.61171875 0.09765625 0.0984375
1 0.05703125 0.5046875 0.11015625 0.1109375
1 0.06328125 0.39453125 0.09765625 0.09765625
1 0.06953125 0.27890625 0.109375 0.11015625
1 0.06875 0.1734375 0.09765625 0.0984375
3 0.0640625 0.065625 0.08515625 0.0859375
1 0.1609375 0.67734375 0.11015625 0.11015625