2 0.071875 0.159375 0.0734375 0.07421875
2 0.45 0.4890625 0.0734375 0.07421875
1 0.93515625 0.1015625 0.11015625 0.1109375
1 0.93203125 0.21171875 0.11015625 0.11015625
1 0.93671875 0.32734375 0.11015625 0.11015625
1 0.93046875 0.43671875 0.11015625 0.11015625
1 0.83671875 0.165625 0.11015625 0.11015625
1 0.83671875 0.26875 0.109375 0.11015625
1 0.83515625 0.3796875 0.109375 0.11015625
1 0.83203125 0.48984375 0.09765625 0.0984375
1 0.74375 0.10390625 0.109375 0.11015625
1 0.74140625 0.2125 0.109375 0.11015625
1 0.7421875 0.32578125 0.09765625 0.0984375
1 0.746875 0.42890625 0.09765625 0.0984375
1 0.64921875 0.16171875 0.109375 0.11015625
1 0.64609375 0.26484375 0.11015625 0.11015625
1 0.64609375 0.378125 0.11015625 0.11015625
1 0.64375 0.4875 0.11015625 0.11015625
1 0.55 0.10078125 0.09765625 0.0984375
1 0.546875 0.21171875 0.09765625 0.0984375
1 0.5484375 0.321875 0.09765625 0.0984375
1 0.55 0.434375 0.09765625 0.09765625
1 0.55 0.5359375 0.09765625 0.09765625
1 0.45625 0.16171875 0.109375 0.11015625
1 0.45234375 0.2703125 0.09765625 0.0984375
1 0.45 0.371875 0.09765625 0.09765625
1 0.35625 0.10390625 0.09765625 0.0984375
1 0.3515625 0.20625 0.09765625 0.0984375
1 0.3578125 0.31796875 0.09765625 0.0984375
1 0.35859375 0.43046875 0.08515625 0.0859375
1 0.25703125 0.15546875 0.11015625 0.11015625
1 0.26328125 0.26796875 0.11015625 0.11015625
1 0.25625 0.38125 0.109375 0.11015625
1 0.246875 0.4890625 0.109375 0.1109375
1 0.1703125 0.11015625 0.0859375 0.0859375
1 0.17265625 0.2140625 0.0859375 0.0859375
1 0.16875 0.31484375 0.09765625 0.0984375
1 0.165625 0.440625 0.109375 0.1109375
1 0.06953125 0.265625 0.0859375 0.0859375
1 0.06953125 0.38125 0.11015625 0.1109375
1 0.06171875 0.73359375 0.109375 0.11015625
1 0.07109375 0.84921875 0.109375 0.11015625
1 0.14921875 0.5328125 0.09765625 0.09765625
1 0.16328125 0.67578125 0.109375 0.1109375
1 0.159375 0.77734375 0.109375 0.1109375
1 0.1578125 0.88828125 0.09765625 0.0984375
1 0.26875 0.5953125 0.09765625 0.0984375
1 0.2625 0.71171875 0.11015625 0.1109375
1 0.2671875 0.8140625 0.11015625 0.1109375
1 0.26953125 0.925 0.109375 0.1109375
1 0.36015625 0.55234375 0.109375 0.11015625
1 0.3578125 0.65625 0.0859375 0.0859375
1 0.35703125 0.75859375 0.08515625 0.0859375
1 0.35703125 0.8671875 0.11015625 0.1109375
1 0.45625 0.59765625 0.0859375 0.0859375
1 0.45390625 0.70859375 0.09765625 0.0984375
1 0.44921875 0.83046875 0.09765625 0.0984375
1 0.45234375 0.93671875 0.11015625 0.1109375
1 0.553125 0.659375 0.09765625 0.0984375
1 0.54375 0.76953125 0.0859375 0.0859375
1 0.54609375 0.87734375 0.09765625 0.0984375
1 0.6453125 0.5984375 0.11015625 0.11015625
1 0.65078125 0.70859375 0.11015625 0.11015625
1 0.65078125 0.81953125 0.11015625 0.11015625
1 0.6515625 0.9390625 0.109375 0.11015625
1 0.734375 0.5453125 0.109375 0.11015625
1 0.7375 0.65859375 0.109375 0.11015625
1 0.7390625 0.7625 0.11015625 0.11015625
1 0.740625 0.88515625 0.11015625 0.11015625
1 0.834375 0.60390625 0.109375 0.11015625
1 0.83984375 0.71328125 0.109375 0.11015625
1 0.834375 0.82265625 0.109375 0.11015625
1 0.82890625 0.9328125 0.109375 0.11015625
1 0.92421875 0.546875 0.11015625 0.1109375
1 0.92890625 0.6640625 0.09765625 0.09765625
1 0.93046875 0.7671875 0.109375 0.11015625
1 0.93359375 0.88125 0.09765625 0.0984375