2 0.72421875 0.159375 0.0734375 0.0734375
2 0.8140625 0.30546875 0.0734375 0.07421875
2 0.81484375 0.20078125 0.0734375 0.0734375
2 0.9109375 0.24375 0.0734375 0.0734375
2 0.63046875 0.22265625 0.08515625 0.0859375
2 0.72578125 0.2546875 0.0734375 0.07421875
2 0.45 0.778125 0.0734375 0.0734375
2 0.73125 0.37109375 0.0734375 0.07421875
2 0.4484375 0.6765625 0.0734375 0.0734375
2 0.9140625 0.3484375 0.0859375 0.0859375
2 0.81796875 0.42578125 0.0734375 0.07421875
2 0.0578125 0.03046875 0.0484375 0.0484375
1 0.0546875 0.115625 0.09765625 0.0984375
1 0.05703125 0.45390625 0.11015625 0.11015625
1 0.14296875 0.06328125 0.0734375 0.0734375
1 0.14765625 0.175 0.109375 0.11015625
1 0.1484375 0.284375 0.109375 0.11015625
1 0.1484375 0.3921875 0.0859375 0.0859375
1 0.15390625 0.50625 0.11015625 0.11015625
1 0.253125 0.115625 0.121875 0.1234375
1 0.24140625 0.2234375 0.121875 0.1234375
1 0.24921875 0.34453125 0.09765625 0.0984375
1 0.25 0.44296875 0.09765625 0.0984375
1 0.246875 0.5625 0.121875 0.1234375
1 0.346875 0.0609375 0.0734375 0.07421875
1 0.35234375 0.17265625 0.09765625 0.09765625
1 0.35859375 0.2859375 0.121875 0.1234375
1 0.3546875 0.39921875 0.09765625 0.0984375
1 0.34296875 0.5015625 0.09765625 0.0984375
1 0.44765625 0.11640625 0.121875 0.1234375
1 0.44375 0.2359375 0.121875 0.1234375
1 0.44609375 0.34453125 0.08515625 0.0859375
1 0.44375 0.465625 0.09765625 0.0984375
1 0.53828125 0.0671875 0.09765625 0.09765625
1 0.5421875 0.18046875 0.09765625 0.09765625
1 0.5421875 0.28515625 0.09765625 0.09765625
1 0.54375 0.39921875 0.09765625 0.09765625
1 0.54375 0.50625 0.121875 0.1234375
1 0.4421875 0.57578125 0.0734375 0.0734375
1 0.54375 0.61640625 0.121875 0.1234375
2 0.628125 0.11875 0.0734375 0.07421875
1 0.6359375 0.340625 0.0859375 0.0859375
1 0.6328125 0.45390625 0.09765625 0.09765625
1 0.63359375 0.5640625 0.121875 0.1234375
2 0.72265625 0.06171875 0.0609375 0.06171875
1 0.725 0.50390625 0.09765625 0.09765625
2 0.8109375 0.09453125 0.0609375 0.06171875
1 0.825 0.5640625 0.08515625 0.0859375
2 0.89921875 0.04609375 0.06171875 0.06171875
2 0.9 0.13359375 0.06171875 0.06171875
1 0.91796875 0.48515625 0.0859375 0.0859375
1 0.9171875 0.6015625 0.08515625 0.0859375
1 0.91953125 0.696875 0.08515625 0.0859375
1 0.91328125 0.8359375 0.09765625 0.09765625
1 0.9203125 0.95 0.0859375 0.0859375
1 0.825 0.67578125 0.09765625 0.09765625
1 0.81953125 0.78828125 0.09765625 0.09765625
1 0.8234375 0.89453125 0.09765625 0.09765625
1 0.73125 0.61875 0.0859375 0.0859375
1 0.72578125 0.72734375 0.109375 0.1109375
1 0.72578125 0.83125 0.0859375 0.0859375
1 0.725 0.9390625 0.09765625 0.0984375
1 0.634375 0.66796875 0.09765625 0.09765625
1 0.6296875 0.7796875 0.09765625 0.0984375
1 0.6265625 0.89375 0.0734375 0.0734375
1 0.53984375 0.72421875 0.11015625 0.11015625
1 0.53828125 0.83671875 0.09765625 0.0984375
1 0.534375 0.95 0.09765625 0.0984375
1 0.44140625 0.89375 0.09765625 0.0984375
1 0.3390625 0.615625 0.09765625 0.0984375
1 0.340625 0.725 0.09765625 0.0984375
1 0.3484375 0.834375 0.09765625 0.0984375
1 0.34375 0.93671875 0.09765625 0.0984375
1 0.24375 0.67734375 0.11015625 0.11015625
1 0.24609375 0.78046875 0.09765625 0.0984375
1 0.24453125 0.8921875 0.096875 0.0984375
1 0.1421875 0.61171875 0.11015625 0.11015625
1 0.15 0.7234375 0.09765625 0.0984375
1 0.1484375 0.83125 0.09765625 0.0984375
1 0.14375 0.94453125 0.09765625 0.09765625
1 0.05390625 0.66875 0.09765625 0.0984375
1 0.05546875 0.77421875 0.09765625 0.09765625
1 0.0546875 0.8828125 0.09765625 0.09765625