2 0.34296875 0.08203125 0.0734375 0.07421875
2 0.71015625 0.08671875 0.0734375 0.0734375
2 0.7078125 0.1890625 0.0734375 0.07421875
2 0.14140625 0.59453125 0.0734375 0.07421875
2 0.8140625 0.39765625 0.0734375 0.07421875
1 0.8953125 0.85703125 0.09765625 0.0984375
1 0.62109375 0.89140625 0.0859375 0.0859375
1 0.521875 0.84609375 0.109375 0.11015625
1 0.425 0.9109375 0.09765625 0.09765625
1 0.33671875 0.84609375 0.109375 0.11015625
1 0.23984375 0.903125 0.11015625 0.1109375
1 0.14921875 0.878125 0.109375 0.11015625
1 0.534375 0.0625 0.0859375 0.0859375
1 0.52265625 0.17578125 0.0859375 0.0859375
1 0.63359375 0.11796875 0.0859375 0.08671875
1 0.63203125 0.2296875 0.08515625 0.0859375
1 0.70234375 0.28046875 0.0859375 0.0859375
1 0.62578125 0.37421875 0.08515625 0.0859375
1 0.7125 0.4296875 0.08515625 0.0859375
1 0.8171875 0.475 0.08515625 0.0859375
1 0.715625 0.828125 0.0859375 0.0859375
1 0.61875 0.784375 0.11015625 0.11015625
1 0.6234375 0.6796875 0.09765625 0.09765625
1 0.6265625 0.5859375 0.09765625 0.09765625
1 0.81640625 0.57578125 0.09765625 0.0984375
1 0.7109375 0.63515625 0.09765625 0.0984375
1 0.71328125 0.73828125 0.08515625 0.0859375
1 0.6265625 0.48515625 0.0859375 0.0859375
1 0.70859375 0.52265625 0.08515625 0.0859375
1 0.52890625 0.309375 0.11015625 0.11015625
1 0.5265625 0.4 0.109375 0.11015625
1 0.521875 0.52734375 0.11015625 0.1109375
1 0.52578125 0.62265625 0.11015625 0.11015625
1 0.53203125 0.746875 0.109375 0.1109375
1 0.4359375 0.68671875 0.109375 0.11015625
1 0.4359375 0.58046875 0.109375 0.11015625
1 0.43125 0.47109375 0.109375 0.11015625
1 0.34296875 0.315625 0.0859375 0.0859375
1 0.34296875 0.4140625 0.0859375 0.0859375
1 0.33671875 0.53046875 0.09765625 0.0984375
1 0.3359375 0.63359375 0.09765625 0.09765625
1 0.240625 0.13828125 0.11015625 0.11015625
1 0.1421875 0.18515625 0.09765625 0.0984375
1 0.1515625 0.0765625 0.11015625 0.11015625
1 0.065625 0.5453125 0.08515625 0.0859375
1 0.06171875 0.46171875 0.08515625 0.0859375
1 0.0515625 0.3453125 0.0859375 0.0859375
1 0.053125 0.23125 0.08515625 0.0859375
1 0.14765625 0.3015625 0.0859375 0.0859375
1 0.1453125 0.4234375 0.08515625 0.0859375
1 0.14609375 0.50625 0.08515625 0.0859375
1 0.24375 0.65625 0.0859375 0.0859375
1 0.24140625 0.5484375 0.08515625 0.0859375
1 0.24921875 0.45390625 0.08515625 0.0859375
1 0.24140625 0.359375 0.08515625 0.0859375
1 0.24609375 0.24921875 0.0859375 0.0859375
1 0.43203125 0.12421875 0.08515625 0.0859375
1 0.43046875 0.25 0.0859375 0.0859375
1 0.42890625 0.36015625 0.08515625 0.0859375
1 0.3453125 0.1953125 0.08515625 0.0859375
1 0.240625 0.80546875 0.09765625 0.0984375
1 0.1484375 0.784375 0.109375 0.11015625
1 0.9140625 0.73984375 0.09765625 0.0984375