1 0.15546875 0.56484375 0.109375 0.11015625
2 0.82109375 0.5015625 0.0859375 0.08671875
2 0.33515625 0.66484375 0.0734375 0.07421875
1 0.915625 0.09765625 0.109375 0.1109375
1 0.91640625 0.2046875 0.08515625 0.0859375
1 0.91328125 0.33046875 0.09765625 0.0984375
1 0.92109375 0.43984375 0.09765625 0.0984375
1 0.815625 0.0640625 0.11015625 0.1109375
1 0.81875 0.17265625 0.08515625 0.0859375
1 0.81171875 0.2921875 0.08515625 0.0859375
1 0.81875 0.3953125 0.0859375 0.0859375
2 0.73359375 0.11953125 0.02421875 0.02421875
2 0.72734375 0.23828125 0.0375 0.0375
2 0.7296875 0.34453125 0.02421875 0.02421875
2 0.72421875 0.4578125 0.02421875 0.02421875
2 0.63203125 0.26640625 0.02421875 0.02421875
2 0.63203125 0.3765625 0.02421875 0.02421875
2 0.628125 0.49140625 0.02421875 0.02421875
1 0.6328125 0.146875 0.09765625 0.0984375
2 0.62421875 0.60078125 0.02421875 0.02421875
2 0.62734375 0.6828125 0.02421875 0.02421875
2 0.725 0.54453125 0.02421875 0.02421875
2 0.71796875 0.6515625 0.02421875 0.02421875
2 0.81875 0.6828125 0.0375 0.0375
1 0.815625 0.6 0.109375 0.11015625
1 0.925 0.54375 0.0859375 0.0859375
1 0.925 0.653125 0.0734375 0.0734375
1 0.3421875 0.23203125 0.09765625 0.0984375
1 0.3453125 0.33515625 0.109375 0.11015625
1 0.33671875 0.44609375 0.09765625 0.09765625
1 0.3421875 0.5578125 0.09765625 0.09765625
3 0.24375 0.2875 0.0859375 0.0859375
1 0.2453125 0.4 0.09765625 0.09765625
1 0.240625 0.50546875 0.11015625 0.11015625
1 0.24140625 0.61484375 0.09765625 0.0984375
1 0.15546875 0.2234375 0.11015625 0.1109375
1 0.15390625 0.33671875 0.11015625 0.1109375
1 0.153125 0.44921875 0.09765625 0.09765625
1 0.1578125 0.6703125 0.0734375 0.0734375
1 0.05625 0.17578125 0.11015625 0.1109375
1 0.05546875 0.2796875 0.109375 0.1109375
1 0.0546875 0.50859375 0.09765625 0.0984375
1 0.05859375 0.6125 0.09765625 0.0984375
1 0.06171875 0.8875 0.08515625 0.0859375
2 0.1546875 0.834375 0.0609375 0.06171875
1 0.15703125 0.94375 0.09765625 0.0984375
1 0.24609375 0.890625 0.0859375 0.0859375
2 0.34453125 0.8421875 0.0359375 0.0375
1 0.34453125 0.940625 0.09765625 0.09765625
1 0.43984375 0.89921875 0.08515625 0.0859375
2 0.53984375 0.84609375 0.0609375 0.06171875
1 0.53203125 0.94453125 0.0859375 0.0859375
1 0.62890625 0.89453125 0.0859375 0.0859375
2 0.72578125 0.853125 0.06171875 0.06171875
1 0.72265625 0.946875 0.09765625 0.0984375
1 0.8203125 0.89609375 0.09765625 0.0984375
2 0.91015625 0.86328125 0.0484375 0.0484375
1 0.90703125 0.9484375 0.09765625 0.0984375