1 0.87890625 0.8015625 0.09765625 0.0984375
1 0.88828125 0.69296875 0.11015625 0.11015625
1 0.78984375 0.7359375 0.109375 0.11015625
1 0.70234375 0.68359375 0.0859375 0.0859375
1 0.69140625 0.78828125 0.0859375 0.0859375
1 0.6953125 0.91328125 0.0859375 0.0859375
1 0.78984375 0.84765625 0.08515625 0.0859375
1 0.88359375 0.91796875 0.0859375 0.0859375
1 0.60234375 0.634375 0.09765625 0.0984375
1 0.60625 0.75 0.0859375 0.0859375
1 0.6046875 0.8578125 0.09765625 0.0984375
1 0.51171875 0.69921875 0.09765625 0.09765625
1 0.5125 0.8015625 0.09765625 0.09765625
1 0.51328125 0.9125 0.08515625 0.0859375
1 0.425 0.65 0.11015625 0.11015625
1 0.41875 0.7640625 0.09765625 0.0984375
1 0.41484375 0.8734375 0.09765625 0.0984375
1 0.32109375 0.61328125 0.08515625 0.0859375
1 0.31796875 0.71953125 0.08515625 0.0859375
1 0.32109375 0.81640625 0.08515625 0.0859375
1 0.31796875 0.93046875 0.08515625 0.0859375
1 0.234375 0.878125 0.09765625 0.0984375
3 0.2296875 0.7703125 0.08515625 0.0859375
1 0.22890625 0.6578125 0.08515625 0.0859375
1 0.134375 0.6 0.0859375 0.0859375
1 0.1359375 0.7125 0.0859375 0.0859375
1 0.13125 0.821875 0.09765625 0.09765625
1 0.140625 0.9390625 0.109375 0.1109375
1 0.05 0.6453125 0.09765625 0.0984375
1 0.05 0.45234375 0.09765625 0.0984375
1 0.13671875 0.05078125 0.0859375 0.0859375
1 0.1375 0.17109375 0.09765625 0.0984375
1 0.13359375 0.278125 0.0859375 0.0859375
1 0.13203125 0.3828125 0.08515625 0.0859375
1 0.1390625 0.4890625 0.09765625 0.09765625
1 0.2296875 0.5453125 0.09765625 0.0984375
1 0.228125 0.4390625 0.08515625 0.0859375
1 0.23359375 0.32109375 0.0859375 0.0859375
1 0.22734375 0.2171875 0.08515625 0.08671875
1 0.23046875 0.10703125 0.09765625 0.0984375
1 0.328125 0.15 0.09765625 0.0984375
1 0.3265625 0.27265625 0.0859375 0.0859375
1 0.32734375 0.38203125 0.09765625 0.0984375
1 0.325 0.48359375 0.09765625 0.0984375
1 0.41875 0.09765625 0.08515625 0.0859375
1 0.415625 0.20703125 0.09765625 0.09765625
1 0.42578125 0.32265625 0.09765625 0.0984375
1 0.41875 0.43515625 0.09765625 0.0984375
1 0.42265625 0.54140625 0.09765625 0.0984375
1 0.51484375 0.58359375 0.09765625 0.0984375
1 0.521875 0.47265625 0.09765625 0.09765625
1 0.5140625 0.36484375 0.09765625 0.0984375
1 0.51640625 0.25390625 0.09765625 0.09765625
1 0.515625 0.14140625 0.09765625 0.0984375
1 0.609375 0.0796875 0.09765625 0.0984375
1 0.60859375 0.19453125 0.09765625 0.09765625
1 0.6046875 0.31015625 0.09765625 0.0984375
1 0.6078125 0.41484375 0.08515625 0.0859375
1 0.6078125 0.5171875 0.09765625 0.0984375
1 0.70390625 0.56796875 0.11015625 0.11015625
1 0.70234375 0.459375 0.109375 0.11015625
1 0.696875 0.35234375 0.109375 0.11015625
1 0.70390625 0.25078125 0.11015625 0.11015625
1 0.70234375 0.1375 0.11015625 0.11015625
1 0.80078125 0.0765625 0.109375 0.1109375
1 0.79296875 0.18828125 0.109375 0.11015625
1 0.7953125 0.29296875 0.08515625 0.0859375
1 0.79765625 0.3828125 0.0859375 0.0859375
1 0.79296875 0.51640625 0.09765625 0.0984375
1 0.89375 0.58125 0.109375 0.1109375
1 0.79375 0.628125 0.0859375 0.0859375
1 0.88984375 0.45625 0.0859375 0.0859375
1 0.88984375 0.3640625 0.09765625 0.0984375
1 0.8890625 0.24296875 0.09765625 0.0984375
1 0.89375 0.1390625 0.08515625 0.0859375