2 0.08046875 0.19140625 0.0734375 0.07421875
2 0.0890625 0.63125 0.0734375 0.0734375
2 0.1625 0.78203125 0.0734375 0.07421875
2 0.27578125 0.06171875 0.0734375 0.07421875
1 0.83203125 0.9390625 0.09765625 0.0984375
1 0.7359375 0.90546875 0.09765625 0.09765625
1 0.54765625 0.90078125 0.11015625 0.11015625
1 0.3625 0.90625 0.0859375 0.0859375
1 0.2640625 0.95546875 0.08515625 0.08671875
1 0.1625 0.89921875 0.0859375 0.0859375
3 0.08125 0.9578125 0.0734375 0.07421875
3 0.08671875 0.834375 0.0734375 0.07421875
3 0.08125 0.72578125 0.0734375 0.0734375
3 0.17734375 0.68828125 0.0734375 0.07421875
3 0.17734375 0.56875 0.0734375 0.0734375
1 0.92578125 0.11171875 0.09765625 0.0984375
1 0.9296875 0.22734375 0.0859375 0.0859375
1 0.928125 0.33515625 0.09765625 0.0984375
1 0.925 0.44453125 0.08515625 0.0859375
1 0.9234375 0.56171875 0.09765625 0.0984375
1 0.925 0.675 0.09765625 0.0984375
1 0.83515625 0.1765625 0.09765625 0.09765625
1 0.8359375 0.2796875 0.09765625 0.09765625
1 0.83671875 0.38984375 0.08515625 0.0859375
1 0.8359375 0.50703125 0.09765625 0.0984375
1 0.83203125 0.6203125 0.0859375 0.0859375
1 0.82890625 0.7296875 0.09765625 0.09765625
1 0.82421875 0.828125 0.0859375 0.0859375
1 0.7484375 0.12734375 0.11015625 0.11015625
1 0.7421875 0.24140625 0.09765625 0.0984375
1 0.73828125 0.35078125 0.09765625 0.0984375
1 0.73828125 0.4640625 0.09765625 0.0984375
1 0.740625 0.57734375 0.09765625 0.09765625
1 0.740625 0.675 0.109375 0.1109375
1 0.73515625 0.78671875 0.11015625 0.11015625
1 0.64375 0.090625 0.08515625 0.0859375
1 0.64140625 0.196875 0.08515625 0.0859375
1 0.64375 0.29375 0.08515625 0.0859375
1 0.64140625 0.4078125 0.08515625 0.0859375
1 0.64375 0.52265625 0.09765625 0.09765625
1 0.64140625 0.646875 0.08515625 0.0859375
1 0.64609375 0.74921875 0.08515625 0.0859375
1 0.5515625 0.79453125 0.09765625 0.0984375
1 0.54609375 0.6875 0.11015625 0.1109375
1 0.553125 0.57734375 0.09765625 0.09765625
1 0.55859375 0.46171875 0.109375 0.11015625
1 0.5578125 0.35625 0.09765625 0.0984375
3 0.553125 0.2484375 0.08515625 0.0859375
1 0.55234375 0.1359375 0.08515625 0.0859375
1 0.4578125 0.07734375 0.0859375 0.0859375
1 0.459375 0.190625 0.0859375 0.0859375
1 0.45390625 0.3 0.09765625 0.09765625
1 0.4640625 0.4171875 0.109375 0.1109375
1 0.459375 0.51328125 0.09765625 0.0984375
1 0.465625 0.634375 0.11015625 0.11015625
1 0.46015625 0.73671875 0.109375 0.11015625
1 0.36640625 0.78828125 0.11015625 0.11015625
1 0.46015625 0.85234375 0.0859375 0.0859375
1 0.371875 0.6953125 0.109375 0.1109375
1 0.359375 0.571875 0.109375 0.11015625
1 0.359375 0.459375 0.109375 0.11015625
1 0.36328125 0.34921875 0.109375 0.11015625
1 0.3671875 0.2453125 0.109375 0.1109375
1 0.3734375 0.12265625 0.09765625 0.0984375
1 0.278125 0.175 0.0859375 0.0859375
1 0.27421875 0.4 0.09765625 0.0984375
1 0.2703125 0.2828125 0.0859375 0.08671875
1 0.17734375 0.3484375 0.08515625 0.0859375
1 0.175 0.24609375 0.0859375 0.0859375
1 0.2671875 0.6140625 0.0859375 0.0859375
1 0.27265625 0.734375 0.0859375 0.0859375
1 0.2703125 0.51484375 0.08515625 0.0859375
1 0.27109375 0.840625 0.08515625 0.0859375
1 0.171875 0.12265625 0.09765625 0.0984375
1 0.0875 0.08984375 0.09765625 0.09765625
1 0.08203125 0.30078125 0.09765625 0.09765625
1 0.0828125 0.40390625 0.09765625 0.0984375
1 0.0890625 0.52421875 0.08515625 0.0859375
1 0.17421875 0.45703125 0.08515625 0.0859375
1 0.8375 0.0609375 0.09765625 0.0984375
1 0.65 0.86015625 0.11015625 0.11015625