2 0.16171875 0.0734375 0.0734375 0.0734375
1 0.0671875 0.1375 0.0859375 0.0859375
1 0.07109375 0.24375 0.09765625 0.09765625
1 0.0609375 0.34921875 0.09765625 0.0984375
1 0.0640625 0.45859375 0.109375 0.11015625
1 0.0609375 0.57109375 0.109375 0.11015625
1 0.05546875 0.68515625 0.09765625 0.0984375
1 0.0609375 0.79140625 0.09765625 0.0984375
1 0.15078125 0.8546875 0.08515625 0.0859375
1 0.15625 0.72578125 0.0859375 0.0859375
1 0.15625 0.615625 0.0859375 0.0859375
1 0.1609375 0.196875 0.11015625 0.1109375
1 0.15625 0.290625 0.09765625 0.09765625
1 0.1578125 0.409375 0.09765625 0.09765625
1 0.15625 0.509375 0.09765625 0.0984375
1 0.24921875 0.7921875 0.0859375 0.0859375
1 0.265625 0.68125 0.09765625 0.0984375
1 0.259375 0.57109375 0.109375 0.11015625
1 0.25703125 0.4625 0.08515625 0.0859375
1 0.2625 0.3546875 0.0859375 0.0859375
1 0.2671875 0.2484375 0.109375 0.1109375
1 0.26796875 0.146875 0.11015625 0.11015625
1 0.3515625 0.08515625 0.09765625 0.0984375
1 0.34921875 0.196875 0.08515625 0.0859375
1 0.353125 0.3015625 0.08515625 0.0859375
1 0.346875 0.42265625 0.09765625 0.0984375
1 0.3515625 0.5171875 0.09765625 0.09765625
1 0.3453125 0.6296875 0.09765625 0.0984375
1 0.33828125 0.73984375 0.11015625 0.11015625
1 0.33671875 0.853125 0.09765625 0.0984375
1 0.4375 0.7859375 0.09765625 0.0984375
1 0.446875 0.68828125 0.09765625 0.0984375
1 0.44453125 0.57109375 0.109375 0.11015625
1 0.4421875 0.471875 0.08515625 0.0859375
1 0.44375 0.35078125 0.09765625 0.0984375
1 0.44453125 0.23828125 0.08515625 0.0859375
1 0.446875 0.13515625 0.09765625 0.0984375
1 0.54609375 0.084375 0.109375 0.11015625
1 0.5328125 0.190625 0.11015625 0.11015625
1 0.53359375 0.29375 0.11015625 0.1109375
1 0.53984375 0.403125 0.109375 0.1109375
1 0.5390625 0.51875 0.09765625 0.0984375
1 0.5359375 0.63203125 0.09765625 0.0984375
1 0.5296875 0.7359375 0.09765625 0.09765625
1 0.5328125 0.83671875 0.109375 0.11015625
1 0.63203125 0.79375 0.09765625 0.0984375
1 0.63203125 0.6828125 0.109375 0.11015625
1 0.63046875 0.58125 0.11015625 0.11015625
1 0.63203125 0.146875 0.11015625 0.11015625
1 0.634375 0.2484375 0.109375 0.11015625
1 0.63359375 0.365625 0.09765625 0.0984375
1 0.6328125 0.4671875 0.09765625 0.0984375
1 0.72265625 0.1109375 0.109375 0.11015625
1 0.72421875 0.2015625 0.11015625 0.11015625
1 0.72734375 0.30625 0.09765625 0.0984375
1 0.725 0.403125 0.09765625 0.09765625
1 0.725 0.52265625 0.09765625 0.0984375
1 0.73046875 0.628125 0.09765625 0.0984375
1 0.7296875 0.75078125 0.09765625 0.0984375
1 0.72578125 0.85078125 0.08515625 0.0859375
1 0.8203125 0.8015625 0.09765625 0.0984375
1 0.81796875 0.6859375 0.11015625 0.11015625
1 0.8234375 0.57890625 0.109375 0.1109375
1 0.82734375 0.46796875 0.09765625 0.0984375
1 0.82734375 0.365625 0.109375 0.11015625
1 0.8234375 0.24921875 0.0859375 0.0859375
1 0.82109375 0.14375 0.08515625 0.0859375
1 0.92578125 0.0953125 0.0859375 0.0859375
1 0.91875 0.196875 0.09765625 0.0984375
1 0.91796875 0.30859375 0.09765625 0.09765625
1 0.915625 0.415625 0.09765625 0.0984375
1 0.9234375 0.52890625 0.109375 0.11015625
1 0.9109375 0.63984375 0.09765625 0.0984375
1 0.91484375 0.75234375 0.09765625 0.0984375
1 0.915625 0.8578125 0.09765625 0.0984375
1 0.8140625 0.9109375 0.09765625 0.0984375
1 0.63203125 0.909375 0.09765625 0.09765625
1 0.43828125 0.8796875 0.09765625 0.09765625
1 0.25078125 0.90390625 0.09765625 0.0984375
1 0.05625 0.90625 0.0859375 0.0859375