2 0.215625 0.05625 0.08515625 0.0859375
2 0.21171875 0.17265625 0.0859375 0.0859375
1 0.1171875 0.1109375 0.0859375 0.0859375
1 0.11796875 0.22265625 0.09765625 0.09765625
1 0.121875 0.33125 0.09765625 0.0984375
1 0.115625 0.43984375 0.09765625 0.0984375
1 0.1140625 0.5546875 0.0859375 0.0859375
1 0.11796875 0.6640625 0.08515625 0.0859375
1 0.21171875 0.271875 0.08515625 0.0859375
1 0.21171875 0.38359375 0.08515625 0.0859375
1 0.21171875 0.49765625 0.09765625 0.0984375
1 0.2140625 0.609375 0.0859375 0.0859375
1 0.21015625 0.7203125 0.0859375 0.0859375
1 0.2109375 0.828125 0.0859375 0.0859375
1 0.20703125 0.93671875 0.09765625 0.09765625
1 0.11484375 0.77265625 0.08515625 0.0859375
1 0.1140625 0.88984375 0.09765625 0.09765625