1 0.8796875 0.925 0.09765625 0.0984375
1 0.79296875 0.86875 0.09765625 0.09765625
1 0.60625 0.86875 0.09765625 0.0984375
1 0.5109375 0.83515625 0.09765625 0.09765625
1 0.515625 0.9265625 0.09765625 0.0984375
1 0.4171875 0.88203125 0.11015625 0.1109375
1 0.321875 0.83046875 0.11015625 0.11015625
1 0.32578125 0.93984375 0.11015625 0.11015625
1 0.22734375 0.896875 0.109375 0.11015625
1 0.13671875 0.8359375 0.0859375 0.0859375
1 0.8875 0.14296875 0.109375 0.11015625
1 0.8 0.090625 0.0859375 0.0859375
1 0.7890625 0.1953125 0.0859375 0.0859375
1 0.79296875 0.3203125 0.0859375 0.0859375
1 0.7859375 0.4203125 0.0859375 0.0859375
1 0.7921875 0.5515625 0.08515625 0.0859375
1 0.9 0.56875 0.08515625 0.0859375
1 0.89609375 0.48515625 0.08515625 0.0859375
1 0.8859375 0.36875 0.0859375 0.0859375
1 0.8875 0.2546875 0.08515625 0.0859375
1 0.88515625 0.825 0.11015625 0.11015625
1 0.790625 0.75703125 0.09765625 0.09765625
1 0.70390625 0.15703125 0.0859375 0.0859375
1 0.70234375 0.26484375 0.09765625 0.0984375
1 0.7 0.37421875 0.08515625 0.0859375
1 0.6984375 0.49140625 0.09765625 0.0984375
1 0.69921875 0.6046875 0.09765625 0.0984375
1 0.609375 0.10625 0.09765625 0.09765625
1 0.61015625 0.209375 0.09765625 0.09765625
1 0.6109375 0.31953125 0.08515625 0.0859375
1 0.61015625 0.43671875 0.09765625 0.0984375
1 0.60625 0.55 0.0859375 0.0859375
1 0.603125 0.659375 0.09765625 0.09765625
1 0.5984375 0.7578125 0.0859375 0.0859375
1 0.52265625 0.05703125 0.11015625 0.11015625
1 0.51640625 0.17109375 0.09765625 0.0984375
1 0.5125 0.28046875 0.09765625 0.0984375
1 0.5125 0.39375 0.09765625 0.0984375
1 0.51484375 0.50703125 0.09765625 0.09765625
1 0.51484375 0.6046875 0.109375 0.1109375
1 0.509375 0.71640625 0.11015625 0.11015625
1 0.415625 0.1265625 0.08515625 0.0859375
1 0.41875 0.2234375 0.08515625 0.0859375
1 0.415625 0.3375 0.08515625 0.0859375
1 0.41796875 0.45234375 0.09765625 0.09765625
1 0.415625 0.5765625 0.08515625 0.0859375
1 0.4203125 0.67890625 0.08515625 0.0859375
1 0.3265625 0.72421875 0.09765625 0.0984375
1 0.32109375 0.6171875 0.11015625 0.1109375
1 0.32734375 0.50703125 0.09765625 0.09765625
1 0.3328125 0.39140625 0.109375 0.11015625
1 0.33203125 0.2859375 0.09765625 0.0984375
3 0.32734375 0.178125 0.08515625 0.0859375
1 0.3265625 0.065625 0.08515625 0.0859375
1 0.23359375 0.1203125 0.0859375 0.0859375
1 0.228125 0.2296875 0.09765625 0.09765625
1 0.23828125 0.346875 0.109375 0.1109375
1 0.23359375 0.44296875 0.09765625 0.0984375
1 0.23984375 0.5640625 0.11015625 0.11015625
1 0.234375 0.66640625 0.109375 0.11015625
1 0.14140625 0.71796875 0.11015625 0.11015625
1 0.234375 0.78203125 0.0859375 0.0859375
1 0.146875 0.625 0.109375 0.1109375
1 0.13359375 0.5015625 0.109375 0.11015625
1 0.13359375 0.3890625 0.109375 0.11015625
1 0.1375 0.27890625 0.109375 0.11015625
1 0.14140625 0.175 0.109375 0.1109375
1 0.14765625 0.05234375 0.09765625 0.0984375
1 0.053125 0.1046875 0.0859375 0.0859375
1 0.0453125 0.2125 0.0859375 0.08671875
1 0.046875 0.6640625 0.0859375 0.0859375
1 0.04453125 0.44453125 0.08515625 0.0859375
1 0.0453125 0.7703125 0.08515625 0.0859375
1 0.42421875 0.78984375 0.11015625 0.11015625