2 0.15703125 0.33125 0.0734375 0.07421875
2 0.05390625 0.37421875 0.0734375 0.0734375
1 0.9359375 0.12578125 0.109375 0.11015625
1 0.9421875 0.23671875 0.109375 0.11015625
1 0.83984375 0.06171875 0.09765625 0.0984375
1 0.8359375 0.1734375 0.0859375 0.0859375
1 0.840625 0.28828125 0.0859375 0.0859375
1 0.740625 0.1171875 0.0859375 0.0859375
1 0.746875 0.23203125 0.08515625 0.08671875
1 0.64921875 0.06171875 0.09765625 0.0984375
1 0.64921875 0.1734375 0.08515625 0.08671875
1 0.55625 0.11796875 0.09765625 0.0984375
1 0.5578125 0.228125 0.09765625 0.0984375
1 0.46015625 0.06875 0.09765625 0.0984375
1 0.4640625 0.1734375 0.109375 0.11015625
1 0.365625 0.11875 0.09765625 0.0984375
1 0.3640625 0.2296875 0.08515625 0.0859375
1 0.275 0.059375 0.11015625 0.11015625
1 0.271875 0.1640625 0.09765625 0.09765625
1 0.271875 0.2828125 0.09765625 0.09765625
1 0.46171875 0.2828125 0.08515625 0.0859375
1 0.1453125 0.1203125 0.09765625 0.09765625
1 0.14921875 0.23125 0.09765625 0.09765625
1 0.05 0.25546875 0.09765625 0.0984375
1 0.0671875 0.51875 0.09765625 0.0984375
1 0.065625 0.6140625 0.09765625 0.0984375
1 0.078125 0.73203125 0.109375 0.11015625
1 0.15546875 0.459375 0.09765625 0.0984375
1 0.16171875 0.55859375 0.08515625 0.0859375
1 0.15859375 0.66953125 0.08515625 0.08671875
1 0.1625 0.7703125 0.09765625 0.0984375
1 0.2765625 0.3890625 0.09765625 0.09765625
1 0.26875 0.49921875 0.09765625 0.0984375
1 0.27265625 0.60703125 0.109375 0.11015625
1 0.27265625 0.725 0.11015625 0.11015625
1 0.26796875 0.84140625 0.11015625 0.11015625
1 0.36640625 0.3375 0.09765625 0.09765625
1 0.36484375 0.4515625 0.11015625 0.1109375
1 0.36328125 0.55546875 0.109375 0.11015625
1 0.36328125 0.66640625 0.09765625 0.0984375
1 0.36015625 0.78046875 0.109375 0.11015625
1 0.4625 0.3984375 0.11015625 0.1109375
1 0.4578125 0.5078125 0.09765625 0.09765625
1 0.4578125 0.61875 0.09765625 0.09765625
1 0.45625 0.7265625 0.08515625 0.0859375
1 0.45703125 0.83984375 0.0859375 0.0859375
1 0.55390625 0.34296875 0.0859375 0.0859375
1 0.553125 0.4546875 0.09765625 0.09765625
1 0.55703125 0.5640625 0.11015625 0.1109375
1 0.54921875 0.675 0.11015625 0.1109375
1 0.55546875 0.78046875 0.11015625 0.11015625
1 0.646875 0.2859375 0.08515625 0.0859375
2 0.64921875 0.3953125 0.0859375 0.0859375
1 0.646875 0.50703125 0.0859375 0.0859375
1 0.65234375 0.60859375 0.109375 0.1109375
1 0.64921875 0.71796875 0.109375 0.1109375
1 0.6453125 0.84140625 0.11015625 0.11015625
1 0.74140625 0.3421875 0.11015625 0.11015625
1 0.74296875 0.45546875 0.11015625 0.11015625
1 0.75078125 0.559375 0.109375 0.11015625
1 0.7453125 0.66953125 0.109375 0.11015625
1 0.74375 0.784375 0.109375 0.1109375
1 0.84296875 0.38984375 0.11015625 0.11015625
1 0.84140625 0.50546875 0.11015625 0.11015625
1 0.8359375 0.6140625 0.09765625 0.0984375
1 0.83828125 0.7234375 0.08515625 0.0859375
1 0.8390625 0.83671875 0.09765625 0.09765625
1 0.9375 0.34921875 0.109375 0.11015625
1 0.9390625 0.4484375 0.109375 0.11015625
1 0.9296875 0.5609375 0.09765625 0.0984375
1 0.93515625 0.6734375 0.11015625 0.11015625
1 0.92734375 0.7796875 0.11015625 0.11015625
1 0.93203125 0.89609375 0.11015625 0.11015625
1 0.74140625 0.89375 0.109375 0.1109375
2 0.553125 0.89921875 0.06171875 0.06171875
1 0.3625 0.89140625 0.109375 0.11015625
1 0.26640625 0.94296875 0.11015625 0.11015625
1 0.16796875 0.8765625 0.09765625 0.0984375
1 0.075 0.83359375 0.109375 0.11015625
1 0.0734375 0.93359375 0.09765625 0.09765625