2 0.22890625 0.2109375 0.0734375 0.07421875
2 0.3171875 0.1515625 0.0734375 0.07421875
2 0.040625 0.715625 0.0734375 0.0734375
2 0.61953125 0.59921875 0.0734375 0.0734375
2 0.525 0.55625 0.0734375 0.07421875
1 0.8984375 0.15859375 0.09765625 0.0984375
1 0.8984375 0.26484375 0.09765625 0.0984375
2 0.90078125 0.37734375 0.0734375 0.0734375
1 0.8 0.0921875 0.09765625 0.0984375
1 0.8015625 0.215625 0.09765625 0.0984375
1 0.8015625 0.325 0.09765625 0.0984375
1 0.70390625 0.14921875 0.09765625 0.0984375
1 0.7046875 0.26796875 0.09765625 0.0984375
2 0.709375 0.3703125 0.0734375 0.07421875
1 0.61328125 0.09921875 0.09765625 0.0984375
1 0.6125 0.21328125 0.09765625 0.0984375
1 0.6125 0.31875 0.0859375 0.0859375
1 0.5125 0.15546875 0.09765625 0.0984375
1 0.51875 0.259375 0.08515625 0.0859375
1 0.515625 0.3671875 0.09765625 0.09765625
1 0.415625 0.09453125 0.08515625 0.0859375
1 0.4171875 0.20390625 0.08515625 0.0859375
1 0.4234375 0.31875 0.09765625 0.09765625
1 0.32265625 0.0453125 0.08515625 0.0859375
1 0.3234375 0.2578125 0.0734375 0.07421875
2 0.31953125 0.36171875 0.0609375 0.06171875
1 0.23515625 0.09453125 0.0859375 0.0859375
1 0.140625 0.13671875 0.09765625 0.09765625
3 0.2296875 0.29765625 0.0734375 0.07421875
1 0.13671875 0.2515625 0.09765625 0.09765625
2 0.13046875 0.3453125 0.0734375 0.07421875
2 0.0421875 0.30546875 0.0734375 0.0734375
1 0.13671875 0.5484375 0.09765625 0.0984375
1 0.1390625 0.65546875 0.121875 0.1234375
1 0.14140625 0.76796875 0.109375 0.11015625
1 0.12890625 0.88125 0.109375 0.11015625
1 0.2328125 0.5203125 0.08515625 0.0859375
1 0.23359375 0.603125 0.09765625 0.09765625
1 0.23203125 0.7234375 0.121875 0.1234375
1 0.23828125 0.81953125 0.109375 0.11015625
1 0.24296875 0.9359375 0.109375 0.11015625
1 0.325 0.54609375 0.08515625 0.0859375
1 0.3265625 0.6578125 0.121875 0.1234375
1 0.3390625 0.871875 0.0859375 0.0859375
1 0.41875 0.609375 0.09765625 0.09765625
1 0.42734375 0.715625 0.121875 0.1234375
1 0.42734375 0.825 0.11015625 0.1109375
1 0.425 0.92734375 0.11015625 0.11015625
1 0.51484375 0.6515625 0.109375 0.11015625
1 0.51953125 0.76484375 0.109375 0.1109375
1 0.51875 0.8765625 0.121875 0.1234375
1 0.61484375 0.709375 0.11015625 0.11015625
1 0.61796875 0.8203125 0.121875 0.1234375
1 0.61640625 0.9328125 0.121875 0.1234375
2 0.7125 0.5484375 0.06171875 0.06171875
1 0.7109375 0.6546875 0.09765625 0.0984375
1 0.71015625 0.7671875 0.09765625 0.0984375
1 0.7171875 0.86015625 0.09765625 0.09765625
1 0.8109375 0.596875 0.09765625 0.0984375
1 0.8046875 0.715625 0.09765625 0.0984375
1 0.80390625 0.81171875 0.121875 0.1234375
1 0.803125 0.928125 0.121875 0.1234375
2 0.90703125 0.54609375 0.0609375 0.06171875
1 0.89921875 0.653125 0.09765625 0.0984375
1 0.89921875 0.7625 0.09765625 0.0984375
1 0.9015625 0.87890625 0.121875 0.1234375