1 0.88203125 0.86875 0.109375 0.11015625
1 0.86640625 0.75546875 0.09765625 0.0984375
1 0.8609375 0.659375 0.0859375 0.0859375
1 0.8703125 0.5484375 0.08515625 0.0859375
1 0.87421875 0.43828125 0.11015625 0.11015625
1 0.78046875 0.38984375 0.109375 0.1109375
1 0.7828125 0.49921875 0.09765625 0.09765625
1 0.771875 0.60859375 0.09765625 0.09765625
1 0.77265625 0.7125 0.09765625 0.0984375
1 0.77421875 0.82265625 0.09765625 0.0984375
1 0.76640625 0.9234375 0.09765625 0.0984375
1 0.67109375 0.86875 0.09765625 0.0984375
1 0.678125 0.7640625 0.09765625 0.0984375
1 0.684375 0.66015625 0.09765625 0.09765625
1 0.68125 0.546875 0.09765625 0.09765625
1 0.684375 0.44453125 0.09765625 0.09765625
1 0.68359375 0.33359375 0.09765625 0.0984375
1 0.5890625 0.38984375 0.09765625 0.0984375
1 0.58203125 0.4984375 0.109375 0.1109375
1 0.58671875 0.6046875 0.09765625 0.0984375
1 0.58046875 0.70390625 0.11015625 0.11015625
1 0.5796875 0.81953125 0.09765625 0.09765625
1 0.57890625 0.9265625 0.09765625 0.0984375
1 0.490625 0.846875 0.09765625 0.09765625
1 0.4859375 0.75859375 0.09765625 0.0984375
1 0.49140625 0.6421875 0.11015625 0.11015625
1 0.4984375 0.540625 0.109375 0.1109375
3 0.4953125 0.4328125 0.11015625 0.11015625
1 0.49921875 0.321875 0.11015625 0.1109375
1 0.4 0.384375 0.11015625 0.1109375
1 0.39609375 0.4953125 0.11015625 0.11015625
1 0.4 0.5890625 0.11015625 0.1109375
1 0.39296875 0.7046875 0.11015625 0.11015625
1 0.3078125 0.7640625 0.109375 0.11015625
1 0.3015625 0.64765625 0.11015625 0.1109375
1 0.3015625 0.54453125 0.109375 0.11015625
1 0.3078125 0.434375 0.11015625 0.11015625
1 0.30546875 0.3375 0.109375 0.11015625
1 0.2140625 0.37421875 0.109375 0.1109375
1 0.21015625 0.48125 0.09765625 0.0984375
1 0.209375 0.5890625 0.09765625 0.09765625
1 0.20859375 0.7015625 0.11015625 0.11015625
1 0.21015625 0.81875 0.09765625 0.0984375
1 0.20625 0.92734375 0.09765625 0.0984375
1 0.29609375 0.86484375 0.109375 0.11015625
1 0.115625 0.853125 0.09765625 0.0984375
1 0.1140625 0.75390625 0.09765625 0.09765625
1 0.109375 0.65 0.09765625 0.0984375
1 0.11015625 0.540625 0.109375 0.11015625
1 0.1140625 0.4234375 0.09765625 0.0984375
1 0.11953125 0.31796875 0.11015625 0.11015625
1 0.878125 0.0890625 0.11015625 0.11015625
1 0.7890625 0.053125 0.09765625 0.0984375
1 0.690625 0.1046875 0.08515625 0.08671875
1 0.6015625 0.07109375 0.09765625 0.0984375
1 0.4984375 0.1140625 0.09765625 0.0984375
1 0.4015625 0.0640625 0.109375 0.1109375
1 0.30859375 0.12109375 0.0859375 0.0859375
1 0.2203125 0.06015625 0.109375 0.11015625
1 0.11953125 0.12109375 0.08515625 0.0859375