2 0.08359375 0.8078125 0.0734375 0.0734375
1 0.92109375 0.87734375 0.09765625 0.0984375
1 0.934375 0.415625 0.11015625 0.1109375
1 0.92578125 0.51640625 0.109375 0.11015625
1 0.92578125 0.6609375 0.109375 0.11015625
1 0.921875 0.75078125 0.09765625 0.0984375
1 0.81640625 0.47421875 0.109375 0.11015625
1 0.825 0.70234375 0.09765625 0.09765625
1 0.8265625 0.80859375 0.09765625 0.09765625
1 0.8265625 0.921875 0.09765625 0.09765625
1 0.72734375 0.43125 0.09765625 0.0984375
2 0.6625 0.665625 0.0484375 0.05
1 0.72734375 0.525 0.11015625 0.11015625
1 0.73046875 0.8828125 0.09765625 0.09765625
1 0.634375 0.9171875 0.109375 0.11015625
1 0.546875 0.85390625 0.09765625 0.0984375
0 0.4484375 0.93125 0.08515625 0.0859375
1 0.453125 0.465625 0.0859375 0.0859375
1 0.4546875 0.5625 0.09765625 0.09765625
1 0.353125 0.4203125 0.109375 0.11015625
1 0.44609375 0.809375 0.09765625 0.09765625
1 0.353125 0.765625 0.08515625 0.0859375
1 0.34765625 0.8734375 0.09765625 0.0984375
1 0.2625 0.915625 0.109375 0.1109375
1 0.25390625 0.81484375 0.109375 0.11015625
1 0.2640625 0.68984375 0.11015625 0.11015625
1 0.25703125 0.48515625 0.09765625 0.09765625
1 0.16875 0.4203125 0.109375 0.11015625
1 0.1609375 0.7609375 0.11015625 0.11015625
1 0.17109375 0.87421875 0.0859375 0.0859375
1 0.071875 0.47734375 0.11015625 0.1109375
1 0.078125 0.68671875 0.0859375 0.0859375
1 0.07890625 0.9328125 0.09765625 0.09765625
1 0.9359375 0.1046875 0.109375 0.11015625
1 0.9390625 0.21640625 0.109375 0.11015625
1 0.925 0.3234375 0.11015625 0.1109375
1 0.82421875 0.36640625 0.109375 0.1109375
1 0.82578125 0.2609375 0.11015625 0.1109375
1 0.82578125 0.14453125 0.08515625 0.0859375
1 0.64921875 0.0484375 0.08515625 0.0859375
1 0.54765625 0.40234375 0.0859375 0.0859375
1 0.45078125 0.35859375 0.11015625 0.11015625
1 0.4546875 0.25390625 0.09765625 0.09765625
1 0.459375 0.16015625 0.09765625 0.09765625
1 0.6484375 0.15 0.09765625 0.0984375
1 0.54296875 0.209375 0.09765625 0.0984375
1 0.5453125 0.3125 0.08515625 0.0859375
1 0.459375 0.059375 0.0859375 0.0859375
1 0.540625 0.096875 0.08515625 0.0859375
1 0.35390625 0.1015625 0.11015625 0.1109375
1 0.3578125 0.196875 0.11015625 0.11015625
1 0.3640625 0.32109375 0.109375 0.1109375
1 0.2671875 0.2609375 0.109375 0.11015625
1 0.2671875 0.1546875 0.109375 0.11015625
1 0.16875 0.1046875 0.09765625 0.0984375
1 0.16796875 0.2078125 0.09765625 0.09765625
1 0.0765625 0.23046875 0.0859375 0.0859375
1 0.0734375 0.1234375 0.08515625 0.0859375
1 0.071875 0.3796875 0.09765625 0.0984375
1 0.74609375 0.3140625 0.09765625 0.0984375