1 0.43828125 0.728125 0.109375 0.11015625
2 0.61875 0.828125 0.0734375 0.07421875
1 0.15234375 0.115625 0.109375 0.1109375
1 0.24296875 0.05703125 0.11015625 0.11015625
1 0.24609375 0.1671875 0.09765625 0.09765625
1 0.91015625 0.09609375 0.09765625 0.0984375
2 0.915625 0.42890625 0.02421875 0.02421875
2 0.915625 0.53984375 0.02421875 0.02421875
2 0.91171875 0.6546875 0.02421875 0.02421875
1 0.91796875 0.2046875 0.09765625 0.0984375
1 0.915625 0.31015625 0.09765625 0.0984375
2 0.9078125 0.7640625 0.02421875 0.02421875
2 0.9109375 0.84609375 0.02421875 0.02421875
1 0.625 0.3953125 0.09765625 0.0984375
1 0.62890625 0.4984375 0.109375 0.11015625
1 0.6203125 0.609375 0.09765625 0.09765625
1 0.625 0.7203125 0.09765625 0.09765625
3 0.52734375 0.45 0.0859375 0.0859375
1 0.528125 0.56328125 0.09765625 0.09765625
1 0.52421875 0.66875 0.11015625 0.11015625
1 0.52421875 0.778125 0.09765625 0.0984375
1 0.4390625 0.38671875 0.11015625 0.1109375
1 0.43671875 0.5 0.11015625 0.1109375
1 0.43671875 0.6125 0.09765625 0.09765625
1 0.440625 0.83359375 0.0734375 0.0734375
1 0.3390625 0.3390625 0.11015625 0.1109375
1 0.3390625 0.4421875 0.109375 0.1109375
1 0.3359375 0.5640625 0.109375 0.11015625
1 0.3375 0.67109375 0.09765625 0.0984375
1 0.3421875 0.77578125 0.09765625 0.0984375
1 0.24140625 0.38984375 0.109375 0.11015625
1 0.24609375 0.4984375 0.09765625 0.0984375
1 0.246875 0.60859375 0.09765625 0.0984375
1 0.246875 0.715625 0.09765625 0.0984375
2 0.24921875 0.82734375 0.0734375 0.0734375
1 0.24375 0.2796875 0.109375 0.1109375
1 0.14765625 0.33671875 0.109375 0.11015625
1 0.14375 0.440625 0.08515625 0.0859375
1 0.1484375 0.5421875 0.09765625 0.0984375
1 0.15 0.665625 0.09765625 0.0984375
1 0.15 0.775 0.09765625 0.0984375
1 0.05859375 0.49375 0.09765625 0.0984375
1 0.053125 0.59921875 0.09765625 0.0984375
1 0.05390625 0.71796875 0.09765625 0.0984375
2 0.0578125 0.8203125 0.0734375 0.07421875
1 0.14921875 0.22421875 0.109375 0.11015625