2 0.9484375 0.10625 0.0734375 0.0734375
1 0.9375 0.86953125 0.09765625 0.0984375
1 0.84609375 0.92421875 0.11015625 0.11015625
1 0.66015625 0.91484375 0.0859375 0.0859375
1 0.5609375 0.865625 0.09765625 0.0984375
1 0.46953125 0.93046875 0.09765625 0.09765625
1 0.38359375 0.88125 0.11015625 0.11015625
1 0.27890625 0.84453125 0.08515625 0.0859375
1 0.27578125 0.9515625 0.08515625 0.0859375
1 0.18671875 0.88984375 0.08515625 0.0859375
1 0.09296875 0.83125 0.0859375 0.0859375
1 0.09375 0.94453125 0.0859375 0.0859375
1 0.8484375 0.14140625 0.08515625 0.0859375
1 0.09453125 0.178125 0.0859375 0.0859375
1 0.09453125 0.28203125 0.0859375 0.0859375
1 0.0953125 0.403125 0.09765625 0.0984375
1 0.0921875 0.509375 0.0859375 0.0859375
1 0.090625 0.6140625 0.08515625 0.0859375
1 0.096875 0.7203125 0.09765625 0.09765625
1 0.1875 0.7765625 0.09765625 0.0984375
1 0.1859375 0.67109375 0.08515625 0.0859375
1 0.19140625 0.553125 0.0859375 0.0859375
1 0.18515625 0.4484375 0.08515625 0.08671875
1 0.18828125 0.33828125 0.09765625 0.0984375
1 0.190625 0.221875 0.09765625 0.0984375
1 0.18671875 0.115625 0.09765625 0.0984375
1 0.2828125 0.16953125 0.109375 0.11015625
1 0.2828125 0.27265625 0.09765625 0.0984375
1 0.2859375 0.38125 0.09765625 0.0984375
1 0.284375 0.50390625 0.0859375 0.0859375
1 0.28515625 0.6140625 0.09765625 0.0984375
1 0.2828125 0.715625 0.09765625 0.0984375
1 0.378125 0.1109375 0.09765625 0.0984375
1 0.3828125 0.2265625 0.09765625 0.09765625
1 0.3765625 0.32890625 0.08515625 0.0859375
1 0.37421875 0.43828125 0.09765625 0.09765625
1 0.38359375 0.55390625 0.09765625 0.0984375
1 0.3765625 0.66640625 0.09765625 0.0984375
1 0.38125 0.77265625 0.09765625 0.0984375
1 0.47265625 0.81484375 0.09765625 0.0984375
1 0.4796875 0.70390625 0.09765625 0.09765625
1 0.471875 0.59609375 0.09765625 0.0984375
1 0.475 0.48515625 0.09765625 0.09765625
1 0.4734375 0.37265625 0.09765625 0.0984375
1 0.48125 0.26171875 0.09765625 0.09765625
1 0.475 0.15390625 0.09765625 0.0984375
1 0.56328125 0.096875 0.09765625 0.09765625
1 0.56953125 0.20390625 0.09765625 0.0984375
1 0.5671875 0.3109375 0.09765625 0.0984375
1 0.56640625 0.42578125 0.09765625 0.09765625
1 0.5625 0.54140625 0.09765625 0.0984375
1 0.565625 0.646875 0.08515625 0.0859375
1 0.565625 0.7484375 0.09765625 0.0984375
1 0.66171875 0.79921875 0.11015625 0.11015625
1 0.66015625 0.690625 0.109375 0.11015625
1 0.65546875 0.58359375 0.109375 0.11015625
1 0.66171875 0.48203125 0.11015625 0.11015625
1 0.6609375 0.36875 0.11015625 0.11015625
1 0.6578125 0.2546875 0.109375 0.11015625
1 0.65703125 0.14375 0.11015625 0.1109375
1 0.7546875 0.10078125 0.09765625 0.09765625
1 0.74609375 0.20390625 0.109375 0.11015625
1 0.75859375 0.3078125 0.109375 0.1109375
1 0.75078125 0.41953125 0.109375 0.11015625
1 0.753125 0.52421875 0.08515625 0.0859375
1 0.75625 0.6140625 0.0859375 0.0859375
1 0.75078125 0.74765625 0.09765625 0.0984375
1 0.8515625 0.8125 0.109375 0.1109375
1 0.7515625 0.859375 0.0859375 0.0859375
1 0.84765625 0.6875 0.0859375 0.0859375
1 0.84765625 0.5953125 0.09765625 0.0984375
1 0.846875 0.47421875 0.09765625 0.0984375
1 0.85234375 0.3703125 0.08515625 0.0859375
1 0.846875 0.24375 0.109375 0.11015625
1 0.94453125 0.20390625 0.08515625 0.0859375
1 0.94375 0.30390625 0.09765625 0.09765625
1 0.94609375 0.4390625 0.09765625 0.0984375
1 0.94453125 0.528125 0.09765625 0.0984375
1 0.9359375 0.6453125 0.109375 0.11015625
1 0.93671875 0.75625 0.109375 0.11015625
1 0.2890625 0.0609375 0.109375 0.11015625
1 0.0875 0.06953125 0.08515625 0.0859375