2 0.121875 0.69765625 0.0734375 0.0734375
2 0.2140625 0.2890625 0.0734375 0.07421875
2 0.325 0.928125 0.0734375 0.0734375
2 0.8875 0.0921875 0.0734375 0.07421875
2 0.903125 0.7859375 0.0484375 0.05
1 0.69453125 0.5859375 0.0859375 0.0859375
1 0.69609375 0.6828125 0.09765625 0.09765625
1 0.59453125 0.540625 0.109375 0.11015625
1 0.6875 0.9296875 0.09765625 0.09765625
1 0.59453125 0.8859375 0.08515625 0.0859375
1 0.4953125 0.93515625 0.109375 0.11015625
1 0.50546875 0.81015625 0.11015625 0.11015625
1 0.4984375 0.60546875 0.09765625 0.09765625
1 0.41015625 0.540625 0.109375 0.11015625
1 0.4015625 0.88125 0.11015625 0.11015625
1 0.31328125 0.59765625 0.11015625 0.1109375
1 0.22265625 0.57265625 0.109375 0.11015625
1 0.21484375 0.66875 0.09765625 0.09765625
1 0.11875 0.59609375 0.09765625 0.0984375
1 0.1265625 0.825 0.09765625 0.09765625
1 0.31953125 0.80625 0.0859375 0.0859375
1 0.6984375 0.06875 0.08515625 0.0859375
1 0.7859375 0.12421875 0.08515625 0.0859375
1 0.88984375 0.16875 0.08515625 0.0859375
1 0.7890625 0.52265625 0.0859375 0.0859375
1 0.6921875 0.47890625 0.11015625 0.11015625
1 0.69609375 0.37421875 0.09765625 0.09765625
1 0.7 0.28046875 0.09765625 0.09765625
1 0.88984375 0.2703125 0.09765625 0.0984375
1 0.784375 0.3296875 0.09765625 0.0984375
1 0.78671875 0.4328125 0.08515625 0.0859375
1 0.7 0.1796875 0.0859375 0.0859375
1 0.78203125 0.2171875 0.08515625 0.0859375
1 0.6 0.09453125 0.109375 0.11015625
1 0.5953125 0.221875 0.11015625 0.1109375
1 0.59921875 0.3171875 0.11015625 0.11015625
1 0.60546875 0.44140625 0.109375 0.1109375
1 0.50859375 0.38125 0.109375 0.11015625
1 0.50859375 0.275 0.109375 0.11015625
1 0.5046875 0.165625 0.109375 0.11015625
1 0.415625 0.10859375 0.0859375 0.0859375
1 0.41015625 0.225 0.09765625 0.0984375
1 0.409375 0.328125 0.09765625 0.09765625
1 0.1390625 0.2390625 0.08515625 0.0859375
1 0.13515625 0.15625 0.08515625 0.0859375
1 0.21796875 0.11796875 0.08515625 0.0859375
1 0.21953125 0.2 0.08515625 0.0859375
1 0.3171875 0.35078125 0.0859375 0.0859375
1 0.31484375 0.24296875 0.08515625 0.0859375
1 0.32265625 0.1484375 0.08515625 0.0859375
1 0.31484375 0.05390625 0.08515625 0.0859375
1 0.50234375 0.0546875 0.08515625 0.0859375
1 0.31328125 0.49921875 0.09765625 0.0984375
1 0.221875 0.47890625 0.109375 0.11015625
1 0.12421875 0.4953125 0.11015625 0.11015625