2 0.3375 0.41484375 0.0734375 0.07421875
1 0.15 0.0828125 0.0859375 0.0859375
1 0.5265625 0.08203125 0.0859375 0.0859375
1 0.34140625 0.0953125 0.08515625 0.0859375
1 0.52734375 0.1890625 0.0859375 0.0859375
1 0.5234375 0.29765625 0.09765625 0.09765625
1 0.5265625 0.42109375 0.08515625 0.0859375
1 0.528125 0.515625 0.08515625 0.0859375
1 0.5265625 0.6390625 0.08515625 0.0859375
1 0.43125 0.13359375 0.08515625 0.0859375
1 0.43046875 0.25078125 0.09765625 0.09765625
1 0.4328125 0.3625 0.09765625 0.09765625
1 0.43671875 0.46953125 0.0859375 0.0859375
1 0.43046875 0.57734375 0.0859375 0.0859375
3 0.3375 0.190625 0.08515625 0.0859375
1 0.3375 0.3015625 0.09765625 0.09765625
1 0.34296875 0.52265625 0.09765625 0.0984375
1 0.2484375 0.1375 0.0859375 0.0859375
1 0.2453125 0.24921875 0.09765625 0.0984375
1 0.24609375 0.3625 0.09765625 0.0984375
1 0.24296875 0.465625 0.08515625 0.0859375
1 0.24375 0.58125 0.09765625 0.0984375
1 0.153125 0.18671875 0.09765625 0.0984375
1 0.15 0.3015625 0.09765625 0.0984375
1 0.14921875 0.4078125 0.09765625 0.0984375
1 0.1484375 0.521875 0.09765625 0.0984375
1 0.146875 0.63515625 0.09765625 0.0984375
1 0.05234375 0.140625 0.08515625 0.0859375
1 0.05546875 0.253125 0.08515625 0.0859375
1 0.0515625 0.36015625 0.09765625 0.0984375
1 0.05625 0.4703125 0.09765625 0.0984375
1 0.053125 0.58515625 0.0859375 0.0859375
1 0.053125 0.6953125 0.0859375 0.0859375
1 0.0546875 0.7984375 0.0859375 0.0859375
1 0.1484375 0.740625 0.0859375 0.0859375
1 0.1453125 0.84765625 0.0859375 0.0859375
1 0.24921875 0.68828125 0.08515625 0.0859375
1 0.24140625 0.78984375 0.09765625 0.0984375
1 0.340625 0.64140625 0.09765625 0.0984375
1 0.3390625 0.74296875 0.09765625 0.0984375
3 0.43046875 0.6859375 0.0859375 0.0859375
1 0.4359375 0.7953125 0.09765625 0.0984375
1 0.5328125 0.746875 0.0859375 0.0859375