2 0.92109375 0.58671875 0.0734375 0.0734375
1 0.0578125 0.1125 0.09765625 0.0984375
1 0.16484375 0.16328125 0.109375 0.11015625
1 0.26328125 0.08671875 0.11015625 0.1109375
1 0.44921875 0.078125 0.0859375 0.0859375
1 0.353125 0.1609375 0.09765625 0.09765625
1 0.54609375 0.13046875 0.09765625 0.0984375
1 0.63515625 0.08046875 0.11015625 0.11015625
1 0.73359375 0.13203125 0.09765625 0.09765625
1 0.82421875 0.07578125 0.09765625 0.0984375
1 0.91484375 0.1390625 0.08515625 0.0859375
1 0.82109375 0.621875 0.08515625 0.0859375
1 0.0671875 0.6578125 0.0859375 0.0859375
1 0.0671875 0.7625 0.0859375 0.0859375
1 0.06875 0.88359375 0.09765625 0.0984375
1 0.1578125 0.92890625 0.08515625 0.08671875
1 0.1609375 0.81875 0.09765625 0.0984375
1 0.16328125 0.70234375 0.09765625 0.0984375
1 0.159375 0.59609375 0.09765625 0.0984375
1 0.25625 0.65 0.109375 0.11015625
1 0.25625 0.753125 0.09765625 0.0984375
1 0.25859375 0.86171875 0.09765625 0.0984375
1 0.35078125 0.59140625 0.09765625 0.0984375
1 0.35546875 0.70703125 0.09765625 0.09765625
1 0.34921875 0.809375 0.08515625 0.0859375
1 0.346875 0.91875 0.09765625 0.09765625
1 0.44609375 0.853125 0.09765625 0.0984375
1 0.45390625 0.7421875 0.09765625 0.09765625
1 0.446875 0.634375 0.09765625 0.0984375
1 0.5359375 0.57734375 0.09765625 0.09765625
1 0.5421875 0.684375 0.09765625 0.0984375
1 0.53984375 0.79140625 0.09765625 0.0984375
1 0.5390625 0.90625 0.09765625 0.09765625
1 0.63359375 0.84921875 0.11015625 0.11015625
1 0.63125 0.73515625 0.109375 0.11015625
1 0.6296875 0.62421875 0.11015625 0.1109375
1 0.72734375 0.58125 0.09765625 0.09765625
1 0.71875 0.684375 0.109375 0.11015625
1 0.73125 0.78828125 0.109375 0.1109375
1 0.7234375 0.9 0.109375 0.11015625
1 0.825 0.85078125 0.08515625 0.0859375
1 0.81953125 0.72421875 0.109375 0.11015625
1 0.9171875 0.684375 0.08515625 0.0859375
1 0.915625 0.784375 0.09765625 0.09765625
1 0.91875 0.91953125 0.09765625 0.0984375
1 0.91484375 0.246875 0.09765625 0.0984375
1 0.9171875 0.35703125 0.09765625 0.0984375
1 0.915625 0.4609375 0.0859375 0.0859375
1 0.81875 0.51875 0.109375 0.11015625
1 0.82109375 0.41484375 0.09765625 0.0984375
1 0.82109375 0.296875 0.0859375 0.0859375
1 0.8203125 0.190625 0.0859375 0.0859375
1 0.7296875 0.23671875 0.09765625 0.0984375
1 0.7265625 0.34453125 0.09765625 0.0984375
1 0.7328125 0.45 0.09765625 0.09765625
1 0.63984375 0.5015625 0.109375 0.1109375
1 0.63828125 0.4015625 0.11015625 0.1109375
1 0.63203125 0.3109375 0.11015625 0.11015625
1 0.63828125 0.18515625 0.11015625 0.11015625
1 0.54765625 0.2375 0.09765625 0.09765625
1 0.54765625 0.3484375 0.09765625 0.09765625
1 0.540625 0.459375 0.0859375 0.0859375
1 0.44921875 0.525 0.09765625 0.0984375
1 0.4453125 0.421875 0.0859375 0.0859375
1 0.453125 0.30078125 0.09765625 0.09765625
1 0.4453125 0.19453125 0.09765625 0.09765625
1 0.35625 0.265625 0.09765625 0.09765625
1 0.35078125 0.36171875 0.09765625 0.0984375
1 0.3484375 0.48515625 0.09765625 0.0984375
1 0.26171875 0.54140625 0.109375 0.11015625
1 0.25546875 0.428125 0.11015625 0.11015625
1 0.26796875 0.31484375 0.11015625 0.11015625
1 0.259375 0.20390625 0.11015625 0.11015625
1 0.17265625 0.2703125 0.09765625 0.0984375
1 0.1578125 0.38125 0.109375 0.11015625
1 0.16015625 0.4875 0.0859375 0.0859375
1 0.06015625 0.55 0.08515625 0.0859375
1 0.0671875 0.434375 0.09765625 0.0984375
1 0.0734375 0.32578125 0.09765625 0.0984375
1 0.06953125 0.2171875 0.0859375 0.0859375