1 0.88203125 0.87421875 0.109375 0.11015625
1 0.79140625 0.81953125 0.11015625 0.11015625
1 0.78984375 0.934375 0.109375 0.1109375
1 0.70390625 0.87578125 0.08515625 0.0859375
1 0.6078125 0.821875 0.08515625 0.0859375
1 0.6015625 0.9359375 0.09765625 0.09765625
1 0.5046875 0.871875 0.11015625 0.11015625
3 0.40703125 0.8265625 0.09765625 0.09765625
1 0.4015625 0.93046875 0.09765625 0.0984375
1 0.31171875 0.878125 0.11015625 0.11015625
1 0.21640625 0.821875 0.11015625 0.11015625
1 0.21875 0.925 0.109375 0.1109375
1 0.884375 0.415625 0.09765625 0.0984375
1 0.89453125 0.13046875 0.109375 0.11015625
1 0.88671875 0.21171875 0.0859375 0.0859375
1 0.89453125 0.3140625 0.109375 0.11015625
1 0.80546875 0.04609375 0.0859375 0.0859375
1 0.7953125 0.140625 0.109375 0.1109375
1 0.7921875 0.23984375 0.11015625 0.11015625
1 0.80546875 0.35390625 0.11015625 0.11015625
1 0.7015625 0.30234375 0.11015625 0.11015625
1 0.70234375 0.2171875 0.09765625 0.0984375
1 0.70625 0.10703125 0.09765625 0.0984375
1 0.60859375 0.165625 0.11015625 0.11015625
1 0.60078125 0.2765625 0.11015625 0.11015625
1 0.8859375 0.76796875 0.11015625 0.11015625
1 0.79453125 0.71796875 0.11015625 0.11015625
1 0.89140625 0.640625 0.0859375 0.0859375
1 0.8 0.60390625 0.109375 0.11015625
1 0.79296875 0.5296875 0.09765625 0.0984375
1 0.7015625 0.56484375 0.11015625 0.11015625
1 0.703125 0.6609375 0.09765625 0.0984375
1 0.70390625 0.75078125 0.109375 0.11015625
1 0.60078125 0.7140625 0.109375 0.11015625
1 0.503125 0.7625 0.11015625 0.11015625
1 0.4078125 0.7203125 0.109375 0.11015625
1 0.30078125 0.76328125 0.109375 0.11015625
1 0.3140625 0.43125 0.09765625 0.09765625
1 0.50859375 0.1078125 0.11015625 0.11015625
1 0.5109375 0.21796875 0.09765625 0.0984375
2 0.50859375 0.33125 0.0734375 0.0734375
1 0.41015625 0.1515625 0.09765625 0.0984375
1 0.409375 0.27265625 0.11015625 0.11015625
1 0.4109375 0.3859375 0.109375 0.11015625
1 0.31875 0.11015625 0.09765625 0.09765625
1 0.31171875 0.209375 0.09765625 0.09765625
1 0.31953125 0.321875 0.109375 0.1109375
1 0.2234375 0.15 0.109375 0.1109375
0 0.2234375 0.2453125 0.09765625 0.0984375
1 0.21953125 0.37578125 0.109375 0.11015625
1 0.21953125 0.503125 0.09765625 0.09765625
1 0.2171875 0.70234375 0.109375 0.1109375
1 0.1328125 0.55625 0.09765625 0.0984375
1 0.1296875 0.44453125 0.11015625 0.1109375
1 0.13046875 0.32109375 0.11015625 0.11015625
1 0.1265625 0.21015625 0.109375 0.11015625
1 0.13125 0.0984375 0.109375 0.11015625