2 0.13984375 0.26484375 0.0734375 0.0734375
2 0.13359375 0.4828125 0.08515625 0.0859375
2 0.13828125 0.59921875 0.0734375 0.0734375
2 0.228125 0.42421875 0.0734375 0.0734375
2 0.23359375 0.65 0.08515625 0.0859375
2 0.22734375 0.53828125 0.06171875 0.06171875
2 0.23046875 0.76640625 0.0859375 0.0859375
2 0.23515625 0.31875 0.0734375 0.0734375
2 0.1359375 0.15703125 0.06171875 0.06171875
1 0.0453125 0.31953125 0.0859375 0.08671875
1 0.2296875 0.1 0.0859375 0.0859375
1 0.23046875 0.2078125 0.0859375 0.0859375
1 0.13203125 0.3734375 0.0734375 0.0734375
1 0.1359375 0.7046875 0.0859375 0.0859375
1 0.13671875 0.81640625 0.09765625 0.09765625
1 0.140625 0.925 0.09765625 0.0984375
1 0.2296875 0.865625 0.08515625 0.0859375