1 0.1203125 0.1140625 0.08515625 0.08671875
1 0.1234375 0.2609375 0.09765625 0.09765625
1 0.11640625 0.37421875 0.09765625 0.09765625
1 0.1125 0.47890625 0.09765625 0.0984375
1 0.11640625 0.58984375 0.09765625 0.09765625
1 0.11328125 0.69140625 0.0859375 0.0859375
1 0.21015625 0.74375 0.09765625 0.0984375
1 0.2046875 0.54140625 0.09765625 0.0984375
1 0.2078125 0.41953125 0.09765625 0.0984375
1 0.215625 0.3140625 0.09765625 0.0984375
1 0.21015625 0.1671875 0.09765625 0.0984375
1 0.30625 0.14921875 0.109375 0.11015625
1 0.3015625 0.259375 0.11015625 0.11015625
1 0.2984375 0.36015625 0.09765625 0.0984375
1 0.30234375 0.45234375 0.11015625 0.1109375
1 0.30625 0.58515625 0.11015625 0.1109375
1 0.29921875 0.69375 0.11015625 0.11015625
1 0.39765625 0.7453125 0.09765625 0.09765625
1 0.4015625 0.634375 0.09765625 0.0984375
1 0.4015625 0.5203125 0.09765625 0.0984375
1 0.396875 0.41171875 0.109375 0.11015625
1 0.396875 0.30390625 0.11015625 0.11015625
1 0.39921875 0.1828125 0.09765625 0.0984375
1 0.40078125 0.08515625 0.08515625 0.08671875
1 0.49921875 0.14140625 0.09765625 0.09765625
1 0.48828125 0.246875 0.09765625 0.0984375
1 0.4921875 0.35625 0.109375 0.11015625
1 0.48828125 0.46796875 0.109375 0.11015625
1 0.48359375 0.5828125 0.09765625 0.0984375
1 0.48828125 0.6890625 0.09765625 0.0984375
1 0.57890625 0.7515625 0.08515625 0.0859375
1 0.584375 0.6234375 0.0859375 0.0859375
1 0.584375 0.5125 0.0859375 0.0859375
1 0.58828125 0.09453125 0.11015625 0.1109375
1 0.584375 0.18828125 0.09765625 0.09765625
1 0.5859375 0.30625 0.09765625 0.09765625
1 0.584375 0.40703125 0.09765625 0.0984375
1 0.6765625 0.6890625 0.0859375 0.0859375
1 0.69375 0.57890625 0.09765625 0.0984375
1 0.6875 0.46796875 0.109375 0.11015625
1 0.68515625 0.36015625 0.08515625 0.0859375
1 0.690625 0.2515625 0.0859375 0.0859375
1 0.6953125 0.1453125 0.109375 0.1109375
1 0.7765625 0.09453125 0.08515625 0.0859375
1 0.78046875 0.19921875 0.08515625 0.0859375
1 0.77421875 0.31953125 0.09765625 0.0984375
1 0.7796875 0.41484375 0.09765625 0.09765625
1 0.7734375 0.5265625 0.09765625 0.0984375
1 0.76640625 0.6375 0.11015625 0.11015625
1 0.76484375 0.75078125 0.09765625 0.0984375
1 0.865625 0.6828125 0.09765625 0.0984375
1 0.875 0.58515625 0.09765625 0.0984375
1 0.871875 0.46796875 0.109375 0.11015625
1 0.86953125 0.36875 0.08515625 0.0859375
1 0.87109375 0.2484375 0.09765625 0.0984375
1 0.87265625 0.1359375 0.08515625 0.0859375
3 0.86875 0.9109375 0.0859375 0.0859375
1 0.86640625 0.77734375 0.09765625 0.09765625
1 0.7734375 0.8546875 0.109375 0.11015625
1 0.678125 0.91171875 0.11015625 0.11015625
1 0.67890625 0.8015625 0.09765625 0.0984375
1 0.57890625 0.86015625 0.09765625 0.0984375
1 0.48515625 0.91015625 0.0859375 0.0859375
1 0.484375 0.80390625 0.0859375 0.0859375
1 0.39375 0.85 0.09765625 0.0984375
1 0.29609375 0.92421875 0.11015625 0.11015625
1 0.30234375 0.7984375 0.11015625 0.11015625
1 0.21171875 0.85078125 0.09765625 0.09765625
1 0.1171875 0.9140625 0.09765625 0.09765625
1 0.109375 0.8078125 0.09765625 0.09765625