2 0.71953125 0.16953125 0.0734375 0.0734375
2 0.7921875 0.3203125 0.0734375 0.07421875
1 0.9078125 0.83671875 0.0859375 0.0859375
1 0.89375 0.49375 0.08515625 0.08671875
1 0.9 0.59765625 0.09765625 0.09765625
1 0.89375 0.72890625 0.09765625 0.0984375
1 0.7921875 0.4375 0.0859375 0.0859375
1 0.79375 0.55078125 0.08515625 0.0859375
1 0.80078125 0.6640625 0.09765625 0.09765625
1 0.8046875 0.7671875 0.109375 0.11015625
1 0.81484375 0.9046875 0.08515625 0.0859375
1 0.71015625 0.825 0.11015625 0.1109375
1 0.7125 0.7234375 0.109375 0.1109375
1 0.7109375 0.6078125 0.09765625 0.0984375
3 0.71171875 0.49609375 0.0734375 0.07421875
1 0.6140625 0.43359375 0.08515625 0.0859375
1 0.6109375 0.5546875 0.08515625 0.0859375
1 0.61328125 0.66328125 0.109375 0.11015625
1 0.61640625 0.771875 0.09765625 0.0984375
1 0.621875 0.8953125 0.0859375 0.0859375
1 0.5265625 0.940625 0.08515625 0.0859375
1 0.5359375 0.83125 0.08515625 0.0859375
1 0.53828125 0.71875 0.08515625 0.0859375
1 0.5390625 0.6125 0.09765625 0.0984375
1 0.52421875 0.5078125 0.0859375 0.0859375
1 0.43046875 0.43671875 0.09765625 0.0984375
1 0.4265625 0.5609375 0.11015625 0.11015625
1 0.42734375 0.6671875 0.11015625 0.11015625
1 0.43125 0.7765625 0.096875 0.0984375
1 0.43203125 0.88125 0.08515625 0.0859375
1 0.3390625 0.93828125 0.08515625 0.08671875
1 0.33984375 0.50625 0.109375 0.11015625
1 0.33984375 0.6125 0.09765625 0.0984375
1 0.3390625 0.7234375 0.11015625 0.11015625
1 0.33671875 0.83671875 0.109375 0.11015625
1 0.15390625 0.48515625 0.08515625 0.0859375
1 0.16484375 0.615625 0.09765625 0.09765625
1 0.1609375 0.7203125 0.09765625 0.0984375
1 0.1484375 0.83671875 0.09765625 0.0984375
1 0.0515625 0.44375 0.09765625 0.09765625
3 0.71640625 0.371875 0.0734375 0.07421875
3 0.71171875 0.2640625 0.0734375 0.0734375
1 0.61796875 0.22265625 0.0859375 0.0859375
1 0.61796875 0.3375 0.0859375 0.0859375
3 0.80703125 0.2265625 0.0734375 0.07421875
3 0.80703125 0.10703125 0.0734375 0.0734375
1 0.89765625 0.15234375 0.0859375 0.0859375
1 0.90234375 0.27265625 0.0859375 0.0859375
1 0.9 0.053125 0.08515625 0.0859375
1 0.90078125 0.37890625 0.08515625 0.0859375
1 0.71953125 0.0625 0.08515625 0.0859375
1 0.6203125 0.12265625 0.11015625 0.11015625
1 0.53046875 0.1796875 0.0859375 0.0859375
1 0.53125 0.26953125 0.0859375 0.0859375
1 0.5359375 0.07109375 0.08515625 0.0859375
1 0.4265625 0.1359375 0.09765625 0.0984375
1 0.43125 0.2171875 0.09765625 0.0984375
1 0.3328125 0.290625 0.08515625 0.0859375
1 0.334375 0.3859375 0.09765625 0.0984375
1 0.43046875 0.33125 0.09765625 0.0984375
1 0.53515625 0.38203125 0.09765625 0.0984375
1 0.3359375 0.1828125 0.09765625 0.0984375
1 0.3375 0.08984375 0.0859375 0.0859375
1 0.24296875 0.334375 0.09765625 0.09765625
1 0.2421875 0.21953125 0.09765625 0.0984375
1 0.24375 0.11875 0.08515625 0.0859375
1 0.1609375 0.06875 0.09765625 0.09765625
1 0.15 0.17265625 0.0859375 0.0859375
1 0.1546875 0.27421875 0.0859375 0.0859375
1 0.14765625 0.38359375 0.0859375 0.08671875
1 0.0515625 0.1125 0.09765625 0.0984375
1 0.05234375 0.22578125 0.08515625 0.0859375
1 0.05859375 0.3359375 0.0859375 0.0859375
1 0.240625 0.553125 0.11015625 0.11015625
1 0.2421875 0.675 0.109375 0.11015625
1 0.2421875 0.790625 0.109375 0.11015625
1 0.2375 0.8859375 0.109375 0.11015625
1 0.24296875 0.446875 0.08515625 0.0859375