2 0.5796875 0.0453125 0.0484375 0.05
2 0.671875 0.1 0.0484375 0.05
2 0.76640625 0.03828125 0.0484375 0.0484375
1 0.4859375 0.1046875 0.08515625 0.0859375
1 0.29765625 0.10859375 0.0734375 0.07421875
2 0.1125 0.1046875 0.0609375 0.06171875
1 0.10078125 0.21171875 0.11015625 0.11015625
1 0.0984375 0.33046875 0.11015625 0.11015625
1 0.10078125 0.44140625 0.09765625 0.09765625
1 0.103125 0.55859375 0.109375 0.1109375
1 0.19453125 0.16953125 0.11015625 0.11015625
1 0.1984375 0.27109375 0.11015625 0.11015625
1 0.1984375 0.39140625 0.11015625 0.11015625
1 0.19375 0.50078125 0.11015625 0.11015625
1 0.196875 0.61015625 0.09765625 0.09765625
1 0.2953125 0.2125 0.0859375 0.08671875
1 0.38125 0.1578125 0.0734375 0.0734375
1 0.48671875 0.20625 0.11015625 0.11015625
1 0.57734375 0.1578125 0.109375 0.11015625
1 0.6734375 0.20703125 0.109375 0.1109375
1 0.7765625 0.265625 0.0859375 0.0859375
1 0.7703125 0.153125 0.08515625 0.0859375
2 0.86640625 0.1046875 0.08515625 0.0859375
1 0.8640625 0.2109375 0.08515625 0.0859375
1 0.87109375 0.31875 0.09765625 0.09765625
1 0.86640625 0.42265625 0.09765625 0.09765625
1 0.8609375 0.53984375 0.09765625 0.0984375
2 0.96015625 0.153125 0.0734375 0.0734375
1 0.9625 0.48125 0.0734375 0.07421875
2 0.96796875 0.72578125 0.02421875 0.02421875
2 0.96171875 0.84453125 0.0375 0.0375
2 0.9640625 0.95078125 0.02421875 0.02421875
2 0.86640625 0.87265625 0.02421875 0.02421875
2 0.86640625 0.9828125 0.02421875 0.02421875
1 0.86875 0.64765625 0.09765625 0.0984375
1 0.8671875 0.753125 0.09765625 0.0984375
1 0.5765625 0.83828125 0.09765625 0.0984375
1 0.5796875 0.9421875 0.109375 0.11015625
3 0.478125 0.89375 0.0859375 0.0859375
1 0.38984375 0.8296875 0.11015625 0.1109375
1 0.38828125 0.94375 0.11015625 0.1109375
1 0.290625 0.78203125 0.11015625 0.1109375
1 0.28984375 0.8859375 0.109375 0.1109375
1 0.1921875 0.83359375 0.109375 0.11015625
1 0.196875 0.9421875 0.09765625 0.0984375
1 0.1953125 0.72265625 0.109375 0.1109375
1 0.0984375 0.7796875 0.109375 0.11015625
1 0.0953125 0.88359375 0.08515625 0.0859375
1 0.10078125 0.6671875 0.109375 0.11015625