1 0.125 0.1484375 0.09765625 0.09765625
1 0.1234375 0.25625 0.08515625 0.0859375
1 0.12421875 0.36875 0.0859375 0.0859375
1 0.22421875 0.09375 0.11015625 0.1109375
1 0.21640625 0.20390625 0.11015625 0.1109375
1 0.221875 0.31015625 0.11015625 0.11015625
1 0.31953125 0.1375 0.109375 0.1109375
1 0.31640625 0.246875 0.109375 0.1109375
1 0.31171875 0.3703125 0.11015625 0.11015625
1 0.41796875 0.08828125 0.109375 0.11015625
1 0.4125 0.1984375 0.109375 0.11015625
1 0.4109375 0.31328125 0.109375 0.1109375
1 0.503125 0.14296875 0.09765625 0.0984375
1 0.50546875 0.253125 0.08515625 0.0859375
1 0.50625 0.36640625 0.09765625 0.09765625
1 0.596875 0.090625 0.09765625 0.0984375
1 0.60234375 0.20234375 0.11015625 0.11015625
1 0.59453125 0.309375 0.11015625 0.11015625
1 0.69453125 0.14921875 0.09765625 0.0984375
1 0.69921875 0.26484375 0.109375 0.11015625
1 0.78671875 0.0984375 0.11015625 0.11015625
1 0.78515625 0.209375 0.109375 0.11015625
1 0.7859375 0.31875 0.109375 0.11015625
1 0.8875 0.15078125 0.11015625 0.11015625
1 0.8796875 0.25859375 0.11015625 0.11015625
1 0.88125 0.3765625 0.11015625 0.11015625
1 0.8828125 0.48515625 0.109375 0.11015625
1 0.8828125 0.60234375 0.09765625 0.0984375
1 0.8828125 0.70234375 0.09765625 0.0984375
1 0.8765625 0.81640625 0.109375 0.1109375
1 0.78828125 0.4265625 0.109375 0.11015625
1 0.784375 0.5359375 0.109375 0.11015625
1 0.7859375 0.6453125 0.109375 0.11015625
1 0.784375 0.75703125 0.11015625 0.1109375
1 0.696875 0.37578125 0.11015625 0.11015625
1 0.68828125 0.471875 0.11015625 0.11015625
1 0.69140625 0.584375 0.09765625 0.09765625
1 0.69296875 0.69453125 0.11015625 0.1109375
1 0.69296875 0.81328125 0.11015625 0.11015625
1 0.59921875 0.425 0.11015625 0.11015625
1 0.60078125 0.5421875 0.11015625 0.1109375
1 0.5921875 0.6515625 0.09765625 0.09765625
1 0.6015625 0.76875 0.109375 0.11015625
1 0.503125 0.478125 0.109375 0.1109375
2 0.5015625 0.5984375 0.0609375 0.06171875
1 0.4984375 0.7046875 0.109375 0.11015625
1 0.5 0.81484375 0.109375 0.11015625
1 0.4078125 0.42265625 0.109375 0.1109375
1 0.4109375 0.5328125 0.109375 0.11015625
1 0.403125 0.64140625 0.11015625 0.11015625
1 0.40703125 0.7609375 0.11015625 0.11015625
1 0.3140625 0.47890625 0.11015625 0.11015625
2 0.31015625 0.57890625 0.06171875 0.06171875
1 0.3109375 0.7 0.11015625 0.11015625
1 0.3109375 0.815625 0.109375 0.11015625
2 0.2203125 0.428125 0.06171875 0.06171875
2 0.215625 0.53671875 0.06171875 0.06171875
1 0.2171875 0.646875 0.109375 0.11015625
1 0.215625 0.76640625 0.109375 0.11015625
1 0.1265625 0.478125 0.109375 0.11015625
1 0.12109375 0.603125 0.0859375 0.0859375
1 0.12109375 0.70390625 0.109375 0.11015625
1 0.1234375 0.81171875 0.09765625 0.0984375
1 0.12578125 0.9140625 0.09765625 0.09765625
1 0.2203125 0.865625 0.09765625 0.0984375
1 0.3109375 0.92421875 0.11015625 0.11015625
1 0.4015625 0.8703125 0.11015625 0.11015625
1 0.49375 0.93046875 0.109375 0.11015625
1 0.60078125 0.865625 0.09765625 0.0984375
1 0.69375 0.9234375 0.11015625 0.11015625
1 0.79140625 0.8640625 0.11015625 0.1109375
1 0.884375 0.921875 0.109375 0.1109375