2 0.40390625 0.1234375 0.0734375 0.0734375
2 0.3234375 0.61328125 0.08515625 0.0859375
2 0.3296875 0.509375 0.08515625 0.0859375
2 0.240625 0.55390625 0.08515625 0.0859375
2 0.13203125 0.51015625 0.0734375 0.0734375
2 0.134375 0.38515625 0.0734375 0.0734375
2 0.1265625 0.28828125 0.0734375 0.07421875
2 0.878125 0.06953125 0.0734375 0.07421875
2 0.87421875 0.634375 0.0734375 0.0734375
2 0.71015625 0.84296875 0.0734375 0.07421875
1 0.04609375 0.55390625 0.0859375 0.08671875
1 0.121875 0.17109375 0.0734375 0.07421875
1 0.2375 0.1296875 0.11015625 0.1109375
1 0.24375 0.234375 0.11015625 0.1109375
1 0.2390625 0.33984375 0.0734375 0.07421875
1 0.23671875 0.4515625 0.0734375 0.07421875
1 0.328125 0.06328125 0.09765625 0.0984375
1 0.328125 0.1796875 0.09765625 0.09765625
1 0.32890625 0.29375 0.0734375 0.07421875
1 0.3234375 0.3953125 0.0734375 0.07421875
1 0.428125 0.228125 0.0734375 0.07421875
1 0.42265625 0.34296875 0.09765625 0.09765625
1 0.42578125 0.45390625 0.09765625 0.09765625
1 0.5140625 0.06171875 0.08515625 0.08671875
1 0.51796875 0.175 0.11015625 0.11015625
1 0.52265625 0.29140625 0.11015625 0.11015625
1 0.5171875 0.39765625 0.11015625 0.11015625
1 0.51640625 0.5140625 0.109375 0.1109375
1 0.61953125 0.11875 0.121875 0.121875
1 0.621875 0.23359375 0.09765625 0.0984375
1 0.6125 0.34609375 0.09765625 0.0984375
1 0.6125 0.4640625 0.09765625 0.0984375
1 0.703125 0.075 0.0859375 0.0859375
1 0.7078125 0.18125 0.09765625 0.0984375
1 0.7 0.29453125 0.09765625 0.0984375
1 0.70390625 0.40234375 0.0859375 0.0859375
1 0.7140625 0.5125 0.09765625 0.0984375
1 0.615625 0.571875 0.09765625 0.09765625
1 0.79140625 0.128125 0.08515625 0.0859375
1 0.79375 0.25 0.08515625 0.0859375
1 0.79765625 0.34921875 0.0859375 0.08671875
1 0.79765625 0.4578125 0.0859375 0.0859375
1 0.796875 0.575 0.0859375 0.0859375
1 0.8796875 0.19375 0.08515625 0.0859375
1 0.87734375 0.30390625 0.08515625 0.0859375
1 0.87734375 0.403125 0.08515625 0.0859375
1 0.871875 0.51875 0.08515625 0.0859375
2 0.9703125 0.54140625 0.0484375 0.05
2 0.97265625 0.89375 0.0484375 0.05
2 0.8953125 0.93671875 0.0734375 0.07421875
2 0.8671875 0.71796875 0.0484375 0.05
1 0.7953125 0.678125 0.0859375 0.0859375
1 0.78515625 0.784375 0.09765625 0.0984375
1 0.790625 0.90625 0.08515625 0.0859375
1 0.709375 0.63046875 0.09765625 0.0984375
1 0.70625 0.7421875 0.08515625 0.0859375
2 0.70546875 0.95 0.0734375 0.07421875
1 0.6140625 0.678125 0.109375 0.11015625
1 0.6125 0.7890625 0.09765625 0.09765625
1 0.609375 0.90234375 0.109375 0.1109375
1 0.5140625 0.621875 0.09765625 0.09765625
1 0.51953125 0.7375 0.109375 0.1109375
1 0.51796875 0.8453125 0.11015625 0.1109375
1 0.421875 0.5703125 0.109375 0.1109375
1 0.4203125 0.68046875 0.11015625 0.1109375
1 0.41953125 0.78984375 0.11015625 0.11015625
1 0.4171875 0.9015625 0.11015625 0.11015625
1 0.32734375 0.7140625 0.08515625 0.0859375
1 0.32265625 0.83125 0.08515625 0.0859375
1 0.23203125 0.68046875 0.0734375 0.0734375
1 0.23125 0.7859375 0.109375 0.11015625
1 0.23359375 0.9 0.109375 0.11015625
1 0.13984375 0.62421875 0.0859375 0.0859375
1 0.134375 0.73984375 0.109375 0.11015625
1 0.1359375 0.84453125 0.11015625 0.11015625
1 0.1359375 0.953125 0.08515625 0.0859375