2 0.06171875 0.52421875 0.0734375 0.07421875
2 0.63046875 0.18203125 0.0734375 0.0734375
2 0.71796875 0.25 0.0734375 0.07421875
2 0.821875 0.19140625 0.0734375 0.07421875
2 0.82734375 0.07734375 0.0734375 0.07421875
1 0.0625 0.07890625 0.09765625 0.0984375
1 0.06640625 0.18046875 0.109375 0.11015625
1 0.065625 0.41484375 0.09765625 0.0984375
1 0.24609375 0.18125 0.0859375 0.0859375
2 0.9234375 0.12421875 0.0484375 0.0484375
1 0.1578125 0.14375 0.09765625 0.0984375
1 0.1609375 0.23515625 0.08515625 0.0859375
1 0.2515625 0.0796875 0.08515625 0.0859375
1 0.346875 0.13515625 0.11015625 0.11015625
1 0.4375 0.08046875 0.109375 0.11015625
1 0.7171875 0.14296875 0.09765625 0.0984375
1 0.628125 0.30078125 0.08515625 0.0859375
1 0.81953125 0.3015625 0.08515625 0.0859375
1 0.91328125 0.359375 0.09765625 0.09765625
1 0.815625 0.41640625 0.09765625 0.0984375
1 0.91796875 0.2390625 0.0859375 0.0859375
1 0.6234375 0.075 0.08515625 0.0859375
1 0.54375 0.13671875 0.08515625 0.0859375
1 0.5375 0.24296875 0.09765625 0.09765625
1 0.534375 0.3546875 0.09765625 0.0984375
1 0.43828125 0.4078125 0.09765625 0.09765625
1 0.434375 0.2953125 0.09765625 0.0984375
1 0.34453125 0.35859375 0.09765625 0.0984375
1 0.246875 0.40703125 0.09765625 0.0984375
1 0.9 0.93359375 0.09765625 0.09765625
1 0.71953125 0.90859375 0.109375 0.11015625
1 0.52578125 0.909375 0.11015625 0.11015625
1 0.3375 0.9109375 0.11015625 0.11015625
1 0.1484375 0.9203125 0.0859375 0.0859375
1 0.90703125 0.7984375 0.09765625 0.0984375
1 0.9203125 0.68125 0.09765625 0.09765625
1 0.92578125 0.5734375 0.0859375 0.0859375
1 0.915625 0.4609375 0.09765625 0.09765625
1 0.81328125 0.51875 0.109375 0.1109375
1 0.81328125 0.63359375 0.09765625 0.09765625
1 0.809375 0.73515625 0.11015625 0.11015625
1 0.80859375 0.846875 0.09765625 0.0984375
1 0.71953125 0.79765625 0.09765625 0.0984375
1 0.71796875 0.69296875 0.11015625 0.11015625
1 0.71875 0.5734375 0.09765625 0.0984375
1 0.71953125 0.4640625 0.11015625 0.1109375
1 0.7203125 0.36015625 0.09765625 0.09765625
1 0.6296875 0.4140625 0.09765625 0.09765625
1 0.6203125 0.50546875 0.09765625 0.0984375
1 0.62421875 0.63515625 0.09765625 0.0984375
1 0.62578125 0.740625 0.109375 0.11015625
1 0.61875 0.8578125 0.09765625 0.0984375
1 0.53046875 0.8140625 0.09765625 0.0984375
1 0.53203125 0.68671875 0.109375 0.11015625
1 0.5265625 0.5796875 0.109375 0.11015625
1 0.5328125 0.4625 0.109375 0.11015625
1 0.4390625 0.6390625 0.09765625 0.0984375
1 0.4359375 0.7359375 0.11015625 0.11015625
1 0.4328125 0.8484375 0.09765625 0.0984375
1 0.346875 0.79765625 0.109375 0.11015625
1 0.346875 0.6859375 0.09765625 0.0984375
1 0.34296875 0.56953125 0.08515625 0.0859375
1 0.35 0.46640625 0.09765625 0.0984375
1 0.2484375 0.525 0.09765625 0.0984375
1 0.24296875 0.73828125 0.09765625 0.09765625
1 0.24609375 0.84296875 0.0859375 0.0859375
1 0.1546875 0.79765625 0.08515625 0.0859375
1 0.1515625 0.678125 0.08515625 0.0859375
1 0.1578125 0.46171875 0.0859375 0.0859375
1 0.06171875 0.6296875 0.09765625 0.09765625
1 0.06171875 0.740625 0.09765625 0.09765625
1 0.0609375 0.85234375 0.09765625 0.09765625