1 0.88125 0.621875 0.109375 0.1109375
1 0.88359375 0.73125 0.09765625 0.09765625
1 0.871875 0.840625 0.09765625 0.09765625
1 0.8734375 0.94453125 0.09765625 0.0984375
1 0.78515625 0.8921875 0.09765625 0.09765625
1 0.78203125 0.7796875 0.09765625 0.09765625
1 0.78515625 0.6765625 0.09765625 0.09765625
1 0.784375 0.565625 0.09765625 0.0984375
1 0.6890625 0.62265625 0.09765625 0.0984375
1 0.6828125 0.73046875 0.109375 0.1109375
1 0.6875 0.8375 0.09765625 0.0984375
1 0.68125 0.9359375 0.11015625 0.11015625
1 0.5921875 0.87421875 0.11015625 0.11015625
1 0.5984375 0.7734375 0.109375 0.1109375
3 0.59609375 0.665625 0.11015625 0.11015625
1 0.6 0.5546875 0.11015625 0.1109375
1 0.50078125 0.6171875 0.11015625 0.1109375
1 0.496875 0.728125 0.11015625 0.11015625
1 0.50078125 0.82109375 0.11015625 0.1109375
1 0.49375 0.93671875 0.11015625 0.11015625
1 0.4015625 0.8796875 0.11015625 0.1109375
1 0.40234375 0.7765625 0.109375 0.11015625
1 0.40859375 0.66640625 0.11015625 0.11015625
1 0.40625 0.56953125 0.109375 0.11015625
1 0.3140625 0.60625 0.109375 0.1109375
1 0.3109375 0.71328125 0.09765625 0.0984375
1 0.309375 0.82109375 0.09765625 0.09765625
1 0.309375 0.934375 0.11015625 0.11015625
1 0.21015625 0.88203125 0.09765625 0.0984375
1 0.2109375 0.77265625 0.109375 0.11015625
1 0.21484375 0.65546875 0.09765625 0.0984375
1 0.2203125 0.55 0.11015625 0.11015625
1 0.1203125 0.61015625 0.11015625 0.11015625
1 0.1234375 0.721875 0.109375 0.11015625
1 0.12578125 0.821875 0.11015625 0.1109375
1 0.11875 0.93671875 0.109375 0.11015625
1 0.88984375 0.2859375 0.09765625 0.0984375
1 0.88203125 0.18671875 0.11015625 0.1109375
1 0.884375 0.08125 0.109375 0.11015625
1 0.7890625 0.13359375 0.109375 0.11015625
2 0.7953125 0.24453125 0.06171875 0.06171875
1 0.79140625 0.3375 0.08515625 0.08671875
1 0.696875 0.07734375 0.0859375 0.0859375
1 0.69453125 0.190625 0.08515625 0.0859375
1 0.70234375 0.303125 0.09765625 0.0984375
1 0.6046875 0.12109375 0.0859375 0.0859375
1 0.60390625 0.23515625 0.08515625 0.0859375
1 0.5984375 0.34609375 0.09765625 0.0984375
1 0.5046875 0.0796875 0.109375 0.11015625
1 0.5125 0.1890625 0.109375 0.11015625
1 0.5015625 0.296875 0.109375 0.1109375
1 0.41328125 0.125 0.09765625 0.09765625
1 0.4140625 0.23984375 0.09765625 0.0984375
1 0.409375 0.353125 0.0859375 0.0859375
1 0.3171875 0.0796875 0.09765625 0.0984375
1 0.32265625 0.1859375 0.08515625 0.08671875
1 0.32109375 0.2921875 0.109375 0.11015625
1 0.2203125 0.12734375 0.09765625 0.0984375
1 0.22578125 0.246875 0.09765625 0.09765625
1 0.2203125 0.353125 0.08515625 0.0859375
1 0.1234375 0.084375 0.08515625 0.0859375
1 0.125 0.18671875 0.109375 0.11015625
1 0.13125 0.3015625 0.121875 0.1234375