1 0.05 0.4640625 0.09765625 0.09765625
1 0.13984375 0.07265625 0.11015625 0.11015625
1 0.14140625 0.18671875 0.11015625 0.11015625
1 0.1359375 0.29375 0.109375 0.11015625
1 0.134375 0.41171875 0.109375 0.11015625
1 0.1359375 0.51953125 0.109375 0.1109375
1 0.23203125 0.13359375 0.11015625 0.11015625
1 0.22578125 0.24140625 0.11015625 0.11015625
1 0.23359375 0.35390625 0.11015625 0.11015625
1 0.23515625 0.4625 0.109375 0.11015625
1 0.3359375 0.075 0.109375 0.11015625
1 0.3359375 0.1828125 0.09765625 0.0984375
1 0.33125 0.2953125 0.11015625 0.11015625
1 0.334375 0.40703125 0.11015625 0.11015625
1 0.33359375 0.521875 0.11015625 0.11015625
1 0.4359375 0.1390625 0.109375 0.11015625
1 0.42890625 0.24296875 0.109375 0.11015625
1 0.42890625 0.35859375 0.109375 0.11015625
1 0.42578125 0.4625 0.109375 0.11015625
1 0.5234375 0.06953125 0.09765625 0.09765625
1 0.5203125 0.18515625 0.11015625 0.11015625
1 0.5265625 0.3 0.109375 0.11015625
1 0.521875 0.41171875 0.09765625 0.0984375
1 0.52734375 0.51875 0.109375 0.11015625
1 0.61875 0.128125 0.09765625 0.09765625
1 0.615625 0.2359375 0.11015625 0.11015625
1 0.61875 0.353125 0.11015625 0.11015625
1 0.61796875 0.46796875 0.08515625 0.0859375
1 0.70859375 0.071875 0.0734375 0.07421875
1 0.7046875 0.184375 0.09765625 0.09765625
1 0.71015625 0.29609375 0.08515625 0.0859375
1 0.709375 0.40703125 0.09765625 0.0984375
1 0.803125 0.12890625 0.0859375 0.0859375
1 0.80078125 0.23125 0.09765625 0.09765625
1 0.8015625 0.3453125 0.0859375 0.0859375
1 0.8046875 0.46171875 0.0859375 0.0859375
1 0.89921875 0.0671875 0.09765625 0.0984375
1 0.9046875 0.18515625 0.09765625 0.0984375
1 0.90703125 0.290625 0.09765625 0.09765625
1 0.90625 0.4078125 0.09765625 0.09765625
1 0.90234375 0.51640625 0.0859375 0.0859375
1 0.89921875 0.628125 0.09765625 0.0984375
1 0.9 0.74140625 0.09765625 0.0984375
1 0.896875 0.84453125 0.08515625 0.0859375
1 0.8078125 0.565625 0.09765625 0.0984375
1 0.8046875 0.68046875 0.09765625 0.0984375
1 0.80390625 0.78671875 0.09765625 0.0984375
1 0.803125 0.90078125 0.09765625 0.0984375
1 0.70625 0.51953125 0.08515625 0.0859375
1 0.709375 0.63203125 0.08515625 0.0859375
1 0.70625 0.7390625 0.09765625 0.0984375
1 0.7109375 0.84921875 0.09765625 0.0984375
1 0.61796875 0.5734375 0.09765625 0.0984375
1 0.61640625 0.68046875 0.09765625 0.0984375
1 0.6140625 0.79375 0.09765625 0.0984375
1 0.61640625 0.90078125 0.09765625 0.0984375
1 0.5203125 0.6296875 0.109375 0.11015625
1 0.521875 0.74453125 0.11015625 0.11015625
1 0.5265625 0.84609375 0.09765625 0.0984375
3 0.4203125 0.58125 0.11015625 0.11015625
3 0.325 0.6296875 0.11015625 0.11015625
1 0.42265625 0.68046875 0.11015625 0.11015625
1 0.41953125 0.7953125 0.11015625 0.11015625
1 0.42265625 0.91328125 0.11015625 0.1109375
1 0.3234375 0.7515625 0.0734375 0.07421875
1 0.32734375 0.85078125 0.09765625 0.09765625
1 0.225 0.575 0.109375 0.11015625
1 0.22734375 0.6859375 0.109375 0.1109375
1 0.23125 0.7859375 0.109375 0.1109375
1 0.225 0.90546875 0.09765625 0.0984375
1 0.1390625 0.6234375 0.109375 0.1109375
1 0.1390625 0.73046875 0.08515625 0.0859375
1 0.1359375 0.85625 0.09765625 0.0984375