2 0.59921875 0.15546875 0.0734375 0.0734375
2 0.78828125 0.4046875 0.0734375 0.07421875
1 0.1296875 0.87421875 0.09765625 0.0984375
1 0.12578125 0.23984375 0.09765625 0.0984375
1 0.128125 0.35546875 0.0859375 0.0859375
1 0.12421875 0.459375 0.0859375 0.08671875
1 0.121875 0.571875 0.08515625 0.0859375
1 0.1265625 0.675 0.11015625 0.11015625
1 0.13203125 0.7796875 0.09765625 0.0984375
1 0.2125 0.17734375 0.08515625 0.08671875
1 0.21484375 0.30078125 0.0859375 0.0859375
1 0.21328125 0.4140625 0.08515625 0.0859375
1 0.21484375 0.51328125 0.09765625 0.0984375
1 0.21953125 0.61953125 0.09765625 0.0984375
1 0.2234375 0.73359375 0.09765625 0.0984375
1 0.2171875 0.84296875 0.09765625 0.0984375
1 0.5984375 0.2859375 0.0859375 0.08671875
1 0.32109375 0.19609375 0.11015625 0.11015625
1 0.31875 0.2859375 0.09765625 0.0984375
1 0.31875 0.35390625 0.09765625 0.0984375
1 0.30390625 0.46328125 0.109375 0.11015625
1 0.31015625 0.5640625 0.11015625 0.11015625
1 0.30703125 0.67421875 0.11015625 0.11015625
1 0.31328125 0.78203125 0.109375 0.1109375
1 0.30546875 0.90546875 0.09765625 0.0984375
1 0.3984375 0.8546875 0.09765625 0.0984375
1 0.4015625 0.7328125 0.08515625 0.08671875
1 0.4046875 0.6296875 0.0859375 0.0859375
1 0.4078125 0.50859375 0.0859375 0.0859375
1 0.40703125 0.39765625 0.09765625 0.09765625
1 0.4046875 0.290625 0.09765625 0.0984375
1 0.40546875 0.18515625 0.09765625 0.0984375
1 0.5015625 0.23359375 0.08515625 0.0859375
1 0.5 0.346875 0.09765625 0.09765625
1 0.4953125 0.4546875 0.0859375 0.0859375
1 0.503125 0.55859375 0.09765625 0.09765625
1 0.50078125 0.671875 0.09765625 0.09765625
1 0.50234375 0.78046875 0.08515625 0.0859375
1 0.4890625 0.9046875 0.09765625 0.0984375
1 0.3984375 0.95 0.09765625 0.09765625
1 0.603125 0.83203125 0.11015625 0.1109375
1 0.596875 0.7265625 0.09765625 0.09765625
1 0.603125 0.61640625 0.09765625 0.09765625
1 0.60234375 0.5109375 0.09765625 0.09765625
1 0.6 0.39609375 0.09765625 0.0984375
1 0.6953125 0.215625 0.109375 0.11015625
1 0.69296875 0.3453125 0.11015625 0.11015625
1 0.69296875 0.46015625 0.11015625 0.1109375
1 0.6953125 0.57109375 0.09765625 0.0984375
1 0.696875 0.67734375 0.09765625 0.0984375
1 0.69765625 0.775 0.11015625 0.11015625
1 0.69453125 0.87890625 0.11015625 0.1109375
1 0.79296875 0.83515625 0.09765625 0.09765625
1 0.7828125 0.7296875 0.08515625 0.0859375
1 0.79296875 0.6140625 0.09765625 0.0984375
1 0.8 0.175 0.09765625 0.0984375
1 0.79375 0.290625 0.08515625 0.0859375
1 0.7921875 0.5109375 0.09765625 0.09765625
1 0.8859375 0.1921875 0.09765625 0.09765625
1 0.88828125 0.2921875 0.08515625 0.08671875
1 0.890625 0.4390625 0.09765625 0.09765625
1 0.88359375 0.553125 0.09765625 0.09765625
1 0.8796875 0.6578125 0.09765625 0.0984375
1 0.88359375 0.76875 0.09765625 0.09765625
1 0.88125 0.8703125 0.0859375 0.0859375