2 0.1796875 0.0453125 0.0609375 0.06171875
2 0.6515625 0.8859375 0.0734375 0.07421875
2 0.64296875 0.76640625 0.0734375 0.0734375
2 0.27109375 0.7828125 0.0734375 0.0734375
2 0.3625 0.9390625 0.06171875 0.06171875
2 0.7171875 0.8390625 0.0734375 0.07421875
1 0.91015625 0.60234375 0.09765625 0.09765625
1 0.909375 0.4640625 0.09765625 0.0984375
1 0.909375 0.37421875 0.109375 0.11015625
1 0.8171875 0.334375 0.09765625 0.0984375
1 0.82109375 0.4515625 0.109375 0.11015625
1 0.8234375 0.56328125 0.08515625 0.0859375
2 0.715625 0.93125 0.0484375 0.0484375
2 0.54375 0.384375 0.0484375 0.0484375
1 0.71953125 0.39765625 0.08515625 0.08671875
1 0.71953125 0.49375 0.08515625 0.0859375
1 0.73203125 0.61875 0.11015625 0.1109375
1 0.6390625 0.64140625 0.11015625 0.11015625
1 0.53984375 0.5953125 0.08515625 0.0859375
1 0.63125 0.44375 0.08515625 0.0859375
2 0.6328125 0.55 0.0484375 0.0484375
1 0.83671875 0.8078125 0.08515625 0.0859375
1 0.5421875 0.82734375 0.109375 0.1109375
2 0.44921875 0.44609375 0.0484375 0.0484375
2 0.359375 0.4015625 0.0484375 0.0484375
2 0.3546875 0.5015625 0.0484375 0.0484375
2 0.26484375 0.4546875 0.0375 0.0375
2 0.2546875 0.57109375 0.0359375 0.0359375
2 0.0828125 0.4390625 0.0359375 0.0375
1 0.0890625 0.546875 0.0859375 0.0859375
2 0.16328125 0.4953125 0.02421875 0.025
1 0.45234375 0.553125 0.09765625 0.09765625
1 0.44296875 0.66484375 0.11015625 0.11015625
1 0.453125 0.77890625 0.109375 0.11015625
1 0.45546875 0.8921875 0.11015625 0.11015625
1 0.35390625 0.60625 0.11015625 0.11015625
1 0.35859375 0.73515625 0.11015625 0.11015625
1 0.35859375 0.83359375 0.09765625 0.0984375
1 0.26953125 0.91015625 0.09765625 0.09765625
1 0.271875 0.690625 0.09765625 0.09765625
1 0.1796875 0.62265625 0.09765625 0.0984375
1 0.18046875 0.7265625 0.09765625 0.09765625
1 0.1734375 0.84375 0.09765625 0.09765625
1 0.1765625 0.94609375 0.08515625 0.0859375
1 0.08203125 0.8859375 0.0859375 0.0859375
1 0.0796875 0.77578125 0.09765625 0.0984375
1 0.08125 0.66015625 0.109375 0.1109375
2 0.5375 0.49296875 0.0484375 0.05
1 0.91328125 0.065625 0.11015625 0.11015625
1 0.7390625 0.071875 0.09765625 0.0984375
2 0.05 0.04921875 0.06171875 0.06171875