1 0.6 0.31796875 0.109375 0.11015625
1 0.8875 0.1515625 0.109375 0.1109375
1 0.88984375 0.265625 0.109375 0.1109375
1 0.884375 0.365625 0.11015625 0.1109375
1 0.78984375 0.10234375 0.11015625 0.1109375
1 0.78671875 0.21015625 0.11015625 0.1109375
1 0.79140625 0.3171875 0.11015625 0.11015625
1 0.69609375 0.1609375 0.11015625 0.11015625
1 0.7 0.26484375 0.109375 0.11015625
1 0.60078125 0.10390625 0.09765625 0.0984375
1 0.59765625 0.21015625 0.109375 0.11015625
1 0.5 0.1578125 0.109375 0.11015625
1 0.50390625 0.2625 0.109375 0.11015625
2 0.50703125 0.37578125 0.0484375 0.05
2 0.5984375 0.43046875 0.0484375 0.05
2 0.69375 0.36796875 0.0484375 0.0484375
1 0.4109375 0.10625 0.11015625 0.11015625
1 0.4109375 0.21640625 0.11015625 0.11015625
1 0.41328125 0.32890625 0.11015625 0.11015625
1 0.4125 0.434375 0.08515625 0.0859375
1 0.3109375 0.15390625 0.11015625 0.11015625
1 0.31640625 0.26484375 0.09765625 0.0984375
1 0.21875 0.103125 0.109375 0.11015625
1 0.2234375 0.2125 0.109375 0.11015625
1 0.22265625 0.3171875 0.109375 0.11015625
1 0.22421875 0.43828125 0.0734375 0.07421875
1 0.13125 0.16484375 0.11015625 0.11015625
1 0.12578125 0.25703125 0.11015625 0.11015625
1 0.12734375 0.37890625 0.11015625 0.1109375
2 0.0390625 0.43515625 0.0609375 0.06171875
1 0.121875 0.49921875 0.11015625 0.11015625
1 0.12578125 0.60078125 0.11015625 0.11015625
1 0.12578125 0.72109375 0.11015625 0.11015625
1 0.1203125 0.83046875 0.11015625 0.11015625
1 0.12421875 0.940625 0.09765625 0.09765625
1 0.221875 0.5421875 0.0859375 0.08671875
1 0.3078125 0.4875 0.0734375 0.0734375
1 0.41328125 0.53671875 0.11015625 0.11015625
1 0.50390625 0.4875 0.109375 0.11015625
1 0.60078125 0.5375 0.109375 0.1109375
1 0.703125 0.5953125 0.0859375 0.0859375
1 0.696875 0.48359375 0.08515625 0.0859375
2 0.79375 0.434375 0.08515625 0.0859375
1 0.790625 0.540625 0.08515625 0.0859375
1 0.79765625 0.6484375 0.09765625 0.09765625
1 0.79296875 0.753125 0.09765625 0.09765625
1 0.78828125 0.86953125 0.09765625 0.0984375
2 0.8875 0.4828125 0.0734375 0.0734375
1 0.88984375 0.59453125 0.08515625 0.0859375
1 0.8890625 0.81171875 0.0734375 0.07421875
1 0.88828125 0.9421875 0.08515625 0.0859375