2 0.4203125 0.85625 0.0734375 0.0734375
2 0.42109375 0.7484375 0.08515625 0.0859375
2 0.62890625 0.759375 0.0609375 0.06171875
2 0.8953125 0.8015625 0.0734375 0.07421875
1 0.13828125 0.903125 0.0734375 0.07421875
1 0.24921875 0.7453125 0.09765625 0.0984375
1 0.2546875 0.8625 0.11015625 0.1109375
1 0.34453125 0.7953125 0.09765625 0.0984375
1 0.34453125 0.9125 0.09765625 0.09765625
1 0.44453125 0.9609375 0.0734375 0.07421875
1 0.53046875 0.79453125 0.08515625 0.08671875
1 0.534375 0.9078125 0.11015625 0.11015625
1 0.6359375 0.85078125 0.121875 0.121875
1 0.71953125 0.8078125 0.0859375 0.0859375
1 0.725 0.91328125 0.09765625 0.0984375
1 0.8078125 0.86015625 0.08515625 0.0859375
1 0.89609375 0.92578125 0.08515625 0.0859375