2 0.36953125 0.5078125 0.0734375 0.07421875
1 0.09453125 0.88359375 0.08515625 0.0859375
1 0.0859375 0.29453125 0.09765625 0.0984375
1 0.090625 0.36328125 0.09765625 0.09765625
1 0.084375 0.44375 0.09765625 0.0984375
1 0.096875 0.5734375 0.08515625 0.0859375
1 0.103125 0.6796875 0.0859375 0.0859375
1 0.096875 0.790625 0.0859375 0.0859375
1 0.184375 0.3 0.08515625 0.0859375
1 0.1875 0.41796875 0.0859375 0.0859375
1 0.184375 0.4984375 0.09765625 0.0984375
1 0.1796875 0.62421875 0.0859375 0.0859375
1 0.18359375 0.72265625 0.0859375 0.0859375
1 0.17578125 0.8484375 0.0859375 0.0859375
1 0.278125 0.23046875 0.0859375 0.0859375
1 0.278125 0.3546875 0.0859375 0.0859375
1 0.275 0.48203125 0.0859375 0.08671875
1 0.275 0.58515625 0.0859375 0.0859375
1 0.278125 0.69609375 0.08515625 0.0859375
1 0.27734375 0.7875 0.09765625 0.0984375
1 0.28046875 0.92421875 0.09765625 0.0984375
1 0.3703125 0.95390625 0.08515625 0.0859375
1 0.3703125 0.8390625 0.08515625 0.0859375
1 0.37734375 0.7375 0.08515625 0.0859375
1 0.365625 0.6171875 0.08515625 0.0859375
1 0.36328125 0.29609375 0.09765625 0.09765625
1 0.3703125 0.39765625 0.09765625 0.09765625
1 0.4703125 0.30546875 0.09765625 0.0984375
1 0.47734375 0.45 0.09765625 0.0984375
1 0.4671875 0.5640625 0.0859375 0.0859375
1 0.4625 0.67890625 0.08515625 0.0859375
1 0.46171875 0.78515625 0.08515625 0.0859375
1 0.45859375 0.890625 0.08515625 0.0859375
1 0.5546875 0.29765625 0.0859375 0.0859375
1 0.55859375 0.4046875 0.09765625 0.09765625
1 0.55546875 0.5140625 0.0859375 0.0859375
1 0.5515625 0.6234375 0.0859375 0.0859375
1 0.5484375 0.7390625 0.09765625 0.0984375
1 0.56328125 0.8609375 0.09765625 0.0984375
1 0.65 0.3546875 0.0859375 0.0859375
1 0.65 0.459375 0.0859375 0.0859375
1 0.6515625 0.5796875 0.09765625 0.0984375
1 0.64765625 0.68671875 0.0859375 0.0859375
1 0.64609375 0.790625 0.08515625 0.0859375
1 0.65234375 0.89765625 0.09765625 0.09765625
1 0.74140625 0.84765625 0.08515625 0.0859375
1 0.746875 0.7296875 0.0859375 0.0859375
1 0.740625 0.62578125 0.08515625 0.08671875
1 0.74375 0.51484375 0.09765625 0.0984375
1 0.74609375 0.39921875 0.09765625 0.0984375
1 0.7421875 0.2921875 0.09765625 0.0984375
1 0.8390625 0.34609375 0.109375 0.11015625
1 0.8390625 0.45 0.09765625 0.0984375
1 0.8421875 0.5578125 0.09765625 0.0984375
1 0.83984375 0.68046875 0.0859375 0.0859375
1 0.840625 0.790625 0.09765625 0.0984375
1 0.8390625 0.8921875 0.09765625 0.0984375
1 0.93359375 0.2875 0.09765625 0.0984375
1 0.93828125 0.403125 0.09765625 0.09765625
1 0.93203125 0.50625 0.08515625 0.0859375
1 0.9296875 0.615625 0.09765625 0.09765625
1 0.9390625 0.73125 0.09765625 0.0984375
1 0.9328125 0.84296875 0.09765625 0.0984375
1 0.93671875 0.95 0.09765625 0.0984375
1 0.93359375 0.0578125 0.09765625 0.0984375
1 0.93125 0.18125 0.09765625 0.0984375
1 0.84453125 0.2375 0.109375 0.11015625
1 0.83828125 0.12421875 0.11015625 0.11015625
1 0.74140625 0.07734375 0.109375 0.11015625
1 0.74296875 0.18359375 0.0859375 0.0859375
1 0.64296875 0.24609375 0.08515625 0.0859375
1 0.65 0.13046875 0.09765625 0.0984375
1 0.55546875 0.08125 0.09765625 0.0984375
1 0.55625 0.1796875 0.08515625 0.0859375
1 0.46171875 0.21015625 0.09765625 0.09765625
1 0.46171875 0.1109375 0.109375 0.11015625
1 0.37421875 0.05078125 0.09765625 0.09765625
1 0.36328125 0.184375 0.0859375 0.0859375
1 0.275 0.12421875 0.09765625 0.09765625
1 0.18515625 0.07734375 0.08515625 0.0859375
1 0.1859375 0.1828125 0.08515625 0.0859375
1 0.0921875 0.11171875 0.109375 0.11015625
1 0.09375 0.1984375 0.09765625 0.0984375