2 0.32890625 0.03828125 0.0734375 0.07421875
1 0.13671875 0.5890625 0.109375 0.11015625
1 0.14296875 0.465625 0.11015625 0.1109375
1 0.13671875 0.36015625 0.09765625 0.09765625
1 0.14375 0.25 0.09765625 0.09765625
1 0.1421875 0.14453125 0.09765625 0.09765625
1 0.2328125 0.09375 0.11015625 0.1109375
1 0.23515625 0.2046875 0.09765625 0.0984375
1 0.2375 0.3109375 0.09765625 0.0984375
1 0.2375 0.40859375 0.11015625 0.11015625
1 0.23515625 0.5125 0.11015625 0.1109375
1 0.3328125 0.46875 0.09765625 0.09765625
1 0.32265625 0.36328125 0.08515625 0.0859375
1 0.3328125 0.24765625 0.09765625 0.0984375
1 0.33203125 0.14453125 0.09765625 0.09765625
1 0.43046875 0.0734375 0.09765625 0.09765625
1 0.4234375 0.18671875 0.09765625 0.09765625
1 0.4203125 0.29140625 0.09765625 0.0984375
1 0.4234375 0.40234375 0.09765625 0.09765625
1 0.42109375 0.50390625 0.0859375 0.0859375
1 0.325 0.58671875 0.09765625 0.09765625
1 0.5171875 0.55625 0.09765625 0.0984375
1 0.5125 0.35390625 0.09765625 0.0984375
1 0.515625 0.23203125 0.09765625 0.0984375
1 0.5234375 0.1265625 0.09765625 0.0984375
1 0.60859375 0.071875 0.11015625 0.11015625
1 0.60625 0.17265625 0.09765625 0.0984375
1 0.61015625 0.26484375 0.11015625 0.1109375
1 0.6140625 0.39765625 0.11015625 0.1109375
1 0.60703125 0.50625 0.11015625 0.11015625
1 0.7046875 0.5578125 0.09765625 0.09765625
1 0.709375 0.446875 0.09765625 0.0984375
1 0.709375 0.3328125 0.09765625 0.0984375
1 0.70390625 0.22421875 0.109375 0.11015625
1 0.7046875 0.11640625 0.11015625 0.11015625
1 0.79609375 0.059375 0.09765625 0.0984375
1 0.8 0.16875 0.109375 0.11015625
1 0.79609375 0.28046875 0.109375 0.11015625
1 0.790625 0.3953125 0.09765625 0.0984375
1 0.79609375 0.5015625 0.09765625 0.0984375
1 0.8859375 0.5640625 0.08515625 0.0859375
1 0.89140625 0.4359375 0.0859375 0.0859375
1 0.89140625 0.325 0.0859375 0.0859375
1 0.89375 0.11875 0.09765625 0.09765625
1 0.89140625 0.21953125 0.09765625 0.0984375
1 0.88671875 0.67265625 0.09765625 0.0984375
1 0.8890625 0.7828125 0.09765625 0.0984375
1 0.8875 0.88671875 0.0859375 0.0859375
1 0.79296875 0.840625 0.09765625 0.0984375
1 0.79296875 0.72265625 0.0859375 0.0859375
1 0.7921875 0.61640625 0.0859375 0.0859375
1 0.7015625 0.6625 0.09765625 0.0984375
1 0.6984375 0.7703125 0.09765625 0.0984375
1 0.70390625 0.87578125 0.09765625 0.09765625
1 0.6109375 0.928125 0.109375 0.1109375
1 0.61015625 0.82734375 0.11015625 0.1109375
1 0.60390625 0.73671875 0.11015625 0.11015625
1 0.61015625 0.6109375 0.11015625 0.11015625
1 0.51953125 0.66328125 0.09765625 0.09765625
1 0.51953125 0.77421875 0.09765625 0.09765625
1 0.5125 0.884375 0.0859375 0.0859375
1 0.4171875 0.84765625 0.0859375 0.0859375
1 0.425 0.7265625 0.09765625 0.09765625
1 0.4171875 0.6203125 0.09765625 0.09765625
1 0.328125 0.69140625 0.09765625 0.09765625
1 0.321875 0.7875 0.09765625 0.0984375
1 0.3203125 0.9109375 0.09765625 0.0984375
1 0.22734375 0.85390625 0.11015625 0.11015625
1 0.23984375 0.740625 0.11015625 0.11015625
1 0.23125 0.6296875 0.11015625 0.11015625
1 0.14453125 0.69609375 0.09765625 0.0984375
1 0.1296875 0.80703125 0.109375 0.11015625
1 0.13203125 0.91328125 0.0859375 0.0859375