1 0.21875 0.659375 0.109375 0.11015625
2 0.884375 0.59609375 0.0859375 0.08671875
2 0.39921875 0.759375 0.0734375 0.07421875
1 0.8796875 0.159375 0.11015625 0.1109375
1 0.88203125 0.2671875 0.08515625 0.0859375
1 0.87578125 0.38671875 0.08515625 0.0859375
1 0.88203125 0.490625 0.0859375 0.0859375
1 0.790625 0.10078125 0.08515625 0.0859375
2 0.79765625 0.2140625 0.02421875 0.02421875
2 0.790625 0.3328125 0.0375 0.0375
2 0.79375 0.4390625 0.02421875 0.02421875
2 0.7875 0.55234375 0.02421875 0.02421875
2 0.69609375 0.3609375 0.02421875 0.02421875
2 0.69609375 0.47109375 0.02421875 0.02421875
2 0.6921875 0.58671875 0.02421875 0.02421875
1 0.6984375 0.1359375 0.09765625 0.0984375
1 0.69609375 0.24140625 0.09765625 0.0984375
2 0.68828125 0.69609375 0.02421875 0.02421875
2 0.690625 0.778125 0.02421875 0.02421875
2 0.78828125 0.6390625 0.02421875 0.02421875
2 0.78203125 0.746875 0.02421875 0.02421875
2 0.88203125 0.77734375 0.0375 0.0375
1 0.87890625 0.69453125 0.109375 0.11015625
1 0.40546875 0.3265625 0.09765625 0.0984375
1 0.409375 0.43046875 0.109375 0.11015625
1 0.4 0.540625 0.09765625 0.09765625
1 0.40546875 0.65234375 0.09765625 0.09765625
3 0.3078125 0.38203125 0.0859375 0.0859375
1 0.30859375 0.4953125 0.09765625 0.09765625
1 0.30390625 0.6 0.11015625 0.11015625
1 0.3046875 0.709375 0.09765625 0.0984375
1 0.21953125 0.31875 0.11015625 0.1109375
1 0.2171875 0.43125 0.11015625 0.1109375
1 0.2171875 0.54375 0.09765625 0.09765625
1 0.22109375 0.76484375 0.0734375 0.0734375
1 0.11953125 0.2703125 0.11015625 0.1109375
1 0.11875 0.37421875 0.109375 0.1109375
1 0.11640625 0.4953125 0.109375 0.11015625
1 0.11796875 0.603125 0.09765625 0.0984375
1 0.121875 0.7078125 0.09765625 0.0984375
2 0.0359375 0.928125 0.0609375 0.06171875
2 0.21796875 0.92890625 0.0609375 0.06171875
2 0.4078125 0.93671875 0.0359375 0.0375
2 0.603125 0.940625 0.0609375 0.06171875
2 0.78984375 0.94765625 0.06171875 0.06171875
2 0.9734375 0.9578125 0.0484375 0.0484375