2 0.3390625 0.88125 0.0734375 0.0734375
2 0.43203125 0.47265625 0.0734375 0.07421875
2 0.246875 0.95390625 0.0734375 0.07421875
1 0.9125 0.76953125 0.0859375 0.0859375
1 0.9140625 0.86640625 0.09765625 0.09765625
1 0.8125 0.72421875 0.109375 0.11015625
1 0.715625 0.7890625 0.09765625 0.09765625
1 0.628125 0.72421875 0.109375 0.11015625
1 0.53046875 0.78125 0.11015625 0.1109375
1 0.440625 0.75625 0.109375 0.11015625
1 0.4328125 0.85234375 0.09765625 0.09765625
1 0.33671875 0.7796875 0.09765625 0.0984375
1 0.25 0.7234375 0.09765625 0.09765625
1 0.24140625 0.83203125 0.0859375 0.0859375
1 0.06328125 0.7234375 0.09765625 0.0984375
3 0.05625 0.8375 0.0859375 0.0859375
1 0.059375 0.94375 0.08515625 0.0859375
1 0.81328125 0.05390625 0.0859375 0.0859375
1 0.9234375 0.1078125 0.08515625 0.0859375
1 0.91640625 0.2515625 0.08515625 0.0859375
1 0.909375 0.6625 0.11015625 0.11015625
1 0.9140625 0.5578125 0.09765625 0.09765625
1 0.91796875 0.4640625 0.09765625 0.09765625
1 0.91796875 0.36328125 0.0859375 0.0859375
1 0.81953125 0.18671875 0.11015625 0.11015625
1 0.8171875 0.278125 0.109375 0.11015625
1 0.81328125 0.40546875 0.11015625 0.1109375
1 0.8171875 0.50078125 0.11015625 0.11015625
1 0.8234375 0.625 0.109375 0.1109375
1 0.7265625 0.56484375 0.109375 0.11015625
1 0.7265625 0.45859375 0.109375 0.11015625
1 0.72265625 0.34921875 0.109375 0.11015625
1 0.63359375 0.19375 0.0859375 0.0859375
1 0.63359375 0.2921875 0.0859375 0.0859375
1 0.628125 0.40859375 0.09765625 0.0984375
1 0.6265625 0.51171875 0.09765625 0.09765625
1 0.43359375 0.06328125 0.09765625 0.0984375
1 0.24609375 0.05 0.0859375 0.0859375
1 0.25 0.175 0.0859375 0.0859375
1 0.24296875 0.27421875 0.0859375 0.0859375
1 0.24921875 0.40625 0.08515625 0.0859375
1 0.35703125 0.42265625 0.08515625 0.0859375
1 0.353125 0.33984375 0.08515625 0.0859375
1 0.34296875 0.2234375 0.0859375 0.0859375
1 0.34453125 0.109375 0.08515625 0.0859375
1 0.43828125 0.1796875 0.0859375 0.0859375
1 0.4359375 0.3015625 0.08515625 0.0859375
1 0.43671875 0.38359375 0.08515625 0.0859375
1 0.53515625 0.534375 0.0859375 0.0859375
1 0.5328125 0.4265625 0.08515625 0.0859375
1 0.540625 0.33203125 0.08515625 0.0859375
1 0.5328125 0.2375 0.08515625 0.0859375
1 0.5375 0.1265625 0.0859375 0.0859375
1 0.721875 0.128125 0.0859375 0.0859375
1 0.7203125 0.23828125 0.08515625 0.0859375
1 0.6359375 0.0734375 0.08515625 0.0859375
1 0.53125 0.6828125 0.09765625 0.0984375
1 0.4390625 0.6625 0.109375 0.11015625
1 0.3421875 0.67890625 0.11015625 0.11015625
1 0.2484375 0.6109375 0.09765625 0.09765625
1 0.159375 0.11953125 0.09765625 0.0984375
1 0.15703125 0.228125 0.08515625 0.0859375
1 0.15546875 0.34609375 0.09765625 0.0984375
1 0.15625 0.459375 0.09765625 0.0984375
1 0.0671875 0.06328125 0.09765625 0.09765625
1 0.06796875 0.1734375 0.08515625 0.0859375
1 0.0671875 0.29140625 0.09765625 0.0984375
1 0.06328125 0.4046875 0.0859375 0.0859375
1 0.0609375 0.5140625 0.09765625 0.09765625
1 0.05546875 0.6125 0.0859375 0.0859375