2 0.04609375 0.340625 0.06171875 0.06171875
2 0.334375 0.40625 0.0734375 0.07421875
2 0.05 0.446875 0.0734375 0.07421875
2 0.715625 0.74453125 0.0734375 0.0734375
2 0.80703125 0.90078125 0.06171875 0.06171875
2 0.89375 0.4078125 0.0484375 0.0484375
2 0.80390625 0.36328125 0.0484375 0.0484375
2 0.7984375 0.4640625 0.0484375 0.0484375
2 0.709375 0.4171875 0.0375 0.0375
2 0.6984375 0.5328125 0.0359375 0.0359375
2 0.5265625 0.4015625 0.0359375 0.0375
3 0.4296875 0.56875 0.0484375 0.05
3 0.334375 0.61015625 0.0484375 0.0484375
3 0.32890625 0.5203125 0.0484375 0.0484375
3 0.253125 0.4640625 0.0609375 0.06171875
3 0.15078125 0.49921875 0.0359375 0.0359375
1 0.5328125 0.50859375 0.0859375 0.0859375
3 0.4265625 0.45859375 0.06171875 0.06171875
2 0.6078125 0.45703125 0.02421875 0.025
1 0.896875 0.51484375 0.09765625 0.09765625
1 0.8875 0.6265625 0.11015625 0.11015625
1 0.89765625 0.740625 0.109375 0.11015625
1 0.9 0.85390625 0.11015625 0.11015625
1 0.7984375 0.56796875 0.11015625 0.11015625
1 0.803125 0.696875 0.11015625 0.11015625
1 0.803125 0.7953125 0.09765625 0.0984375
1 0.7140625 0.871875 0.09765625 0.09765625
1 0.715625 0.65234375 0.09765625 0.09765625
1 0.62421875 0.584375 0.09765625 0.0984375
1 0.625 0.68828125 0.09765625 0.09765625
1 0.61796875 0.80546875 0.09765625 0.09765625
1 0.6203125 0.9078125 0.08515625 0.0859375
1 0.52734375 0.95 0.09765625 0.0984375
1 0.5265625 0.84765625 0.0859375 0.0859375
1 0.52421875 0.7375 0.09765625 0.0984375
1 0.525 0.621875 0.109375 0.1109375
1 0.43359375 0.6859375 0.0859375 0.0859375
1 0.43359375 0.77421875 0.09765625 0.09765625
1 0.4328125 0.88359375 0.09765625 0.0984375
1 0.33671875 0.8296875 0.09765625 0.09765625
1 0.3328125 0.725 0.09765625 0.09765625
1 0.246875 0.3453125 0.08515625 0.0859375
1 0.1484375 0.3890625 0.0859375 0.0859375
1 0.24609375 0.6734375 0.09765625 0.09765625
1 0.25546875 0.55546875 0.08515625 0.0859375
1 0.24140625 0.8015625 0.0859375 0.0859375
3 0.24609375 0.903125 0.09765625 0.0984375
1 0.1453125 0.8375 0.09765625 0.09765625
1 0.1546875 0.7296875 0.109375 0.11015625
1 0.1546875 0.6 0.11015625 0.1109375
1 0.05625 0.5515625 0.0859375 0.0859375
1 0.05859375 0.67265625 0.09765625 0.0984375
1 0.0546875 0.784375 0.09765625 0.09765625