2 0.14140625 0.5140625 0.0734375 0.07421875
1 0.71796875 0.0625 0.109375 0.1109375
1 0.90390625 0.0765625 0.11015625 0.11015625
1 0.90859375 0.18828125 0.11015625 0.11015625
1 0.909375 0.3 0.109375 0.1109375
1 0.9078125 0.4 0.09765625 0.09765625
1 0.9109375 0.5203125 0.109375 0.11015625
1 0.81171875 0.1390625 0.09765625 0.09765625
1 0.81640625 0.25 0.09765625 0.09765625
1 0.8125 0.3609375 0.109375 0.11015625
1 0.81640625 0.46796875 0.109375 0.11015625
1 0.7171875 0.18359375 0.109375 0.1109375
1 0.721875 0.29296875 0.09765625 0.09765625
1 0.7203125 0.4015625 0.11015625 0.11015625
1 0.7171875 0.5109375 0.11015625 0.11015625
1 0.6265625 0.12578125 0.11015625 0.1109375
1 0.6234375 0.2359375 0.11015625 0.11015625
1 0.628125 0.35234375 0.11015625 0.11015625
1 0.621875 0.46171875 0.11015625 0.11015625
1 0.52578125 0.07109375 0.11015625 0.11015625
1 0.528125 0.18984375 0.11015625 0.11015625
1 0.528125 0.29375 0.109375 0.11015625
1 0.5265625 0.40390625 0.109375 0.11015625
1 0.5234375 0.5140625 0.09765625 0.0984375
1 0.4359375 0.128125 0.109375 0.11015625
1 0.4328125 0.23671875 0.109375 0.11015625
1 0.43359375 0.35 0.09765625 0.0984375
1 0.43828125 0.45390625 0.09765625 0.0984375
1 0.3375 0.0734375 0.109375 0.11015625
1 0.340625 0.1859375 0.109375 0.11015625
1 0.3375 0.28984375 0.11015625 0.11015625
1 0.3375 0.403125 0.11015625 0.11015625
1 0.33515625 0.5125 0.11015625 0.11015625
1 0.24140625 0.12578125 0.09765625 0.0984375
1 0.23828125 0.2359375 0.09765625 0.0984375
1 0.240625 0.34609375 0.09765625 0.0984375
1 0.24140625 0.459375 0.09765625 0.09765625
1 0.24140625 0.5609375 0.09765625 0.09765625
1 0.15 0.065625 0.09765625 0.0984375
1 0.14765625 0.1859375 0.109375 0.11015625
1 0.14375 0.29453125 0.09765625 0.0984375
1 0.14140625 0.396875 0.09765625 0.09765625
1 0.05 0.4546875 0.08515625 0.0859375
1 0.0484375 0.68046875 0.0859375 0.0859375
1 0.0484375 0.7828125 0.08515625 0.0859375
1 0.14765625 0.621875 0.0859375 0.0859375
1 0.1453125 0.7328125 0.09765625 0.0984375
1 0.140625 0.8546875 0.09765625 0.0984375
1 0.24375 0.684375 0.09765625 0.0984375
1 0.23515625 0.79375 0.0859375 0.0859375
1 0.2375 0.9015625 0.09765625 0.0984375
1 0.33671875 0.62265625 0.11015625 0.11015625
1 0.3421875 0.7328125 0.11015625 0.11015625
1 0.3421875 0.84453125 0.11015625 0.11015625
1 0.42578125 0.56953125 0.109375 0.11015625
1 0.42890625 0.6828125 0.109375 0.11015625
1 0.43046875 0.78671875 0.11015625 0.11015625
1 0.43203125 0.909375 0.11015625 0.11015625
1 0.525 0.628125 0.109375 0.11015625
1 0.53125 0.7375 0.109375 0.11015625
1 0.525 0.846875 0.109375 0.11015625
1 0.615625 0.57109375 0.11015625 0.1109375
1 0.6203125 0.68828125 0.09765625 0.09765625
1 0.621875 0.79140625 0.109375 0.11015625
1 0.625 0.90546875 0.09765625 0.0984375
1 0.71796875 0.628125 0.11015625 0.1109375
1 0.71796875 0.74296875 0.11015625 0.1109375
1 0.7140625 0.853125 0.11015625 0.11015625
1 0.8109375 0.575 0.109375 0.11015625
1 0.81640625 0.690625 0.109375 0.1109375
1 0.81484375 0.79765625 0.11015625 0.1109375
1 0.815625 0.91015625 0.11015625 0.1109375
1 0.91015625 0.63203125 0.09765625 0.0984375
1 0.90625 0.746875 0.109375 0.11015625
1 0.90625 0.8515625 0.109375 0.1109375