1 0.94140625 0.10703125 0.109375 0.11015625
2 0.9484375 0.325 0.0484375 0.05
1 0.85234375 0.165625 0.11015625 0.11015625
1 0.8546875 0.278125 0.11015625 0.11015625
1 0.85390625 0.38359375 0.08515625 0.0859375
1 0.75234375 0.103125 0.11015625 0.11015625
1 0.7578125 0.2140625 0.09765625 0.0984375
1 0.66484375 0.16171875 0.109375 0.11015625
1 0.6640625 0.26640625 0.109375 0.11015625
1 0.665625 0.3875 0.0734375 0.07421875
1 0.57265625 0.1140625 0.11015625 0.11015625
1 0.5671875 0.20625 0.11015625 0.11015625
1 0.56875 0.328125 0.11015625 0.1109375
1 0.4796875 0.065625 0.11015625 0.11015625
1 0.47734375 0.17265625 0.11015625 0.1109375
1 0.478125 0.28046875 0.09765625 0.09765625
2 0.48046875 0.384375 0.0609375 0.06171875
1 0.375 0.1125 0.109375 0.1109375
1 0.37421875 0.2125 0.09765625 0.09765625
1 0.3765625 0.3328125 0.109375 0.11015625
1 0.28203125 0.0625 0.09765625 0.09765625
1 0.278125 0.1734375 0.109375 0.11015625
1 0.28203125 0.28046875 0.109375 0.11015625
1 0.1875 0.10546875 0.09765625 0.09765625
1 0.1859375 0.2140625 0.11015625 0.11015625
1 0.1828125 0.3234375 0.11015625 0.11015625
1 0.09453125 0.16484375 0.11015625 0.11015625
1 0.0875 0.27421875 0.11015625 0.11015625
1 0.08125 0.38359375 0.11015625 0.1109375
1 0.0859375 0.50078125 0.09765625 0.09765625
1 0.0875 0.60390625 0.109375 0.11015625
1 0.090625 0.71796875 0.09765625 0.0984375
1 0.08515625 0.82890625 0.109375 0.11015625
1 0.184375 0.440625 0.11015625 0.1109375
1 0.184375 0.55546875 0.11015625 0.1109375
1 0.18046875 0.665625 0.11015625 0.11015625
1 0.18671875 0.78046875 0.11015625 0.11015625
1 0.2765625 0.3875 0.109375 0.11015625
1 0.28203125 0.503125 0.109375 0.1109375
1 0.28046875 0.61015625 0.11015625 0.1109375
1 0.28203125 0.72265625 0.11015625 0.1109375
1 0.278125 0.83828125 0.11015625 0.11015625
1 0.37578125 0.44453125 0.09765625 0.0984375
1 0.371875 0.559375 0.109375 0.11015625
1 0.371875 0.6640625 0.109375 0.1109375
1 0.37109375 0.778125 0.109375 0.1109375
1 0.46953125 0.490625 0.11015625 0.11015625
1 0.46640625 0.61015625 0.11015625 0.11015625
1 0.46875 0.7203125 0.09765625 0.09765625
1 0.471875 0.8375 0.109375 0.1109375
1 0.56328125 0.4484375 0.11015625 0.11015625
1 0.5671875 0.55 0.11015625 0.11015625
1 0.5671875 0.6703125 0.11015625 0.11015625
1 0.56171875 0.7796875 0.11015625 0.11015625
1 0.565625 0.88984375 0.09765625 0.09765625
1 0.36640625 0.884375 0.109375 0.11015625
1 0.66328125 0.49140625 0.0859375 0.08671875
1 0.74921875 0.43671875 0.0734375 0.0734375
1 0.8546875 0.4859375 0.11015625 0.11015625
1 0.2765625 0.94453125 0.08515625 0.0859375
1 0.1796875 0.88125 0.109375 0.11015625
1 0.0859375 0.9390625 0.109375 0.11015625