2 0.784375 0.746875 0.0734375 0.07421875
2 0.69296875 0.82734375 0.0734375 0.0734375
1 0.5046875 0.9078125 0.08515625 0.0859375
1 0.49921875 0.80390625 0.08515625 0.0859375
1 0.49921875 0.6859375 0.08515625 0.0859375
1 0.41796875 0.6421875 0.0859375 0.0859375
1 0.3109375 0.69453125 0.08515625 0.0859375
1 0.3140625 0.7859375 0.0859375 0.08671875
1 0.41171875 0.74375 0.08515625 0.0859375
1 0.4078125 0.8421875 0.08515625 0.0859375
2 0.68828125 0.71328125 0.06171875 0.06171875
1 0.1359375 0.15625 0.0859375 0.0859375
1 0.12890625 0.25703125 0.09765625 0.0984375
1 0.128125 0.36875 0.09765625 0.09765625
1 0.12578125 0.47578125 0.09765625 0.0984375
1 0.13359375 0.5890625 0.109375 0.11015625
1 0.12109375 0.70078125 0.09765625 0.0984375
1 0.125 0.81328125 0.09765625 0.0984375
1 0.12578125 0.91875 0.09765625 0.0984375
1 0.23125 0.85859375 0.09765625 0.09765625
1 0.23203125 0.75625 0.08515625 0.0859375
1 0.221875 0.6390625 0.109375 0.1109375
1 0.221875 0.5484375 0.109375 0.1109375
1 0.2234375 0.1828125 0.09765625 0.0984375
3 0.2203125 0.32734375 0.09765625 0.0984375
1 0.221875 0.4234375 0.09765625 0.09765625
1 0.321875 0.146875 0.09765625 0.0984375
1 0.31953125 0.2625 0.09765625 0.09765625
1 0.3234375 0.3703125 0.09765625 0.0984375
1 0.31875 0.48359375 0.09765625 0.0984375
1 0.31640625 0.5734375 0.09765625 0.0984375
1 0.315625 0.92109375 0.09765625 0.09765625
1 0.4109375 0.2015625 0.109375 0.11015625
1 0.4078125 0.30703125 0.109375 0.11015625
1 0.415625 0.4171875 0.109375 0.11015625
1 0.4125 0.52578125 0.09765625 0.0984375
1 0.51953125 0.15234375 0.109375 0.1109375
1 0.51015625 0.2625 0.08515625 0.0859375
1 0.50234375 0.36640625 0.11015625 0.11015625
1 0.5109375 0.475 0.08515625 0.0859375
1 0.51171875 0.5515625 0.09765625 0.09765625
1 0.596875 0.1203125 0.09765625 0.0984375
1 0.6 0.22421875 0.09765625 0.0984375
1 0.60078125 0.315625 0.0859375 0.0859375
1 0.60859375 0.43359375 0.0859375 0.0859375
1 0.60859375 0.5296875 0.09765625 0.0984375
1 0.60078125 0.6484375 0.0859375 0.0859375
1 0.5953125 0.7515625 0.08515625 0.0859375
1 0.59765625 0.88203125 0.0859375 0.0859375
1 0.6984375 0.15703125 0.09765625 0.0984375
1 0.70625 0.26953125 0.08515625 0.0859375
1 0.70234375 0.37109375 0.11015625 0.1109375
1 0.7015625 0.478125 0.109375 0.11015625
1 0.7 0.57734375 0.109375 0.11015625
1 0.80078125 0.6390625 0.109375 0.11015625
1 0.80625 0.5328125 0.11015625 0.11015625
1 0.8046875 0.4296875 0.109375 0.1109375
1 0.80390625 0.31171875 0.09765625 0.09765625
1 0.803125 0.20078125 0.09765625 0.0984375
1 0.89296875 0.14453125 0.08515625 0.0859375
1 0.89140625 0.2546875 0.109375 0.11015625
1 0.8921875 0.36015625 0.09765625 0.0984375
1 0.89140625 0.47421875 0.109375 0.11015625
1 0.8859375 0.58828125 0.09765625 0.0984375
1 0.88984375 0.68984375 0.109375 0.11015625
1 0.8890625 0.92421875 0.09765625 0.0984375