1 0.93515625 0.87578125 0.11015625 0.11015625
1 0.93359375 0.75625 0.109375 0.1109375
1 0.93515625 0.6515625 0.11015625 0.11015625
1 0.8484375 0.590625 0.09765625 0.0984375
1 0.8484375 0.7 0.109375 0.11015625
1 0.85078125 0.81796875 0.11015625 0.11015625
1 0.8453125 0.93046875 0.109375 0.11015625
1 0.74609375 0.759375 0.09765625 0.0984375
1 0.75 0.6390625 0.09765625 0.09765625
1 0.6546875 0.7046875 0.08515625 0.0859375
1 0.6578125 0.81328125 0.109375 0.11015625
1 0.64765625 0.925 0.11015625 0.1109375
1 0.55859375 0.85859375 0.09765625 0.09765625
1 0.5578125 0.7203125 0.09765625 0.0984375
1 0.5578125 0.63046875 0.109375 0.11015625
1 0.465625 0.590625 0.09765625 0.0984375
1 0.46953125 0.7078125 0.109375 0.11015625
1 0.471875 0.81953125 0.08515625 0.0859375
2 0.1921875 0.640625 0.0484375 0.0484375
1 0.36796875 0.65390625 0.08515625 0.08671875
1 0.36796875 0.75 0.08515625 0.0859375
1 0.38046875 0.875 0.11015625 0.1109375
1 0.2875 0.896875 0.11015625 0.11015625
1 0.18828125 0.8515625 0.08515625 0.0859375
1 0.2796875 0.69921875 0.08515625 0.0859375
2 0.28125 0.80546875 0.0484375 0.0484375
2 0.09765625 0.70234375 0.0484375 0.0484375
1 0.10078125 0.80859375 0.09765625 0.09765625
1 0.09140625 0.9203125 0.11015625 0.11015625
2 0.1859375 0.7484375 0.0484375 0.05
1 0.946875 0.13984375 0.09765625 0.09765625
1 0.85078125 0.3109375 0.109375 0.11015625
1 0.8515625 0.196875 0.09765625 0.0984375
1 0.8625 0.08125 0.109375 0.1109375
1 0.67890625 0.09765625 0.09765625 0.09765625
1 0.6609375 0.19765625 0.11015625 0.11015625
1 0.6578125 0.28359375 0.11015625 0.11015625
1 0.7625 0.29296875 0.109375 0.1109375
1 0.75390625 0.14921875 0.09765625 0.0984375
3 0.56171875 0.1078125 0.0734375 0.0734375
1 0.56640625 0.21328125 0.09765625 0.0984375
1 0.56171875 0.321875 0.11015625 0.11015625
1 0.478125 0.28203125 0.09765625 0.09765625
1 0.48359375 0.2046875 0.09765625 0.0984375
1 0.28984375 0.08828125 0.09765625 0.0984375
2 0.38125 0.22890625 0.0734375 0.0734375
1 0.3875 0.32734375 0.09765625 0.0984375
1 0.203125 0.1390625 0.109375 0.11015625
1 0.2 0.25703125 0.09765625 0.0984375
1 0.090625 0.08828125 0.09765625 0.0984375
1 0.10234375 0.196875 0.08515625 0.0859375