2 0.79765625 0.40078125 0.0734375 0.0734375
2 0.8875 0.546875 0.0734375 0.07421875
2 0.88828125 0.4421875 0.0734375 0.0734375
2 0.70390625 0.4640625 0.08515625 0.0859375
2 0.79921875 0.49609375 0.0734375 0.07421875
2 0.80390625 0.6125 0.0734375 0.07421875
2 0.521875 0.9171875 0.0734375 0.0734375
2 0.89140625 0.6671875 0.0734375 0.07421875
2 0.0390625 0.090625 0.0375 0.0375
1 0.14609375 0.0609375 0.0734375 0.0734375
2 0.2171875 0.1265625 0.06171875 0.06171875
1 0.3234375 0.06484375 0.09765625 0.0984375
1 0.51640625 0.0640625 0.09765625 0.09765625
1 0.61015625 0.10625 0.08515625 0.0859375
1 0.70703125 0.0609375 0.0859375 0.0859375
1 0.79765625 0.109375 0.0859375 0.0859375
1 0.89375 0.0515625 0.09765625 0.0984375
2 0.13125 0.271875 0.0484375 0.0484375
1 0.128125 0.35703125 0.09765625 0.0984375
1 0.12734375 0.471875 0.121875 0.121875
1 0.13125 0.578125 0.121875 0.1234375
1 0.13046875 0.69453125 0.11015625 0.11015625
1 0.1265625 0.79765625 0.121875 0.1234375
1 0.21640625 0.30390625 0.0734375 0.0734375
1 0.2203125 0.41640625 0.109375 0.11015625
1 0.221875 0.52578125 0.109375 0.11015625
1 0.221875 0.63359375 0.0859375 0.0859375
1 0.22734375 0.74765625 0.11015625 0.11015625
1 0.3265625 0.35625 0.121875 0.1234375
1 0.31484375 0.46484375 0.121875 0.1234375
1 0.321875 0.58515625 0.09765625 0.0984375
1 0.3234375 0.684375 0.09765625 0.0984375
1 0.31953125 0.80390625 0.121875 0.1234375
1 0.4203125 0.3015625 0.0734375 0.07421875
1 0.42578125 0.4140625 0.09765625 0.09765625
1 0.43203125 0.52734375 0.121875 0.1234375
1 0.428125 0.63984375 0.09765625 0.0984375
1 0.415625 0.74296875 0.09765625 0.0984375
1 0.52109375 0.3578125 0.121875 0.1234375
1 0.5171875 0.47734375 0.121875 0.1234375
1 0.51875 0.5859375 0.08515625 0.0859375
1 0.51640625 0.70625 0.09765625 0.0984375
1 0.6109375 0.30859375 0.09765625 0.09765625
1 0.615625 0.421875 0.09765625 0.09765625
1 0.615625 0.5265625 0.09765625 0.09765625
1 0.6171875 0.640625 0.09765625 0.09765625
1 0.61640625 0.746875 0.121875 0.1234375
1 0.51484375 0.8171875 0.0734375 0.0734375
1 0.61640625 0.8578125 0.121875 0.1234375
2 0.7015625 0.36015625 0.0734375 0.07421875
1 0.709375 0.58203125 0.0859375 0.0859375
1 0.70625 0.6953125 0.09765625 0.09765625
1 0.70625 0.80546875 0.121875 0.1234375
2 0.79609375 0.303125 0.0609375 0.06171875
1 0.79765625 0.7453125 0.09765625 0.09765625
2 0.88359375 0.33515625 0.0609375 0.06171875
1 0.89765625 0.80546875 0.08515625 0.0859375
1 0.8984375 0.9171875 0.09765625 0.09765625
1 0.8046875 0.86015625 0.0859375 0.0859375
1 0.7078125 0.909375 0.09765625 0.09765625
1 0.4125 0.85703125 0.09765625 0.0984375
1 0.3171875 0.91875 0.11015625 0.11015625
1 0.215625 0.853125 0.11015625 0.11015625
1 0.1265625 0.909375 0.09765625 0.0984375