1 0.69140625 0.2640625 0.109375 0.11015625
1 0.878125 0.15625 0.11015625 0.1109375
1 0.88359375 0.26328125 0.11015625 0.11015625
1 0.7875 0.10703125 0.11015625 0.11015625
1 0.7921875 0.21171875 0.109375 0.11015625
1 0.6921875 0.05 0.09765625 0.0984375
1 0.6890625 0.15703125 0.109375 0.11015625
1 0.5921875 0.10390625 0.109375 0.11015625
1 0.5953125 0.20859375 0.109375 0.11015625
2 0.5984375 0.321875 0.0484375 0.05
2 0.690625 0.3765625 0.0484375 0.05
2 0.78515625 0.3140625 0.0484375 0.0484375
1 0.50234375 0.1625 0.11015625 0.11015625
1 0.50546875 0.275 0.11015625 0.11015625
1 0.5046875 0.38125 0.08515625 0.0859375
1 0.403125 0.1 0.11015625 0.11015625
1 0.4078125 0.21171875 0.09765625 0.0984375
1 0.315625 0.15859375 0.109375 0.11015625
1 0.3140625 0.26328125 0.109375 0.11015625
1 0.315625 0.384375 0.0734375 0.07421875
1 0.2234375 0.1109375 0.11015625 0.11015625
1 0.2171875 0.20390625 0.11015625 0.11015625
1 0.21953125 0.325 0.11015625 0.1109375
1 0.13046875 0.06328125 0.11015625 0.11015625
1 0.12734375 0.1703125 0.11015625 0.1109375
1 0.12890625 0.27734375 0.09765625 0.09765625
2 0.13125 0.38125 0.0609375 0.06171875
1 0.11953125 0.4875 0.11015625 0.11015625
1 0.11640625 0.60703125 0.11015625 0.11015625
1 0.11875 0.71796875 0.09765625 0.09765625
1 0.121875 0.83515625 0.109375 0.1109375
1 0.21328125 0.44609375 0.11015625 0.11015625
1 0.2171875 0.54765625 0.11015625 0.11015625
1 0.2171875 0.6671875 0.11015625 0.11015625
1 0.2125 0.7765625 0.11015625 0.11015625
1 0.215625 0.88671875 0.09765625 0.09765625
1 0.31328125 0.4890625 0.0859375 0.08671875
1 0.4 0.434375 0.0734375 0.0734375
1 0.50546875 0.4828125 0.11015625 0.11015625
1 0.5953125 0.434375 0.109375 0.11015625
1 0.6921875 0.48359375 0.109375 0.1109375
1 0.7953125 0.5421875 0.0859375 0.0859375
1 0.78828125 0.4296875 0.08515625 0.0859375
2 0.88515625 0.38125 0.08515625 0.0859375
1 0.88203125 0.4875 0.08515625 0.0859375
1 0.88984375 0.59453125 0.09765625 0.09765625
1 0.884375 0.69921875 0.09765625 0.09765625
1 0.8796875 0.815625 0.09765625 0.0984375
1 0.8875 0.92421875 0.09765625 0.0984375
1 0.11875 0.94375 0.109375 0.11015625