1 0.440625 0.0953125 0.09765625 0.0984375
1 0.534375 0.1515625 0.109375 0.11015625
1 0.05859375 0.0921875 0.09765625 0.09765625
1 0.0578125 0.20078125 0.109375 0.11015625
1 0.0578125 0.32109375 0.09765625 0.0984375
1 0.1515625 0.14921875 0.109375 0.1109375
1 0.153125 0.2640625 0.109375 0.11015625
1 0.2515625 0.096875 0.11015625 0.1109375
1 0.253125 0.1796875 0.0734375 0.07421875
1 0.24296875 0.31953125 0.09765625 0.09765625
1 0.34296875 0.146875 0.09765625 0.09765625
1 0.33984375 0.25625 0.09765625 0.09765625
1 0.44140625 0.20859375 0.109375 0.11015625
1 0.4390625 0.3125 0.11015625 0.1109375
1 0.53203125 0.25703125 0.09765625 0.0984375
1 0.534375 0.36796875 0.09765625 0.09765625
1 0.5328125 0.48359375 0.0859375 0.0859375
2 0.53359375 0.58828125 0.06171875 0.06171875
1 0.534375 0.70234375 0.09765625 0.0984375
3 0.5328125 0.809375 0.11015625 0.11015625
1 0.62578125 0.64140625 0.0859375 0.0859375
1 0.64140625 0.75859375 0.08515625 0.0859375
1 0.4375 0.4265625 0.09765625 0.09765625
1 0.43671875 0.534375 0.08515625 0.0859375
1 0.43828125 0.65390625 0.11015625 0.11015625
1 0.43828125 0.759375 0.109375 0.11015625
1 0.3390625 0.35078125 0.11015625 0.1109375
1 0.35 0.47109375 0.09765625 0.0984375
2 0.33984375 0.59140625 0.0609375 0.06171875
1 0.3421875 0.68984375 0.109375 0.11015625
1 0.33984375 0.809375 0.109375 0.11015625
1 0.25 0.42109375 0.09765625 0.0984375
1 0.25390625 0.5375 0.09765625 0.0984375
1 0.24609375 0.64296875 0.09765625 0.0984375
1 0.24609375 0.7515625 0.09765625 0.0984375
1 0.15234375 0.36796875 0.09765625 0.0984375
1 0.153125 0.47734375 0.09765625 0.0984375
2 0.15390625 0.59296875 0.0734375 0.0734375
1 0.15546875 0.69765625 0.09765625 0.0984375
1 0.153125 0.8109375 0.09765625 0.0984375
1 0.06328125 0.42734375 0.11015625 0.11015625
1 0.05546875 0.525 0.09765625 0.0984375
1 0.053125 0.6546875 0.09765625 0.0984375
1 0.05859375 0.76015625 0.109375 0.11015625
1 0.0609375 0.8609375 0.11015625 0.11015625
1 0.15546875 0.91953125 0.11015625 0.11015625
1 0.25 0.86171875 0.109375 0.11015625
1 0.3375 0.91328125 0.109375 0.11015625
1 0.4375 0.8640625 0.09765625 0.0984375
1 0.53671875 0.9109375 0.11015625 0.11015625
1 0.63671875 0.86640625 0.0859375 0.0859375
1 0.72265625 0.7015625 0.09765625 0.09765625
1 0.73515625 0.80859375 0.09765625 0.09765625
1 0.73125 0.9203125 0.109375 0.11015625
1 0.82734375 0.7546875 0.11015625 0.1109375
1 0.83125 0.8640625 0.11015625 0.1109375
1 0.821875 0.64453125 0.08515625 0.0859375
1 0.921875 0.7015625 0.09765625 0.0984375
1 0.921875 0.8078125 0.09765625 0.09765625
1 0.925 0.915625 0.09765625 0.09765625