2 0.11015625 0.8 0.0734375 0.07421875
1 0.8828125 0.9265625 0.109375 0.11015625
1 0.11640625 0.13515625 0.109375 0.11015625
1 0.1109375 0.2453125 0.109375 0.11015625
1 0.2125 0.0796875 0.109375 0.11015625
1 0.215625 0.19375 0.09765625 0.0984375
1 0.21015625 0.30390625 0.109375 0.11015625
1 0.30546875 0.14140625 0.11015625 0.11015625
1 0.31171875 0.25625 0.11015625 0.11015625
1 0.40546875 0.0859375 0.11015625 0.1109375
1 0.40703125 0.1984375 0.11015625 0.1109375
1 0.403125 0.3140625 0.11015625 0.11015625
1 0.496875 0.13984375 0.109375 0.1109375
1 0.49609375 0.25390625 0.109375 0.1109375
1 0.59140625 0.08515625 0.11015625 0.11015625
1 0.59375 0.19609375 0.09765625 0.09765625
1 0.596875 0.31328125 0.109375 0.1109375
1 0.6921875 0.14609375 0.11015625 0.11015625
1 0.68671875 0.25546875 0.11015625 0.11015625
1 0.690625 0.365625 0.09765625 0.09765625
1 0.49140625 0.36015625 0.109375 0.11015625
1 0.88359375 0.58515625 0.11015625 0.1109375
1 0.88125 0.6984375 0.11015625 0.1109375
1 0.88125 0.8109375 0.09765625 0.09765625
1 0.78359375 0.5375 0.11015625 0.1109375
1 0.7828125 0.640625 0.109375 0.1109375
1 0.78046875 0.7625 0.109375 0.11015625
1 0.78203125 0.86953125 0.09765625 0.0984375
1 0.6859375 0.58828125 0.109375 0.11015625
1 0.690625 0.696875 0.09765625 0.0984375
1 0.69140625 0.80703125 0.09765625 0.0984375
1 0.69140625 0.91328125 0.09765625 0.0984375
1 0.68828125 0.47734375 0.109375 0.1109375
1 0.5921875 0.534375 0.109375 0.11015625
1 0.58828125 0.6390625 0.08515625 0.0859375
1 0.59296875 0.740625 0.09765625 0.0984375
1 0.59453125 0.8640625 0.09765625 0.0984375
1 0.4953125 0.47734375 0.11015625 0.11015625
1 0.49453125 0.5796875 0.11015625 0.11015625
1 0.503125 0.6921875 0.09765625 0.0984375
1 0.496875 0.79765625 0.09765625 0.0984375
1 0.4984375 0.91640625 0.09765625 0.0984375
1 0.4 0.5296875 0.11015625 0.11015625
1 0.40546875 0.634375 0.109375 0.11015625
1 0.40625 0.74765625 0.09765625 0.0984375
1 0.40546875 0.86171875 0.09765625 0.0984375
1 0.30390625 0.47578125 0.0859375 0.08671875
1 0.30546875 0.584375 0.109375 0.11015625
1 0.30625 0.690625 0.09765625 0.0984375
1 0.30546875 0.80390625 0.09765625 0.0984375
1 0.31171875 0.9078125 0.08515625 0.0859375
1 0.20703125 0.525 0.109375 0.11015625
1 0.21171875 0.6359375 0.09765625 0.0984375
1 0.20859375 0.74296875 0.08515625 0.0859375
1 0.21015625 0.85234375 0.08515625 0.0859375
1 0.1109375 0.4625 0.09765625 0.0984375
1 0.11015625 0.57734375 0.08515625 0.0859375
1 0.115625 0.69375 0.08515625 0.0859375
1 0.11640625 0.90625 0.0734375 0.07421875
1 0.59375 0.42265625 0.109375 0.11015625
1 0.4015625 0.4203125 0.08515625 0.0859375
1 0.3046875 0.35703125 0.109375 0.11015625
1 0.2109375 0.41484375 0.109375 0.11015625
1 0.115625 0.35703125 0.11015625 0.11015625