2 0.59921875 0.7109375 0.0734375 0.07421875
2 0.68671875 0.6515625 0.0734375 0.07421875
1 0.12890625 0.0890625 0.109375 0.1109375
1 0.221875 0.1546875 0.11015625 0.1109375
1 0.31171875 0.10078125 0.11015625 0.1109375
1 0.40546875 0.1546875 0.09765625 0.09765625
1 0.5109375 0.103125 0.109375 0.11015625
1 0.603125 0.15703125 0.11015625 0.11015625
1 0.68828125 0.096875 0.109375 0.11015625
1 0.7875 0.15546875 0.109375 0.11015625
1 0.8890625 0.1078125 0.11015625 0.11015625
1 0.88125 0.32734375 0.0859375 0.08671875
1 0.8828125 0.4359375 0.109375 0.11015625
1 0.88359375 0.5421875 0.09765625 0.0984375
1 0.8828125 0.65546875 0.09765625 0.0984375
1 0.8890625 0.759375 0.08515625 0.0859375
1 0.8859375 0.8671875 0.09765625 0.09765625
1 0.784375 0.3765625 0.109375 0.11015625
1 0.7890625 0.4875 0.09765625 0.0984375
1 0.7859375 0.59453125 0.08515625 0.0859375
1 0.7875 0.70390625 0.08515625 0.0859375
1 0.79375 0.81875 0.09765625 0.09765625
1 0.68828125 0.3140625 0.09765625 0.0984375
1 0.68671875 0.42890625 0.08515625 0.0859375
1 0.69296875 0.5453125 0.08515625 0.0859375
1 0.69375 0.7578125 0.0734375 0.07421875
2 0.6890625 0.86171875 0.0609375 0.06171875
1 0.88203125 0.20859375 0.109375 0.11015625
1 0.78828125 0.26640625 0.109375 0.11015625
1 0.69296875 0.20859375 0.11015625 0.11015625
1 0.6015625 0.26640625 0.09765625 0.0984375
1 0.60078125 0.375 0.09765625 0.09765625
1 0.5984375 0.48359375 0.09765625 0.09765625
1 0.60546875 0.59453125 0.0859375 0.0859375
3 0.5046875 0.2078125 0.0859375 0.0859375
3 0.21796875 0.2515625 0.08515625 0.0859375
1 0.12578125 0.19375 0.09765625 0.09765625
1 0.13671875 0.3328125 0.109375 0.1109375
1 0.13671875 0.43671875 0.09765625 0.0984375
1 0.1390625 0.5375 0.09765625 0.0984375
1 0.128125 0.65 0.11015625 0.11015625
1 0.21953125 0.36640625 0.109375 0.1109375
1 0.21484375 0.48046875 0.0859375 0.0859375
1 0.2171875 0.59453125 0.0859375 0.0859375
1 0.31015625 0.19609375 0.11015625 0.11015625
1 0.309375 0.31875 0.11015625 0.1109375
1 0.309375 0.4234375 0.09765625 0.09765625
1 0.31328125 0.553125 0.09765625 0.09765625
1 0.41328125 0.25234375 0.09765625 0.0984375
1 0.41484375 0.37109375 0.08515625 0.0859375
1 0.415625 0.4859375 0.08515625 0.0859375
1 0.40703125 0.58984375 0.08515625 0.0859375
1 0.5125 0.3109375 0.09765625 0.0984375
1 0.5125 0.43828125 0.109375 0.11015625
1 0.5109375 0.5359375 0.0859375 0.0859375
1 0.5109375 0.63671875 0.09765625 0.09765625
3 0.6 0.79765625 0.0734375 0.07421875
1 0.50703125 0.7515625 0.09765625 0.09765625
2 0.50078125 0.8453125 0.0734375 0.07421875
1 0.4125 0.70625 0.08515625 0.0859375
2 0.4125 0.80546875 0.0734375 0.0734375
1 0.3109375 0.76796875 0.09765625 0.0984375
1 0.31640625 0.6546875 0.0859375 0.0859375
1 0.21953125 0.70390625 0.0859375 0.0859375
1 0.2171875 0.803125 0.0859375 0.08671875
1 0.128125 0.7546875 0.09765625 0.0984375