2 0.2671875 0.21796875 0.0734375 0.07421875
2 0.37265625 0.521875 0.0734375 0.0734375
2 0.0765625 0.7953125 0.0734375 0.07421875
2 0.08046875 0.44453125 0.0734375 0.0734375
2 0.2703125 0.57109375 0.0734375 0.07421875
2 0.3578125 0.7171875 0.0734375 0.0734375
2 0.1765625 0.62421875 0.0734375 0.0734375
2 0.44375 0.79921875 0.0734375 0.0734375
2 0.440625 0.90234375 0.0734375 0.07421875
1 0.92265625 0.8453125 0.109375 0.11015625
1 0.9125 0.74921875 0.11015625 0.11015625
1 0.834375 0.90546875 0.09765625 0.09765625
1 0.72890625 0.85390625 0.11015625 0.11015625
1 0.7328125 0.73359375 0.11015625 0.1109375
1 0.5515625 0.7328125 0.09765625 0.0984375
1 0.2671875 0.775 0.0859375 0.0859375
1 0.25625 0.8890625 0.0859375 0.0859375
1 0.3671875 0.83046875 0.0859375 0.08671875
1 0.365625 0.9421875 0.08515625 0.0859375
1 0.165625 0.83671875 0.08515625 0.0859375
1 0.07890625 0.9078125 0.08515625 0.0859375
2 0.37265625 0.615625 0.0734375 0.0734375
2 0.26796875 0.68046875 0.0734375 0.07421875
1 0.37421875 0.31953125 0.0859375 0.0859375
3 0.17265625 0.05625 0.0859375 0.08671875
2 0.08359375 0.10546875 0.0734375 0.07421875
1 0.075 0.6828125 0.0859375 0.0859375
1 0.08203125 0.5671875 0.0859375 0.0859375
1 0.0796875 0.33984375 0.08515625 0.0859375
1 0.07421875 0.2046875 0.09765625 0.0984375
1 0.17109375 0.26171875 0.08515625 0.0859375
1 0.17109375 0.39296875 0.09765625 0.0984375
1 0.171875 0.50859375 0.09765625 0.09765625
1 0.26953125 0.4515625 0.109375 0.11015625
1 0.265625 0.33359375 0.09765625 0.0984375
2 0.553125 0.40625 0.0484375 0.0484375
1 0.55234375 0.5078125 0.08515625 0.0859375
1 0.5546875 0.6234375 0.0859375 0.08671875
1 0.93125 0.06328125 0.0859375 0.0859375
1 0.915625 0.190625 0.09765625 0.0984375
1 0.921875 0.3 0.09765625 0.0984375
1 0.91875 0.409375 0.11015625 0.11015625
1 0.925 0.52109375 0.109375 0.11015625
1 0.9203125 0.63359375 0.11015625 0.11015625
1 0.83671875 0.6875 0.09765625 0.09765625
1 0.8328125 0.55 0.09765625 0.09765625
1 0.8296875 0.45078125 0.09765625 0.0984375
1 0.8296875 0.3609375 0.09765625 0.0984375
1 0.8359375 0.2375 0.09765625 0.0984375
1 0.734375 0.6265625 0.09765625 0.0984375
1 0.73515625 0.5109375 0.08515625 0.0859375
1 0.63984375 0.13359375 0.109375 0.11015625
1 0.63671875 0.2390625 0.109375 0.11015625
1 0.5515625 0.06796875 0.09765625 0.0984375
1 0.54609375 0.18046875 0.11015625 0.11015625
1 0.54375 0.29453125 0.11015625 0.11015625
1 0.45234375 0.23828125 0.109375 0.1109375
1 0.4609375 0.1046875 0.09765625 0.09765625
1 0.365625 0.0640625 0.11015625 0.11015625
1 0.3625 0.20859375 0.11015625 0.11015625
1 0.45703125 0.3453125 0.109375 0.11015625
1 0.45703125 0.453125 0.0859375 0.0859375
1 0.4515625 0.68671875 0.0859375 0.0859375