2 0.37734375 0.2171875 0.0734375 0.0734375
2 0.45078125 0.36796875 0.0734375 0.07421875
2 0.82578125 0.9125 0.0734375 0.07421875
1 0.93125 0.53828125 0.11015625 0.1109375
1 0.93515625 0.66328125 0.121875 0.1234375
1 0.928125 0.76875 0.08515625 0.0859375
1 0.9109375 0.8859375 0.0859375 0.0859375
1 0.83515625 0.48671875 0.11015625 0.11015625
1 0.8390625 0.59609375 0.11015625 0.11015625
1 0.83671875 0.70859375 0.09765625 0.0984375
1 0.8390625 0.80703125 0.09765625 0.0984375
2 0.746875 0.89375 0.0609375 0.06171875
1 0.74140625 0.553125 0.109375 0.11015625
1 0.7484375 0.65 0.11015625 0.11015625
1 0.74609375 0.76484375 0.109375 0.11015625
1 0.65 0.4921875 0.0859375 0.0859375
1 0.6453125 0.603125 0.109375 0.11015625
1 0.64765625 0.709375 0.11015625 0.11015625
1 0.64765625 0.809375 0.109375 0.1109375
1 0.56640625 0.884375 0.0859375 0.0859375
1 0.55234375 0.54140625 0.08515625 0.08671875
1 0.55859375 0.6453125 0.09765625 0.09765625
1 0.5515625 0.7765625 0.09765625 0.0984375
1 0.45 0.48515625 0.0859375 0.0859375
1 0.4515625 0.5984375 0.08515625 0.0859375
1 0.459375 0.71171875 0.09765625 0.09765625
1 0.4625 0.81484375 0.109375 0.11015625
1 0.4734375 0.95234375 0.08515625 0.0859375
1 0.36875 0.8734375 0.11015625 0.1109375
1 0.37109375 0.771875 0.109375 0.1109375
1 0.36875 0.65546875 0.09765625 0.0984375
3 0.36953125 0.54375 0.0734375 0.07421875
1 0.271875 0.48125 0.08515625 0.0859375
1 0.26875 0.60234375 0.08515625 0.0859375
1 0.271875 0.71171875 0.109375 0.11015625
1 0.27421875 0.81953125 0.09765625 0.0984375
1 0.28046875 0.94375 0.0859375 0.0859375
1 0.19375 0.87890625 0.08515625 0.0859375
1 0.196875 0.76640625 0.08515625 0.0859375
1 0.196875 0.6609375 0.09765625 0.0984375
1 0.1828125 0.55546875 0.0859375 0.0859375
1 0.0890625 0.48515625 0.09765625 0.0984375
1 0.084375 0.60859375 0.11015625 0.11015625
1 0.08515625 0.715625 0.11015625 0.11015625
1 0.0890625 0.825 0.096875 0.0984375
1 0.090625 0.92890625 0.08515625 0.0859375
3 0.37421875 0.4203125 0.0734375 0.07421875
3 0.36953125 0.31171875 0.0734375 0.0734375
1 0.2765625 0.2703125 0.0859375 0.0859375
1 0.2765625 0.3859375 0.0859375 0.0859375
3 0.465625 0.27421875 0.0734375 0.07421875
3 0.465625 0.1546875 0.0734375 0.0734375
1 0.93125 0.10859375 0.09765625 0.09765625
1 0.92890625 0.2328125 0.08515625 0.0859375
1 0.934375 0.33515625 0.08515625 0.0859375
1 0.83984375 0.38046875 0.09765625 0.0984375
1 0.834375 0.2734375 0.11015625 0.1109375
1 0.840625 0.16328125 0.09765625 0.09765625
1 0.746875 0.09921875 0.09765625 0.0984375
1 0.753125 0.2203125 0.11015625 0.11015625
1 0.7484375 0.32265625 0.109375 0.11015625
1 0.6546875 0.37421875 0.11015625 0.11015625
1 0.7484375 0.43828125 0.0859375 0.0859375
1 0.66015625 0.28125 0.109375 0.1109375
1 0.64765625 0.1578125 0.109375 0.11015625
1 0.55546875 0.2 0.0859375 0.0859375
1 0.5609375 0.3203125 0.0859375 0.0859375
1 0.5578125 0.10078125 0.08515625 0.0859375
1 0.559375 0.4265625 0.08515625 0.0859375
1 0.37734375 0.11015625 0.08515625 0.0859375
1 0.27890625 0.1703125 0.11015625 0.11015625
1 0.18828125 0.22734375 0.0859375 0.0859375
1 0.1890625 0.3171875 0.0859375 0.0859375
1 0.19375 0.11875 0.08515625 0.0859375
1 0.0828125 0.0765625 0.11015625 0.11015625
1 0.08515625 0.184375 0.09765625 0.0984375
1 0.08984375 0.26484375 0.09765625 0.0984375
1 0.0890625 0.3796875 0.09765625 0.0984375
1 0.19375 0.43046875 0.09765625 0.0984375
1 0.93828125 0.44609375 0.11015625 0.11015625