2 0.5671875 0.740625 0.0734375 0.07421875
2 0.94609375 0.07109375 0.0734375 0.07421875
2 0.85390625 0.1515625 0.0734375 0.0734375
1 0.665625 0.2328125 0.08515625 0.0859375
1 0.6609375 0.128125 0.08515625 0.0859375
1 0.47578125 0.11015625 0.0859375 0.08671875
1 0.57265625 0.06875 0.08515625 0.0859375
1 0.56875 0.165625 0.08515625 0.0859375
2 0.84921875 0.0375 0.06171875 0.06171875
1 0.10078125 0.13515625 0.09765625 0.0984375
1 0.096875 0.23515625 0.08515625 0.0859375
1 0.19140625 0.1859375 0.09765625 0.0984375
1 0.1890625 0.07109375 0.11015625 0.11015625
1 0.2859375 0.1375 0.09765625 0.0984375
1 0.2875 0.24296875 0.09765625 0.0984375
1 0.3921875 0.1828125 0.09765625 0.09765625
1 0.39296875 0.0796875 0.08515625 0.0859375
1 0.4765625 0.2453125 0.09765625 0.09765625
1 0.75625 0.0765625 0.08515625 0.0859375
1 0.75859375 0.20625 0.0859375 0.0859375
1 0.94453125 0.86171875 0.09765625 0.0984375
1 0.85234375 0.6921875 0.09765625 0.09765625
1 0.85546875 0.80546875 0.09765625 0.09765625
1 0.853125 0.90703125 0.09765625 0.0984375
1 0.753125 0.64453125 0.0859375 0.0859375
1 0.7546875 0.74296875 0.08515625 0.0859375
1 0.75703125 0.8578125 0.0859375 0.0859375
1 0.65859375 0.6859375 0.08515625 0.0859375
1 0.6546875 0.78828125 0.08515625 0.0859375
1 0.6546875 0.903125 0.08515625 0.0859375
1 0.56171875 0.84296875 0.09765625 0.09765625
1 0.47265625 0.7796875 0.0859375 0.0859375
1 0.45703125 0.90703125 0.09765625 0.0984375
1 0.2765625 0.684375 0.09765625 0.0984375
1 0.18359375 0.6359375 0.09765625 0.09765625
1 0.1859375 0.73203125 0.09765625 0.0984375
1 0.18046875 0.84921875 0.109375 0.11015625
1 0.0859375 0.678125 0.09765625 0.0984375
1 0.09296875 0.78359375 0.09765625 0.0984375
1 0.0875 0.89609375 0.11015625 0.11015625
1 0.95078125 0.4140625 0.08515625 0.0859375
1 0.8625 0.3546875 0.09765625 0.09765625
1 0.853125 0.4578125 0.09765625 0.09765625
1 0.846875 0.57578125 0.09765625 0.0984375
1 0.7546875 0.54765625 0.08515625 0.0859375
1 0.5734375 0.3 0.08515625 0.0859375
1 0.5609375 0.4078125 0.11015625 0.11015625
1 0.465625 0.34609375 0.109375 0.11015625
1 0.465625 0.46171875 0.09765625 0.0984375
1 0.39140625 0.28203125 0.0859375 0.08671875
1 0.3921875 0.38046875 0.09765625 0.0984375
1 0.3875 0.5015625 0.08515625 0.0859375
1 0.28515625 0.5546875 0.09765625 0.09765625
1 0.2796875 0.44765625 0.09765625 0.0984375
1 0.2796875 0.36171875 0.09765625 0.0984375
1 0.1859375 0.2953125 0.09765625 0.0984375
1 0.184375 0.403125 0.109375 0.11015625
1 0.18359375 0.51484375 0.09765625 0.09765625
1 0.09765625 0.55859375 0.09765625 0.09765625
1 0.08984375 0.34375 0.09765625 0.09765625
1 0.09453125 0.45703125 0.09765625 0.09765625