1 0.925 0.93046875 0.11015625 0.11015625
1 0.92265625 0.83359375 0.109375 0.11015625
1 0.83125 0.8703125 0.109375 0.1109375
1 0.73125 0.91953125 0.09765625 0.0984375
1 0.73671875 0.8140625 0.11015625 0.11015625
1 0.6375 0.8734375 0.11015625 0.11015625
1 0.55078125 0.8109375 0.109375 0.11015625
1 0.54375 0.91953125 0.109375 0.11015625
1 0.44453125 0.86953125 0.11015625 0.11015625
1 0.3453125 0.92734375 0.11015625 0.11015625
1 0.3484375 0.81796875 0.09765625 0.0984375
1 0.2546875 0.8625 0.109375 0.11015625
1 0.159375 0.81328125 0.109375 0.1109375
1 0.16171875 0.9203125 0.11015625 0.11015625
1 0.05703125 0.8578125 0.11015625 0.11015625
1 0.93046875 0.059375 0.11015625 0.1109375
1 0.9234375 0.184375 0.11015625 0.11015625
1 0.92578125 0.28828125 0.109375 0.11015625
1 0.9296875 0.3890625 0.09765625 0.09765625
1 0.93046875 0.503125 0.09765625 0.0984375
1 0.92578125 0.6171875 0.0859375 0.0859375
1 0.8359375 0.1203125 0.09765625 0.0984375
1 0.8375 0.23515625 0.09765625 0.0984375
1 0.834375 0.34296875 0.09765625 0.0984375
1 0.8390625 0.45 0.08515625 0.08671875
1 0.8375 0.55625 0.109375 0.11015625
1 0.740625 0.0578125 0.0859375 0.0859375
1 0.74140625 0.16875 0.09765625 0.0984375
1 0.740625 0.284375 0.09765625 0.0984375
1 0.7375 0.39140625 0.09765625 0.0984375
1 0.7421875 0.5109375 0.09765625 0.09765625
1 0.73671875 0.6171875 0.08515625 0.0859375
1 0.64296875 0.12421875 0.08515625 0.0859375
1 0.64296875 0.26171875 0.08515625 0.0859375
1 0.63984375 0.34765625 0.08515625 0.0859375
1 0.64140625 0.45078125 0.109375 0.11015625
1 0.64765625 0.565625 0.121875 0.1234375
1 0.55390625 0.065625 0.09765625 0.0984375
1 0.55 0.175 0.09765625 0.09765625
1 0.5578125 0.28984375 0.09765625 0.0984375
1 0.5484375 0.4 0.11015625 0.11015625
1 0.5484375 0.4984375 0.11015625 0.11015625
1 0.54453125 0.603125 0.11015625 0.11015625
1 0.453125 0.1265625 0.09765625 0.0984375
1 0.4578125 0.22421875 0.09765625 0.0984375
1 0.45546875 0.34296875 0.08515625 0.0859375
1 0.45390625 0.45078125 0.09765625 0.0984375
1 0.4546875 0.55234375 0.109375 0.11015625
1 0.3609375 0.06328125 0.09765625 0.0984375
1 0.35859375 0.1765625 0.09765625 0.0984375
1 0.3546875 0.2921875 0.0859375 0.0859375
1 0.3578125 0.396875 0.09765625 0.0984375
1 0.35859375 0.49609375 0.09765625 0.09765625
1 0.3515625 0.596875 0.109375 0.11015625
1 0.25859375 0.54609375 0.109375 0.11015625
1 0.25625 0.44375 0.11015625 0.11015625
1 0.25859375 0.33203125 0.109375 0.1109375
1 0.259375 0.2203125 0.11015625 0.11015625
3 0.27265625 0.1125 0.09765625 0.09765625
1 0.165625 0.0640625 0.09765625 0.0984375
1 0.16875 0.16953125 0.109375 0.11015625
1 0.16328125 0.2875 0.11015625 0.11015625
1 0.16484375 0.39140625 0.11015625 0.1109375
1 0.1703125 0.50625 0.09765625 0.0984375
1 0.1671875 0.6125 0.09765625 0.0984375
1 0.06640625 0.12109375 0.09765625 0.09765625
1 0.0734375 0.2328125 0.0859375 0.08671875
1 0.06953125 0.3421875 0.09765625 0.0984375
1 0.06875 0.44765625 0.11015625 0.11015625
1 0.0703125 0.58125 0.109375 0.11015625