2 0.57578125 0.840625 0.0734375 0.0734375
2 0.66875 0.43125 0.0734375 0.07421875
2 0.4828125 0.91328125 0.0734375 0.07421875
1 0.8640625 0.6828125 0.109375 0.11015625
1 0.7671875 0.740625 0.11015625 0.1109375
1 0.6765625 0.715625 0.109375 0.11015625
1 0.66875 0.81171875 0.09765625 0.09765625
1 0.5734375 0.7390625 0.09765625 0.0984375
1 0.7734375 0.94921875 0.0859375 0.0859375
1 0.4859375 0.6828125 0.09765625 0.09765625
1 0.47734375 0.790625 0.0859375 0.0859375
1 0.3 0.68203125 0.09765625 0.0984375
3 0.29296875 0.796875 0.0859375 0.0859375
1 0.2953125 0.90234375 0.08515625 0.0859375
1 0.20390625 0.6484375 0.09765625 0.09765625
1 0.209375 0.73984375 0.09765625 0.0984375
1 0.19453125 0.84375 0.09765625 0.09765625
1 0.1109375 0.6953125 0.11015625 0.1109375
1 0.11484375 0.8203125 0.121875 0.1234375
1 0.1078125 0.92578125 0.08515625 0.0859375
1 0.8703125 0.15234375 0.0859375 0.0859375
1 0.8703125 0.25078125 0.0859375 0.0859375
1 0.8640625 0.36796875 0.09765625 0.0984375
1 0.86328125 0.4703125 0.09765625 0.09765625
1 0.4859375 0.13359375 0.0859375 0.0859375
1 0.4796875 0.23359375 0.0859375 0.0859375
1 0.4859375 0.365625 0.08515625 0.0859375
1 0.59296875 0.38203125 0.08515625 0.0859375
1 0.5890625 0.2984375 0.08515625 0.0859375
1 0.57890625 0.1828125 0.0859375 0.0859375
1 0.58046875 0.06875 0.08515625 0.0859375
1 0.675 0.1390625 0.0859375 0.0859375
1 0.67265625 0.2609375 0.08515625 0.0859375
1 0.6734375 0.34296875 0.08515625 0.0859375
1 0.771875 0.49296875 0.0859375 0.0859375
1 0.76875 0.3859375 0.08515625 0.0859375
1 0.7765625 0.290625 0.08515625 0.0859375
1 0.76875 0.19609375 0.08515625 0.0859375
1 0.7734375 0.0859375 0.0859375 0.0859375
1 0.95625 0.196875 0.08515625 0.0859375
1 0.7671875 0.6421875 0.09765625 0.0984375
1 0.67578125 0.621875 0.109375 0.11015625
1 0.57890625 0.63828125 0.11015625 0.11015625
1 0.484375 0.5703125 0.09765625 0.09765625
1 0.3953125 0.07890625 0.09765625 0.0984375
1 0.39296875 0.1875 0.08515625 0.0859375
1 0.39140625 0.30546875 0.09765625 0.0984375
1 0.3921875 0.41875 0.09765625 0.0984375
1 0.30390625 0.1328125 0.08515625 0.0859375
1 0.30390625 0.25078125 0.09765625 0.0984375
1 0.3 0.36328125 0.0859375 0.0859375
1 0.296875 0.47265625 0.09765625 0.09765625
1 0.2921875 0.57109375 0.0859375 0.0859375
1 0.20625 0.09453125 0.09765625 0.0984375
1 0.20625 0.2078125 0.09765625 0.0984375
1 0.2078125 0.3203125 0.09765625 0.09765625
1 0.2078125 0.41796875 0.109375 0.1109375
1 0.20234375 0.5296875 0.11015625 0.11015625
1 0.10859375 0.1515625 0.08515625 0.0859375
1 0.1109375 0.265625 0.09765625 0.09765625
1 0.10859375 0.38984375 0.08515625 0.0859375
1 0.1140625 0.4921875 0.08515625 0.0859375
1 0.11796875 0.603125 0.11015625 0.11015625