2 0.10859375 0.721875 0.0734375 0.0734375
2 0.865625 0.165625 0.0734375 0.07421875
2 0.7671875 0.78046875 0.0734375 0.07421875
2 0.6734375 0.71953125 0.0609375 0.06171875
2 0.9625 0.65 0.0734375 0.07421875
1 0.8640625 0.9375 0.08515625 0.0859375
1 0.8609375 0.83515625 0.0859375 0.0859375
1 0.4828125 0.8515625 0.0859375 0.0859375
1 0.85859375 0.71171875 0.09765625 0.0984375
1 0.77421875 0.67890625 0.09765625 0.09765625
1 0.76875 0.88984375 0.09765625 0.09765625
1 0.68125 0.8390625 0.109375 0.1109375
1 0.584375 0.8890625 0.11015625 0.11015625
1 0.5890625 0.784375 0.0859375 0.0859375
1 0.5921875 0.67265625 0.09765625 0.0984375
1 0.4859375 0.728125 0.09765625 0.0984375
1 0.2953125 0.83671875 0.09765625 0.09765625
1 0.29140625 0.721875 0.08515625 0.0859375
1 0.38984375 0.671875 0.0859375 0.0859375
3 0.4015625 0.7734375 0.09765625 0.09765625
1 0.39453125 0.88984375 0.0859375 0.0859375
1 0.2078125 0.89921875 0.08515625 0.0859375
1 0.109375 0.84453125 0.09765625 0.09765625
1 0.11171875 0.94609375 0.08515625 0.0859375
2 0.1109375 0.3953125 0.0734375 0.07421875
2 0.1078125 0.49609375 0.0734375 0.07421875
1 0.10703125 0.61796875 0.08515625 0.0859375
1 0.1125 0.28203125 0.0859375 0.0859375
1 0.109375 0.1734375 0.09765625 0.0984375
1 0.1125 0.0640625 0.0859375 0.08671875
1 0.2078125 0.12265625 0.109375 0.11015625
1 0.20390625 0.21953125 0.109375 0.11015625
1 0.20234375 0.3859375 0.08515625 0.0859375
1 0.21015625 0.4546875 0.09765625 0.0984375
1 0.20625 0.565625 0.09765625 0.0984375
3 0.20390625 0.803125 0.08515625 0.0859375
1 0.30078125 0.61171875 0.09765625 0.0984375
1 0.29921875 0.50703125 0.08515625 0.0859375
1 0.29765625 0.0703125 0.08515625 0.0859375
1 0.30234375 0.196875 0.08515625 0.0859375
1 0.2984375 0.290625 0.08515625 0.08671875
1 0.30390625 0.39296875 0.09765625 0.0984375
1 0.39765625 0.5609375 0.09765625 0.0984375
1 0.39453125 0.11484375 0.09765625 0.0984375
1 0.39375 0.234375 0.08515625 0.0859375
1 0.4 0.340625 0.09765625 0.0984375
1 0.3921875 0.46484375 0.09765625 0.09765625
1 0.48984375 0.0765625 0.08515625 0.0859375
1 0.48984375 0.16484375 0.08515625 0.08671875
1 0.4875 0.275 0.0859375 0.0859375
1 0.48828125 0.3921875 0.0859375 0.0859375
1 0.48828125 0.4859375 0.09765625 0.0984375
1 0.4859375 0.615625 0.09765625 0.0984375
1 0.590625 0.5421875 0.08515625 0.0859375
1 0.5796875 0.10234375 0.09765625 0.0984375
1 0.59296875 0.23125 0.08515625 0.0859375
1 0.6 0.3375 0.0859375 0.0859375
1 0.59296875 0.44921875 0.0859375 0.0859375
1 0.678125 0.6203125 0.08515625 0.0859375
1 0.68359375 0.0765625 0.0859375 0.0859375
1 0.68046875 0.15703125 0.09765625 0.0984375
1 0.67578125 0.28203125 0.0859375 0.0859375
1 0.6796875 0.38125 0.0859375 0.0859375
1 0.671875 0.50703125 0.0859375 0.0859375
1 0.771875 0.13984375 0.0859375 0.08671875
1 0.771875 0.24296875 0.0859375 0.0859375
1 0.77421875 0.3546875 0.08515625 0.0859375
1 0.7734375 0.44609375 0.09765625 0.0984375
1 0.7765625 0.5828125 0.09765625 0.0984375
1 0.86640625 0.6125 0.08515625 0.0859375
1 0.86640625 0.496875 0.08515625 0.0859375
1 0.8734375 0.3953125 0.08515625 0.0859375
1 0.86171875 0.275 0.08515625 0.0859375
1 0.86640625 0.05546875 0.09765625 0.09765625
1 0.9546875 0.5484375 0.08515625 0.0859375
2 0.21171875 0.6921875 0.0859375 0.0859375