2 0.13359375 0.503125 0.0734375 0.07421875
1 0.89609375 0.065625 0.11015625 0.11015625
1 0.90078125 0.17734375 0.11015625 0.11015625
1 0.9015625 0.2890625 0.109375 0.1109375
1 0.9 0.38984375 0.09765625 0.09765625
1 0.903125 0.509375 0.109375 0.11015625
1 0.80390625 0.128125 0.09765625 0.09765625
1 0.80859375 0.2390625 0.09765625 0.09765625
1 0.8046875 0.35 0.109375 0.11015625
1 0.80859375 0.4578125 0.109375 0.11015625
1 0.709375 0.17265625 0.109375 0.1109375
1 0.7140625 0.28203125 0.09765625 0.09765625
1 0.7125 0.39140625 0.11015625 0.11015625
1 0.709375 0.50078125 0.11015625 0.11015625
1 0.61875 0.115625 0.11015625 0.1109375
1 0.615625 0.225 0.11015625 0.11015625
1 0.6203125 0.34140625 0.11015625 0.11015625
1 0.6140625 0.45078125 0.11015625 0.11015625
1 0.51796875 0.06015625 0.11015625 0.11015625
1 0.5203125 0.17890625 0.11015625 0.11015625
1 0.5203125 0.2828125 0.109375 0.11015625
1 0.51875 0.39296875 0.109375 0.11015625
1 0.515625 0.503125 0.09765625 0.0984375
1 0.428125 0.11796875 0.109375 0.11015625
1 0.425 0.22578125 0.109375 0.11015625
1 0.42578125 0.3390625 0.09765625 0.0984375
1 0.43046875 0.44296875 0.09765625 0.0984375
1 0.3296875 0.06328125 0.109375 0.11015625
1 0.3328125 0.175 0.109375 0.11015625
1 0.3296875 0.27890625 0.11015625 0.11015625
1 0.3296875 0.3921875 0.11015625 0.11015625
1 0.32734375 0.5015625 0.11015625 0.11015625
1 0.23359375 0.11484375 0.09765625 0.0984375
1 0.23046875 0.225 0.09765625 0.0984375
1 0.2328125 0.33515625 0.09765625 0.0984375
1 0.23359375 0.4484375 0.09765625 0.09765625
1 0.23359375 0.55 0.09765625 0.09765625
1 0.1421875 0.05546875 0.09765625 0.0984375
1 0.13984375 0.175 0.109375 0.11015625
1 0.1359375 0.28359375 0.09765625 0.0984375
1 0.13359375 0.3859375 0.09765625 0.09765625
1 0.13984375 0.6109375 0.0859375 0.0859375
1 0.1375 0.721875 0.09765625 0.0984375
1 0.1328125 0.84453125 0.09765625 0.0984375
1 0.2359375 0.6734375 0.09765625 0.0984375
1 0.22734375 0.7828125 0.0859375 0.0859375
1 0.2296875 0.89140625 0.09765625 0.0984375
1 0.32890625 0.61171875 0.11015625 0.11015625
1 0.334375 0.721875 0.11015625 0.11015625
1 0.334375 0.83359375 0.11015625 0.11015625
1 0.41796875 0.559375 0.109375 0.11015625
1 0.42109375 0.67265625 0.109375 0.11015625
1 0.42265625 0.77578125 0.11015625 0.11015625
1 0.42421875 0.89921875 0.11015625 0.11015625
1 0.5171875 0.61796875 0.109375 0.11015625
1 0.5234375 0.72734375 0.109375 0.11015625
1 0.5171875 0.83671875 0.109375 0.11015625
1 0.6078125 0.5609375 0.11015625 0.1109375
1 0.6125 0.678125 0.09765625 0.09765625
1 0.6140625 0.78046875 0.109375 0.11015625
1 0.6171875 0.8953125 0.09765625 0.0984375
1 0.71015625 0.6171875 0.11015625 0.1109375
1 0.71015625 0.7328125 0.11015625 0.1109375
1 0.70625 0.8421875 0.11015625 0.11015625
1 0.803125 0.5640625 0.109375 0.11015625
1 0.80859375 0.6796875 0.109375 0.1109375
1 0.80703125 0.7875 0.11015625 0.1109375
1 0.8078125 0.89921875 0.11015625 0.1109375
1 0.90234375 0.621875 0.09765625 0.0984375
1 0.8984375 0.7359375 0.109375 0.11015625
1 0.8984375 0.840625 0.109375 0.1109375