3 0.95 0.15078125 0.0609375 0.06171875
1 0.94453125 0.5890625 0.109375 0.11015625
1 0.94140625 0.80625 0.109375 0.1109375
1 0.85546875 0.11953125 0.09765625 0.0984375
1 0.85859375 0.19140625 0.0859375 0.0859375
1 0.853125 0.30546875 0.11015625 0.1109375
1 0.84609375 0.43046875 0.11015625 0.11015625
1 0.8484375 0.534375 0.109375 0.11015625
1 0.85234375 0.634375 0.09765625 0.09765625
1 0.853125 0.74921875 0.09765625 0.0984375
1 0.8484375 0.86328125 0.0859375 0.0859375
1 0.75859375 0.14765625 0.09765625 0.0984375
1 0.75625 0.2609375 0.0859375 0.08671875
1 0.75859375 0.36640625 0.09765625 0.0984375
1 0.7609375 0.48125 0.09765625 0.0984375
1 0.75703125 0.5890625 0.09765625 0.0984375
1 0.7625 0.69609375 0.08515625 0.08671875
1 0.7609375 0.80234375 0.109375 0.11015625
1 0.6671875 0.0890625 0.09765625 0.0984375
1 0.66328125 0.2015625 0.09765625 0.09765625
1 0.66328125 0.30390625 0.0859375 0.0859375
1 0.6640625 0.41484375 0.09765625 0.0984375
1 0.66328125 0.53046875 0.09765625 0.0984375
1 0.66015625 0.6375 0.09765625 0.0984375
1 0.66484375 0.75703125 0.09765625 0.09765625
1 0.659375 0.86328125 0.08515625 0.0859375
1 0.5671875 0.1453125 0.109375 0.11015625
1 0.57421875 0.25859375 0.09765625 0.0984375
1 0.565625 0.3703125 0.08515625 0.0859375
1 0.565625 0.5078125 0.08515625 0.0859375
1 0.56328125 0.59375 0.08515625 0.0859375
1 0.5640625 0.696875 0.109375 0.11015625
1 0.57109375 0.81171875 0.121875 0.1234375
1 0.47734375 0.090625 0.11015625 0.11015625
1 0.47578125 0.2046875 0.109375 0.1109375
1 0.4765625 0.31171875 0.09765625 0.0984375
1 0.47265625 0.42109375 0.09765625 0.09765625
1 0.48046875 0.5359375 0.09765625 0.0984375
1 0.47109375 0.64609375 0.11015625 0.11015625
1 0.47109375 0.74453125 0.11015625 0.11015625
1 0.4671875 0.84921875 0.11015625 0.11015625
1 0.3890625 0.146875 0.08515625 0.0859375
1 0.38359375 0.25546875 0.09765625 0.0984375
1 0.37578125 0.37265625 0.09765625 0.0984375
1 0.38125 0.4703125 0.09765625 0.0984375
1 0.378125 0.5890625 0.08515625 0.0859375
1 0.3765625 0.696875 0.09765625 0.0984375
1 0.378125 0.7984375 0.109375 0.11015625
1 0.29375 0.09296875 0.08515625 0.0859375
1 0.2875 0.20625 0.09765625 0.09765625
1 0.284375 0.309375 0.09765625 0.0984375
1 0.28125 0.42265625 0.09765625 0.0984375
1 0.27734375 0.53828125 0.0859375 0.0859375
1 0.28046875 0.64296875 0.09765625 0.0984375
1 0.28125 0.7421875 0.09765625 0.09765625
1 0.27421875 0.84296875 0.109375 0.11015625
1 0.18125 0.7921875 0.109375 0.11015625
1 0.17890625 0.68984375 0.11015625 0.11015625
1 0.18125 0.578125 0.109375 0.1109375
1 0.18203125 0.46640625 0.11015625 0.11015625
3 0.1953125 0.35859375 0.09765625 0.09765625
1 0.1859375 0.2515625 0.11015625 0.11015625
1 0.18984375 0.1421875 0.11015625 0.11015625
3 0.09296875 0.096875 0.09765625 0.09765625
1 0.08671875 0.20078125 0.09765625 0.0984375
1 0.0890625 0.31015625 0.09765625 0.0984375
1 0.0921875 0.415625 0.109375 0.11015625
1 0.08671875 0.53359375 0.11015625 0.11015625
1 0.0875 0.6375 0.11015625 0.1109375
1 0.09296875 0.75234375 0.09765625 0.0984375
1 0.08984375 0.85859375 0.09765625 0.0984375