1 0.2546875 0.04609375 0.0859375 0.0859375
1 0.91875 0.103125 0.109375 0.11015625
1 0.91484375 0.2125 0.109375 0.11015625
1 0.9171875 0.321875 0.109375 0.11015625
1 0.915625 0.43359375 0.11015625 0.1109375
1 0.81875 0.14921875 0.11015625 0.11015625
1 0.821875 0.2609375 0.09765625 0.09765625
1 0.8234375 0.37109375 0.11015625 0.1109375
1 0.8234375 0.48984375 0.11015625 0.11015625
1 0.7296875 0.10234375 0.11015625 0.11015625
1 0.73203125 0.21875 0.11015625 0.1109375
1 0.72265625 0.328125 0.09765625 0.09765625
1 0.7328125 0.44609375 0.109375 0.11015625
1 0.63359375 0.15546875 0.109375 0.1109375
2 0.6328125 0.275 0.0609375 0.06171875
1 0.62890625 0.38125 0.109375 0.11015625
1 0.63125 0.49140625 0.109375 0.11015625
1 0.5390625 0.1 0.109375 0.1109375
1 0.5421875 0.209375 0.109375 0.11015625
1 0.53359375 0.31796875 0.11015625 0.11015625
1 0.5375 0.43828125 0.11015625 0.11015625
1 0.44453125 0.15546875 0.11015625 0.11015625
2 0.440625 0.25546875 0.06171875 0.06171875
1 0.4421875 0.3765625 0.11015625 0.11015625
1 0.44140625 0.49296875 0.109375 0.11015625
2 0.35078125 0.1046875 0.06171875 0.06171875
2 0.34609375 0.21328125 0.06171875 0.06171875
1 0.34765625 0.3234375 0.109375 0.11015625
1 0.346875 0.44296875 0.109375 0.11015625
1 0.2578125 0.1546875 0.109375 0.11015625
1 0.2515625 0.28046875 0.0859375 0.0859375
1 0.2515625 0.38046875 0.109375 0.11015625
1 0.25390625 0.4890625 0.09765625 0.0984375
1 0.16015625 0.096875 0.109375 0.11015625
1 0.15703125 0.209375 0.11015625 0.11015625
1 0.1609375 0.31953125 0.11015625 0.11015625
1 0.16171875 0.43203125 0.11015625 0.11015625
1 0.0640625 0.14921875 0.11015625 0.11015625
1 0.065625 0.26640625 0.11015625 0.11015625
1 0.06640625 0.365625 0.109375 0.11015625
1 0.06171875 0.48046875 0.109375 0.1109375
1 0.16484375 0.5390625 0.11015625 0.1109375
1 0.06328125 0.7046875 0.109375 0.11015625
1 0.0640625 0.8171875 0.109375 0.11015625
1 0.15703125 0.6546875 0.11015625 0.1109375
1 0.153125 0.7640625 0.11015625 0.11015625
1 0.159375 0.86875 0.109375 0.11015625
1 0.25703125 0.590625 0.09765625 0.09765625
1 0.25234375 0.70625 0.11015625 0.1109375
1 0.24921875 0.8140625 0.11015625 0.1109375
1 0.3515625 0.5421875 0.09765625 0.0984375
1 0.35234375 0.65 0.09765625 0.0984375
1 0.35078125 0.76171875 0.09765625 0.09765625
1 0.346875 0.87109375 0.09765625 0.09765625
1 0.4421875 0.60078125 0.11015625 0.11015625
1 0.4390625 0.71171875 0.109375 0.11015625
1 0.4375 0.81875 0.109375 0.11015625
1 0.4390625 0.91875 0.109375 0.1109375
1 0.5328125 0.54765625 0.11015625 0.11015625
1 0.5359375 0.65859375 0.11015625 0.11015625
1 0.53671875 0.7609375 0.11015625 0.11015625
1 0.53203125 0.8796875 0.09765625 0.0984375
1 0.625 0.60703125 0.109375 0.11015625
1 0.6296875 0.71640625 0.09765625 0.0984375
1 0.628125 0.81953125 0.11015625 0.11015625
1 0.73125 0.5421875 0.09765625 0.0984375
1 0.72734375 0.65078125 0.09765625 0.0984375
1 0.734375 0.76640625 0.109375 0.11015625
1 0.7359375 0.87734375 0.11015625 0.11015625
1 0.825 0.6 0.11015625 0.11015625
1 0.8265625 0.709375 0.109375 0.11015625
1 0.82421875 0.81328125 0.109375 0.11015625
1 0.92265625 0.540625 0.11015625 0.1109375
1 0.9171875 0.6578125 0.11015625 0.11015625
1 0.91953125 0.7609375 0.11015625 0.11015625
1 0.91328125 0.8734375 0.11015625 0.11015625
1 0.828125 0.934375 0.109375 0.11015625
1 0.62578125 0.9328125 0.11015625 0.11015625
1 0.24765625 0.92734375 0.11015625 0.11015625
1 0.059375 0.93046875 0.109375 0.11015625