2 0.84921875 0.16875 0.0734375 0.07421875
1 0.090625 0.0578125 0.09765625 0.09765625
1 0.0921875 0.1625 0.09765625 0.0984375
1 0.09140625 0.284375 0.08515625 0.0859375
1 0.0875 0.3890625 0.09765625 0.0984375
1 0.09296875 0.50390625 0.0859375 0.0859375
1 0.090625 0.58515625 0.09765625 0.0984375
1 0.090625 0.71953125 0.09765625 0.09765625
1 0.190625 0.6390625 0.09765625 0.0984375
1 0.18828125 0.1203125 0.0859375 0.0859375
1 0.184375 0.22421875 0.0859375 0.08671875
1 0.18203125 0.33671875 0.08515625 0.0859375
1 0.18671875 0.43984375 0.11015625 0.11015625
1 0.1921875 0.54453125 0.09765625 0.0984375
1 0.275 0.065625 0.0859375 0.0859375
1 0.27421875 0.17890625 0.08515625 0.0859375
1 0.275 0.278125 0.09765625 0.0984375
1 0.28046875 0.384375 0.09765625 0.0984375
1 0.284375 0.4984375 0.09765625 0.0984375
1 0.27734375 0.6078125 0.09765625 0.0984375
1 0.2796875 0.72265625 0.08515625 0.0859375
1 0.659375 0.05 0.0859375 0.08671875
1 0.37890625 0.05 0.09765625 0.0984375
1 0.37890625 0.11875 0.09765625 0.0984375
1 0.3640625 0.228125 0.109375 0.11015625
1 0.3703125 0.32890625 0.11015625 0.11015625
1 0.36796875 0.4390625 0.11015625 0.11015625
1 0.37421875 0.546875 0.109375 0.1109375
1 0.36640625 0.6703125 0.09765625 0.0984375
1 0.459375 0.61953125 0.09765625 0.0984375
1 0.4625 0.49765625 0.08515625 0.08671875
1 0.46484375 0.39453125 0.0859375 0.0859375
1 0.46875 0.2734375 0.0859375 0.0859375
1 0.46796875 0.1625 0.09765625 0.09765625
1 0.46484375 0.05546875 0.09765625 0.0984375
1 0.5609375 0.1109375 0.09765625 0.09765625
1 0.55546875 0.21953125 0.0859375 0.0859375
1 0.56328125 0.3234375 0.09765625 0.09765625
1 0.56171875 0.43671875 0.09765625 0.09765625
1 0.56328125 0.5453125 0.08515625 0.0859375
1 0.55 0.66953125 0.09765625 0.0984375
1 0.459375 0.71484375 0.09765625 0.09765625
1 0.65703125 0.7203125 0.109375 0.11015625
1 0.66328125 0.596875 0.11015625 0.1109375
1 0.65703125 0.49140625 0.09765625 0.09765625
1 0.6640625 0.38125 0.09765625 0.09765625
1 0.66328125 0.275 0.09765625 0.09765625
1 0.66015625 0.1609375 0.09765625 0.0984375
1 0.753125 0.11015625 0.11015625 0.11015625
1 0.753125 0.225 0.11015625 0.1109375
1 0.75625 0.33515625 0.09765625 0.0984375
1 0.7578125 0.4421875 0.09765625 0.0984375
1 0.75859375 0.53984375 0.11015625 0.11015625
1 0.75546875 0.64375 0.11015625 0.1109375
1 0.853125 0.6 0.09765625 0.09765625
1 0.84296875 0.49375 0.08515625 0.0859375
1 0.853125 0.378125 0.09765625 0.0984375
1 0.85390625 0.05546875 0.08515625 0.0859375
1 0.85234375 0.275 0.09765625 0.09765625
1 0.9484375 0.05703125 0.08515625 0.08671875
1 0.94453125 0.3171875 0.09765625 0.09765625
1 0.940625 0.42265625 0.09765625 0.0984375
1 0.94453125 0.5328125 0.09765625 0.09765625
1 0.94140625 0.634375 0.0859375 0.0859375
1 0.8453125 0.71796875 0.09765625 0.09765625
1 0.9453125 0.8578125 0.09765625 0.09765625
1 0.9375 0.75078125 0.09765625 0.09765625
1 0.8484375 0.821875 0.09765625 0.09765625
1 0.84296875 0.91875 0.09765625 0.0984375
1 0.76015625 0.871875 0.11015625 0.11015625
1 0.7515625 0.76015625 0.11015625 0.11015625
1 0.66484375 0.8265625 0.09765625 0.0984375
1 0.65 0.93828125 0.109375 0.11015625
1 0.565625 0.88203125 0.09765625 0.0984375
1 0.56171875 0.7734375 0.0859375 0.0859375
1 0.46796875 0.82265625 0.09765625 0.0984375
1 0.46484375 0.9421875 0.09765625 0.0984375
1 0.37421875 0.88046875 0.11015625 0.11015625
1 0.36875 0.771875 0.09765625 0.0984375
1 0.278125 0.81484375 0.09765625 0.0984375
1 0.2828125 0.9109375 0.09765625 0.09765625
1 0.19140625 0.87890625 0.09765625 0.09765625
1 0.19140625 0.77265625 0.09765625 0.0984375
1 0.1 0.825 0.11015625 0.1109375
1 0.09453125 0.9375 0.08515625 0.0859375