2 0.31484375 0.37734375 0.0734375 0.0734375
2 0.315625 0.26953125 0.08515625 0.0859375
2 0.23515625 0.8671875 0.08515625 0.0859375
2 0.240625 0.7640625 0.08515625 0.0859375
2 0.1515625 0.8078125 0.08515625 0.0859375
2 0.04375 0.7640625 0.0734375 0.0734375
2 0.0453125 0.6390625 0.0734375 0.0734375
2 0.0375 0.5421875 0.0734375 0.07421875
2 0.89140625 0.47890625 0.0609375 0.06171875
2 0.5234375 0.28046875 0.0609375 0.06171875
2 0.78984375 0.3234375 0.0734375 0.07421875
2 0.7859375 0.88828125 0.0734375 0.0734375
1 0.14375 0.2671875 0.09765625 0.0984375
1 0.14921875 0.38359375 0.11015625 0.1109375
1 0.1546875 0.48828125 0.11015625 0.1109375
1 0.15 0.59375 0.0734375 0.07421875
1 0.14765625 0.7046875 0.0734375 0.07421875
1 0.2390625 0.3171875 0.09765625 0.0984375
1 0.2390625 0.43359375 0.09765625 0.09765625
1 0.23984375 0.54765625 0.0734375 0.07421875
1 0.23515625 0.64921875 0.0734375 0.07421875
1 0.3390625 0.4828125 0.0734375 0.07421875
1 0.334375 0.596875 0.09765625 0.09765625
1 0.33671875 0.7078125 0.09765625 0.09765625
1 0.425 0.315625 0.08515625 0.08671875
1 0.42890625 0.42890625 0.11015625 0.11015625
1 0.434375 0.5453125 0.11015625 0.11015625
1 0.428125 0.6515625 0.11015625 0.11015625
1 0.428125 0.7671875 0.109375 0.1109375
1 0.53046875 0.37265625 0.121875 0.121875
1 0.5328125 0.4875 0.09765625 0.0984375
1 0.5234375 0.6 0.09765625 0.0984375
1 0.5234375 0.71796875 0.09765625 0.0984375
1 0.6140625 0.32890625 0.0859375 0.0859375
1 0.61875 0.43515625 0.09765625 0.0984375
1 0.6109375 0.5484375 0.09765625 0.0984375
1 0.615625 0.65625 0.0859375 0.0859375
1 0.625 0.76640625 0.09765625 0.0984375
1 0.5265625 0.8265625 0.09765625 0.09765625
1 0.70234375 0.38203125 0.08515625 0.0859375
1 0.7046875 0.50390625 0.08515625 0.0859375
1 0.709375 0.603125 0.0859375 0.08671875
1 0.709375 0.71171875 0.0859375 0.0859375
1 0.7078125 0.82890625 0.0859375 0.0859375
1 0.790625 0.446875 0.08515625 0.0859375
1 0.78828125 0.5578125 0.08515625 0.0859375
1 0.78828125 0.65703125 0.08515625 0.0859375
1 0.7828125 0.77265625 0.08515625 0.0859375
2 0.8953125 0.384375 0.0484375 0.0484375
1 0.8875 0.58984375 0.0859375 0.0859375
1 0.8875 0.70625 0.08515625 0.0859375
2 0.88203125 0.7953125 0.0484375 0.05
2 0.778125 0.971875 0.0484375 0.05
1 0.70625 0.93125 0.0859375 0.0859375
1 0.6203125 0.884375 0.09765625 0.0984375
1 0.525 0.93203125 0.109375 0.11015625
1 0.425 0.87578125 0.09765625 0.09765625
1 0.3328125 0.82421875 0.109375 0.1109375
1 0.33125 0.934375 0.11015625 0.1109375
1 0.14296875 0.934375 0.0734375 0.0734375
1 0.05078125 0.878125 0.0859375 0.0859375