2 0.15703125 0.12265625 0.0734375 0.0734375
2 0.81484375 0.18046875 0.0734375 0.07421875
2 0.721875 0.11953125 0.0609375 0.06171875
2 0.8234375 0.6203125 0.0734375 0.0734375
2 0.896875 0.771875 0.0734375 0.07421875
1 0.896875 0.8890625 0.0859375 0.0859375
3 0.815625 0.946875 0.0734375 0.07421875
1 0.71796875 0.884375 0.08515625 0.0859375
1 0.53515625 0.88828125 0.09765625 0.0984375
1 0.25859375 0.93671875 0.08515625 0.0859375
1 0.15625 0.89453125 0.09765625 0.09765625
1 0.065625 0.94609375 0.09765625 0.09765625
3 0.82109375 0.8234375 0.0734375 0.07421875
3 0.815625 0.715625 0.0734375 0.0734375
1 0.72265625 0.6734375 0.0859375 0.0859375
1 0.72265625 0.7890625 0.0859375 0.0859375
3 0.91171875 0.678125 0.0734375 0.07421875
3 0.91171875 0.5578125 0.0734375 0.0734375
1 0.91171875 0.3375 0.08515625 0.0859375
1 0.909375 0.23515625 0.0859375 0.0859375
1 0.53046875 0.2515625 0.0859375 0.0859375
1 0.346875 0.365625 0.0859375 0.0859375
1 0.4375 0.39453125 0.0859375 0.0859375
1 0.90625 0.11171875 0.09765625 0.0984375
1 0.821875 0.07890625 0.09765625 0.09765625
1 0.81640625 0.28984375 0.09765625 0.09765625
1 0.8171875 0.39296875 0.09765625 0.0984375
1 0.8234375 0.5140625 0.08515625 0.0859375
1 0.90859375 0.44609375 0.08515625 0.0859375
1 0.7296875 0.2390625 0.109375 0.1109375
1 0.7234375 0.34609375 0.11015625 0.11015625
1 0.72421875 0.45390625 0.11015625 0.11015625
1 0.725 0.5734375 0.11015625 0.11015625
1 0.634375 0.63125 0.0859375 0.0859375
1 0.6359375 0.7203125 0.0859375 0.0859375
1 0.63984375 0.52265625 0.08515625 0.0859375
1 0.6359375 0.39140625 0.11015625 0.11015625
1 0.63203125 0.28984375 0.11015625 0.11015625
1 0.63671875 0.184375 0.0859375 0.0859375
1 0.63984375 0.07265625 0.09765625 0.0984375
1 0.534375 0.128125 0.09765625 0.0984375
1 0.5328125 0.36875 0.11015625 0.1109375
1 0.52890625 0.4796875 0.11015625 0.11015625
1 0.53125 0.5875 0.09765625 0.0984375
1 0.5359375 0.66875 0.09765625 0.0984375
1 0.43671875 0.7421875 0.08515625 0.0859375
1 0.43828125 0.8375 0.09765625 0.0984375
1 0.53515625 0.7828125 0.09765625 0.0984375
1 0.63984375 0.83359375 0.09765625 0.0984375
1 0.440625 0.634375 0.09765625 0.0984375
1 0.34296875 0.2375 0.09765625 0.09765625
1 0.3390625 0.121875 0.08515625 0.0859375
1 0.4375 0.071875 0.0859375 0.0859375
3 0.44921875 0.1734375 0.09765625 0.09765625
1 0.4421875 0.28984375 0.0859375 0.0859375
1 0.3453125 0.471875 0.08515625 0.0859375
1 0.4421875 0.540625 0.0859375 0.0859375
1 0.2625 0.42578125 0.0859375 0.0859375
1 0.25546875 0.3 0.08515625 0.0859375
1 0.34765625 0.78515625 0.09765625 0.09765625
1 0.346875 0.6703125 0.09765625 0.0984375
1 0.3484375 0.5703125 0.08515625 0.0859375
1 0.265625 0.51953125 0.09765625 0.09765625
1 0.2546875 0.62421875 0.0859375 0.0859375
1 0.25859375 0.72578125 0.0859375 0.0859375
1 0.2515625 0.834375 0.0859375 0.08671875
1 0.0578125 0.29375 0.0859375 0.0859375
1 0.15703125 0.2453125 0.09765625 0.09765625
1 0.159375 0.346875 0.08515625 0.0859375
1 0.15703125 0.44921875 0.09765625 0.09765625
1 0.15625 0.5640625 0.09765625 0.0984375
1 0.15703125 0.6765625 0.08515625 0.0859375
1 0.16328125 0.7875 0.0859375 0.0859375
1 0.05625 0.840625 0.0859375 0.0859375
1 0.0609375 0.72578125 0.09765625 0.0984375
1 0.0671875 0.6296875 0.09765625 0.09765625
1 0.0625 0.5125 0.0859375 0.0859375
1 0.06796875 0.39453125 0.08515625 0.0859375
1 0.065625 0.17734375 0.09765625 0.0984375
1 0.06796875 0.0703125 0.08515625 0.0859375
3 0.2515625 0.203125 0.08515625 0.0859375
1 0.346875 0.8984375 0.08515625 0.0859375
2 0.259375 0.09296875 0.0859375 0.0859375