2 0.13125 0.0515625 0.0734375 0.07421875
2 0.2375 0.259375 0.0734375 0.07421875
3 0.88984375 0.72265625 0.09765625 0.09765625
1 0.88359375 0.8265625 0.09765625 0.0984375
1 0.8859375 0.9359375 0.09765625 0.0984375
1 0.79453125 0.775 0.11015625 0.11015625
1 0.79375 0.88203125 0.09765625 0.0984375
1 0.6984375 0.71796875 0.11015625 0.11015625
1 0.7015625 0.82109375 0.109375 0.1109375
1 0.696875 0.9359375 0.09765625 0.0984375
1 0.6046875 0.89375 0.109375 0.11015625
1 0.52578125 0.70390625 0.11015625 0.1109375
1 0.5171875 0.80390625 0.109375 0.11015625
1 0.4078125 0.7625 0.109375 0.11015625
1 0.31953125 0.71953125 0.09765625 0.0984375
2 0.25390625 0.95390625 0.0484375 0.05
1 0.31875 0.81328125 0.11015625 0.11015625
1 0.0453125 0.75390625 0.0859375 0.0859375
1 0.890625 0.61640625 0.109375 0.11015625
1 0.7828125 0.659375 0.109375 0.11015625
1 0.796875 0.328125 0.09765625 0.09765625
1 0.8921875 0.16953125 0.11015625 0.11015625
1 0.89375 0.2828125 0.109375 0.11015625
1 0.79375 0.10546875 0.09765625 0.09765625
1 0.8015625 0.21875 0.109375 0.1109375
0 0.70625 0.1421875 0.09765625 0.0984375
1 0.70234375 0.271875 0.109375 0.11015625
1 0.70234375 0.39921875 0.09765625 0.09765625
1 0.69921875 0.5984375 0.109375 0.1109375
1 0.615625 0.45234375 0.09765625 0.0984375
1 0.61171875 0.340625 0.11015625 0.1109375
1 0.6125 0.2171875 0.11015625 0.11015625
1 0.609375 0.10703125 0.109375 0.11015625
1 0.52421875 0.0546875 0.09765625 0.09765625
1 0.52734375 0.159375 0.09765625 0.0984375
1 0.53125 0.253125 0.09765625 0.0984375
1 0.52734375 0.39296875 0.109375 0.11015625
1 0.53125 0.5046875 0.109375 0.11015625
1 0.5171875 0.6109375 0.11015625 0.1109375
1 0.415625 0.6546875 0.109375 0.1109375
1 0.4171875 0.5484375 0.11015625 0.1109375
1 0.4171875 0.4328125 0.08515625 0.0859375
1 0.42265625 0.21015625 0.09765625 0.0984375
1 0.42578125 0.11015625 0.109375 0.1109375
1 0.05625 0.0921875 0.08515625 0.0859375
1 0.12578125 0.1421875 0.0859375 0.0859375
1 0.04921875 0.2359375 0.08515625 0.0859375
1 0.1359375 0.2921875 0.08515625 0.0859375
1 0.240625 0.33671875 0.08515625 0.0859375
1 0.13984375 0.690625 0.0859375 0.0859375
1 0.05078125 0.4484375 0.09765625 0.09765625
1 0.240625 0.43828125 0.09765625 0.0984375
1 0.134375 0.49765625 0.09765625 0.0984375
1 0.1375 0.60078125 0.08515625 0.0859375
1 0.05078125 0.34765625 0.0859375 0.0859375
1 0.13203125 0.384375 0.08515625 0.0859375
1 0.3375 0.60234375 0.09765625 0.0984375