2 0.68203125 0.25859375 0.0734375 0.07421875
2 0.5890625 0.19765625 0.0609375 0.06171875
2 0.690625 0.6984375 0.0734375 0.0734375
2 0.7640625 0.85 0.0734375 0.07421875
2 0.87734375 0.12890625 0.0734375 0.07421875
3 0.68828125 0.9015625 0.0734375 0.07421875
3 0.6828125 0.79375 0.0734375 0.0734375
1 0.58984375 0.7515625 0.0859375 0.0859375
1 0.58984375 0.8671875 0.0859375 0.0859375
3 0.77890625 0.75625 0.0734375 0.07421875
3 0.77890625 0.6359375 0.0734375 0.0734375
1 0.8796875 0.2421875 0.0859375 0.0859375
1 0.87578125 0.4671875 0.09765625 0.0984375
1 0.871875 0.35 0.0859375 0.08671875
1 0.77890625 0.415625 0.08515625 0.0859375
1 0.7765625 0.31328125 0.0859375 0.0859375
1 0.39765625 0.3296875 0.0859375 0.0859375
1 0.2140625 0.44375 0.0859375 0.0859375
1 0.3046875 0.47265625 0.0859375 0.0859375
1 0.86875 0.68125 0.0859375 0.0859375
1 0.87421875 0.8015625 0.0859375 0.0859375
1 0.871875 0.58203125 0.08515625 0.0859375
1 0.87265625 0.9078125 0.08515625 0.0859375
1 0.7734375 0.18984375 0.09765625 0.0984375
1 0.6890625 0.15703125 0.09765625 0.09765625
1 0.68359375 0.36796875 0.09765625 0.09765625
1 0.684375 0.47109375 0.09765625 0.0984375
1 0.690625 0.5921875 0.08515625 0.0859375
1 0.77578125 0.52421875 0.08515625 0.0859375
1 0.596875 0.3171875 0.109375 0.1109375
1 0.590625 0.42421875 0.11015625 0.11015625
1 0.59140625 0.53203125 0.11015625 0.11015625
1 0.5921875 0.6515625 0.11015625 0.11015625
1 0.5015625 0.709375 0.0859375 0.0859375
1 0.503125 0.7984375 0.0859375 0.0859375
1 0.50703125 0.60078125 0.08515625 0.0859375
1 0.503125 0.46953125 0.11015625 0.11015625
1 0.49921875 0.36796875 0.11015625 0.11015625
1 0.50390625 0.2625 0.0859375 0.0859375
1 0.50703125 0.15078125 0.09765625 0.0984375
1 0.4015625 0.20625 0.09765625 0.0984375
1 0.4 0.446875 0.11015625 0.1109375
1 0.39609375 0.5578125 0.11015625 0.11015625
1 0.3984375 0.665625 0.09765625 0.0984375
1 0.403125 0.746875 0.09765625 0.0984375
1 0.30390625 0.8203125 0.08515625 0.0859375
1 0.30546875 0.915625 0.09765625 0.0984375
1 0.40234375 0.8609375 0.09765625 0.0984375
1 0.50703125 0.91171875 0.09765625 0.0984375
1 0.3078125 0.7125 0.09765625 0.0984375
1 0.21015625 0.315625 0.09765625 0.09765625
1 0.20625 0.2 0.08515625 0.0859375
1 0.3046875 0.15 0.0859375 0.0859375
3 0.31640625 0.2515625 0.09765625 0.09765625
1 0.309375 0.36796875 0.0859375 0.0859375
1 0.2125 0.55 0.08515625 0.0859375
1 0.309375 0.61875 0.0859375 0.0859375
1 0.1296875 0.50390625 0.0859375 0.0859375
1 0.12265625 0.378125 0.08515625 0.0859375
1 0.21484375 0.86328125 0.09765625 0.09765625
1 0.2140625 0.7484375 0.09765625 0.0984375
1 0.215625 0.6484375 0.08515625 0.0859375
1 0.1328125 0.59765625 0.09765625 0.09765625
1 0.121875 0.70234375 0.0859375 0.0859375
1 0.12578125 0.80390625 0.0859375 0.0859375
1 0.11875 0.9125 0.0859375 0.08671875
3 0.11875 0.28125 0.08515625 0.0859375
1 0.215625 0.090625 0.09765625 0.0984375
1 0.4015625 0.09453125 0.09765625 0.0984375
1 0.59296875 0.0984375 0.08515625 0.0859375
1 0.69140625 0.0609375 0.09765625 0.0984375
1 0.78203125 0.090625 0.08515625 0.0859375
2 0.1265625 0.17109375 0.0859375 0.0859375