3 0.2109375 0.8171875 0.0859375 0.08671875
2 0.50859375 0.103125 0.0734375 0.0734375
2 0.41328125 0.0609375 0.0734375 0.07421875
1 0.121875 0.1078125 0.09765625 0.09765625
1 0.1203125 0.22734375 0.121875 0.1234375
1 0.1265625 0.3234375 0.109375 0.11015625
1 0.13203125 0.43984375 0.109375 0.11015625
1 0.125 0.54765625 0.109375 0.11015625
1 0.21328125 0.05 0.08515625 0.0859375
1 0.215625 0.1625 0.121875 0.1234375
1 0.22734375 0.37578125 0.0859375 0.0859375
1 0.2109375 0.49375 0.109375 0.11015625
1 0.3078125 0.11328125 0.09765625 0.09765625
1 0.315625 0.21953125 0.121875 0.1234375
1 0.315625 0.32890625 0.11015625 0.1109375
1 0.3140625 0.43125 0.11015625 0.11015625
1 0.30703125 0.54609375 0.11015625 0.11015625
1 0.403125 0.15546875 0.109375 0.11015625
1 0.4078125 0.26875 0.109375 0.1109375
1 0.4078125 0.38125 0.121875 0.1234375
1 0.40546875 0.4953125 0.11015625 0.11015625
1 0.503125 0.21328125 0.11015625 0.11015625
1 0.50625 0.32421875 0.121875 0.1234375
1 0.50546875 0.43671875 0.121875 0.1234375
1 0.5109375 0.540625 0.109375 0.1109375
2 0.60078125 0.05234375 0.06171875 0.06171875
1 0.6 0.15859375 0.09765625 0.0984375
1 0.5984375 0.27109375 0.09765625 0.0984375
1 0.60546875 0.3640625 0.09765625 0.09765625
1 0.59921875 0.49140625 0.121875 0.1234375
1 0.69921875 0.10078125 0.09765625 0.0984375
1 0.69375 0.21953125 0.09765625 0.0984375
1 0.69296875 0.315625 0.121875 0.1234375
1 0.6921875 0.43125 0.121875 0.1234375
1 0.6921875 0.5453125 0.121875 0.1234375
2 0.79609375 0.05 0.0609375 0.06171875
1 0.78828125 0.15703125 0.09765625 0.0984375
1 0.78828125 0.26640625 0.09765625 0.0984375
1 0.790625 0.3828125 0.121875 0.1234375
1 0.78828125 0.4984375 0.121875 0.1234375
1 0.88515625 0.1046875 0.08515625 0.0859375
1 0.88125 0.2125 0.09765625 0.0984375
1 0.884375 0.3265625 0.121875 0.121875
1 0.8890625 0.434375 0.09765625 0.0984375
1 0.88359375 0.5453125 0.121875 0.1234375
1 0.8796875 0.65625 0.121875 0.1234375
1 0.8828125 0.7625 0.09765625 0.0984375
1 0.88046875 0.86640625 0.11015625 0.11015625
1 0.78828125 0.59765625 0.121875 0.1234375
1 0.79375 0.70625 0.09765625 0.0984375
1 0.78828125 0.81875 0.08515625 0.0859375
1 0.78828125 0.91796875 0.109375 0.1109375
1 0.69375 0.653125 0.121875 0.1234375
1 0.6921875 0.775 0.109375 0.1109375
1 0.69375 0.8796875 0.109375 0.1109375
1 0.6046875 0.58984375 0.09765625 0.09765625
1 0.5953125 0.7078125 0.09765625 0.09765625
1 0.6078125 0.8078125 0.11015625 0.1109375
1 0.60859375 0.92890625 0.121875 0.1234375
1 0.5046875 0.65546875 0.09765625 0.09765625
1 0.51328125 0.76328125 0.11015625 0.11015625
1 0.40546875 0.6078125 0.11015625 0.1109375
1 0.40546875 0.71328125 0.11015625 0.11015625
1 0.409375 0.81171875 0.11015625 0.11015625
2 0.40703125 0.91640625 0.0734375 0.0734375
1 0.3125 0.6546875 0.109375 0.11015625
1 0.31171875 0.76640625 0.109375 0.11015625
1 0.21484375 0.60703125 0.109375 0.11015625
1 0.21796875 0.71953125 0.0859375 0.0859375
1 0.1203125 0.65078125 0.11015625 0.11015625
1 0.11640625 0.7609375 0.11015625 0.11015625
1 0.12109375 0.87265625 0.09765625 0.0984375