2 0.4625 0.3328125 0.0734375 0.07421875
2 0.55 0.2734375 0.0734375 0.07421875
2 0.27421875 0.8375 0.0734375 0.0734375
2 0.853125 0.72109375 0.0734375 0.0734375
2 0.75859375 0.67890625 0.0734375 0.07421875
1 0.94375 0.165625 0.09765625 0.0984375
1 0.9375 0.27109375 0.09765625 0.0984375
1 0.93828125 0.38984375 0.09765625 0.0984375
2 0.94296875 0.4921875 0.0734375 0.07421875
1 0.8453125 0.1078125 0.109375 0.11015625
1 0.846875 0.22109375 0.09765625 0.0984375
1 0.8453125 0.33515625 0.09765625 0.0984375
1 0.8453125 0.440625 0.0859375 0.0859375
1 0.74609375 0.0578125 0.109375 0.11015625
1 0.746875 0.16484375 0.09765625 0.0984375
1 0.74609375 0.278125 0.09765625 0.0984375
1 0.75234375 0.38203125 0.08515625 0.0859375
1 0.74921875 0.4890625 0.09765625 0.09765625
1 0.65234375 0.11015625 0.09765625 0.0984375
1 0.64921875 0.2171875 0.08515625 0.0859375
1 0.65078125 0.3265625 0.08515625 0.0859375
1 0.65703125 0.440625 0.09765625 0.09765625
1 0.55 0.05078125 0.08515625 0.0859375
1 0.55625 0.1671875 0.08515625 0.0859375
1 0.55703125 0.3796875 0.0734375 0.07421875
2 0.553125 0.48359375 0.0609375 0.06171875
1 0.46171875 0.10546875 0.09765625 0.09765625
1 0.46875 0.2171875 0.0859375 0.0859375
1 0.078125 0.10234375 0.0859375 0.0859375
1 0.0796875 0.2171875 0.0859375 0.0859375
1 0.1765625 0.175 0.09765625 0.09765625
1 0.27890625 0.10859375 0.08515625 0.0859375
1 0.2703125 0.21171875 0.08515625 0.0859375
1 0.37578125 0.06015625 0.109375 0.11015625
1 0.37421875 0.1578125 0.0859375 0.0859375
1 0.37421875 0.25859375 0.09765625 0.09765625
3 0.46328125 0.4203125 0.0734375 0.07421875
1 0.3703125 0.37421875 0.09765625 0.09765625
2 0.3640625 0.46796875 0.0734375 0.07421875
1 0.27578125 0.328125 0.08515625 0.0859375
2 0.27578125 0.42734375 0.0734375 0.0734375
1 0.1734375 0.38984375 0.09765625 0.0984375
1 0.1796875 0.2765625 0.0859375 0.0859375
1 0.0828125 0.3265625 0.0859375 0.0859375
1 0.0796875 0.425 0.0859375 0.08671875
2 0.07109375 0.63359375 0.0734375 0.0734375
2 0.075 0.709375 0.0734375 0.0734375
2 0.07421875 0.81953125 0.0609375 0.06171875
2 0.08203125 0.92578125 0.0859375 0.0859375
2 0.1703125 0.64765625 0.0734375 0.0734375
2 0.1734375 0.775 0.0734375 0.0734375
2 0.17890625 0.9015625 0.0734375 0.0734375
1 0.26796875 0.71796875 0.121875 0.1234375
1 0.27421875 0.9484375 0.08515625 0.0859375
1 0.3703125 0.6703125 0.09765625 0.0984375
1 0.37265625 0.77734375 0.121875 0.1234375
1 0.375 0.88984375 0.109375 0.11015625
1 0.46640625 0.6421875 0.08515625 0.0859375
1 0.4671875 0.72578125 0.09765625 0.09765625
1 0.465625 0.8453125 0.121875 0.1234375
1 0.471875 0.9421875 0.109375 0.11015625
1 0.5578125 0.66796875 0.08515625 0.0859375
1 0.56015625 0.78046875 0.121875 0.1234375
1 0.65234375 0.73125 0.09765625 0.09765625
1 0.6609375 0.8375 0.121875 0.1234375
1 0.7484375 0.77421875 0.109375 0.11015625
1 0.753125 0.88671875 0.109375 0.1109375
1 0.8484375 0.83125 0.11015625 0.11015625
2 0.94609375 0.6703125 0.06171875 0.06171875
1 0.94453125 0.7765625 0.09765625 0.0984375
1 0.94375 0.8890625 0.09765625 0.0984375