2 0.2484375 0.23828125 0.0734375 0.07421875
3 0.9 0.7015625 0.09765625 0.09765625
1 0.89453125 0.80546875 0.09765625 0.0984375
1 0.896875 0.91484375 0.09765625 0.0984375
1 0.80546875 0.753125 0.11015625 0.11015625
1 0.8046875 0.8609375 0.09765625 0.0984375
1 0.709375 0.696875 0.11015625 0.11015625
1 0.71171875 0.8 0.109375 0.1109375
1 0.7078125 0.91484375 0.09765625 0.0984375
1 0.615625 0.87265625 0.109375 0.11015625
1 0.53671875 0.6828125 0.11015625 0.1109375
1 0.528125 0.7828125 0.109375 0.11015625
1 0.528125 0.92734375 0.109375 0.11015625
1 0.41875 0.740625 0.109375 0.11015625
1 0.3296875 0.69765625 0.09765625 0.0984375
2 0.26484375 0.93203125 0.0484375 0.05
1 0.3296875 0.79140625 0.11015625 0.11015625
1 0.05546875 0.7328125 0.0859375 0.0859375
1 0.0578125 0.82890625 0.09765625 0.09765625
1 0.9015625 0.5953125 0.109375 0.11015625
1 0.79375 0.63828125 0.109375 0.11015625
1 0.8078125 0.30625 0.09765625 0.09765625
1 0.903125 0.14765625 0.11015625 0.11015625
1 0.9046875 0.2609375 0.109375 0.11015625
1 0.8046875 0.084375 0.09765625 0.09765625
1 0.8125 0.196875 0.109375 0.1109375
0 0.7171875 0.1203125 0.09765625 0.0984375
1 0.7125 0.25078125 0.109375 0.11015625
1 0.7125 0.378125 0.09765625 0.09765625
1 0.71015625 0.57734375 0.109375 0.1109375
1 0.62578125 0.43125 0.09765625 0.0984375
1 0.62265625 0.31953125 0.11015625 0.1109375
1 0.6234375 0.19609375 0.11015625 0.11015625
1 0.6203125 0.08515625 0.109375 0.11015625
1 0.53828125 0.13828125 0.09765625 0.0984375
1 0.5421875 0.23203125 0.09765625 0.0984375
1 0.53828125 0.371875 0.109375 0.11015625
1 0.5421875 0.4828125 0.109375 0.11015625
1 0.528125 0.58984375 0.11015625 0.1109375
1 0.4265625 0.6328125 0.109375 0.1109375
1 0.428125 0.52734375 0.11015625 0.1109375
1 0.428125 0.4109375 0.08515625 0.0859375
1 0.43359375 0.1890625 0.09765625 0.0984375
1 0.43671875 0.0890625 0.109375 0.1109375
1 0.0671875 0.0703125 0.08515625 0.0859375
1 0.13671875 0.12109375 0.0859375 0.0859375
1 0.06015625 0.21484375 0.08515625 0.0859375
1 0.146875 0.2703125 0.08515625 0.0859375
1 0.2515625 0.315625 0.08515625 0.0859375
1 0.15 0.66875 0.0859375 0.0859375
1 0.0578125 0.5203125 0.09765625 0.09765625
1 0.06171875 0.4265625 0.09765625 0.09765625
1 0.25078125 0.41640625 0.09765625 0.0984375
1 0.1453125 0.47578125 0.09765625 0.0984375
1 0.14765625 0.57890625 0.08515625 0.0859375
1 0.06171875 0.3265625 0.0859375 0.0859375
1 0.14296875 0.36328125 0.08515625 0.0859375
1 0.3484375 0.58046875 0.09765625 0.0984375