2 0.08515625 0.25859375 0.0734375 0.07421875
2 0.18203125 0.74296875 0.0734375 0.07421875
1 0.93125 0.84296875 0.0859375 0.0859375
1 0.92109375 0.946875 0.0859375 0.0859375
1 0.83203125 0.79375 0.09765625 0.0984375
1 0.8359375 0.909375 0.0859375 0.0859375
1 0.74140625 0.85859375 0.09765625 0.09765625
1 0.6546875 0.809375 0.11015625 0.11015625
1 0.6484375 0.9234375 0.09765625 0.0984375
1 0.55 0.77265625 0.08515625 0.0859375
1 0.54765625 0.87890625 0.08515625 0.0859375
3 0.459375 0.9296875 0.08515625 0.0859375
1 0.45859375 0.8171875 0.08515625 0.0859375
1 0.3640625 0.75859375 0.0859375 0.0859375
1 0.365625 0.871875 0.0859375 0.0859375
1 0.2734375 0.9265625 0.109375 0.1109375
1 0.2796875 0.80390625 0.09765625 0.0984375
1 0.184375 0.85625 0.0859375 0.0859375
1 0.08125 0.928125 0.0859375 0.0859375
1 0.078125 0.80390625 0.09765625 0.0984375
1 0.08671875 0.7046875 0.08515625 0.0859375
1 0.08671875 0.58984375 0.08515625 0.0859375
1 0.09296875 0.48828125 0.08515625 0.0859375
1 0.08125 0.36796875 0.08515625 0.0859375
1 0.0859375 0.1484375 0.09765625 0.09765625
1 0.18671875 0.05625 0.09765625 0.0984375
1 0.19375 0.20078125 0.09765625 0.0984375
1 0.1828125 0.315625 0.0859375 0.0859375
1 0.178125 0.4296875 0.08515625 0.0859375
1 0.17734375 0.5359375 0.08515625 0.0859375
1 0.17421875 0.64140625 0.08515625 0.0859375
1 0.2703125 0.0484375 0.0859375 0.0859375
1 0.27421875 0.15546875 0.09765625 0.09765625
1 0.271875 0.26484375 0.0859375 0.0859375
1 0.2671875 0.37421875 0.0859375 0.0859375
1 0.26484375 0.48984375 0.09765625 0.0984375
1 0.2796875 0.61171875 0.09765625 0.0984375
1 0.27421875 0.7078125 0.11015625 0.1109375
1 0.36640625 0.10546875 0.0859375 0.0859375
1 0.36640625 0.21015625 0.0859375 0.0859375
1 0.3671875 0.33046875 0.09765625 0.0984375
1 0.36328125 0.4375 0.0859375 0.0859375
1 0.36171875 0.5421875 0.08515625 0.0859375
1 0.36796875 0.6484375 0.09765625 0.09765625
1 0.459375 0.7046875 0.09765625 0.0984375
1 0.4578125 0.5984375 0.08515625 0.0859375
1 0.4625 0.48046875 0.0859375 0.0859375
1 0.45625 0.3765625 0.08515625 0.08671875
1 0.46015625 0.26640625 0.09765625 0.0984375
1 0.46171875 0.15 0.09765625 0.0984375
1 0.5546875 0.096875 0.109375 0.11015625
1 0.5546875 0.20078125 0.09765625 0.0984375
1 0.5578125 0.309375 0.09765625 0.0984375
1 0.55546875 0.43125 0.0859375 0.0859375
1 0.55625 0.54140625 0.09765625 0.0984375
1 0.5546875 0.64296875 0.09765625 0.0984375
1 0.6546875 0.1546875 0.09765625 0.09765625
1 0.64765625 0.25703125 0.08515625 0.0859375
1 0.6453125 0.36640625 0.09765625 0.09765625
1 0.65546875 0.48203125 0.09765625 0.0984375
1 0.6484375 0.59453125 0.09765625 0.0984375
1 0.65234375 0.70078125 0.09765625 0.0984375
1 0.74375 0.74296875 0.09765625 0.0984375
1 0.75078125 0.63203125 0.09765625 0.09765625
1 0.74296875 0.52421875 0.09765625 0.0984375
1 0.74609375 0.41328125 0.09765625 0.09765625
1 0.7453125 0.3 0.09765625 0.0984375
1 0.753125 0.1890625 0.09765625 0.09765625
1 0.74609375 0.08125 0.09765625 0.0984375
1 0.840625 0.13125 0.09765625 0.0984375
1 0.8390625 0.2390625 0.09765625 0.0984375
1 0.8375 0.353125 0.09765625 0.09765625
1 0.834375 0.46953125 0.09765625 0.0984375
1 0.8375 0.57421875 0.08515625 0.0859375
1 0.83671875 0.6765625 0.09765625 0.0984375
1 0.9328125 0.72734375 0.11015625 0.11015625
1 0.93125 0.61875 0.109375 0.11015625
1 0.9265625 0.5109375 0.109375 0.11015625
1 0.9328125 0.409375 0.11015625 0.11015625
1 0.93203125 0.29609375 0.11015625 0.11015625
1 0.9296875 0.18203125 0.109375 0.11015625
1 0.928125 0.07109375 0.11015625 0.1109375