2 0.09453125 0.1453125 0.0609375 0.0609375
2 0.20078125 0.63515625 0.0734375 0.0734375
2 0.19375 0.85234375 0.08515625 0.0859375
2 0.28828125 0.79453125 0.0734375 0.0734375
2 0.2875 0.90859375 0.06171875 0.06171875
2 0.2953125 0.6890625 0.0734375 0.0734375
1 0.103125 0.24921875 0.09765625 0.09765625
1 0.10234375 0.3578125 0.08515625 0.0859375
1 0.10078125 0.4703125 0.08515625 0.0859375
1 0.10234375 0.578125 0.08515625 0.0859375
0 0.19453125 0.19140625 0.0734375 0.07421875
0 0.28828125 0.2453125 0.0859375 0.0859375
0 0.29375 0.3578125 0.0734375 0.07421875
1 0.2 0.3015625 0.09765625 0.09765625
1 0.2 0.41328125 0.09765625 0.09765625
2 0.196875 0.5265625 0.06171875 0.06171875
1 0.10546875 0.68984375 0.0859375 0.08671875
1 0.28984375 0.46953125 0.0859375 0.0859375
1 0.290625 0.578125 0.0859375 0.0859375
1 0.19296875 0.74375 0.0734375 0.0734375
1 0.10078125 0.80078125 0.0859375 0.0859375
1 0.096875 0.9125 0.09765625 0.0984375