2 0.20546875 0.86015625 0.0734375 0.07421875
2 0.2078125 0.94609375 0.0734375 0.07421875
2 0.40859375 0.928125 0.0734375 0.0734375
2 0.4015625 0.71171875 0.0734375 0.07421875
2 0.12734375 0.91328125 0.0734375 0.0734375
2 0.8796875 0.55546875 0.0734375 0.07421875
1 0.8828125 0.325 0.09765625 0.09765625
1 0.87421875 0.43359375 0.0859375 0.0859375
1 0.8859375 0.6625 0.09765625 0.09765625
1 0.7875 0.62421875 0.0859375 0.0859375
1 0.78984375 0.71640625 0.11015625 0.11015625
1 0.78203125 0.82890625 0.09765625 0.0984375
1 0.69609375 0.325 0.09765625 0.0984375
3 0.6890625 0.4390625 0.0859375 0.0859375
1 0.6921875 0.5453125 0.08515625 0.0859375
1 0.69296875 0.66171875 0.11015625 0.11015625
1 0.696875 0.7703125 0.11015625 0.11015625
1 0.6953125 0.8796875 0.109375 0.11015625
1 0.60078125 0.290625 0.09765625 0.09765625
1 0.60546875 0.38203125 0.09765625 0.0984375
1 0.590625 0.4859375 0.09765625 0.09765625
1 0.5921875 0.6140625 0.09765625 0.0984375
1 0.58671875 0.7234375 0.09765625 0.0984375
1 0.5828125 0.82890625 0.09765625 0.0984375
1 0.59453125 0.9375 0.08515625 0.0859375
1 0.50703125 0.3375 0.11015625 0.1109375
1 0.5109375 0.4625 0.121875 0.1234375
1 0.5046875 0.56875 0.08515625 0.0859375
1 0.4875 0.6859375 0.0859375 0.0859375
1 0.48984375 0.77109375 0.08515625 0.08671875
1 0.49609375 0.87890625 0.09765625 0.09765625
1 0.41171875 0.28671875 0.11015625 0.11015625
1 0.415625 0.39609375 0.11015625 0.11015625
1 0.41328125 0.50859375 0.09765625 0.0984375
1 0.41484375 0.60703125 0.09765625 0.0984375
2 0.3234375 0.69375 0.0609375 0.06171875
2 0.32265625 0.796875 0.0734375 0.07421875
1 0.32578125 0.8828125 0.08515625 0.0859375
1 0.3171875 0.353125 0.109375 0.11015625
1 0.325 0.45 0.11015625 0.11015625
1 0.321875 0.56484375 0.109375 0.11015625
1 0.2265625 0.2921875 0.0859375 0.0859375
1 0.221875 0.403125 0.109375 0.11015625
1 0.22421875 0.509375 0.11015625 0.11015625
1 0.2234375 0.609375 0.109375 0.1109375
1 0.21171875 0.7515625 0.09765625 0.0984375
1 0.128125 0.79921875 0.09765625 0.0984375
1 0.1421875 0.684375 0.0859375 0.0859375
1 0.128125 0.34140625 0.08515625 0.08671875
1 0.134375 0.4453125 0.09765625 0.09765625
1 0.128125 0.5765625 0.09765625 0.0984375
1 0.04921875 0.7515625 0.08515625 0.0859375
1 0.88125 0.2125 0.09765625 0.09765625
3 0.04140625 0.07421875 0.0734375 0.07421875
1 0.7890625 0.0609375 0.09765625 0.0984375
1 0.69375 0.115625 0.09765625 0.09765625
1 0.68828125 0.2140625 0.0859375 0.0859375
1 0.6046875 0.0609375 0.109375 0.1109375
1 0.59921875 0.17265625 0.11015625 0.11015625
1 0.51015625 0.134375 0.08515625 0.0859375
1 0.415625 0.18046875 0.09765625 0.0984375
1 0.4109375 0.0734375 0.11015625 0.1109375
1 0.32421875 0.12265625 0.109375 0.11015625
1 0.23125 0.17421875 0.11015625 0.11015625
1 0.32421875 0.23828125 0.0859375 0.0859375
1 0.2359375 0.08125 0.109375 0.1109375
1 0.13671875 0.1203125 0.0859375 0.0859375
1 0.13515625 0.2265625 0.08515625 0.0859375
1 0.5140625 0.2453125 0.11015625 0.11015625
1 0.40625 0.815625 0.09765625 0.0984375