2 0.1546875 0.21015625 0.0734375 0.0734375
2 0.24453125 0.35625 0.0734375 0.07421875
2 0.2453125 0.2515625 0.0734375 0.0734375
2 0.34140625 0.29453125 0.0734375 0.0734375
2 0.0609375 0.2734375 0.08515625 0.0859375
2 0.15703125 0.30546875 0.0734375 0.07421875
2 0.16171875 0.421875 0.0734375 0.07421875
2 0.34453125 0.39921875 0.0859375 0.0859375
2 0.2484375 0.4765625 0.0734375 0.07421875
2 0.71640625 0.3375 0.0734375 0.07421875
2 0.70078125 0.23046875 0.0734375 0.07421875
2 0.53046875 0.66171875 0.0734375 0.0734375
2 0.51875 0.5484375 0.0734375 0.0734375
2 0.715625 0.53984375 0.0734375 0.0734375
2 0.9265625 0.653125 0.08515625 0.0859375
2 0.81796875 0.61015625 0.0734375 0.0734375
2 0.81953125 0.48515625 0.0734375 0.0734375
2 0.4375 0.59453125 0.0859375 0.0859375
2 0.71640625 0.4265625 0.0734375 0.0734375
2 0.81171875 0.3875 0.0734375 0.07421875
2 0.43125 0.47578125 0.0734375 0.0734375
2 0.059375 0.1703125 0.0734375 0.07421875
1 0.06640625 0.39140625 0.0859375 0.0859375
1 0.06328125 0.5046875 0.09765625 0.09765625
1 0.0640625 0.615625 0.121875 0.1234375
2 0.153125 0.1125 0.0609375 0.06171875
1 0.15546875 0.5546875 0.09765625 0.09765625
2 0.24140625 0.1453125 0.0609375 0.06171875
1 0.25546875 0.615625 0.08515625 0.0859375
2 0.3296875 0.096875 0.06171875 0.06171875
2 0.33046875 0.184375 0.06171875 0.06171875
1 0.3484375 0.5359375 0.0859375 0.0859375
1 0.3484375 0.65234375 0.08515625 0.0859375
2 0.4359375 0.16484375 0.0484375 0.05
2 0.434375 0.26796875 0.0484375 0.05
2 0.43828125 0.37734375 0.0734375 0.0734375
2 0.509375 0.12734375 0.0609375 0.06171875
2 0.5140625 0.225 0.0609375 0.06171875
2 0.5140625 0.31015625 0.0609375 0.06171875
2 0.52265625 0.41875 0.06171875 0.06171875
2 0.5984375 0.17890625 0.06171875 0.06171875
2 0.60625 0.284375 0.0734375 0.0734375
2 0.61953125 0.37265625 0.0734375 0.0734375
2 0.61796875 0.48359375 0.0734375 0.0734375
2 0.6203125 0.6046875 0.0734375 0.0734375
2 0.68828125 0.11875 0.06171875 0.06171875
1 0.73125 0.65390625 0.0859375 0.08671875
1 0.80703125 0.2703125 0.0734375 0.07421875
1 0.91796875 0.1125 0.09765625 0.0984375
1 0.9234375 0.2296875 0.11015625 0.1109375
1 0.92890625 0.334375 0.11015625 0.1109375
1 0.92421875 0.4390625 0.0734375 0.07421875
1 0.92265625 0.55078125 0.0734375 0.07421875
1 0.9171875 0.7796875 0.0734375 0.0734375
1 0.9171875 0.88515625 0.109375 0.11015625
1 0.825 0.7234375 0.0859375 0.0859375
1 0.8203125 0.8390625 0.109375 0.11015625
1 0.821875 0.94375 0.11015625 0.11015625
1 0.725 0.78046875 0.11015625 0.11015625
1 0.725 0.89140625 0.11015625 0.11015625
1 0.62421875 0.721875 0.08515625 0.08671875
1 0.6359375 0.83359375 0.09765625 0.0984375
1 0.634375 0.9453125 0.0859375 0.0859375
1 0.53203125 0.7671875 0.0859375 0.0859375
1 0.5359375 0.890625 0.0859375 0.0859375
1 0.4390625 0.71796875 0.0734375 0.0734375
1 0.446875 0.83046875 0.09765625 0.0984375
1 0.44375 0.9421875 0.08515625 0.0859375
1 0.35 0.7484375 0.08515625 0.0859375
1 0.34375 0.88671875 0.09765625 0.09765625
1 0.25625 0.7265625 0.09765625 0.09765625
1 0.25 0.8390625 0.09765625 0.09765625
1 0.25390625 0.9453125 0.09765625 0.09765625
1 0.1625 0.6703125 0.0859375 0.0859375
1 0.15625 0.778125 0.109375 0.1109375
1 0.15625 0.88203125 0.0859375 0.0859375
1 0.065625 0.71875 0.09765625 0.09765625
1 0.0609375 0.83046875 0.09765625 0.0984375
1 0.05703125 0.94453125 0.0734375 0.0734375