1 0.30703125 0.05625 0.11015625 0.11015625
1 0.87578125 0.05078125 0.0859375 0.0859375
1 0.8734375 0.1625 0.09765625 0.0984375
1 0.87421875 0.27578125 0.09765625 0.0984375
1 0.8703125 0.37890625 0.08515625 0.0859375
1 0.871875 0.49453125 0.09765625 0.0984375
1 0.78125 0.1 0.09765625 0.0984375
1 0.778125 0.2140625 0.09765625 0.0984375
1 0.77734375 0.32109375 0.09765625 0.0984375
1 0.7765625 0.43515625 0.09765625 0.0984375
1 0.77421875 0.5484375 0.09765625 0.0984375
1 0.68046875 0.05390625 0.08515625 0.0859375
1 0.6828125 0.165625 0.08515625 0.0859375
1 0.6796875 0.27265625 0.09765625 0.0984375
1 0.684375 0.38359375 0.09765625 0.0984375
1 0.68046875 0.4984375 0.0859375 0.0859375
1 0.5921875 0.1078125 0.09765625 0.0984375
1 0.58984375 0.2140625 0.09765625 0.0984375
1 0.5875 0.32734375 0.09765625 0.0984375
1 0.58984375 0.43515625 0.09765625 0.0984375
1 0.58828125 0.55546875 0.08515625 0.0859375
1 0.49375 0.16328125 0.109375 0.11015625
1 0.4953125 0.27890625 0.11015625 0.11015625
1 0.5 0.38046875 0.09765625 0.0984375
1 0.4890625 0.4890625 0.09765625 0.09765625
3 0.39375 0.115625 0.11015625 0.11015625
3 0.2984375 0.16328125 0.11015625 0.11015625
1 0.39609375 0.2140625 0.11015625 0.11015625
1 0.39296875 0.3296875 0.11015625 0.11015625
1 0.39609375 0.446875 0.11015625 0.1109375
1 0.39375 0.5546875 0.0859375 0.0859375
1 0.29765625 0.2859375 0.0734375 0.07421875
1 0.30078125 0.384375 0.09765625 0.09765625
1 0.29375 0.503125 0.09765625 0.09765625
1 0.1984375 0.10859375 0.109375 0.11015625
1 0.2015625 0.21953125 0.109375 0.1109375
1 0.2046875 0.3203125 0.109375 0.1109375
1 0.1984375 0.43984375 0.09765625 0.0984375
1 0.1984375 0.55625 0.08515625 0.0859375
1 0.1125 0.15703125 0.109375 0.1109375
1 0.1125 0.26484375 0.08515625 0.0859375
1 0.109375 0.38984375 0.09765625 0.0984375
1 0.1171875 0.49921875 0.09765625 0.0984375
1 0.12109375 0.603125 0.0859375 0.0859375
1 0.121875 0.7125 0.0734375 0.0734375
1 0.20234375 0.6625 0.09765625 0.0984375
2 0.19296875 0.778125 0.06171875 0.06171875
1 0.29375 0.60859375 0.09765625 0.0984375
1 0.2984375 0.71640625 0.09765625 0.0984375
1 0.40234375 0.665625 0.09765625 0.09765625
1 0.49375 0.6046875 0.08515625 0.0859375
1 0.4921875 0.715625 0.09765625 0.09765625
1 0.5921875 0.66328125 0.09765625 0.09765625
1 0.58515625 0.7578125 0.08515625 0.0859375
1 0.68046875 0.60859375 0.0859375 0.0859375
1 0.6828125 0.71171875 0.0859375 0.0859375
1 0.7765625 0.653125 0.0859375 0.0859375
1 0.7734375 0.7609375 0.0859375 0.0859375
1 0.87734375 0.6015625 0.08515625 0.0859375
1 0.86875 0.70234375 0.09765625 0.0984375
2 0.10625 0.92265625 0.0484375 0.0484375
1 0.1921875 0.95546875 0.0734375 0.0734375
1 0.39609375 0.953125 0.0734375 0.07421875
2 0.771875 0.9546875 0.0609375 0.06171875
2 0.94765625 0.9390625 0.06171875 0.06171875