2 0.65078125 0.61484375 0.0734375 0.0734375
2 0.740625 0.7609375 0.0734375 0.07421875
2 0.74140625 0.65546875 0.0734375 0.0734375
2 0.8375 0.6984375 0.0734375 0.0734375
2 0.55703125 0.678125 0.08515625 0.0859375
2 0.653125 0.71015625 0.0734375 0.07421875
2 0.6578125 0.8265625 0.0734375 0.07421875
2 0.840625 0.80390625 0.0859375 0.0859375
2 0.74453125 0.88125 0.0734375 0.07421875
2 0.92734375 0.88046875 0.0734375 0.0734375
1 0.93671875 0.053125 0.0859375 0.0859375
1 0.75 0.05703125 0.09765625 0.0984375
1 0.65234375 0.1109375 0.09765625 0.0984375
1 0.55859375 0.0609375 0.0859375 0.0859375
1 0.46640625 0.11796875 0.08515625 0.0859375
1 0.3671875 0.0515625 0.09765625 0.09765625
1 0.271875 0.1171875 0.0859375 0.0859375
1 0.171875 0.065625 0.09765625 0.09765625
1 0.0765625 0.11875 0.08515625 0.0859375
1 0.0796875 0.225 0.09765625 0.0984375
2 0.07109375 0.340625 0.06171875 0.06171875
1 0.171875 0.17109375 0.09765625 0.0984375
1 0.1765625 0.27890625 0.09765625 0.0984375
1 0.28046875 0.228125 0.09765625 0.09765625
1 0.371875 0.1671875 0.08515625 0.0859375
1 0.3703125 0.278125 0.09765625 0.09765625
1 0.46953125 0.22578125 0.09765625 0.09765625
1 0.46328125 0.3203125 0.08515625 0.0859375
1 0.55859375 0.17109375 0.0859375 0.0859375
1 0.5609375 0.27421875 0.0859375 0.0859375
1 0.6546875 0.215625 0.0859375 0.0859375
1 0.6515625 0.3234375 0.0859375 0.0859375
1 0.75546875 0.1640625 0.08515625 0.0859375
1 0.746875 0.26484375 0.09765625 0.0984375
1 0.846875 0.11640625 0.09765625 0.0984375
1 0.84453125 0.21796875 0.09765625 0.0984375
3 0.93671875 0.1609375 0.0859375 0.0859375
1 0.94140625 0.27109375 0.09765625 0.0984375
1 0.06953125 0.51796875 0.0734375 0.0734375
1 0.07421875 0.63046875 0.109375 0.11015625
1 0.075 0.73984375 0.109375 0.11015625
1 0.075 0.84765625 0.0859375 0.0859375
1 0.18046875 0.5703125 0.121875 0.1234375
1 0.16875 0.67890625 0.121875 0.1234375
1 0.17578125 0.79921875 0.09765625 0.0984375
1 0.1765625 0.89765625 0.09765625 0.0984375
1 0.27421875 0.515625 0.0734375 0.07421875
1 0.2796875 0.628125 0.09765625 0.09765625
1 0.2859375 0.74140625 0.121875 0.1234375
1 0.28125 0.85390625 0.09765625 0.0984375
1 0.37421875 0.57109375 0.121875 0.1234375
1 0.3703125 0.69140625 0.121875 0.1234375
1 0.37265625 0.8 0.08515625 0.0859375
1 0.3703125 0.9203125 0.09765625 0.0984375
1 0.46484375 0.52265625 0.09765625 0.09765625
1 0.46875 0.6359375 0.09765625 0.09765625
1 0.46875 0.740625 0.09765625 0.09765625
1 0.4703125 0.8546875 0.09765625 0.09765625
2 0.55546875 0.57421875 0.0734375 0.07421875
1 0.5625 0.79609375 0.0859375 0.0859375
1 0.559375 0.909375 0.09765625 0.09765625
2 0.64921875 0.5171875 0.0609375 0.06171875
2 0.7375 0.54921875 0.0609375 0.06171875
2 0.82578125 0.5015625 0.06171875 0.06171875
2 0.8265625 0.58828125 0.06171875 0.06171875
1 0.84453125 0.940625 0.0859375 0.0859375
2 0.93125 0.56875 0.0484375 0.05
2 0.93046875 0.67265625 0.0484375 0.05
2 0.934375 0.78203125 0.0734375 0.0734375