1 0.140625 0.053125 0.09765625 0.09765625
1 0.1359375 0.16796875 0.11015625 0.1109375
1 0.13359375 0.2765625 0.11015625 0.1109375
1 0.2359375 0.11171875 0.09765625 0.0984375
1 0.234375 0.2234375 0.09765625 0.09765625
1 0.23046875 0.3328125 0.09765625 0.09765625
1 0.32578125 0.06328125 0.11015625 0.11015625
1 0.3234375 0.1734375 0.109375 0.11015625
1 0.32109375 0.28046875 0.109375 0.11015625
1 0.3234375 0.38125 0.109375 0.1109375
1 0.41953125 0.1203125 0.11015625 0.11015625
1 0.4203125 0.2234375 0.11015625 0.11015625
1 0.415625 0.34140625 0.09765625 0.0984375
1 0.50859375 0.06875 0.109375 0.11015625
1 0.5140625 0.178125 0.09765625 0.0984375
1 0.5125 0.28203125 0.11015625 0.11015625
1 0.6109375 0.1125 0.09765625 0.0984375
1 0.61796875 0.228125 0.109375 0.11015625
1 0.61953125 0.3390625 0.11015625 0.11015625
1 0.70859375 0.06171875 0.11015625 0.11015625
1 0.71015625 0.17109375 0.109375 0.11015625
1 0.7078125 0.275 0.109375 0.11015625
1 0.8015625 0.11953125 0.11015625 0.11015625
1 0.803125 0.2234375 0.11015625 0.11015625
1 0.79765625 0.33515625 0.11015625 0.11015625
1 0.89921875 0.0609375 0.109375 0.1109375
1 0.896875 0.17265625 0.109375 0.11015625
1 0.89453125 0.28046875 0.09765625 0.0984375
1 0.896875 0.396875 0.09765625 0.0984375
1 0.896875 0.4984375 0.09765625 0.0984375
1 0.8921875 0.60859375 0.11015625 0.11015625
1 0.89765625 0.7203125 0.09765625 0.0984375
1 0.803125 0.45 0.109375 0.11015625
1 0.8 0.5578125 0.109375 0.11015625
1 0.8046875 0.6671875 0.109375 0.11015625
1 0.80390625 0.771875 0.109375 0.11015625
1 0.80546875 0.89375 0.0734375 0.07421875
1 0.71171875 0.39609375 0.109375 0.11015625
1 0.7109375 0.5046875 0.09765625 0.0984375
1 0.7125 0.61953125 0.11015625 0.11015625
1 0.70625 0.7125 0.11015625 0.11015625
1 0.70859375 0.834375 0.11015625 0.1109375
1 0.615625 0.45859375 0.11015625 0.11015625
1 0.61953125 0.571875 0.11015625 0.11015625
1 0.61640625 0.67890625 0.11015625 0.1109375
1 0.61796875 0.7859375 0.09765625 0.09765625
2 0.6203125 0.88984375 0.0609375 0.06171875
1 0.509375 0.3953125 0.11015625 0.11015625
1 0.5140625 0.50625 0.11015625 0.11015625
1 0.51484375 0.61796875 0.109375 0.1109375
1 0.5140625 0.71875 0.09765625 0.09765625
1 0.51640625 0.83828125 0.109375 0.11015625
1 0.4171875 0.45703125 0.09765625 0.09765625
1 0.421875 0.56875 0.09765625 0.09765625
1 0.41796875 0.67890625 0.109375 0.11015625
1 0.421875 0.78671875 0.109375 0.11015625
1 0.321875 0.5015625 0.109375 0.1109375
1 0.32734375 0.6109375 0.09765625 0.09765625
1 0.32578125 0.7203125 0.11015625 0.11015625
1 0.32265625 0.8296875 0.11015625 0.11015625
1 0.23203125 0.44453125 0.11015625 0.1109375
1 0.22890625 0.55390625 0.11015625 0.11015625
1 0.23359375 0.6703125 0.11015625 0.11015625
1 0.22734375 0.7796875 0.11015625 0.11015625
1 0.13125 0.3890625 0.11015625 0.11015625
1 0.13359375 0.50859375 0.11015625 0.11015625
1 0.13359375 0.61171875 0.109375 0.11015625
1 0.13203125 0.721875 0.109375 0.11015625
1 0.12890625 0.8328125 0.09765625 0.0984375
1 0.22109375 0.88984375 0.11015625 0.1109375
1 0.415625 0.89296875 0.109375 0.11015625
1 0.8890625 0.94296875 0.0734375 0.0734375