1 0.21796875 0.0953125 0.11015625 0.11015625
1 0.4125 0.090625 0.09765625 0.09765625
1 0.884375 0.15390625 0.11015625 0.11015625
1 0.8765625 0.2515625 0.09765625 0.0984375
1 0.87421875 0.38125 0.09765625 0.0984375
1 0.8796875 0.48671875 0.109375 0.11015625
1 0.7875 0.10078125 0.11015625 0.11015625
1 0.7890625 0.209375 0.109375 0.11015625
1 0.7890625 0.3265625 0.09765625 0.0984375
1 0.7890625 0.42734375 0.09765625 0.0984375
1 0.7828125 0.540625 0.109375 0.1109375
1 0.69453125 0.15078125 0.109375 0.11015625
1 0.690625 0.26015625 0.109375 0.11015625
1 0.6921875 0.36953125 0.109375 0.11015625
1 0.690625 0.48125 0.11015625 0.1109375
1 0.603125 0.1 0.11015625 0.11015625
1 0.59453125 0.196875 0.11015625 0.11015625
1 0.59765625 0.30859375 0.09765625 0.09765625
1 0.59921875 0.41875 0.11015625 0.1109375
1 0.59921875 0.5375 0.11015625 0.11015625
1 0.50546875 0.15 0.11015625 0.11015625
1 0.50703125 0.26640625 0.11015625 0.1109375
1 0.4984375 0.37578125 0.09765625 0.09765625
1 0.5078125 0.49375 0.109375 0.11015625
1 0.409375 0.203125 0.109375 0.1109375
2 0.4078125 0.32265625 0.0609375 0.06171875
1 0.4046875 0.42890625 0.109375 0.11015625
1 0.40625 0.53984375 0.109375 0.11015625
1 0.3140625 0.14765625 0.109375 0.1109375
1 0.3171875 0.25703125 0.109375 0.11015625
1 0.309375 0.365625 0.11015625 0.11015625
1 0.31328125 0.4859375 0.11015625 0.11015625
1 0.2203125 0.20390625 0.11015625 0.11015625
2 0.21640625 0.303125 0.06171875 0.06171875
1 0.2171875 0.42421875 0.11015625 0.11015625
1 0.2171875 0.540625 0.109375 0.11015625
2 0.1265625 0.153125 0.06171875 0.06171875
2 0.121875 0.2609375 0.06171875 0.06171875
1 0.1234375 0.371875 0.109375 0.11015625
1 0.121875 0.490625 0.109375 0.11015625
1 0.1265625 0.590625 0.09765625 0.0984375
1 0.128125 0.69765625 0.09765625 0.0984375
1 0.12578125 0.809375 0.09765625 0.09765625
1 0.121875 0.91875 0.09765625 0.09765625
1 0.2171875 0.64921875 0.11015625 0.11015625
1 0.21484375 0.759375 0.109375 0.11015625
1 0.2125 0.86640625 0.109375 0.11015625
1 0.3078125 0.5953125 0.11015625 0.11015625
1 0.3109375 0.70625 0.11015625 0.11015625
1 0.31171875 0.809375 0.11015625 0.11015625
1 0.3078125 0.92734375 0.09765625 0.0984375
1 0.4 0.6546875 0.109375 0.11015625
1 0.40546875 0.7640625 0.09765625 0.0984375
1 0.40390625 0.86796875 0.11015625 0.11015625
1 0.50703125 0.590625 0.09765625 0.0984375
1 0.503125 0.6984375 0.09765625 0.0984375
1 0.509375 0.8140625 0.109375 0.11015625
1 0.5109375 0.925 0.11015625 0.11015625
1 0.6 0.64765625 0.11015625 0.11015625
1 0.6015625 0.75703125 0.109375 0.11015625
1 0.6 0.8609375 0.109375 0.11015625
1 0.69765625 0.5890625 0.11015625 0.1109375
1 0.69296875 0.70546875 0.11015625 0.11015625
1 0.69453125 0.809375 0.11015625 0.11015625
1 0.6890625 0.92109375 0.11015625 0.11015625
1 0.790625 0.646875 0.109375 0.1109375
1 0.78828125 0.75859375 0.109375 0.11015625
1 0.7859375 0.86640625 0.09765625 0.0984375
1 0.88203125 0.5875 0.11015625 0.11015625
1 0.88125 0.709375 0.0859375 0.0859375
1 0.88125 0.815625 0.09765625 0.09765625
1 0.8859375 0.9265625 0.09765625 0.0984375