2 0.6046875 0.6546875 0.0734375 0.07421875
1 0.6953125 0.934375 0.09765625 0.09765625
1 0.50625 0.93828125 0.11015625 0.11015625
1 0.30703125 0.9421875 0.11015625 0.11015625
1 0.87890625 0.3046875 0.09765625 0.09765625
1 0.88203125 0.396875 0.109375 0.11015625
1 0.88046875 0.4984375 0.11015625 0.11015625
1 0.884375 0.6125 0.11015625 0.11015625
1 0.87734375 0.72578125 0.11015625 0.11015625
1 0.88359375 0.83671875 0.109375 0.11015625
1 0.79609375 0.8890625 0.109375 0.1109375
1 0.7875 0.7703125 0.109375 0.11015625
1 0.7828125 0.66328125 0.109375 0.11015625
1 0.7921875 0.56484375 0.09765625 0.0984375
1 0.7921875 0.446875 0.11015625 0.11015625
1 0.79765625 0.33359375 0.09765625 0.0984375
1 0.6984375 0.2796875 0.109375 0.11015625
1 0.6921875 0.3953125 0.11015625 0.1109375
1 0.69921875 0.50625 0.109375 0.11015625
1 0.6984375 0.60625 0.109375 0.11015625
1 0.69921875 0.721875 0.109375 0.11015625
1 0.68828125 0.840625 0.109375 0.11015625
1 0.60234375 0.8890625 0.08515625 0.0859375
1 0.60234375 0.7671875 0.08515625 0.0859375
1 0.6125 0.53984375 0.08515625 0.0859375
1 0.6078125 0.44453125 0.09765625 0.0984375
1 0.60625 0.33125 0.109375 0.11015625
1 0.5046875 0.28046875 0.11015625 0.11015625
1 0.509375 0.38984375 0.109375 0.11015625
1 0.51328125 0.5046875 0.11015625 0.11015625
1 0.5078125 0.6078125 0.109375 0.1109375
1 0.49921875 0.7140625 0.109375 0.11015625
1 0.50390625 0.821875 0.109375 0.11015625
1 0.4078125 0.87578125 0.109375 0.11015625
1 0.40703125 0.78671875 0.109375 0.11015625
1 0.409375 0.68125 0.11015625 0.11015625
1 0.41640625 0.5484375 0.11015625 0.1109375
1 0.41640625 0.440625 0.11015625 0.11015625
1 0.315625 0.28203125 0.11015625 0.11015625
1 0.41484375 0.32734375 0.109375 0.11015625
1 0.3140625 0.39140625 0.09765625 0.0984375
1 0.321875 0.49296875 0.09765625 0.0984375
1 0.31796875 0.60859375 0.11015625 0.11015625
1 0.31875 0.72421875 0.09765625 0.0984375
1 0.31640625 0.8328125 0.109375 0.11015625
1 0.2234375 0.87890625 0.109375 0.1109375
1 0.2171875 0.7671875 0.09765625 0.0984375
1 0.22578125 0.66953125 0.11015625 0.11015625
1 0.22734375 0.55546875 0.09765625 0.0984375
1 0.22421875 0.4328125 0.11015625 0.11015625
1 0.225 0.33515625 0.11015625 0.11015625
1 0.1265625 0.290625 0.0859375 0.0859375
1 0.13125 0.4 0.0859375 0.0859375
1 0.13203125 0.4953125 0.08515625 0.0859375
1 0.13359375 0.6109375 0.08515625 0.0859375
1 0.1359375 0.71875 0.0859375 0.0859375
1 0.140625 0.8359375 0.0859375 0.0859375
1 0.13515625 0.93828125 0.08515625 0.0859375
1 0.8859375 0.16953125 0.09765625 0.0984375
1 0.8984375 0.053125 0.09765625 0.09765625
1 0.7875 0.10625 0.11015625 0.11015625
1 0.7875 0.21796875 0.09765625 0.0984375
1 0.6984375 0.16875 0.09765625 0.0984375
1 0.696875 0.0640625 0.11015625 0.11015625
1 0.6046875 0.11171875 0.109375 0.11015625
1 0.59765625 0.22890625 0.09765625 0.0984375
1 0.50859375 0.18515625 0.09765625 0.0984375
1 0.5109375 0.0578125 0.109375 0.11015625
1 0.41484375 0.10703125 0.11015625 0.11015625
1 0.4109375 0.21953125 0.09765625 0.0984375
1 0.325 0.16875 0.109375 0.11015625
1 0.325 0.05703125 0.09765625 0.0984375
1 0.221875 0.109375 0.09765625 0.09765625
1 0.225 0.2140625 0.0859375 0.0859375
1 0.13359375 0.16875 0.08515625 0.0859375
1 0.13046875 0.0484375 0.08515625 0.0859375