2 0.14375 0.65859375 0.0734375 0.0734375
2 0.90078125 0.10234375 0.0734375 0.07421875
2 0.80234375 0.7171875 0.0734375 0.07421875
2 0.709375 0.65546875 0.0609375 0.06171875
1 0.89921875 0.87421875 0.08515625 0.0859375
1 0.896875 0.771875 0.0859375 0.0859375
1 0.5171875 0.78828125 0.0859375 0.0859375
1 0.334375 0.9015625 0.0859375 0.0859375
1 0.425 0.93046875 0.0859375 0.0859375
1 0.89375 0.64765625 0.09765625 0.0984375
1 0.809375 0.615625 0.09765625 0.09765625
1 0.80390625 0.8265625 0.09765625 0.09765625
1 0.8046875 0.92890625 0.09765625 0.0984375
1 0.7171875 0.775 0.109375 0.1109375
1 0.71015625 0.88203125 0.11015625 0.11015625
1 0.6234375 0.92734375 0.11015625 0.11015625
1 0.61953125 0.82578125 0.11015625 0.11015625
1 0.62421875 0.7203125 0.0859375 0.0859375
1 0.6265625 0.60859375 0.09765625 0.0984375
1 0.521875 0.66484375 0.09765625 0.0984375
1 0.5203125 0.90546875 0.11015625 0.1109375
1 0.3296875 0.7734375 0.09765625 0.09765625
1 0.3265625 0.6578125 0.08515625 0.0859375
1 0.425 0.60859375 0.0859375 0.0859375
3 0.43671875 0.71015625 0.09765625 0.09765625
1 0.4296875 0.8265625 0.0859375 0.0859375
1 0.24296875 0.8359375 0.08515625 0.0859375
1 0.0453125 0.8296875 0.0859375 0.0859375
1 0.14453125 0.78125 0.09765625 0.09765625
1 0.146875 0.8828125 0.08515625 0.0859375
1 0.05546875 0.93046875 0.08515625 0.0859375
1 0.053125 0.71328125 0.09765625 0.0984375
1 0.05546875 0.60625 0.08515625 0.0859375
2 0.14609375 0.33203125 0.0734375 0.07421875
2 0.14296875 0.4328125 0.0734375 0.07421875
1 0.0453125 0.38203125 0.08515625 0.0859375
1 0.0515625 0.1671875 0.0859375 0.0859375
1 0.053125 0.27890625 0.08515625 0.08671875
1 0.0515625 0.4953125 0.0859375 0.0859375
1 0.1421875 0.5546875 0.08515625 0.0859375
1 0.14765625 0.21875 0.0859375 0.0859375
1 0.14453125 0.11015625 0.09765625 0.0984375
1 0.24296875 0.059375 0.109375 0.11015625
1 0.2390625 0.15546875 0.109375 0.11015625
1 0.2375 0.321875 0.08515625 0.0859375
1 0.2453125 0.39140625 0.09765625 0.0984375
1 0.24140625 0.50234375 0.09765625 0.0984375
3 0.2390625 0.7390625 0.08515625 0.0859375
1 0.3359375 0.5484375 0.09765625 0.0984375
1 0.334375 0.44375 0.08515625 0.0859375
1 0.3375 0.13359375 0.08515625 0.0859375
1 0.33359375 0.22734375 0.08515625 0.08671875
1 0.3390625 0.3296875 0.09765625 0.0984375
1 0.4328125 0.49765625 0.09765625 0.0984375
1 0.4296875 0.0515625 0.09765625 0.0984375
1 0.42890625 0.17109375 0.08515625 0.0859375
1 0.4359375 0.2765625 0.09765625 0.0984375
1 0.428125 0.4015625 0.09765625 0.09765625
1 0.525 0.10078125 0.08515625 0.08671875
1 0.52265625 0.21171875 0.0859375 0.0859375
1 0.5234375 0.32890625 0.0859375 0.0859375
1 0.5234375 0.42265625 0.09765625 0.0984375
1 0.521875 0.55234375 0.09765625 0.0984375
1 0.62578125 0.478125 0.08515625 0.0859375
1 0.628125 0.16796875 0.08515625 0.0859375
1 0.634375 0.27421875 0.0859375 0.0859375
1 0.628125 0.3859375 0.0859375 0.0859375
1 0.71328125 0.55625 0.08515625 0.0859375
1 0.715625 0.09296875 0.09765625 0.0984375
1 0.7109375 0.21875 0.0859375 0.0859375
1 0.71484375 0.3171875 0.0859375 0.0859375
1 0.70703125 0.44375 0.0859375 0.0859375
1 0.80625 0.0765625 0.0859375 0.08671875
1 0.80625 0.1796875 0.0859375 0.0859375
1 0.809375 0.290625 0.08515625 0.0859375
1 0.80859375 0.38203125 0.09765625 0.0984375
1 0.81171875 0.51875 0.09765625 0.0984375
1 0.9015625 0.5484375 0.08515625 0.0859375
1 0.9015625 0.43359375 0.08515625 0.0859375
1 0.90859375 0.33203125 0.08515625 0.0859375
1 0.896875 0.21171875 0.08515625 0.0859375
2 0.246875 0.62890625 0.0859375 0.0859375