2 0.67265625 0.7875 0.0734375 0.0734375
1 0.1125 0.24375 0.09765625 0.09765625
1 0.10234375 0.1390625 0.08515625 0.0859375
1 0.19921875 0.0671875 0.09765625 0.0984375
1 0.203125 0.178125 0.09765625 0.09765625
1 0.2 0.2796875 0.0859375 0.0859375
1 0.1046875 0.3625 0.09765625 0.09765625
1 0.296875 0.33125 0.09765625 0.0984375
1 0.2921875 0.1296875 0.09765625 0.0984375
1 0.39296875 0.17265625 0.11015625 0.1109375
1 0.3859375 0.28203125 0.11015625 0.11015625
1 0.484375 0.3328125 0.09765625 0.09765625
1 0.48828125 0.221875 0.09765625 0.0984375
1 0.48828125 0.1078125 0.09765625 0.0984375
1 0.575 0.05625 0.109375 0.11015625
1 0.5703125 0.1703125 0.09765625 0.0984375
1 0.575 0.2765625 0.09765625 0.0984375
1 0.665625 0.33984375 0.08515625 0.0859375
1 0.67109375 0.2109375 0.0859375 0.0859375
1 0.67109375 0.10078125 0.0859375 0.0859375
1 0.7640625 0.27734375 0.0859375 0.0859375
1 0.78046875 0.16640625 0.09765625 0.0984375
1 0.77421875 0.05625 0.109375 0.11015625
1 0.86015625 0.11484375 0.09765625 0.0984375
1 0.853125 0.225 0.11015625 0.11015625
1 0.8515625 0.33828125 0.09765625 0.0984375
3 0.8578125 0.87265625 0.0859375 0.08671875
1 0.8578125 0.76171875 0.0859375 0.0859375
2 0.7640625 0.81640625 0.0734375 0.07421875
2 0.76796875 0.921875 0.0734375 0.07421875
1 0.571875 0.8234375 0.08515625 0.0859375
1 0.1015625 0.7921875 0.09765625 0.0984375
1 0.10625 0.9078125 0.09765625 0.09765625
1 0.2046875 0.94375 0.09765625 0.09765625
1 0.1984375 0.83515625 0.09765625 0.0984375
1 0.2875 0.778125 0.09765625 0.09765625
1 0.29296875 0.88515625 0.09765625 0.0984375
1 0.38203125 0.9359375 0.109375 0.11015625
1 0.38046875 0.825 0.11015625 0.1109375
1 0.478125 0.78203125 0.09765625 0.09765625
1 0.46953125 0.88515625 0.109375 0.11015625
1 0.5703125 0.925 0.109375 0.11015625
1 0.66875 0.8859375 0.08515625 0.0859375
1 0.95078125 0.828125 0.08515625 0.0859375
3 0.95625 0.49921875 0.0859375 0.0859375
1 0.86015625 0.44296875 0.109375 0.11015625
1 0.859375 0.565625 0.09765625 0.0984375
1 0.85859375 0.6609375 0.08515625 0.08671875
1 0.7703125 0.7328125 0.08515625 0.0859375
1 0.7640625 0.60859375 0.11015625 0.11015625
1 0.76484375 0.49921875 0.11015625 0.11015625
1 0.765625 0.3890625 0.09765625 0.0984375
1 0.665625 0.44765625 0.09765625 0.0984375
1 0.66796875 0.5578125 0.09765625 0.0984375
1 0.6671875 0.6625 0.0859375 0.0859375
1 0.56953125 0.7203125 0.109375 0.11015625
1 0.571875 0.615625 0.09765625 0.0984375
1 0.571875 0.4984375 0.0859375 0.0859375
1 0.57109375 0.39140625 0.0859375 0.0859375
1 0.48046875 0.43828125 0.09765625 0.0984375
1 0.47734375 0.5453125 0.09765625 0.0984375
1 0.48359375 0.6515625 0.09765625 0.09765625
1 0.390625 0.703125 0.109375 0.1109375
1 0.3890625 0.60234375 0.11015625 0.1109375
1 0.38359375 0.5125 0.11015625 0.11015625
1 0.3890625 0.3859375 0.11015625 0.11015625
1 0.2984375 0.43828125 0.09765625 0.09765625
1 0.2984375 0.55 0.09765625 0.09765625
1 0.2921875 0.66015625 0.0859375 0.0859375
1 0.2 0.72578125 0.09765625 0.0984375
1 0.19609375 0.6234375 0.0859375 0.0859375
1 0.20390625 0.5015625 0.09765625 0.09765625
1 0.19609375 0.3953125 0.09765625 0.09765625
1 0.1078125 0.4671875 0.09765625 0.09765625
1 0.1015625 0.56328125 0.09765625 0.0984375
1 0.1 0.6859375 0.09765625 0.0984375