1 0.06015625 0.67265625 0.08515625 0.0859375
1 0.05625 0.7953125 0.11015625 0.11015625
1 0.05625 0.9078125 0.11015625 0.1109375
1 0.9078125 0.6484375 0.109375 0.1109375
1 0.9109375 0.75546875 0.11015625 0.11015625
1 0.91015625 0.86953125 0.09765625 0.0984375
1 0.80625 0.69296875 0.11015625 0.11015625
1 0.80703125 0.8109375 0.11015625 0.11015625
1 0.82109375 0.9203125 0.109375 0.11015625
1 0.721875 0.64296875 0.11015625 0.11015625
1 0.715625 0.75703125 0.11015625 0.11015625
1 0.7171875 0.865625 0.109375 0.11015625
1 0.6265625 0.68828125 0.09765625 0.0984375
1 0.62578125 0.8140625 0.09765625 0.0984375
1 0.6296875 0.915625 0.109375 0.11015625
1 0.53046875 0.8609375 0.09765625 0.0984375
1 0.5234375 0.75 0.09765625 0.09765625
1 0.534375 0.6359375 0.09765625 0.09765625
1 0.434375 0.69140625 0.109375 0.1109375
1 0.43359375 0.803125 0.109375 0.11015625
1 0.42890625 0.91328125 0.11015625 0.11015625
1 0.3421875 0.62578125 0.0859375 0.0859375
1 0.3328125 0.74453125 0.11015625 0.11015625
1 0.33515625 0.8484375 0.0859375 0.0859375
1 0.24296875 0.9015625 0.09765625 0.0984375
1 0.2390625 0.8015625 0.09765625 0.09765625
1 0.24609375 0.68046875 0.09765625 0.09765625
1 0.153125 0.64140625 0.109375 0.1109375
1 0.14921875 0.74453125 0.09765625 0.0984375
1 0.153125 0.853125 0.08515625 0.0859375
1 0.9125 0.12265625 0.11015625 0.11015625
1 0.91328125 0.2265625 0.11015625 0.1109375
1 0.91875 0.34140625 0.09765625 0.0984375
1 0.915625 0.44765625 0.09765625 0.0984375
1 0.821875 0.06796875 0.0859375 0.08671875
1 0.81875 0.17734375 0.09765625 0.0984375
1 0.81796875 0.2828125 0.11015625 0.11015625
1 0.81953125 0.41640625 0.109375 0.11015625
1 0.728125 0.125 0.09765625 0.09765625
1 0.7296875 0.24453125 0.11015625 0.11015625
1 0.73125 0.3390625 0.109375 0.11015625
1 0.72734375 0.46484375 0.08515625 0.0859375
1 0.64140625 0.14609375 0.11015625 0.11015625
1 0.6234375 0.27578125 0.109375 0.11015625
1 0.63046875 0.39921875 0.11015625 0.1109375
1 0.540625 0.4484375 0.109375 0.11015625
1 0.5296875 0.340625 0.11015625 0.1109375
1 0.5359375 0.22734375 0.109375 0.1109375
1 0.5421875 0.128125 0.09765625 0.0984375
1 0.446875 0.059375 0.09765625 0.09765625
1 0.446875 0.17265625 0.09765625 0.09765625
1 0.44375 0.2859375 0.09765625 0.09765625
1 0.3515625 0.13359375 0.09765625 0.09765625
1 0.34921875 0.2234375 0.11015625 0.11015625
1 0.3484375 0.34453125 0.09765625 0.0984375
1 0.35 0.4390625 0.11015625 0.1109375
1 0.43515625 0.3921875 0.11015625 0.1109375
1 0.2515625 0.3875 0.09765625 0.0984375
1 0.25625 0.2671875 0.0859375 0.0859375
1 0.25625 0.16875 0.109375 0.11015625
1 0.16796875 0.1046875 0.09765625 0.0984375
1 0.18046875 0.24921875 0.109375 0.11015625
1 0.16796875 0.3453125 0.109375 0.11015625
1 0.153125 0.4484375 0.09765625 0.09765625
1 0.071875 0.39921875 0.109375 0.11015625
1 0.06875 0.28046875 0.109375 0.11015625
0 0.06953125 0.1828125 0.08515625 0.0859375
1 0.0671875 0.0609375 0.09765625 0.09765625