2 0.95 0.1203125 0.06171875 0.06171875
2 0.77109375 0.12265625 0.06171875 0.06171875
2 0.0953125 0.06875 0.06171875 0.06171875
1 0.0953125 0.1828125 0.09765625 0.0984375
3 0.09453125 0.28984375 0.11015625 0.11015625
1 0.1875 0.121875 0.0859375 0.0859375
1 0.20234375 0.2390625 0.08515625 0.0859375
1 0.0984375 0.39140625 0.11015625 0.11015625
1 0.09296875 0.50546875 0.11015625 0.11015625
1 0.096875 0.62421875 0.11015625 0.11015625
1 0.1 0.7296875 0.109375 0.11015625
1 0.1984375 0.346875 0.0859375 0.0859375
1 0.2015625 0.4484375 0.08515625 0.0859375
1 0.196875 0.559375 0.08515625 0.0859375
1 0.19765625 0.67265625 0.08515625 0.0859375
1 0.284375 0.18125 0.09765625 0.09765625
1 0.296875 0.2890625 0.09765625 0.09765625
1 0.29296875 0.40078125 0.109375 0.11015625
1 0.290625 0.50625 0.109375 0.11015625
1 0.29296875 0.621875 0.09765625 0.0984375
1 0.290625 0.7296875 0.11015625 0.11015625
1 0.3890625 0.23515625 0.11015625 0.1109375
1 0.39296875 0.34453125 0.11015625 0.1109375
1 0.3921875 0.45625 0.109375 0.11015625
1 0.3890625 0.559375 0.09765625 0.0984375
1 0.39140625 0.675 0.109375 0.11015625
1 0.38359375 0.125 0.08515625 0.0859375
1 0.48359375 0.18203125 0.09765625 0.0984375
1 0.48359375 0.28828125 0.09765625 0.09765625
1 0.4859375 0.396875 0.09765625 0.09765625
1 0.4875 0.5046875 0.11015625 0.1109375
1 0.48828125 0.61484375 0.09765625 0.0984375
1 0.57890625 0.134375 0.109375 0.11015625
1 0.58203125 0.23984375 0.09765625 0.0984375
1 0.584375 0.34296875 0.09765625 0.0984375
1 0.575 0.45625 0.109375 0.1109375
1 0.57734375 0.5609375 0.11015625 0.1109375
1 0.58515625 0.65703125 0.11015625 0.1109375
1 0.67265625 0.17890625 0.09765625 0.0984375
1 0.675 0.2828125 0.09765625 0.0984375
1 0.6765625 0.39765625 0.109375 0.11015625
1 0.6734375 0.5046875 0.09765625 0.09765625
1 0.67578125 0.61875 0.09765625 0.09765625
1 0.76640625 0.2359375 0.09765625 0.0984375
1 0.76953125 0.34140625 0.09765625 0.0984375
1 0.76796875 0.45234375 0.11015625 0.11015625
1 0.7671875 0.56015625 0.09765625 0.0984375
1 0.8609375 0.175 0.09765625 0.0984375
1 0.86328125 0.290625 0.0859375 0.08671875
1 0.86015625 0.4015625 0.08515625 0.0859375
1 0.8625 0.50859375 0.08515625 0.0859375
1 0.8625 0.6171875 0.0734375 0.07421875
1 0.9546875 0.234375 0.0859375 0.0859375
1 0.95234375 0.34453125 0.0859375 0.0859375
1 0.9546875 0.45390625 0.0734375 0.0734375
0 0.95625 0.56484375 0.0734375 0.0734375
1 0.865625 0.7234375 0.09765625 0.09765625
1 0.8625 0.84375 0.0859375 0.0859375
1 0.86484375 0.95234375 0.0734375 0.07421875
1 0.7671875 0.67265625 0.109375 0.1109375
1 0.76640625 0.784375 0.09765625 0.09765625
1 0.7703125 0.89765625 0.09765625 0.09765625
1 0.67265625 0.7265625 0.09765625 0.09765625
1 0.67265625 0.8375 0.09765625 0.0984375
1 0.675 0.9484375 0.08515625 0.0859375
1 0.5796875 0.7859375 0.11015625 0.11015625
1 0.58125 0.89296875 0.11015625 0.11015625
1 0.48125 0.72734375 0.09765625 0.0984375
1 0.478125 0.83671875 0.09765625 0.0984375
1 0.4875 0.95 0.09765625 0.0984375
1 0.3828125 0.78828125 0.109375 0.11015625
1 0.38203125 0.90078125 0.109375 0.11015625
1 0.2921875 0.84140625 0.11015625 0.11015625
1 0.2 0.78359375 0.09765625 0.0984375
1 0.203125 0.89140625 0.0859375 0.0859375
1 0.0984375 0.8421875 0.109375 0.11015625