2 0.3375 0.51484375 0.0734375 0.0734375
2 0.33828125 0.40703125 0.08515625 0.0859375
2 0.26328125 0.9015625 0.08515625 0.0859375
2 0.17421875 0.9453125 0.08515625 0.0859375
2 0.065625 0.9015625 0.0734375 0.0734375
2 0.06796875 0.7765625 0.0734375 0.0734375
2 0.06015625 0.6796875 0.0734375 0.07421875
2 0.9140625 0.61640625 0.0609375 0.06171875
2 0.54609375 0.41875 0.0609375 0.06171875
2 0.81171875 0.4609375 0.0734375 0.07421875
1 0.05546875 0.5625 0.0734375 0.07421875
1 0.165625 0.4046875 0.09765625 0.0984375
1 0.17109375 0.521875 0.11015625 0.1109375
1 0.17734375 0.62578125 0.11015625 0.1109375
1 0.17265625 0.73125 0.0734375 0.07421875
1 0.1703125 0.84296875 0.0734375 0.07421875
1 0.26171875 0.4546875 0.09765625 0.0984375
1 0.26171875 0.57109375 0.09765625 0.09765625
1 0.2625 0.6859375 0.0734375 0.07421875
1 0.25703125 0.7875 0.0734375 0.07421875
1 0.36171875 0.6203125 0.0734375 0.07421875
1 0.35625 0.734375 0.09765625 0.09765625
1 0.359375 0.8453125 0.09765625 0.09765625
1 0.44765625 0.45390625 0.08515625 0.08671875
1 0.4515625 0.5671875 0.11015625 0.11015625
1 0.45625 0.6828125 0.11015625 0.11015625
1 0.45078125 0.78984375 0.11015625 0.11015625
1 0.45 0.90546875 0.109375 0.1109375
1 0.553125 0.51015625 0.121875 0.121875
1 0.55546875 0.62578125 0.09765625 0.0984375
1 0.54609375 0.7375 0.09765625 0.0984375
1 0.54609375 0.85625 0.09765625 0.0984375
1 0.63671875 0.4671875 0.0859375 0.0859375
1 0.64140625 0.57265625 0.09765625 0.0984375
1 0.63359375 0.6859375 0.09765625 0.0984375
1 0.6375 0.79375 0.0859375 0.0859375
1 0.64765625 0.90390625 0.09765625 0.0984375
1 0.725 0.51953125 0.08515625 0.0859375
1 0.72734375 0.64140625 0.08515625 0.0859375
1 0.73125 0.740625 0.0859375 0.08671875
1 0.73125 0.85 0.0859375 0.0859375
1 0.81328125 0.58515625 0.08515625 0.0859375
1 0.8109375 0.6953125 0.08515625 0.0859375
1 0.8109375 0.7953125 0.08515625 0.0859375
1 0.80546875 0.91015625 0.08515625 0.0859375
2 0.91796875 0.52265625 0.0484375 0.0484375
1 0.91015625 0.72734375 0.0859375 0.0859375
1 0.909375 0.84375 0.08515625 0.0859375
2 0.9046875 0.9328125 0.0484375 0.05