2 0.05234375 0.74921875 0.0734375 0.0734375
2 0.1453125 0.340625 0.0734375 0.07421875
2 0.81796875 0.14375 0.0734375 0.07421875
1 0.89921875 0.603125 0.09765625 0.0984375
2 0.834375 0.8375 0.0484375 0.05
1 0.89921875 0.696875 0.11015625 0.11015625
1 0.625 0.6375 0.0859375 0.0859375
1 0.6265625 0.734375 0.09765625 0.09765625
1 0.525 0.5921875 0.109375 0.11015625
1 0.525 0.9375 0.08515625 0.0859375
1 0.4359375 0.86171875 0.11015625 0.11015625
1 0.42890625 0.65703125 0.09765625 0.09765625
1 0.340625 0.5921875 0.109375 0.11015625
1 0.3328125 0.9328125 0.11015625 0.11015625
1 0.24375 0.64921875 0.11015625 0.1109375
1 0.153125 0.62421875 0.109375 0.11015625
1 0.1453125 0.7203125 0.09765625 0.09765625
1 0.05 0.64765625 0.09765625 0.0984375
1 0.0578125 0.8765625 0.09765625 0.09765625
1 0.25 0.85859375 0.0859375 0.0859375
1 0.6296875 0.1203125 0.08515625 0.0859375
1 0.71640625 0.17578125 0.08515625 0.0859375
1 0.82109375 0.2203125 0.08515625 0.0859375
1 0.71953125 0.57421875 0.0859375 0.0859375
1 0.62265625 0.53046875 0.11015625 0.11015625
1 0.6265625 0.42578125 0.09765625 0.09765625
1 0.63125 0.33203125 0.09765625 0.09765625
1 0.8203125 0.321875 0.09765625 0.0984375
1 0.71484375 0.38125 0.09765625 0.0984375
1 0.7171875 0.484375 0.08515625 0.0859375
1 0.63125 0.23125 0.0859375 0.0859375
1 0.7125 0.26875 0.08515625 0.0859375
1 0.53046875 0.14609375 0.109375 0.11015625
1 0.52578125 0.2734375 0.11015625 0.1109375
1 0.5296875 0.36875 0.11015625 0.11015625
1 0.5359375 0.49296875 0.109375 0.1109375
1 0.4390625 0.4328125 0.109375 0.11015625
1 0.4390625 0.3265625 0.109375 0.11015625
1 0.4359375 0.2171875 0.109375 0.11015625
1 0.346875 0.06171875 0.0859375 0.0859375
1 0.346875 0.16015625 0.0859375 0.0859375
1 0.340625 0.2765625 0.09765625 0.0984375
1 0.33984375 0.3796875 0.09765625 0.09765625
1 0.06953125 0.290625 0.08515625 0.0859375
1 0.065625 0.2078125 0.08515625 0.0859375
1 0.05546875 0.0921875 0.0859375 0.0859375
1 0.1515625 0.04765625 0.0859375 0.0859375
1 0.14921875 0.1703125 0.08515625 0.0859375
1 0.15 0.2515625 0.08515625 0.0859375
1 0.2484375 0.40234375 0.0859375 0.0859375
1 0.2453125 0.2953125 0.08515625 0.0859375
1 0.253125 0.2 0.08515625 0.0859375
1 0.2453125 0.10546875 0.08515625 0.0859375
1 0.4328125 0.10625 0.08515625 0.0859375
1 0.24375 0.5515625 0.09765625 0.0984375
1 0.15234375 0.53046875 0.109375 0.11015625
1 0.91796875 0.4859375 0.09765625 0.0984375