2 0.1328125 0.2125 0.0859375 0.08671875
2 0.88828125 0.70390625 0.0734375 0.0734375
2 0.79453125 0.76640625 0.08515625 0.0859375
2 0.88984375 0.7984375 0.0734375 0.07421875
2 0.8953125 0.91484375 0.0734375 0.07421875
1 0.89140625 0.08671875 0.09765625 0.0984375
1 0.88984375 0.2 0.09765625 0.0984375
1 0.79609375 0.14921875 0.0859375 0.0859375
1 0.7046875 0.08671875 0.09765625 0.0984375
1 0.70390625 0.20703125 0.08515625 0.0859375
1 0.6046875 0.140625 0.09765625 0.09765625
1 0.5109375 0.0984375 0.11015625 0.1109375
1 0.50859375 0.20625 0.0859375 0.0859375
1 0.409375 0.1546875 0.09765625 0.09765625
1 0.31328125 0.09140625 0.09765625 0.0984375
1 0.3140625 0.2078125 0.08515625 0.0859375
1 0.2328125 0.15078125 0.09765625 0.0984375
1 0.1296875 0.10625 0.0859375 0.0859375
2 0.04140625 0.05546875 0.02421875 0.02421875
2 0.0359375 0.16875 0.02421875 0.02421875
2 0.03671875 0.25546875 0.02421875 0.02421875
2 0.0296875 0.3625 0.02421875 0.02421875
2 0.1296875 0.39375 0.0375 0.0375
1 0.1265625 0.3109375 0.109375 0.11015625
1 0.2359375 0.2546875 0.0859375 0.0859375
1 0.23671875 0.3640625 0.0734375 0.0734375
1 0.3171875 0.3140625 0.09765625 0.0984375
2 0.3078125 0.42890625 0.06171875 0.06171875
1 0.409375 0.26015625 0.09765625 0.0984375
1 0.4140625 0.36796875 0.09765625 0.0984375
1 0.5171875 0.3171875 0.09765625 0.09765625
1 0.60859375 0.25625 0.08515625 0.0859375
1 0.6078125 0.3671875 0.09765625 0.09765625
1 0.70703125 0.3140625 0.09765625 0.09765625
1 0.70078125 0.409375 0.08515625 0.0859375
1 0.79609375 0.259375 0.0859375 0.0859375
1 0.79765625 0.36328125 0.0859375 0.0859375
1 0.89140625 0.3046875 0.0859375 0.0859375
1 0.8890625 0.4125 0.0859375 0.0859375
2 0.0375 0.5640625 0.06171875 0.06171875
1 0.13203125 0.60703125 0.09765625 0.0984375
1 0.12734375 0.71640625 0.11015625 0.11015625
1 0.11953125 0.8203125 0.121875 0.1234375
1 0.128125 0.94296875 0.11015625 0.11015625
2 0.221875 0.57421875 0.0484375 0.0484375
1 0.21875 0.659375 0.09765625 0.0984375
1 0.21796875 0.775 0.121875 0.121875
1 0.221875 0.88125 0.121875 0.1234375
1 0.30703125 0.60703125 0.0734375 0.0734375
1 0.31171875 0.71953125 0.109375 0.11015625
1 0.3125 0.82890625 0.109375 0.11015625
1 0.3125 0.93671875 0.0859375 0.0859375
1 0.4171875 0.659375 0.121875 0.1234375
1 0.40546875 0.7671875 0.121875 0.1234375
1 0.41328125 0.88828125 0.09765625 0.0984375
1 0.5109375 0.6046875 0.0734375 0.07421875
1 0.51640625 0.7171875 0.09765625 0.09765625
1 0.52265625 0.8296875 0.121875 0.1234375
1 0.51875 0.94296875 0.09765625 0.0984375
1 0.61171875 0.66015625 0.121875 0.1234375
1 0.6078125 0.78046875 0.121875 0.1234375
1 0.61015625 0.8890625 0.08515625 0.0859375
1 0.70234375 0.6109375 0.09765625 0.09765625
1 0.70625 0.725 0.09765625 0.09765625
1 0.70625 0.82890625 0.09765625 0.09765625
1 0.7078125 0.94375 0.09765625 0.09765625
2 0.7921875 0.66328125 0.0734375 0.07421875
1 0.8 0.884375 0.0859375 0.0859375
2 0.88671875 0.60625 0.0609375 0.06171875