2 0.528125 0.584375 0.0734375 0.07421875
2 0.615625 0.52421875 0.0734375 0.07421875
2 0.8234375 0.9296875 0.0734375 0.07421875
1 0.90546875 0.2546875 0.11015625 0.11015625
1 0.9109375 0.35859375 0.109375 0.11015625
1 0.9125 0.471875 0.09765625 0.0984375
1 0.9109375 0.58671875 0.09765625 0.0984375
1 0.9109375 0.69140625 0.0859375 0.0859375
1 0.809375 0.20078125 0.0859375 0.08671875
1 0.81171875 0.309375 0.109375 0.11015625
1 0.8125 0.415625 0.09765625 0.0984375
1 0.81171875 0.52890625 0.09765625 0.0984375
1 0.81796875 0.6328125 0.08515625 0.0859375
1 0.8140625 0.740625 0.09765625 0.09765625
1 0.7125 0.24921875 0.109375 0.11015625
1 0.71796875 0.3609375 0.09765625 0.0984375
1 0.7140625 0.46796875 0.08515625 0.0859375
1 0.71640625 0.57734375 0.08515625 0.0859375
1 0.72265625 0.69140625 0.09765625 0.09765625
1 0.6171875 0.18671875 0.09765625 0.0984375
1 0.615625 0.3015625 0.08515625 0.0859375
1 0.621875 0.41796875 0.08515625 0.0859375
1 0.62265625 0.63125 0.0734375 0.07421875
2 0.61796875 0.73515625 0.0609375 0.06171875
1 0.9078125 0.14453125 0.08515625 0.0859375
1 0.8109375 0.08125 0.109375 0.11015625
1 0.7171875 0.1390625 0.109375 0.11015625
1 0.621875 0.08125 0.11015625 0.11015625
1 0.53046875 0.1390625 0.09765625 0.0984375
1 0.5296875 0.2484375 0.09765625 0.09765625
1 0.52734375 0.35625 0.09765625 0.09765625
1 0.534375 0.46796875 0.0859375 0.0859375
3 0.43359375 0.08125 0.0859375 0.0859375
3 0.146875 0.125 0.08515625 0.0859375
1 0.0546875 0.06640625 0.09765625 0.09765625
1 0.065625 0.20625 0.109375 0.1109375
1 0.065625 0.31015625 0.09765625 0.0984375
1 0.0671875 0.4109375 0.09765625 0.0984375
1 0.05703125 0.52265625 0.11015625 0.11015625
1 0.1484375 0.2390625 0.109375 0.1109375
1 0.14375 0.353125 0.0859375 0.0859375
1 0.1453125 0.46796875 0.0859375 0.0859375
1 0.2390625 0.06875 0.11015625 0.11015625
1 0.2375 0.19140625 0.11015625 0.1109375
1 0.23828125 0.296875 0.09765625 0.09765625
1 0.2421875 0.42578125 0.09765625 0.09765625
1 0.3421875 0.12578125 0.09765625 0.0984375
1 0.34296875 0.24375 0.08515625 0.0859375
1 0.34453125 0.359375 0.08515625 0.0859375
1 0.33515625 0.4625 0.08515625 0.0859375
1 0.44140625 0.184375 0.09765625 0.0984375
1 0.44140625 0.3109375 0.109375 0.11015625
1 0.4390625 0.409375 0.0859375 0.0859375
1 0.4390625 0.509375 0.09765625 0.09765625
3 0.52890625 0.67109375 0.0734375 0.07421875
1 0.4359375 0.625 0.09765625 0.09765625
2 0.42890625 0.71875 0.0734375 0.07421875
1 0.34140625 0.57890625 0.08515625 0.0859375
2 0.34140625 0.678125 0.0734375 0.0734375
1 0.2390625 0.64140625 0.09765625 0.0984375
1 0.2453125 0.52734375 0.0859375 0.0859375
1 0.1484375 0.57734375 0.0859375 0.0859375
1 0.1453125 0.6765625 0.0859375 0.08671875
1 0.05625 0.62734375 0.09765625 0.0984375
2 0.05390625 0.925 0.0734375 0.0734375
2 0.1359375 0.884375 0.0734375 0.0734375
2 0.13984375 0.96015625 0.0734375 0.0734375
2 0.2359375 0.89921875 0.0734375 0.0734375
1 0.4359375 0.92109375 0.09765625 0.0984375
1 0.53203125 0.89375 0.08515625 0.0859375
1 0.6234375 0.91875 0.08515625 0.0859375