2 0.103125 0.91953125 0.0734375 0.0734375
2 0.09609375 0.703125 0.0734375 0.07421875
2 0.66640625 0.47421875 0.0734375 0.0734375
2 0.759375 0.065625 0.0734375 0.07421875
2 0.5734375 0.546875 0.0734375 0.07421875
2 0.86953125 0.7046875 0.0734375 0.0734375
2 0.7515625 0.7484375 0.06171875 0.06171875
1 0.8578125 0.37421875 0.11015625 0.1109375
1 0.7671875 0.34921875 0.109375 0.11015625
1 0.759375 0.4453125 0.09765625 0.09765625
1 0.6640625 0.37265625 0.09765625 0.0984375
1 0.671875 0.6015625 0.09765625 0.09765625
1 0.8640625 0.5828125 0.0859375 0.0859375
1 0.865625 0.82890625 0.09765625 0.09765625
1 0.846875 0.92890625 0.11015625 0.11015625
1 0.940625 0.88046875 0.09765625 0.0984375
3 0.7484375 0.8390625 0.0734375 0.0734375
1 0.753125 0.94453125 0.09765625 0.0984375
1 0.6703125 0.9359375 0.09765625 0.0984375
1 0.57734375 0.31640625 0.09765625 0.09765625
1 0.56875 0.425 0.0859375 0.0859375
1 0.5796875 0.653125 0.09765625 0.09765625
1 0.48125 0.615625 0.0859375 0.0859375
1 0.48359375 0.7078125 0.11015625 0.11015625
1 0.4765625 0.81953125 0.09765625 0.0984375
2 0.56796875 0.96015625 0.0734375 0.0734375
1 0.390625 0.315625 0.09765625 0.0984375
3 0.38359375 0.43046875 0.0859375 0.0859375
1 0.3859375 0.5359375 0.08515625 0.0859375
1 0.3875 0.653125 0.11015625 0.11015625
1 0.39140625 0.7609375 0.11015625 0.11015625
1 0.38984375 0.8703125 0.109375 0.11015625
1 0.2953125 0.28203125 0.09765625 0.09765625
1 0.3 0.3734375 0.09765625 0.0984375
1 0.28515625 0.47734375 0.09765625 0.09765625
1 0.2859375 0.6046875 0.09765625 0.0984375
1 0.28125 0.7140625 0.09765625 0.0984375
1 0.27734375 0.81953125 0.09765625 0.0984375
1 0.28828125 0.92890625 0.08515625 0.0859375
1 0.2015625 0.32890625 0.11015625 0.1109375
1 0.20546875 0.45390625 0.121875 0.1234375
1 0.1984375 0.559375 0.08515625 0.0859375
1 0.18125 0.6765625 0.0859375 0.0859375
1 0.184375 0.7625 0.08515625 0.08671875
1 0.190625 0.8703125 0.09765625 0.09765625
1 0.10625 0.278125 0.11015625 0.11015625
1 0.11015625 0.3875 0.11015625 0.11015625
1 0.1078125 0.49921875 0.09765625 0.0984375
1 0.109375 0.5984375 0.09765625 0.0984375
1 0.8625 0.1265625 0.0859375 0.0859375
1 0.85859375 0.27578125 0.09765625 0.0984375
1 0.76640625 0.25546875 0.109375 0.11015625
1 0.66953125 0.271875 0.11015625 0.11015625
1 0.575 0.20390625 0.09765625 0.09765625
1 0.48359375 0.05234375 0.09765625 0.0984375
1 0.3875 0.10625 0.09765625 0.09765625
1 0.3828125 0.2046875 0.0859375 0.0859375
1 0.29375 0.16328125 0.11015625 0.11015625
1 0.2046875 0.12578125 0.08515625 0.0859375
1 0.11015625 0.17109375 0.09765625 0.0984375
1 0.1046875 0.0640625 0.11015625 0.1109375
1 0.20859375 0.23671875 0.11015625 0.11015625
1 0.10078125 0.80703125 0.09765625 0.0984375