1 0.89375 0.64140625 0.11015625 0.11015625
1 0.8921875 0.75625 0.109375 0.1109375
1 0.89375 0.8625 0.09765625 0.0984375
1 0.80625 0.696875 0.08515625 0.0859375
1 0.80078125 0.80625 0.09765625 0.0984375
1 0.79296875 0.9234375 0.09765625 0.0984375
1 0.71015625 0.64375 0.08515625 0.0859375
1 0.70390625 0.75703125 0.09765625 0.09765625
1 0.7015625 0.86015625 0.09765625 0.0984375
3 0.6125 0.909375 0.09765625 0.09765625
1 0.603125 0.80234375 0.11015625 0.11015625
1 0.60703125 0.69296875 0.11015625 0.11015625
3 0.509375 0.64765625 0.09765625 0.09765625
1 0.50390625 0.7515625 0.09765625 0.0984375
1 0.50625 0.8609375 0.09765625 0.0984375
1 0.41484375 0.7 0.11015625 0.11015625
1 0.4140625 0.80703125 0.09765625 0.0984375
1 0.40625 0.91796875 0.09765625 0.09765625
1 0.31875 0.64296875 0.11015625 0.11015625
1 0.32109375 0.74609375 0.109375 0.1109375
1 0.3171875 0.8609375 0.09765625 0.0984375
1 0.225 0.81875 0.109375 0.11015625
1 0.221875 0.90703125 0.09765625 0.09765625
1 0.14609375 0.62890625 0.11015625 0.1109375
1 0.1375 0.72890625 0.109375 0.11015625
1 0.1375 0.8734375 0.109375 0.11015625
1 0.8953125 0.0609375 0.11015625 0.11015625
1 0.9078125 0.175 0.11015625 0.11015625
1 0.80390625 0.1234375 0.11015625 0.11015625
1 0.70390625 0.0984375 0.11015625 0.11015625
1 0.896875 0.53984375 0.11015625 0.11015625
1 0.90234375 0.425 0.109375 0.11015625
1 0.8953125 0.35078125 0.09765625 0.0984375
1 0.80390625 0.3859375 0.11015625 0.11015625
1 0.80546875 0.48203125 0.09765625 0.0984375
1 0.80625 0.571875 0.109375 0.11015625
1 0.703125 0.5359375 0.109375 0.11015625
1 0.60625 0.58359375 0.11015625 0.11015625
1 0.5109375 0.54140625 0.109375 0.11015625
1 0.403125 0.584375 0.109375 0.11015625
1 0.4171875 0.253125 0.09765625 0.09765625
2 0.6109375 0.153125 0.0734375 0.0734375
1 0.5125 0.09453125 0.11015625 0.11015625
1 0.5140625 0.2078125 0.109375 0.11015625
1 0.421875 0.14375 0.109375 0.1109375
0 0.3265625 0.0671875 0.09765625 0.0984375
1 0.321875 0.196875 0.109375 0.11015625
1 0.321875 0.32421875 0.09765625 0.09765625
1 0.31953125 0.5234375 0.109375 0.1109375
1 0.23515625 0.37734375 0.09765625 0.0984375
1 0.23203125 0.265625 0.11015625 0.1109375
1 0.2328125 0.1421875 0.11015625 0.11015625
1 0.14765625 0.084375 0.09765625 0.0984375
1 0.1515625 0.178125 0.09765625 0.0984375
1 0.14765625 0.31796875 0.109375 0.11015625
1 0.1515625 0.42890625 0.109375 0.11015625
1 0.1375 0.5359375 0.11015625 0.1109375