2 0.93125 0.17109375 0.0734375 0.0734375
2 0.8375 0.234375 0.08515625 0.0859375
2 0.9328125 0.26640625 0.0734375 0.07421875
2 0.65703125 0.78984375 0.0734375 0.0734375
2 0.93828125 0.3828125 0.0734375 0.07421875
2 0.65546875 0.68828125 0.0734375 0.0734375
2 0.08046875 0.03203125 0.06171875 0.06171875
1 0.07734375 0.12578125 0.09765625 0.0984375
1 0.08125 0.240625 0.121875 0.1234375
1 0.07421875 0.34921875 0.109375 0.11015625
1 0.07734375 0.4640625 0.121875 0.1234375
1 0.0796875 0.5703125 0.109375 0.1109375
1 0.175 0.075 0.09765625 0.0984375
1 0.1703125 0.184375 0.11015625 0.11015625
1 0.1625 0.28828125 0.121875 0.1234375
1 0.17109375 0.4109375 0.11015625 0.11015625
1 0.17265625 0.5140625 0.121875 0.1234375
2 0.26484375 0.0421875 0.0484375 0.0484375
1 0.26171875 0.12734375 0.09765625 0.0984375
1 0.2609375 0.24296875 0.121875 0.121875
1 0.26484375 0.3484375 0.121875 0.1234375
1 0.2640625 0.465625 0.11015625 0.11015625
1 0.26015625 0.56875 0.121875 0.1234375
1 0.35 0.075 0.0734375 0.0734375
1 0.3546875 0.18671875 0.109375 0.11015625
1 0.35546875 0.29609375 0.109375 0.11015625
1 0.35546875 0.4046875 0.0859375 0.0859375
1 0.3609375 0.51796875 0.11015625 0.11015625
1 0.46015625 0.1265625 0.121875 0.1234375
1 0.4484375 0.23515625 0.121875 0.1234375
1 0.45625 0.35625 0.09765625 0.0984375
1 0.45703125 0.4546875 0.09765625 0.0984375
1 0.45390625 0.57421875 0.121875 0.1234375
1 0.55390625 0.071875 0.0734375 0.07421875
1 0.559375 0.184375 0.09765625 0.09765625
1 0.565625 0.29765625 0.121875 0.1234375
1 0.56171875 0.4109375 0.09765625 0.0984375
1 0.55 0.51328125 0.09765625 0.0984375
1 0.6546875 0.128125 0.121875 0.1234375
1 0.65078125 0.2484375 0.121875 0.1234375
1 0.653125 0.35625 0.08515625 0.0859375
1 0.65 0.47734375 0.09765625 0.0984375
1 0.7453125 0.07890625 0.09765625 0.09765625
1 0.74921875 0.1921875 0.09765625 0.09765625
1 0.74921875 0.296875 0.09765625 0.09765625
1 0.75078125 0.4109375 0.09765625 0.09765625
1 0.75078125 0.5171875 0.121875 0.1234375
1 0.64921875 0.5875 0.0734375 0.0734375
1 0.75078125 0.628125 0.121875 0.1234375
2 0.83515625 0.13125 0.0734375 0.07421875
1 0.84296875 0.35234375 0.0859375 0.0859375
1 0.83984375 0.465625 0.09765625 0.09765625
1 0.840625 0.5765625 0.121875 0.1234375
2 0.9296875 0.0734375 0.0609375 0.06171875
1 0.93125 0.515625 0.09765625 0.09765625
1 0.93828125 0.63125 0.0859375 0.0859375
1 0.9328125 0.7390625 0.109375 0.1109375
1 0.9328125 0.84296875 0.0859375 0.0859375
1 0.8421875 0.6796875 0.09765625 0.09765625
1 0.83671875 0.79140625 0.09765625 0.0984375
1 0.83359375 0.90546875 0.0734375 0.0734375
1 0.746875 0.7359375 0.11015625 0.11015625
1 0.7453125 0.8484375 0.09765625 0.0984375
1 0.6484375 0.90546875 0.09765625 0.0984375
1 0.54609375 0.62734375 0.09765625 0.0984375
1 0.54765625 0.73671875 0.09765625 0.0984375
1 0.55546875 0.84609375 0.09765625 0.0984375
1 0.55078125 0.9484375 0.09765625 0.0984375
1 0.45078125 0.6890625 0.11015625 0.11015625
1 0.453125 0.7921875 0.09765625 0.0984375
1 0.4515625 0.90390625 0.096875 0.0984375
1 0.34921875 0.6234375 0.11015625 0.11015625
1 0.3578125 0.73515625 0.09765625 0.0984375
1 0.35546875 0.84296875 0.09765625 0.0984375
1 0.2609375 0.68046875 0.09765625 0.0984375
1 0.2625 0.7859375 0.09765625 0.09765625
1 0.26171875 0.89453125 0.09765625 0.09765625
1 0.16875 0.625 0.121875 0.1234375
1 0.16796875 0.7359375 0.09765625 0.09765625
1 0.16796875 0.84375 0.09765625 0.09765625
1 0.0703125 0.68125 0.09765625 0.09765625
1 0.07734375 0.7921875 0.09765625 0.09765625
1 0.06796875 0.8953125 0.08515625 0.0859375