1 0.08203125 0.13125 0.09765625 0.0984375
1 0.08203125 0.240625 0.09765625 0.0984375
1 0.084375 0.3578125 0.121875 0.1234375
1 0.0828125 0.47265625 0.121875 0.1234375
1 0.17890625 0.07890625 0.08515625 0.0859375
1 0.175 0.18671875 0.09765625 0.0984375
1 0.178125 0.3015625 0.121875 0.121875
1 0.1828125 0.40859375 0.09765625 0.0984375
1 0.17734375 0.51953125 0.121875 0.1234375
1 0.27421875 0.13515625 0.09765625 0.0984375
1 0.26953125 0.24765625 0.09765625 0.0984375
1 0.2703125 0.35859375 0.09765625 0.0984375
1 0.27421875 0.46015625 0.09765625 0.0984375
1 0.36328125 0.08203125 0.0859375 0.0859375
1 0.3640625 0.1859375 0.09765625 0.0984375
1 0.36640625 0.29921875 0.09765625 0.0984375
1 0.36328125 0.4125 0.09765625 0.0984375
1 0.3640625 0.5265625 0.121875 0.121875
2 0.46171875 0.0328125 0.0359375 0.0375
1 0.46171875 0.13203125 0.09765625 0.09765625
1 0.4609375 0.240625 0.109375 0.11015625
1 0.45859375 0.3609375 0.121875 0.1234375
1 0.4640625 0.47109375 0.109375 0.11015625
1 0.4578125 0.58046875 0.09765625 0.0984375
1 0.55703125 0.090625 0.08515625 0.0859375
1 0.5546875 0.18828125 0.09765625 0.09765625
1 0.553125 0.3046875 0.11015625 0.1109375
1 0.54921875 0.4171875 0.121875 0.1234375
1 0.5515625 0.51875 0.109375 0.11015625
2 0.65703125 0.0375 0.0609375 0.06171875
1 0.64921875 0.1359375 0.0859375 0.0859375
1 0.65078125 0.246875 0.11015625 0.1109375
1 0.64296875 0.36015625 0.121875 0.1234375
1 0.64296875 0.46796875 0.11015625 0.11015625
1 0.74609375 0.0859375 0.0859375 0.0859375
1 0.73828125 0.19609375 0.09765625 0.0984375
1 0.7484375 0.30625 0.109375 0.11015625
1 0.7453125 0.41796875 0.121875 0.1234375
2 0.74453125 0.5296875 0.06171875 0.06171875
1 0.64765625 0.5828125 0.11015625 0.11015625
2 0.84296875 0.04453125 0.06171875 0.06171875
1 0.83984375 0.13828125 0.09765625 0.0984375
1 0.84453125 0.253125 0.121875 0.1234375
1 0.83671875 0.36171875 0.109375 0.11015625
1 0.840625 0.4765625 0.121875 0.1234375
1 0.84296875 0.5828125 0.109375 0.1109375
1 0.9375 0.0875 0.09765625 0.0984375
1 0.9328125 0.196875 0.11015625 0.11015625
1 0.925 0.30078125 0.121875 0.1234375
1 0.934375 0.4234375 0.11015625 0.11015625
1 0.93515625 0.5265625 0.121875 0.1234375
1 0.93125 0.6375 0.121875 0.1234375
1 0.93046875 0.74921875 0.09765625 0.09765625
1 0.93046875 0.85625 0.09765625 0.09765625
1 0.8328125 0.69453125 0.09765625 0.09765625
1 0.83984375 0.8046875 0.09765625 0.09765625
1 0.83046875 0.9078125 0.08515625 0.0859375
1 0.74765625 0.6328125 0.11015625 0.1109375
1 0.74296875 0.7484375 0.09765625 0.09765625
1 0.74140625 0.8484375 0.0734375 0.07421875
1 0.646875 0.69375 0.109375 0.11015625
1 0.646875 0.79921875 0.09765625 0.0984375
1 0.6421875 0.90625 0.0859375 0.0859375
1 0.55390625 0.6296875 0.109375 0.11015625
1 0.5578125 0.74375 0.11015625 0.11015625
1 0.55546875 0.85390625 0.11015625 0.11015625
1 0.46171875 0.6921875 0.09765625 0.0984375
1 0.45625 0.8 0.09765625 0.0984375
1 0.459375 0.9109375 0.09765625 0.0984375
1 0.371875 0.63046875 0.09765625 0.0984375
1 0.36328125 0.74140625 0.0859375 0.08671875
1 0.36015625 0.85078125 0.0859375 0.0859375
1 0.27265625 0.575 0.121875 0.121875
1 0.27265625 0.68515625 0.121875 0.121875
1 0.271875 0.79453125 0.09765625 0.0984375
1 0.271875 0.9046875 0.109375 0.11015625
1 0.1734375 0.63125 0.121875 0.1234375
1 0.1765625 0.73671875 0.09765625 0.0984375
1 0.17421875 0.84140625 0.11015625 0.11015625
1 0.0828125 0.571875 0.121875 0.1234375
1 0.0875 0.68125 0.09765625 0.0984375
1 0.0828125 0.79296875 0.08515625 0.0859375
1 0.08203125 0.8921875 0.109375 0.1109375