2 0.94296875 0.07890625 0.0734375 0.0734375
1 0.940625 0.184375 0.0859375 0.0859375
1 0.94140625 0.29609375 0.09765625 0.09765625
1 0.84375 0.1296875 0.0859375 0.0859375
1 0.84375 0.2359375 0.09765625 0.09765625
1 0.75078125 0.07890625 0.08515625 0.0859375
1 0.753125 0.1875 0.08515625 0.0859375
1 0.7515625 0.2921875 0.09765625 0.09765625
1 0.65546875 0.1375 0.08515625 0.0859375
1 0.6546875 0.240625 0.09765625 0.09765625
1 0.565625 0.07890625 0.0734375 0.07421875
1 0.5640625 0.1875 0.0734375 0.07421875
1 0.55625 0.29921875 0.0734375 0.0734375
1 0.471875 0.1296875 0.08515625 0.0859375
1 0.4734375 0.2390625 0.09765625 0.0984375
1 0.3765625 0.075 0.08515625 0.0859375
1 0.375 0.18671875 0.09765625 0.0984375
1 0.375 0.3015625 0.09765625 0.0984375
1 0.2796875 0.13125 0.0859375 0.0859375
1 0.28125 0.23984375 0.09765625 0.0984375
1 0.18828125 0.0765625 0.09765625 0.0984375
1 0.1890625 0.184375 0.09765625 0.0984375
1 0.18671875 0.2953125 0.09765625 0.0984375
1 0.08671875 0.13046875 0.11015625 0.11015625
1 0.0828125 0.2375 0.11015625 0.11015625
1 0.0875 0.3546875 0.11015625 0.11015625
1 0.084375 0.46640625 0.11015625 0.11015625
1 0.07890625 0.575 0.11015625 0.11015625
1 0.08671875 0.68671875 0.11015625 0.11015625
1 0.0875 0.7953125 0.109375 0.11015625
1 0.18828125 0.4078125 0.109375 0.11015625
1 0.18828125 0.51640625 0.09765625 0.0984375
1 0.184375 0.628125 0.11015625 0.11015625
1 0.18671875 0.73984375 0.11015625 0.11015625
1 0.1859375 0.8546875 0.11015625 0.11015625
1 0.28125 0.3484375 0.109375 0.11015625
1 0.28828125 0.471875 0.109375 0.11015625
1 0.28125 0.57578125 0.109375 0.11015625
1 0.28125 0.6921875 0.109375 0.11015625
1 0.278125 0.7953125 0.109375 0.11015625
1 0.37578125 0.40234375 0.09765625 0.09765625
1 0.37265625 0.51796875 0.11015625 0.11015625
1 0.37890625 0.63359375 0.109375 0.11015625
1 0.37421875 0.74453125 0.09765625 0.0984375
1 0.3796875 0.85234375 0.109375 0.11015625
1 0.46953125 0.353125 0.0734375 0.07421875
1 0.471875 0.4609375 0.09765625 0.09765625
1 0.46796875 0.56875 0.11015625 0.11015625
1 0.47109375 0.6859375 0.11015625 0.11015625
1 0.4703125 0.80078125 0.08515625 0.0859375
1 0.5609375 0.40546875 0.0734375 0.07421875
1 0.5578125 0.5171875 0.09765625 0.09765625
1 0.56328125 0.62890625 0.08515625 0.0859375
1 0.56171875 0.73984375 0.09765625 0.0984375
1 0.659375 0.3484375 0.09765625 0.0984375
1 0.65546875 0.46171875 0.0859375 0.0859375
1 0.653125 0.5640625 0.09765625 0.09765625
1 0.6546875 0.67890625 0.0859375 0.0859375
1 0.65703125 0.7953125 0.0859375 0.0859375
1 0.7515625 0.4 0.09765625 0.0984375
1 0.75703125 0.51796875 0.09765625 0.0984375
1 0.759375 0.62421875 0.09765625 0.09765625
1 0.75859375 0.74140625 0.09765625 0.09765625
1 0.8453125 0.35078125 0.0859375 0.08671875
1 0.8453125 0.45859375 0.09765625 0.0984375
1 0.84453125 0.5671875 0.09765625 0.0984375
1 0.8453125 0.696875 0.09765625 0.0984375
1 0.9453125 0.4046875 0.09765625 0.0984375
1 0.93828125 0.51328125 0.09765625 0.0984375
1 0.9375 0.628125 0.0859375 0.0859375
1 0.940625 0.7375 0.08515625 0.0859375
1 0.8484375 0.8078125 0.08515625 0.0859375
1 0.93828125 0.8453125 0.08515625 0.0859375
3 0.84453125 0.90234375 0.08515625 0.0859375
1 0.7546875 0.85 0.0859375 0.0859375
1 0.66015625 0.89921875 0.09765625 0.0984375
1 0.559375 0.85234375 0.08515625 0.0859375
1 0.4703125 0.90703125 0.09765625 0.0984375
3 0.27265625 0.91484375 0.11015625 0.11015625
1 0.07734375 0.9078125 0.109375 0.11015625