1 0.89453125 0.32578125 0.09765625 0.0984375
1 0.8875 0.43359375 0.109375 0.1109375
1 0.8921875 0.540625 0.09765625 0.0984375
1 0.8859375 0.6390625 0.11015625 0.11015625
1 0.8859375 0.7546875 0.09765625 0.09765625
1 0.884375 0.86171875 0.09765625 0.0984375
1 0.796875 0.925 0.09765625 0.0984375
1 0.79609375 0.78203125 0.09765625 0.09765625
1 0.7921875 0.69375 0.09765625 0.0984375
1 0.79765625 0.57734375 0.11015625 0.11015625
1 0.80390625 0.4765625 0.109375 0.1109375
3 0.8015625 0.36875 0.11015625 0.11015625
1 0.80546875 0.2578125 0.11015625 0.1109375
1 0.70546875 0.3203125 0.11015625 0.1109375
1 0.7015625 0.43125 0.11015625 0.11015625
1 0.70546875 0.52421875 0.11015625 0.1109375
1 0.6984375 0.63984375 0.11015625 0.11015625
1 0.61328125 0.7 0.109375 0.11015625
1 0.60703125 0.5828125 0.11015625 0.1109375
1 0.6078125 0.4796875 0.109375 0.11015625
1 0.6140625 0.36953125 0.11015625 0.11015625
1 0.6109375 0.27265625 0.109375 0.11015625
1 0.51953125 0.309375 0.109375 0.1109375
1 0.515625 0.41640625 0.09765625 0.0984375
1 0.51484375 0.52421875 0.09765625 0.09765625
1 0.5140625 0.6375 0.11015625 0.11015625
1 0.515625 0.7546875 0.09765625 0.0984375
1 0.51171875 0.8625 0.09765625 0.0984375
1 0.60390625 0.9265625 0.11015625 0.11015625
1 0.6015625 0.8 0.109375 0.11015625
1 0.4140625 0.909375 0.09765625 0.09765625
1 0.42109375 0.78828125 0.09765625 0.0984375
1 0.4203125 0.6890625 0.09765625 0.09765625
1 0.41484375 0.58515625 0.09765625 0.0984375
1 0.415625 0.47578125 0.109375 0.11015625
1 0.4203125 0.35859375 0.09765625 0.0984375
1 0.425 0.253125 0.11015625 0.11015625
1 0.32578125 0.31328125 0.11015625 0.11015625
1 0.328125 0.425 0.109375 0.11015625
1 0.33046875 0.525 0.11015625 0.1109375
1 0.32421875 0.63984375 0.109375 0.11015625
1 0.325 0.74921875 0.109375 0.1109375
1 0.32109375 0.85234375 0.109375 0.11015625
1 0.2203125 0.90703125 0.11015625 0.11015625
1 0.22734375 0.79375 0.11015625 0.11015625
1 0.21953125 0.68515625 0.11015625 0.11015625
1 0.228125 0.58125 0.09765625 0.09765625
1 0.2296875 0.4703125 0.11015625 0.1109375
1 0.2390625 0.25078125 0.109375 0.11015625
1 0.2328125 0.35859375 0.109375 0.11015625
1 0.13359375 0.309375 0.11015625 0.11015625
1 0.134375 0.4109375 0.11015625 0.11015625
1 0.128125 0.5328125 0.109375 0.11015625
1 0.12734375 0.6375 0.11015625 0.11015625
1 0.12265625 0.74296875 0.11015625 0.11015625
1 0.11953125 0.8734375 0.11015625 0.11015625
1 0.6140625 0.05625 0.0859375 0.0859375
1 0.425 0.05625 0.08515625 0.0859375