1 0.2296875 0.50703125 0.109375 0.11015625
1 0.1296875 0.12734375 0.109375 0.11015625
1 0.22890625 0.07109375 0.11015625 0.1109375
1 0.4203125 0.06875 0.109375 0.11015625
1 0.51640625 0.12421875 0.109375 0.11015625
1 0.61484375 0.0671875 0.08515625 0.0859375
1 0.7078125 0.12421875 0.11015625 0.11015625
1 0.80859375 0.06953125 0.109375 0.11015625
1 0.8984375 0.121875 0.09765625 0.0984375
1 0.8953125 0.23125 0.09765625 0.0984375
1 0.9046875 0.34453125 0.09765625 0.0984375
1 0.90546875 0.4515625 0.09765625 0.0984375
1 0.90234375 0.56328125 0.09765625 0.0984375
1 0.8 0.1828125 0.109375 0.11015625
1 0.7984375 0.2953125 0.109375 0.11015625
1 0.80234375 0.39765625 0.11015625 0.11015625
1 0.7984375 0.50546875 0.11015625 0.11015625
1 0.709375 0.2359375 0.11015625 0.11015625
1 0.70078125 0.34609375 0.11015625 0.11015625
1 0.70625 0.46015625 0.11015625 0.11015625
1 0.70625 0.56953125 0.109375 0.1109375
1 0.6171875 0.178125 0.09765625 0.0984375
1 0.6203125 0.2859375 0.0859375 0.0859375
1 0.609375 0.39921875 0.09765625 0.09765625
1 0.61328125 0.515625 0.09765625 0.09765625
1 0.515625 0.23671875 0.109375 0.11015625
1 0.5171875 0.340625 0.109375 0.1109375
1 0.51953125 0.4546875 0.109375 0.1109375
1 0.5140625 0.5546875 0.11015625 0.1109375
1 0.41796875 0.18125 0.109375 0.11015625
1 0.41953125 0.2921875 0.11015625 0.1109375
1 0.41640625 0.39921875 0.11015625 0.1109375
1 0.42109375 0.50625 0.11015625 0.11015625
1 0.31953125 0.125 0.11015625 0.1109375
1 0.321875 0.2328125 0.11015625 0.1109375
1 0.32578125 0.35 0.11015625 0.11015625
1 0.3296875 0.4546875 0.109375 0.11015625
1 0.23203125 0.18828125 0.11015625 0.1109375
1 0.23046875 0.29375 0.09765625 0.0984375
1 0.22734375 0.4 0.109375 0.11015625
1 0.134375 0.2359375 0.09765625 0.0984375
1 0.1296875 0.346875 0.109375 0.11015625
1 0.13359375 0.4515625 0.109375 0.11015625
2 0.13671875 0.56484375 0.0484375 0.05
2 0.228125 0.61953125 0.0484375 0.05
2 0.3234375 0.5578125 0.0484375 0.0484375
1 0.13359375 0.67734375 0.109375 0.11015625
1 0.23046875 0.7265625 0.109375 0.1109375
1 0.3328125 0.78515625 0.0859375 0.0859375
1 0.3265625 0.67265625 0.08515625 0.0859375
2 0.4234375 0.62421875 0.08515625 0.0859375
1 0.4203125 0.73046875 0.08515625 0.0859375
1 0.428125 0.8375 0.09765625 0.09765625
1 0.42265625 0.9421875 0.09765625 0.09765625
2 0.5171875 0.67265625 0.0734375 0.0734375
1 0.5203125 0.784375 0.08515625 0.0859375
1 0.60546875 0.61875 0.09765625 0.0984375
1 0.6109375 0.728125 0.09765625 0.0984375
1 0.60625 0.84296875 0.09765625 0.0984375
1 0.70859375 0.6734375 0.11015625 0.11015625
1 0.709375 0.7875 0.11015625 0.11015625
1 0.70390625 0.89375 0.109375 0.11015625
1 0.803125 0.62265625 0.11015625 0.11015625
1 0.8 0.73359375 0.11015625 0.11015625
1 0.79453125 0.8421875 0.11015625 0.11015625
1 0.9046875 0.675 0.109375 0.11015625
1 0.9046875 0.78359375 0.09765625 0.0984375
1 0.9 0.89609375 0.11015625 0.11015625