2 0.3453125 0.21328125 0.0859375 0.08671875
1 0.91796875 0.0875 0.09765625 0.0984375
1 0.91640625 0.2078125 0.08515625 0.0859375
1 0.8171875 0.14140625 0.09765625 0.09765625
1 0.72421875 0.1 0.11015625 0.1109375
1 0.721875 0.20703125 0.0859375 0.0859375
1 0.621875 0.15546875 0.09765625 0.09765625
1 0.5265625 0.0921875 0.09765625 0.0984375
1 0.5265625 0.209375 0.08515625 0.0859375
1 0.4453125 0.1515625 0.09765625 0.0984375
1 0.34296875 0.1078125 0.0859375 0.0859375
2 0.2546875 0.05625 0.02421875 0.02421875
2 0.2484375 0.16953125 0.02421875 0.02421875
2 0.15703125 0.08828125 0.02421875 0.02421875
2 0.153125 0.20390625 0.02421875 0.02421875
2 0.14921875 0.31328125 0.02421875 0.02421875
2 0.1515625 0.3953125 0.02421875 0.02421875
2 0.24921875 0.25625 0.02421875 0.02421875
2 0.24296875 0.3640625 0.02421875 0.02421875
2 0.34296875 0.39453125 0.0375 0.0375
1 0.33984375 0.31171875 0.109375 0.11015625
1 0.44921875 0.25625 0.0859375 0.0859375
1 0.45 0.36484375 0.0734375 0.0734375
1 0.53046875 0.31484375 0.09765625 0.0984375
2 0.52109375 0.43046875 0.06171875 0.06171875
1 0.621875 0.2609375 0.09765625 0.0984375
1 0.6265625 0.36875 0.09765625 0.0984375
1 0.73046875 0.31875 0.09765625 0.09765625
1 0.821875 0.25703125 0.08515625 0.0859375
1 0.8203125 0.36796875 0.09765625 0.09765625
1 0.9203125 0.315625 0.09765625 0.09765625
1 0.91328125 0.41015625 0.08515625 0.0859375
2 0.0640625 0.5578125 0.0609375 0.06171875
1 0.05625 0.65625 0.0859375 0.0859375
1 0.0578125 0.7671875 0.11015625 0.1109375
1 0.153125 0.60625 0.0859375 0.0859375
1 0.1453125 0.71640625 0.09765625 0.0984375
1 0.15546875 0.8265625 0.109375 0.11015625
2 0.25078125 0.56484375 0.06171875 0.06171875
1 0.246875 0.65859375 0.09765625 0.0984375
1 0.2515625 0.7734375 0.121875 0.1234375
1 0.24375 0.88203125 0.109375 0.11015625
1 0.34453125 0.6078125 0.09765625 0.0984375
1 0.340625 0.7171875 0.11015625 0.11015625
1 0.3328125 0.82109375 0.121875 0.1234375
1 0.34140625 0.94375 0.11015625 0.11015625
2 0.434375 0.575 0.0484375 0.0484375
1 0.43125 0.6609375 0.09765625 0.0984375
1 0.43125 0.77578125 0.121875 0.121875
1 0.43515625 0.88203125 0.121875 0.1234375
1 0.5203125 0.6078125 0.0734375 0.0734375
1 0.52421875 0.7203125 0.109375 0.11015625
1 0.525 0.8296875 0.109375 0.11015625
1 0.525 0.9375 0.0859375 0.0859375
1 0.63046875 0.66015625 0.121875 0.1234375
1 0.61875 0.76875 0.121875 0.1234375
1 0.62578125 0.8890625 0.09765625 0.0984375
1 0.72421875 0.60546875 0.0734375 0.07421875
1 0.7296875 0.71796875 0.09765625 0.09765625
1 0.7359375 0.83125 0.121875 0.1234375
1 0.73125 0.94375 0.09765625 0.0984375
1 0.825 0.6609375 0.121875 0.1234375
1 0.82109375 0.78125 0.121875 0.1234375
1 0.82265625 0.88984375 0.08515625 0.0859375
1 0.91484375 0.6125 0.09765625 0.09765625
1 0.91875 0.72578125 0.09765625 0.09765625
1 0.91875 0.8296875 0.09765625 0.09765625
1 0.92109375 0.94453125 0.09765625 0.09765625