2 0.11640625 0.12890625 0.08515625 0.0859375
2 0.121875 0.2453125 0.0734375 0.0734375
2 0.21171875 0.07109375 0.0734375 0.0734375
2 0.2171875 0.296875 0.08515625 0.0859375
2 0.21015625 0.18515625 0.06171875 0.06171875
2 0.2140625 0.41328125 0.0859375 0.0859375
1 0.11875 0.3515625 0.0859375 0.0859375
1 0.1203125 0.4625 0.09765625 0.09765625
1 0.12421875 0.571875 0.09765625 0.0984375
1 0.1171875 0.68046875 0.09765625 0.0984375
1 0.11640625 0.7953125 0.0859375 0.0859375
1 0.11953125 0.9046875 0.08515625 0.0859375
1 0.21328125 0.51171875 0.08515625 0.0859375
1 0.21328125 0.62421875 0.08515625 0.0859375
1 0.2140625 0.7375 0.09765625 0.0984375
1 0.215625 0.85 0.0859375 0.0859375