1 0.82421875 0.0875 0.09765625 0.0984375
1 0.628125 0.09375 0.109375 0.1109375
1 0.4359375 0.07890625 0.11015625 0.1109375
2 0.05859375 0.0890625 0.0484375 0.05
2 0.15 0.14375 0.0484375 0.05
2 0.2453125 0.08203125 0.0484375 0.0484375
1 0.05546875 0.2015625 0.109375 0.11015625
1 0.15234375 0.25078125 0.109375 0.1109375
1 0.2546875 0.309375 0.0859375 0.0859375
1 0.2484375 0.196875 0.08515625 0.0859375
2 0.3453125 0.1484375 0.08515625 0.0859375
1 0.3421875 0.2546875 0.08515625 0.0859375
1 0.35 0.3625 0.09765625 0.09765625
1 0.34453125 0.4671875 0.09765625 0.09765625
1 0.33984375 0.58359375 0.09765625 0.0984375
2 0.4390625 0.196875 0.0734375 0.0734375
1 0.4421875 0.30859375 0.08515625 0.0859375
1 0.440625 0.525 0.0734375 0.07421875
1 0.52734375 0.14296875 0.09765625 0.0984375
1 0.5328125 0.25234375 0.09765625 0.0984375
1 0.528125 0.36796875 0.09765625 0.0984375
1 0.53828125 0.478125 0.09765625 0.09765625
1 0.53984375 0.5890625 0.09765625 0.09765625
1 0.63046875 0.19765625 0.11015625 0.11015625
1 0.63125 0.31171875 0.11015625 0.11015625
1 0.62578125 0.41875 0.109375 0.11015625
1 0.625 0.53671875 0.109375 0.11015625
1 0.62578125 0.64453125 0.109375 0.1109375
1 0.725 0.146875 0.11015625 0.11015625
1 0.721875 0.25859375 0.11015625 0.11015625
1 0.71640625 0.36640625 0.11015625 0.11015625
1 0.72421875 0.47890625 0.11015625 0.11015625
1 0.72578125 0.5875 0.109375 0.11015625
1 0.8265625 0.2 0.109375 0.11015625
1 0.8265625 0.3078125 0.09765625 0.0984375
1 0.821875 0.4203125 0.11015625 0.11015625
1 0.825 0.53203125 0.11015625 0.11015625
1 0.8234375 0.646875 0.11015625 0.11015625
1 0.91875 0.13984375 0.109375 0.11015625
1 0.92578125 0.2640625 0.109375 0.11015625
1 0.91875 0.36796875 0.109375 0.11015625
1 0.91875 0.48359375 0.109375 0.11015625
1 0.915625 0.5875 0.109375 0.11015625
3 0.9109375 0.70625 0.11015625 0.11015625
3 0.81484375 0.7546875 0.11015625 0.11015625
1 0.9125 0.80546875 0.11015625 0.11015625
1 0.909375 0.9203125 0.11015625 0.11015625
1 0.8140625 0.8765625 0.0734375 0.07421875
1 0.71484375 0.7 0.109375 0.11015625
1 0.71796875 0.8109375 0.109375 0.1109375
1 0.721875 0.9109375 0.109375 0.1109375
1 0.62890625 0.7484375 0.109375 0.1109375
1 0.6296875 0.85546875 0.08515625 0.0859375
1 0.52890625 0.71484375 0.11015625 0.1109375
1 0.53203125 0.8234375 0.08515625 0.0859375
1 0.525 0.9421875 0.08515625 0.0859375
1 0.43984375 0.65625 0.08515625 0.0859375
2 0.446875 0.7703125 0.02421875 0.02421875
2 0.440625 0.8890625 0.0375 0.0375
2 0.3453125 0.91640625 0.02421875 0.02421875
1 0.34765625 0.6921875 0.09765625 0.0984375
1 0.3453125 0.79765625 0.09765625 0.0984375
1 0.0546875 0.88203125 0.09765625 0.0984375