2 0.075 0.40859375 0.06171875 0.06171875
2 0.4515625 0.1984375 0.0734375 0.07421875
2 0.34921875 0.24140625 0.0734375 0.0734375
1 0.85234375 0.0953125 0.09765625 0.0984375
1 0.65859375 0.096875 0.08515625 0.0859375
1 0.56640625 0.15 0.09765625 0.09765625
1 0.75625 0.15 0.08515625 0.0859375
1 0.44453125 0.0984375 0.09765625 0.09765625
1 0.34453125 0.12265625 0.09765625 0.0984375
1 0.2765625 0.084375 0.09765625 0.0984375
2 0.1640625 0.0484375 0.0484375 0.05
2 0.17265625 0.13828125 0.0484375 0.05
2 0.078125 0.2125 0.0609375 0.06171875
1 0.0765625 0.32578125 0.09765625 0.0984375
1 0.08671875 0.5484375 0.11015625 0.1109375
1 0.0828125 0.6546875 0.11015625 0.1109375
1 0.16875 0.26875 0.0859375 0.0859375
1 0.17109375 0.37265625 0.109375 0.11015625
1 0.171875 0.48515625 0.109375 0.11015625
1 0.1734375 0.596875 0.09765625 0.09765625
1 0.2765625 0.2046875 0.09765625 0.0984375
1 0.275 0.31171875 0.11015625 0.11015625
1 0.27421875 0.4328125 0.109375 0.11015625
1 0.275 0.5375 0.09765625 0.0984375
1 0.271875 0.64609375 0.109375 0.11015625
1 0.3625 0.3859375 0.09765625 0.0984375
1 0.36015625 0.48125 0.09765625 0.0984375
1 0.3734375 0.59921875 0.109375 0.11015625
1 0.45 0.3265625 0.09765625 0.0984375
1 0.45625 0.42578125 0.08515625 0.0859375
1 0.45390625 0.53671875 0.08515625 0.08671875
1 0.45703125 0.6375 0.09765625 0.0984375
1 0.57109375 0.25625 0.09765625 0.09765625
1 0.56328125 0.36640625 0.09765625 0.0984375
1 0.5671875 0.47421875 0.109375 0.11015625
1 0.56796875 0.5921875 0.11015625 0.11015625
1 0.56328125 0.70859375 0.11015625 0.11015625
1 0.6609375 0.2046875 0.09765625 0.09765625
1 0.659375 0.31875 0.11015625 0.1109375
1 0.6578125 0.42265625 0.109375 0.11015625
1 0.6578125 0.53359375 0.09765625 0.0984375
1 0.65546875 0.64765625 0.109375 0.11015625
1 0.75703125 0.265625 0.11015625 0.1109375
1 0.753125 0.375 0.09765625 0.09765625
1 0.753125 0.4859375 0.09765625 0.09765625
1 0.7515625 0.59375 0.08515625 0.0859375
1 0.7515625 0.70703125 0.0859375 0.0859375
1 0.8484375 0.21015625 0.0859375 0.0859375
1 0.84765625 0.321875 0.09765625 0.09765625
1 0.85234375 0.43125 0.11015625 0.1109375
1 0.84453125 0.5421875 0.11015625 0.1109375
1 0.85 0.64765625 0.11015625 0.11015625
1 0.9421875 0.153125 0.08515625 0.0859375
2 0.94453125 0.2625 0.0859375 0.0859375
1 0.94140625 0.37421875 0.0859375 0.0859375
1 0.94453125 0.58515625 0.109375 0.1109375
1 0.93984375 0.70859375 0.11015625 0.11015625
1 0.9421875 0.8171875 0.11015625 0.11015625
2 0.93828125 0.91640625 0.06171875 0.06171875
2 0.8484375 0.76640625 0.06171875 0.06171875
2 0.84296875 0.87421875 0.06171875 0.06171875
1 0.7546875 0.815625 0.109375 0.11015625
1 0.74921875 0.94140625 0.0859375 0.0859375
1 0.65703125 0.75859375 0.109375 0.11015625
1 0.65390625 0.8703125 0.11015625 0.11015625
1 0.5609375 0.81015625 0.11015625 0.11015625
1 0.56328125 0.92734375 0.11015625 0.11015625
1 0.4625 0.74375 0.09765625 0.0984375
1 0.471875 0.8625 0.109375 0.11015625
1 0.3703125 0.70078125 0.109375 0.11015625
1 0.36796875 0.80078125 0.09765625 0.09765625
1 0.36875 0.928125 0.09765625 0.09765625
1 0.271875 0.76640625 0.109375 0.1109375
1 0.26640625 0.87421875 0.08515625 0.0859375
1 0.1765625 0.70390625 0.11015625 0.1109375
1 0.1703125 0.815625 0.09765625 0.09765625
1 0.16640625 0.9203125 0.08515625 0.0859375
1 0.07890625 0.76953125 0.09765625 0.09765625
1 0.08125 0.88125 0.0859375 0.0859375