3 0.6265625 0.24296875 0.0734375 0.07421875
3 0.625 0.3625 0.0609375 0.06171875
1 0.9109375 0.29921875 0.11015625 0.11015625
1 0.9078125 0.41484375 0.11015625 0.1109375
1 0.90703125 0.52578125 0.09765625 0.0984375
1 0.9078125 0.628125 0.11015625 0.11015625
1 0.90625 0.746875 0.109375 0.11015625
1 0.903125 0.8546875 0.109375 0.11015625
2 0.909375 0.96640625 0.06171875 0.06171875
1 0.809375 0.24921875 0.09765625 0.0984375
1 0.81484375 0.365625 0.11015625 0.11015625
1 0.821875 0.4671875 0.09765625 0.0984375
1 0.81171875 0.58515625 0.08515625 0.08671875
1 0.815625 0.696875 0.08515625 0.0859375
1 0.81171875 0.7984375 0.0859375 0.0859375
1 0.809375 0.9125 0.08515625 0.0859375
1 0.71953125 0.3015625 0.11015625 0.1109375
1 0.72578125 0.409375 0.09765625 0.0984375
1 0.7171875 0.65 0.08515625 0.0859375
1 0.72265625 0.75078125 0.0859375 0.0859375
1 0.71875 0.84296875 0.0859375 0.0859375
1 0.6390625 0.4859375 0.0859375 0.0859375
1 0.63125 0.5671875 0.109375 0.11015625
1 0.628125 0.6859375 0.11015625 0.1109375
1 0.61875 0.8015625 0.109375 0.11015625
1 0.6265625 0.9109375 0.109375 0.11015625
1 0.53046875 0.33125 0.09765625 0.0984375
1 0.5328125 0.403125 0.0859375 0.0859375
1 0.528125 0.5171875 0.11015625 0.1109375
1 0.52109375 0.6421875 0.11015625 0.11015625
1 0.5234375 0.746875 0.109375 0.11015625
1 0.52734375 0.846875 0.09765625 0.09765625
1 0.4265625 0.246875 0.09765625 0.0984375
1 0.43359375 0.36015625 0.09765625 0.0984375
1 0.43046875 0.4734375 0.0859375 0.08671875
1 0.43359375 0.57890625 0.09765625 0.0984375
1 0.4359375 0.69296875 0.09765625 0.0984375
1 0.43125 0.8015625 0.09765625 0.0984375
1 0.43671875 0.9078125 0.08515625 0.08671875
1 0.3421875 0.3015625 0.09765625 0.0984375
1 0.3375 0.41328125 0.09765625 0.09765625
1 0.3375 0.515625 0.0859375 0.0859375
1 0.3390625 0.6265625 0.09765625 0.0984375
1 0.3375 0.74296875 0.09765625 0.0984375
1 0.33515625 0.84921875 0.09765625 0.0984375
1 0.2421875 0.35703125 0.109375 0.11015625
1 0.24921875 0.4703125 0.09765625 0.0984375
1 0.240625 0.58203125 0.08515625 0.0859375
1 0.240625 0.71953125 0.08515625 0.0859375
1 0.2375 0.80546875 0.08515625 0.0859375
1 0.2390625 0.90859375 0.109375 0.11015625
1 0.1515625 0.30234375 0.11015625 0.11015625
1 0.15 0.4171875 0.109375 0.1109375
1 0.1515625 0.52421875 0.09765625 0.0984375
1 0.14765625 0.6328125 0.09765625 0.09765625
1 0.15546875 0.74765625 0.09765625 0.0984375
1 0.14609375 0.8578125 0.11015625 0.11015625
1 0.0640625 0.35859375 0.08515625 0.0859375
1 0.05859375 0.4671875 0.09765625 0.0984375
1 0.05078125 0.584375 0.09765625 0.0984375
1 0.05546875 0.68203125 0.09765625 0.0984375
1 0.053125 0.80078125 0.08515625 0.0859375
1 0.0515625 0.90859375 0.09765625 0.0984375
3 0.3421875 0.06953125 0.06171875 0.06171875
1 0.43515625 0.13984375 0.08515625 0.0859375
1 0.53203125 0.0984375 0.0859375 0.0859375
1 0.53203125 0.18828125 0.0859375 0.0859375
1 0.628125 0.1296875 0.0859375 0.0859375
1 0.909375 0.09140625 0.11015625 0.11015625
1 0.9109375 0.1921875 0.09765625 0.09765625
1 0.80859375 0.14296875 0.09765625 0.0984375
1 0.71796875 0.18828125 0.08515625 0.0859375
1 0.71484375 0.08125 0.09765625 0.0984375
1 0.340625 0.18828125 0.109375 0.11015625
1 0.246875 0.25078125 0.11015625 0.11015625
1 0.1546875 0.20078125 0.11015625 0.11015625
1 0.2515625 0.1234375 0.0859375 0.0859375
1 0.16015625 0.08671875 0.109375 0.11015625
1 0.06328125 0.14296875 0.09765625 0.0984375
1 0.0640625 0.2328125 0.109375 0.11015625