2 0.61015625 0.9265625 0.0734375 0.0734375
2 0.70234375 0.5171875 0.0734375 0.07421875
1 0.8984375 0.76875 0.109375 0.11015625
1 0.8015625 0.8265625 0.11015625 0.1109375
1 0.7109375 0.8015625 0.109375 0.11015625
1 0.703125 0.89765625 0.09765625 0.09765625
1 0.6078125 0.825 0.09765625 0.0984375
1 0.5203125 0.76875 0.09765625 0.09765625
1 0.51171875 0.8765625 0.0859375 0.0859375
1 0.334375 0.76796875 0.09765625 0.0984375
3 0.32734375 0.8828125 0.0859375 0.0859375
1 0.23828125 0.734375 0.09765625 0.09765625
1 0.24296875 0.82578125 0.09765625 0.0984375
1 0.228125 0.9296875 0.09765625 0.09765625
1 0.1453125 0.78125 0.11015625 0.1109375
1 0.14921875 0.90625 0.121875 0.1234375
1 0.9046875 0.23828125 0.0859375 0.0859375
1 0.9046875 0.33671875 0.0859375 0.0859375
1 0.8984375 0.45390625 0.09765625 0.0984375
1 0.89765625 0.55625 0.09765625 0.09765625
1 0.80234375 0.0609375 0.11015625 0.11015625
1 0.70390625 0.1078125 0.09765625 0.0984375
1 0.51640625 0.09453125 0.0859375 0.0859375
1 0.5203125 0.21953125 0.0859375 0.0859375
1 0.5140625 0.31953125 0.0859375 0.0859375
1 0.5203125 0.4515625 0.08515625 0.0859375
1 0.62734375 0.46796875 0.08515625 0.0859375
1 0.6234375 0.384375 0.08515625 0.0859375
1 0.61328125 0.26875 0.0859375 0.0859375
1 0.61484375 0.1546875 0.08515625 0.0859375
1 0.709375 0.225 0.0859375 0.0859375
1 0.70625 0.346875 0.08515625 0.0859375
1 0.7078125 0.42890625 0.08515625 0.0859375
1 0.80546875 0.57890625 0.0859375 0.0859375
1 0.803125 0.471875 0.08515625 0.0859375
1 0.8109375 0.3765625 0.08515625 0.0859375
1 0.803125 0.28203125 0.08515625 0.0859375
1 0.8078125 0.171875 0.0859375 0.0859375
1 0.90703125 0.11796875 0.08515625 0.0859375
1 0.8015625 0.728125 0.09765625 0.0984375
1 0.71015625 0.7078125 0.109375 0.11015625
1 0.6125 0.72421875 0.11015625 0.11015625
1 0.51875 0.65625 0.09765625 0.09765625
1 0.43125 0.05625 0.0859375 0.0859375
1 0.4296875 0.16484375 0.09765625 0.0984375
1 0.42734375 0.2734375 0.08515625 0.0859375
1 0.42578125 0.39140625 0.09765625 0.0984375
1 0.4265625 0.5046875 0.09765625 0.0984375
1 0.3375 0.10859375 0.09765625 0.09765625
1 0.33828125 0.21875 0.08515625 0.0859375
1 0.3375 0.33671875 0.09765625 0.0984375
1 0.334375 0.44921875 0.0859375 0.0859375
1 0.33125 0.55859375 0.09765625 0.09765625
1 0.3265625 0.65703125 0.0859375 0.0859375
1 0.24375 0.07109375 0.09765625 0.0984375
1 0.240625 0.18046875 0.09765625 0.0984375
1 0.240625 0.29375 0.09765625 0.0984375
1 0.2421875 0.40625 0.09765625 0.09765625
1 0.2421875 0.50390625 0.109375 0.1109375
1 0.23671875 0.615625 0.11015625 0.11015625
1 0.14609375 0.1234375 0.08515625 0.0859375
1 0.14296875 0.2375 0.08515625 0.0859375
1 0.1453125 0.3515625 0.09765625 0.09765625
1 0.14296875 0.47578125 0.08515625 0.0859375
1 0.14765625 0.578125 0.08515625 0.0859375
1 0.05390625 0.6234375 0.09765625 0.0984375
1 0.0546875 0.40625 0.09765625 0.09765625
1 0.0609375 0.290625 0.109375 0.11015625
1 0.059375 0.18515625 0.09765625 0.0984375
3 0.05546875 0.07734375 0.08515625 0.0859375
1 0.1515625 0.6890625 0.11015625 0.11015625