2 0.48515625 0.37578125 0.0734375 0.0734375
2 0.1046875 0.35859375 0.0734375 0.07421875
1 0.1015625 0.49140625 0.09765625 0.09765625
1 0.10078125 0.59296875 0.11015625 0.1109375
1 0.096875 0.70234375 0.11015625 0.11015625
2 0.2 0.2125 0.0734375 0.0734375
2 0.2 0.30234375 0.0734375 0.0734375
1 0.2 0.421875 0.0859375 0.0859375
1 0.2015625 0.5390625 0.09765625 0.09765625
1 0.203125 0.6515625 0.09765625 0.09765625
2 0.28203125 0.17109375 0.0734375 0.0734375
2 0.2859375 0.24765625 0.0734375 0.0734375
2 0.28515625 0.3578125 0.0609375 0.06171875
2 0.29296875 0.4640625 0.0859375 0.0859375
1 0.2921875 0.5984375 0.09765625 0.09765625
1 0.290625 0.684375 0.09765625 0.09765625
2 0.38125 0.1859375 0.0734375 0.0734375
2 0.384375 0.31328125 0.0734375 0.0734375
2 0.38984375 0.43984375 0.0734375 0.0734375
1 0.390625 0.53984375 0.109375 0.11015625
1 0.3921875 0.6515625 0.109375 0.11015625
1 0.47890625 0.25625 0.121875 0.1234375
1 0.48515625 0.4859375 0.08515625 0.0859375
1 0.4828125 0.5984375 0.11015625 0.11015625
1 0.48125 0.7109375 0.121875 0.1234375
1 0.58125 0.20859375 0.09765625 0.0984375
1 0.58359375 0.315625 0.121875 0.1234375
1 0.5859375 0.428125 0.109375 0.11015625
1 0.5734375 0.54140625 0.109375 0.11015625
1 0.5765625 0.65078125 0.11015625 0.11015625
1 0.67734375 0.18046875 0.08515625 0.0859375
1 0.678125 0.2640625 0.09765625 0.09765625
1 0.6765625 0.38359375 0.121875 0.1234375
1 0.6828125 0.4796875 0.109375 0.11015625
1 0.6875 0.59609375 0.109375 0.11015625
1 0.68046875 0.70390625 0.109375 0.11015625
1 0.76875 0.20625 0.08515625 0.0859375
1 0.77109375 0.31875 0.121875 0.1234375
1 0.7828125 0.53203125 0.0859375 0.0859375
1 0.76640625 0.65 0.109375 0.11015625
1 0.86328125 0.26953125 0.09765625 0.09765625
1 0.871875 0.37578125 0.121875 0.1234375
1 0.871875 0.48515625 0.11015625 0.1109375
1 0.86953125 0.5875 0.11015625 0.11015625
1 0.8625 0.70234375 0.11015625 0.11015625
1 0.86796875 0.8109375 0.109375 0.11015625
1 0.8671875 0.92265625 0.109375 0.11015625
1 0.7703125 0.76328125 0.109375 0.11015625
1 0.7734375 0.87578125 0.0859375 0.0859375
1 0.6765625 0.80703125 0.11015625 0.11015625
1 0.67265625 0.9171875 0.11015625 0.11015625
1 0.57265625 0.76015625 0.11015625 0.11015625
1 0.4796875 0.81171875 0.109375 0.11015625
1 0.47890625 0.928125 0.121875 0.1234375
1 0.390625 0.76484375 0.109375 0.11015625
1 0.38515625 0.86875 0.121875 0.1234375
1 0.2859375 0.81328125 0.121875 0.1234375
1 0.290625 0.92109375 0.121875 0.1234375
1 0.2 0.76484375 0.121875 0.1234375
1 0.196875 0.8703125 0.121875 0.1234375
1 0.1046875 0.80625 0.121875 0.1234375
1 0.103125 0.9234375 0.121875 0.1234375