2 0.67734375 0.62578125 0.0734375 0.07421875
1 0.7671875 0.90625 0.09765625 0.09765625
1 0.57890625 0.909375 0.11015625 0.11015625
1 0.3796875 0.91328125 0.11015625 0.11015625
1 0.86796875 0.86015625 0.109375 0.1109375
1 0.859375 0.74140625 0.109375 0.11015625
1 0.85546875 0.63515625 0.109375 0.11015625
1 0.8640625 0.53671875 0.09765625 0.0984375
1 0.86484375 0.41875 0.11015625 0.11015625
1 0.8703125 0.30546875 0.09765625 0.0984375
1 0.7703125 0.2515625 0.109375 0.11015625
1 0.7640625 0.3671875 0.11015625 0.1109375
1 0.771875 0.478125 0.109375 0.11015625
1 0.7703125 0.57734375 0.109375 0.11015625
1 0.771875 0.69375 0.109375 0.11015625
1 0.7609375 0.81171875 0.109375 0.11015625
1 0.67421875 0.86015625 0.08515625 0.0859375
1 0.67421875 0.7390625 0.08515625 0.0859375
1 0.68515625 0.51171875 0.08515625 0.0859375
1 0.6796875 0.41640625 0.09765625 0.0984375
1 0.67890625 0.303125 0.109375 0.11015625
1 0.5765625 0.25234375 0.11015625 0.11015625
1 0.58203125 0.36171875 0.109375 0.11015625
1 0.58515625 0.47578125 0.11015625 0.11015625
1 0.5796875 0.57890625 0.109375 0.1109375
1 0.57109375 0.6859375 0.109375 0.11015625
1 0.5765625 0.79375 0.109375 0.11015625
1 0.48046875 0.846875 0.109375 0.11015625
1 0.4796875 0.75859375 0.109375 0.11015625
1 0.48203125 0.653125 0.11015625 0.11015625
1 0.4890625 0.5203125 0.11015625 0.1109375
1 0.4890625 0.4125 0.11015625 0.11015625
1 0.38828125 0.253125 0.11015625 0.11015625
1 0.4875 0.29921875 0.109375 0.11015625
1 0.38671875 0.3625 0.09765625 0.0984375
1 0.39453125 0.4640625 0.09765625 0.0984375
1 0.38984375 0.58046875 0.11015625 0.11015625
1 0.390625 0.69609375 0.09765625 0.0984375
1 0.3890625 0.80390625 0.109375 0.11015625
1 0.29609375 0.85078125 0.109375 0.1109375
1 0.2890625 0.7390625 0.09765625 0.0984375
1 0.2984375 0.64140625 0.11015625 0.11015625
1 0.3 0.5265625 0.09765625 0.0984375
1 0.29609375 0.4046875 0.11015625 0.11015625
1 0.29765625 0.30703125 0.11015625 0.11015625
1 0.19921875 0.2625 0.0859375 0.0859375
1 0.203125 0.371875 0.0859375 0.0859375
1 0.2046875 0.4671875 0.08515625 0.0859375
1 0.20546875 0.5828125 0.08515625 0.0859375
1 0.2078125 0.690625 0.0859375 0.0859375
1 0.2125 0.8078125 0.0859375 0.0859375
1 0.2078125 0.91015625 0.08515625 0.0859375
1 0.1046875 0.871875 0.109375 0.11015625
1 0.103125 0.746875 0.09765625 0.0984375
1 0.103125 0.63671875 0.0859375 0.0859375
1 0.1046875 0.5296875 0.09765625 0.09765625
1 0.1109375 0.4046875 0.109375 0.1109375
1 0.11640625 0.3234375 0.09765625 0.0984375
1 0.86015625 0.07734375 0.11015625 0.11015625
1 0.859375 0.18984375 0.09765625 0.0984375
1 0.7703125 0.13984375 0.09765625 0.0984375
1 0.6765625 0.08359375 0.109375 0.11015625
1 0.6703125 0.20078125 0.09765625 0.0984375
1 0.58125 0.15703125 0.09765625 0.0984375
1 0.48671875 0.07890625 0.11015625 0.11015625
1 0.48359375 0.190625 0.09765625 0.0984375
1 0.39765625 0.13984375 0.109375 0.11015625
1 0.29375 0.08125 0.09765625 0.09765625
1 0.296875 0.1859375 0.0859375 0.0859375
1 0.20546875 0.140625 0.08515625 0.0859375
1 0.1125 0.0828125 0.09765625 0.09765625
1 0.1109375 0.1953125 0.09765625 0.09765625