2 0.7359375 0.16875 0.0859375 0.0859375
2 0.93046875 0.1734375 0.0734375 0.0734375
2 0.9234375 0.390625 0.08515625 0.0859375
2 0.928125 0.50703125 0.0734375 0.0734375
1 0.075 0.11484375 0.09765625 0.0984375
1 0.078125 0.23125 0.109375 0.11015625
1 0.17421875 0.0609375 0.11015625 0.1109375
1 0.175 0.1703125 0.09765625 0.0984375
1 0.2640625 0.11640625 0.11015625 0.1109375
1 0.271875 0.2125 0.11015625 0.1109375
1 0.36015625 0.0609375 0.09765625 0.09765625
1 0.3625 0.175 0.09765625 0.09765625
1 0.45390625 0.115625 0.09765625 0.0984375
1 0.54921875 0.0640625 0.08515625 0.0859375
1 0.54921875 0.17265625 0.0734375 0.07421875
0 0.64296875 0.1203125 0.0734375 0.0734375
1 0.73515625 0.06484375 0.0859375 0.08671875
1 0.83125 0.11640625 0.08515625 0.0859375
2 0.9265625 0.06484375 0.06171875 0.06171875
1 0.83515625 0.228125 0.0859375 0.08671875
1 0.64765625 0.221875 0.09765625 0.0984375
1 0.92265625 0.28203125 0.0734375 0.0734375
1 0.92578125 0.61328125 0.0859375 0.0859375
1 0.9265625 0.725 0.09765625 0.09765625
1 0.8296875 0.3390625 0.0859375 0.0859375
1 0.8265625 0.45078125 0.09765625 0.0984375
1 0.82890625 0.55859375 0.0859375 0.0859375
1 0.82890625 0.66484375 0.09765625 0.09765625
1 0.73359375 0.2859375 0.09765625 0.0984375
1 0.73359375 0.39296875 0.09765625 0.0984375
1 0.7359375 0.5078125 0.08515625 0.0859375
1 0.7390625 0.61640625 0.08515625 0.0859375
1 0.7375 0.7203125 0.09765625 0.09765625
1 0.64140625 0.334375 0.09765625 0.0984375
1 0.64453125 0.446875 0.09765625 0.09765625
1 0.64140625 0.56640625 0.08515625 0.0859375
1 0.63984375 0.66875 0.09765625 0.09765625
1 0.5515625 0.2796875 0.09765625 0.09765625
1 0.5484375 0.39921875 0.0859375 0.0859375
1 0.5515625 0.5078125 0.0734375 0.07421875
1 0.54921875 0.61640625 0.0734375 0.07421875
1 0.54140625 0.728125 0.0734375 0.0734375
1 0.45390625 0.228125 0.109375 0.1109375
1 0.453125 0.33984375 0.09765625 0.09765625
1 0.45703125 0.453125 0.09765625 0.09765625
1 0.4578125 0.55859375 0.08515625 0.0859375
1 0.459375 0.6671875 0.09765625 0.0984375
1 0.359375 0.28203125 0.09765625 0.09765625
1 0.359375 0.39296875 0.09765625 0.0984375
1 0.36171875 0.50390625 0.08515625 0.0859375
1 0.36015625 0.615625 0.09765625 0.0984375
1 0.36015625 0.7296875 0.09765625 0.0984375
1 0.26640625 0.34140625 0.11015625 0.11015625
1 0.26796875 0.4484375 0.11015625 0.11015625
1 0.26484375 0.559375 0.0859375 0.0859375
1 0.26640625 0.66875 0.09765625 0.0984375
1 0.16796875 0.2828125 0.09765625 0.0984375
1 0.16484375 0.3921875 0.09765625 0.0984375
1 0.1734375 0.50546875 0.09765625 0.0984375
1 0.175 0.6125 0.09765625 0.0984375
1 0.171875 0.72421875 0.09765625 0.0984375
1 0.06953125 0.34453125 0.109375 0.11015625
1 0.06875 0.45625 0.109375 0.11015625
1 0.071875 0.559375 0.11015625 0.11015625
1 0.06796875 0.66640625 0.11015625 0.11015625
1 0.07265625 0.78359375 0.11015625 0.11015625
1 0.06953125 0.8953125 0.11015625 0.11015625
1 0.1734375 0.83671875 0.109375 0.11015625
1 0.1734375 0.94453125 0.09765625 0.0984375
1 0.26640625 0.7765625 0.109375 0.11015625
1 0.2734375 0.90078125 0.109375 0.11015625
1 0.3609375 0.83125 0.09765625 0.09765625
1 0.4546875 0.78203125 0.0734375 0.07421875
1 0.45703125 0.88984375 0.09765625 0.09765625
1 0.54609375 0.834375 0.0734375 0.07421875
1 0.54296875 0.94609375 0.09765625 0.09765625
1 0.64453125 0.7765625 0.09765625 0.0984375
1 0.640625 0.890625 0.0859375 0.0859375
1 0.7375 0.82890625 0.09765625 0.0984375
1 0.7421875 0.946875 0.09765625 0.0984375
1 0.83125 0.7796875 0.0859375 0.08671875
1 0.83125 0.8875 0.09765625 0.0984375
1 0.93046875 0.83359375 0.09765625 0.0984375
1 0.9234375 0.9421875 0.09765625 0.0984375