2 0.0609375 0.09375 0.0609375 0.0609375
2 0.16640625 0.58359375 0.0734375 0.0734375
2 0.159375 0.80078125 0.08515625 0.0859375
2 0.16484375 0.9171875 0.0734375 0.0734375
2 0.2546875 0.74296875 0.0734375 0.0734375
2 0.253125 0.85703125 0.06171875 0.06171875
2 0.2609375 0.6375 0.0734375 0.0734375
1 0.06953125 0.196875 0.09765625 0.09765625
1 0.06796875 0.30546875 0.08515625 0.0859375
1 0.0671875 0.41875 0.08515625 0.0859375
1 0.06796875 0.5265625 0.08515625 0.0859375
0 0.1609375 0.13984375 0.0734375 0.07421875
0 0.25390625 0.19375 0.0859375 0.0859375
0 0.259375 0.30546875 0.0734375 0.07421875
1 0.165625 0.25 0.09765625 0.09765625
1 0.165625 0.3609375 0.09765625 0.09765625
2 0.1625 0.475 0.06171875 0.06171875
1 0.07109375 0.63828125 0.0859375 0.08671875
1 0.25625 0.41796875 0.0859375 0.0859375
1 0.25703125 0.5265625 0.0859375 0.0859375
1 0.15859375 0.6921875 0.0734375 0.0734375
1 0.06640625 0.74921875 0.0859375 0.0859375
1 0.0625 0.8609375 0.09765625 0.0984375