2 0.5640625 0.75078125 0.0859375 0.08671875
2 0.07890625 0.9140625 0.0734375 0.07421875
1 0.375 0.065625 0.09765625 0.09765625
1 0.3703125 0.18203125 0.09765625 0.0984375
1 0.47109375 0.12421875 0.0734375 0.07421875
1 0.56875 0.07734375 0.09765625 0.09765625
1 0.5703125 0.1875 0.09765625 0.09765625
1 0.65546875 0.13515625 0.109375 0.11015625
1 0.65625 0.24296875 0.109375 0.1109375
1 0.7546875 0.07734375 0.11015625 0.11015625
1 0.75625 0.1859375 0.109375 0.11015625
1 0.8546875 0.13046875 0.11015625 0.11015625
1 0.85390625 0.2453125 0.11015625 0.11015625
3 0.940625 0.30546875 0.11015625 0.11015625
3 0.8453125 0.353125 0.11015625 0.11015625
1 0.94296875 0.40390625 0.11015625 0.11015625
1 0.93984375 0.51875 0.11015625 0.11015625
1 0.94296875 0.63671875 0.11015625 0.1109375
1 0.940625 0.74375 0.0859375 0.0859375
1 0.84453125 0.47578125 0.0734375 0.07421875
1 0.84765625 0.57421875 0.09765625 0.09765625
1 0.840625 0.6921875 0.09765625 0.09765625
1 0.7453125 0.2984375 0.109375 0.11015625
1 0.7484375 0.409375 0.109375 0.1109375
1 0.7515625 0.509375 0.109375 0.1109375
1 0.7453125 0.6296875 0.09765625 0.0984375
1 0.7453125 0.74609375 0.08515625 0.0859375
1 0.659375 0.346875 0.109375 0.1109375
1 0.659375 0.45390625 0.08515625 0.0859375
1 0.65625 0.5796875 0.09765625 0.0984375
1 0.6640625 0.6890625 0.09765625 0.0984375
1 0.559375 0.31328125 0.11015625 0.1109375
1 0.56171875 0.421875 0.08515625 0.0859375
1 0.55546875 0.540625 0.08515625 0.0859375
1 0.56171875 0.64453125 0.0859375 0.0859375
1 0.4703125 0.2546875 0.08515625 0.0859375
2 0.47734375 0.36875 0.02421875 0.02421875
2 0.4703125 0.4875 0.0375 0.0375
2 0.4734375 0.59296875 0.02421875 0.02421875
2 0.4671875 0.70625 0.02421875 0.02421875
2 0.37578125 0.51484375 0.02421875 0.02421875
2 0.37578125 0.62578125 0.02421875 0.02421875
2 0.371875 0.740625 0.02421875 0.02421875
1 0.378125 0.290625 0.09765625 0.0984375
1 0.37578125 0.39609375 0.09765625 0.0984375
2 0.36796875 0.85 0.02421875 0.02421875
2 0.3703125 0.93203125 0.02421875 0.02421875
2 0.46796875 0.79375 0.02421875 0.02421875
2 0.46171875 0.90078125 0.02421875 0.02421875
2 0.56171875 0.93125 0.0375 0.0375
1 0.55859375 0.84921875 0.109375 0.11015625
1 0.66796875 0.79296875 0.0859375 0.0859375
1 0.66875 0.9015625 0.0734375 0.0734375
1 0.74921875 0.85234375 0.09765625 0.0984375
2 0.73984375 0.9671875 0.06171875 0.06171875
1 0.840625 0.7984375 0.09765625 0.0984375
1 0.8453125 0.90546875 0.09765625 0.0984375
1 0.94921875 0.85546875 0.09765625 0.09765625
1 0.08515625 0.48125 0.09765625 0.0984375
1 0.0890625 0.584375 0.109375 0.11015625
1 0.0796875 0.6953125 0.09765625 0.09765625
1 0.08515625 0.80625 0.09765625 0.09765625