2 0.39765625 0.0640625 0.0734375 0.07421875
2 0.9625 0.8234375 0.0734375 0.07421875
1 0.86171875 0.45 0.11015625 0.11015625
1 0.8671875 0.559375 0.109375 0.11015625
1 0.8703125 0.6734375 0.11015625 0.11015625
1 0.865625 0.7765625 0.109375 0.1109375
1 0.85625 0.88359375 0.109375 0.11015625
1 0.7671875 0.85 0.11015625 0.11015625
1 0.77421875 0.71796875 0.11015625 0.1109375
1 0.77421875 0.61015625 0.11015625 0.11015625
1 0.6734375 0.45078125 0.11015625 0.11015625
1 0.77265625 0.496875 0.109375 0.11015625
1 0.671875 0.56015625 0.09765625 0.0984375
1 0.6796875 0.66171875 0.09765625 0.0984375
1 0.675 0.778125 0.11015625 0.11015625
1 0.67578125 0.89296875 0.09765625 0.0984375
1 0.57421875 0.9359375 0.09765625 0.0984375
1 0.58359375 0.83828125 0.11015625 0.11015625
1 0.58515625 0.72421875 0.09765625 0.0984375
1 0.58125 0.60234375 0.11015625 0.11015625
1 0.5828125 0.5046875 0.11015625 0.11015625
1 0.484375 0.46015625 0.0859375 0.0859375
1 0.48828125 0.56953125 0.0859375 0.0859375
1 0.48984375 0.6640625 0.08515625 0.0859375
1 0.490625 0.78046875 0.08515625 0.0859375
1 0.49296875 0.8875 0.0859375 0.0859375
1 0.3890625 0.94375 0.09765625 0.0984375
1 0.3890625 0.834375 0.0859375 0.0859375
1 0.38984375 0.7265625 0.09765625 0.09765625
1 0.396875 0.6015625 0.109375 0.1109375
1 0.4015625 0.52109375 0.09765625 0.0984375
1 0.31171875 0.4609375 0.0859375 0.0859375
1 0.29609375 0.56796875 0.09765625 0.0984375
1 0.29765625 0.675 0.09765625 0.0984375
1 0.30078125 0.78203125 0.09765625 0.09765625
1 0.30078125 0.903125 0.09765625 0.09765625
1 0.20390625 0.3984375 0.09765625 0.09765625
1 0.20703125 0.51171875 0.09765625 0.09765625
1 0.2046875 0.6125 0.09765625 0.0984375
1 0.2015625 0.7203125 0.0859375 0.0859375
1 0.2078125 0.840625 0.09765625 0.09765625
1 0.10859375 0.884375 0.09765625 0.09765625
1 0.1046875 0.35078125 0.0859375 0.0859375
1 0.10625 0.44921875 0.08515625 0.0859375
1 0.10859375 0.56328125 0.0859375 0.0859375
1 0.109375 0.67265625 0.0859375 0.0859375
1 0.109375 0.775 0.0859375 0.0859375
1 0.86640625 0.35390625 0.09765625 0.0984375
1 0.86796875 0.22734375 0.109375 0.11015625
1 0.8625 0.11953125 0.109375 0.11015625
1 0.775 0.17890625 0.09765625 0.0984375
1 0.771875 0.27578125 0.11015625 0.11015625
1 0.76875 0.38828125 0.09765625 0.0984375
1 0.6828125 0.3375 0.109375 0.11015625
1 0.6828125 0.22578125 0.09765625 0.0984375
1 0.67890625 0.109375 0.08515625 0.0859375
1 0.584375 0.06484375 0.09765625 0.0984375
1 0.57890625 0.278125 0.09765625 0.09765625
1 0.58203125 0.3828125 0.0859375 0.0859375
1 0.490625 0.3375 0.08515625 0.0859375
1 0.4875 0.21796875 0.08515625 0.0859375
1 0.39765625 0.1703125 0.09765625 0.09765625
1 0.39765625 0.28046875 0.09765625 0.09765625
1 0.396875 0.3921875 0.09765625 0.09765625
1 0.30390625 0.3390625 0.09765625 0.0984375
1 0.3078125 0.2265625 0.09765625 0.09765625
1 0.30234375 0.1203125 0.08515625 0.0859375
1 0.2140625 0.0609375 0.09765625 0.09765625
1 0.2046875 0.1640625 0.09765625 0.09765625
1 0.1984375 0.28203125 0.09765625 0.0984375
1 0.10625 0.25390625 0.08515625 0.0859375