2 0.13203125 0.478125 0.0734375 0.0734375
1 0.865625 0.14375 0.109375 0.11015625
1 0.87421875 0.371875 0.09765625 0.09765625
1 0.875 0.478125 0.09765625 0.09765625
1 0.875 0.5921875 0.09765625 0.09765625
1 0.87109375 0.7046875 0.09765625 0.09765625
1 0.7765625 0.10078125 0.09765625 0.0984375
2 0.7109375 0.33515625 0.0484375 0.05
1 0.77578125 0.19453125 0.11015625 0.11015625
1 0.7796875 0.553125 0.09765625 0.09765625
1 0.7765625 0.6421875 0.11015625 0.11015625
1 0.7765625 0.76328125 0.09765625 0.0984375
1 0.778125 0.85859375 0.11015625 0.1109375
1 0.8625 0.81171875 0.11015625 0.1109375
1 0.6796875 0.80625 0.09765625 0.0984375
1 0.68359375 0.68671875 0.0859375 0.0859375
1 0.68359375 0.5875 0.109375 0.11015625
1 0.5953125 0.52421875 0.09765625 0.0984375
1 0.60859375 0.66875 0.109375 0.11015625
1 0.5953125 0.7640625 0.109375 0.11015625
1 0.58125 0.8671875 0.09765625 0.09765625
1 0.5 0.81796875 0.109375 0.11015625
1 0.49609375 0.7 0.109375 0.11015625
0 0.49765625 0.6015625 0.08515625 0.0859375
1 0.5015625 0.1359375 0.0859375 0.0859375
1 0.50390625 0.2328125 0.09765625 0.09765625
1 0.40234375 0.090625 0.109375 0.11015625
1 0.4953125 0.4796875 0.09765625 0.09765625
1 0.4015625 0.4359375 0.08515625 0.0859375
1 0.396875 0.54375 0.09765625 0.0984375
1 0.396875 0.64453125 0.09765625 0.09765625
1 0.396875 0.76015625 0.109375 0.11015625
1 0.39765625 0.8578125 0.11015625 0.11015625
1 0.3 0.815625 0.109375 0.11015625
1 0.30078125 0.7015625 0.09765625 0.0984375
1 0.31171875 0.5859375 0.109375 0.1109375
1 0.303125 0.48515625 0.109375 0.11015625
1 0.31328125 0.36015625 0.11015625 0.11015625
1 0.30546875 0.15546875 0.09765625 0.09765625
1 0.21796875 0.090625 0.109375 0.11015625
1 0.209375 0.43125 0.11015625 0.11015625
1 0.21953125 0.54375 0.0859375 0.0859375
1 0.1203125 0.14765625 0.11015625 0.1109375
1 0.1265625 0.35625 0.0859375 0.0859375
1 0.128125 0.60234375 0.09765625 0.09765625
1 0.11015625 0.70234375 0.11015625 0.11015625
1 0.10703125 0.78828125 0.11015625 0.11015625
1 0.21171875 0.79765625 0.109375 0.1109375
1 0.203125 0.65390625 0.09765625 0.0984375
1 0.596875 0.071875 0.0859375 0.0859375