2 0.36875 0.08828125 0.0734375 0.0734375
2 0.4640625 0.13984375 0.08515625 0.0859375
2 0.4609375 0.25625 0.0859375 0.0859375
1 0.36640625 0.19453125 0.0859375 0.0859375
1 0.3671875 0.30546875 0.09765625 0.09765625
1 0.26953125 0.13984375 0.0859375 0.0859375
1 0.26953125 0.24609375 0.09765625 0.09765625
1 0.1765625 0.0890625 0.08515625 0.0859375
1 0.17890625 0.196875 0.08515625 0.0859375
1 0.178125 0.3015625 0.09765625 0.09765625
1 0.08125 0.14765625 0.08515625 0.0859375
1 0.0796875 0.25 0.09765625 0.09765625
1 0.08515625 0.3578125 0.09765625 0.0984375
1 0.08125 0.471875 0.0859375 0.0859375
1 0.07890625 0.57421875 0.09765625 0.09765625
1 0.0796875 0.68828125 0.0859375 0.0859375
1 0.0828125 0.8046875 0.0859375 0.0859375
1 0.178125 0.409375 0.09765625 0.0984375
1 0.1828125 0.528125 0.09765625 0.0984375
1 0.1859375 0.63359375 0.09765625 0.09765625
1 0.184375 0.75078125 0.09765625 0.09765625
1 0.271875 0.3609375 0.0859375 0.08671875
1 0.271875 0.46796875 0.09765625 0.0984375
1 0.2703125 0.5765625 0.09765625 0.0984375
1 0.271875 0.70625 0.09765625 0.0984375
1 0.37109375 0.41484375 0.09765625 0.0984375
1 0.3640625 0.52265625 0.09765625 0.0984375
1 0.36328125 0.6375 0.0859375 0.0859375
1 0.36640625 0.746875 0.08515625 0.0859375
1 0.46015625 0.3546875 0.08515625 0.0859375
1 0.46015625 0.4671875 0.08515625 0.0859375
1 0.4609375 0.58046875 0.09765625 0.0984375
1 0.4625 0.6921875 0.0859375 0.0859375
1 0.459375 0.80390625 0.0859375 0.0859375
1 0.27421875 0.8171875 0.08515625 0.0859375
1 0.46015625 0.9109375 0.0859375 0.0859375
1 0.3640625 0.85546875 0.08515625 0.0859375
3 0.2703125 0.9125 0.08515625 0.0859375
1 0.18046875 0.859375 0.0859375 0.0859375
1 0.0859375 0.90859375 0.09765625 0.0984375