2 0.4875 0.14140625 0.0734375 0.0734375
2 0.58359375 0.1921875 0.08515625 0.0859375
2 0.5765625 0.08046875 0.06171875 0.06171875
2 0.5796875 0.30859375 0.0859375 0.0859375
1 0.48515625 0.246875 0.0859375 0.0859375
1 0.4859375 0.35859375 0.09765625 0.09765625
1 0.3859375 0.084375 0.09765625 0.0984375
1 0.3890625 0.1921875 0.0859375 0.0859375
1 0.3890625 0.2984375 0.09765625 0.09765625
1 0.2953125 0.14140625 0.08515625 0.0859375
1 0.2984375 0.25 0.08515625 0.0859375
1 0.296875 0.3546875 0.09765625 0.09765625
1 0.20390625 0.08125 0.09765625 0.09765625
1 0.20078125 0.2 0.08515625 0.0859375
1 0.19921875 0.303125 0.09765625 0.09765625
1 0.1109375 0.14140625 0.0734375 0.07421875
1 0.10859375 0.25 0.0734375 0.07421875
1 0.10078125 0.36171875 0.0734375 0.0734375
1 0.10625 0.46796875 0.0734375 0.07421875
1 0.10234375 0.5796875 0.09765625 0.09765625
1 0.1078125 0.69140625 0.08515625 0.0859375
1 0.10625 0.80234375 0.09765625 0.0984375
1 0.20390625 0.4109375 0.09765625 0.0984375
1 0.2 0.52421875 0.0859375 0.0859375
1 0.1984375 0.6265625 0.09765625 0.09765625
1 0.19921875 0.74140625 0.0859375 0.0859375
1 0.20234375 0.8578125 0.0859375 0.0859375
1 0.296875 0.4625 0.09765625 0.0984375
1 0.3015625 0.58046875 0.09765625 0.0984375
1 0.3046875 0.68671875 0.09765625 0.09765625
1 0.30390625 0.80390625 0.09765625 0.09765625
1 0.390625 0.41328125 0.0859375 0.08671875
1 0.390625 0.52109375 0.09765625 0.0984375
1 0.38984375 0.6296875 0.09765625 0.0984375
1 0.390625 0.759375 0.09765625 0.0984375
1 0.490625 0.4671875 0.09765625 0.0984375
1 0.48359375 0.57578125 0.09765625 0.0984375
1 0.4828125 0.690625 0.0859375 0.0859375
1 0.4859375 0.8 0.08515625 0.0859375
1 0.5796875 0.40703125 0.08515625 0.0859375
1 0.5796875 0.51953125 0.08515625 0.0859375
1 0.5796875 0.63359375 0.09765625 0.0984375
1 0.58203125 0.7453125 0.0859375 0.0859375
1 0.578125 0.85625 0.0859375 0.0859375
1 0.39296875 0.8703125 0.08515625 0.0859375
1 0.4828125 0.9078125 0.08515625 0.0859375
1 0.3 0.9125 0.0859375 0.0859375
1 0.10390625 0.91484375 0.08515625 0.0859375