2 0.3296875 0.1828125 0.0734375 0.07421875
2 0.50859375 0.875 0.0734375 0.07421875
2 0.51015625 0.9609375 0.0734375 0.07421875
2 0.71171875 0.94296875 0.0734375 0.0734375
2 0.7046875 0.7265625 0.0734375 0.07421875
2 0.43046875 0.928125 0.0734375 0.0734375
1 0.903125 0.30546875 0.09765625 0.09765625
1 0.9078125 0.396875 0.09765625 0.0984375
1 0.89375 0.50078125 0.09765625 0.09765625
1 0.89453125 0.628125 0.09765625 0.0984375
1 0.88984375 0.7375 0.09765625 0.0984375
1 0.8859375 0.84296875 0.09765625 0.0984375
1 0.896875 0.95234375 0.08515625 0.0859375
1 0.81015625 0.35234375 0.11015625 0.1109375
1 0.8140625 0.47734375 0.121875 0.1234375
1 0.80703125 0.5828125 0.08515625 0.0859375
1 0.78984375 0.7 0.0859375 0.0859375
1 0.7921875 0.7859375 0.08515625 0.08671875
1 0.7984375 0.89375 0.09765625 0.09765625
1 0.7140625 0.3015625 0.11015625 0.11015625
1 0.71796875 0.4109375 0.11015625 0.11015625
1 0.715625 0.52265625 0.09765625 0.0984375
1 0.71796875 0.621875 0.09765625 0.0984375
2 0.62578125 0.70859375 0.0609375 0.06171875
2 0.62578125 0.81171875 0.0734375 0.07421875
1 0.628125 0.89765625 0.08515625 0.0859375
1 0.6203125 0.36796875 0.109375 0.11015625
1 0.62734375 0.4640625 0.11015625 0.11015625
1 0.625 0.5796875 0.109375 0.11015625
1 0.5296875 0.30625 0.0859375 0.0859375
1 0.52421875 0.4171875 0.109375 0.11015625
1 0.5265625 0.52421875 0.11015625 0.11015625
1 0.5265625 0.62421875 0.109375 0.1109375
1 0.51484375 0.76640625 0.09765625 0.0984375
1 0.43046875 0.8140625 0.09765625 0.0984375
1 0.4453125 0.69921875 0.0859375 0.0859375
1 0.43125 0.35625 0.08515625 0.08671875
1 0.4375 0.46015625 0.09765625 0.09765625
1 0.43046875 0.59140625 0.09765625 0.0984375
1 0.32890625 0.3 0.0859375 0.0859375
1 0.33046875 0.41328125 0.08515625 0.0859375
1 0.3375 0.5265625 0.09765625 0.09765625
1 0.3421875 0.6296875 0.109375 0.11015625
1 0.35234375 0.76640625 0.08515625 0.0859375
1 0.34296875 0.8609375 0.09765625 0.0984375
1 0.25234375 0.90859375 0.11015625 0.11015625
1 0.24453125 0.81484375 0.11015625 0.11015625
1 0.24765625 0.6875 0.11015625 0.1109375
1 0.25 0.5859375 0.109375 0.1109375
1 0.2484375 0.4703125 0.09765625 0.0984375
3 0.2484375 0.35859375 0.0734375 0.07421875
1 0.15078125 0.29609375 0.08515625 0.0859375
1 0.14765625 0.4171875 0.08515625 0.0859375
1 0.15 0.52578125 0.109375 0.11015625
1 0.153125 0.634375 0.09765625 0.0984375
1 0.159375 0.7578125 0.0859375 0.0859375
1 0.1546875 0.85625 0.109375 0.1109375
1 0.06328125 0.921875 0.0859375 0.0859375
1 0.0640625 0.803125 0.08515625 0.0859375
1 0.07265625 0.69375 0.08515625 0.0859375
1 0.07578125 0.58125 0.08515625 0.0859375
1 0.0765625 0.475 0.09765625 0.0984375
1 0.06171875 0.3703125 0.0859375 0.0859375
3 0.253125 0.234375 0.0734375 0.07421875
3 0.2484375 0.1265625 0.0734375 0.0734375
1 0.15546875 0.08515625 0.0859375 0.0859375
1 0.15546875 0.2 0.0859375 0.0859375
3 0.34453125 0.0890625 0.0734375 0.07421875
1 0.90703125 0.075 0.109375 0.1109375
1 0.9015625 0.18671875 0.11015625 0.11015625
1 0.8078125 0.046875 0.08515625 0.0859375
1 0.81328125 0.14921875 0.08515625 0.0859375
1 0.71875 0.19453125 0.09765625 0.0984375
1 0.71328125 0.0875 0.11015625 0.1109375
1 0.6265625 0.1375 0.109375 0.11015625
1 0.53359375 0.1890625 0.11015625 0.11015625
1 0.6265625 0.253125 0.0859375 0.0859375
1 0.5390625 0.0953125 0.109375 0.1109375
1 0.4390625 0.134375 0.0859375 0.0859375
1 0.43828125 0.24140625 0.08515625 0.0859375
1 0.06875 0.13203125 0.0859375 0.0859375
1 0.071875 0.24453125 0.09765625 0.0984375
1 0.8171875 0.26015625 0.11015625 0.11015625
1 0.709375 0.83046875 0.09765625 0.0984375