2 0.76484375 0.528125 0.0734375 0.07421875
1 0.9453125 0.875 0.0859375 0.0859375
1 0.85546875 0.80859375 0.09765625 0.09765625
1 0.85078125 0.934375 0.09765625 0.09765625
1 0.759375 0.871875 0.08515625 0.0859375
1 0.66640625 0.81171875 0.11015625 0.11015625
1 0.6625 0.928125 0.11015625 0.11015625
1 0.57734375 0.85859375 0.109375 0.11015625
1 0.4671875 0.815625 0.11015625 0.11015625
1 0.46484375 0.91875 0.109375 0.11015625
1 0.384375 0.86796875 0.109375 0.11015625
1 0.29296875 0.9203125 0.0859375 0.0859375
1 0.196875 0.8703125 0.109375 0.11015625
1 0.096875 0.81953125 0.109375 0.1109375
1 0.09609375 0.9234375 0.11015625 0.11015625
1 0.94375 0.5375 0.109375 0.11015625
1 0.85859375 0.15390625 0.109375 0.11015625
1 0.85234375 0.26953125 0.11015625 0.1109375
1 0.859375 0.38046875 0.109375 0.11015625
1 0.85859375 0.4796875 0.109375 0.11015625
1 0.859375 0.59609375 0.109375 0.11015625
1 0.8484375 0.7140625 0.109375 0.11015625
1 0.7625 0.7625 0.08515625 0.0859375
1 0.7625 0.64140625 0.08515625 0.0859375
1 0.77265625 0.4140625 0.08515625 0.0859375
1 0.7671875 0.31875 0.09765625 0.0984375
1 0.76640625 0.20546875 0.109375 0.11015625
1 0.66484375 0.1546875 0.11015625 0.11015625
1 0.6703125 0.2640625 0.109375 0.11015625
1 0.6734375 0.378125 0.11015625 0.11015625
1 0.66796875 0.48125 0.109375 0.1109375
1 0.659375 0.58828125 0.109375 0.11015625
1 0.6640625 0.69609375 0.109375 0.11015625
1 0.56875 0.74921875 0.109375 0.11015625
1 0.5671875 0.6609375 0.109375 0.11015625
1 0.56953125 0.55546875 0.11015625 0.11015625
1 0.5765625 0.42265625 0.11015625 0.1109375
1 0.5765625 0.31484375 0.11015625 0.11015625
1 0.47578125 0.15546875 0.11015625 0.11015625
1 0.575 0.2015625 0.109375 0.11015625
1 0.475 0.26484375 0.09765625 0.0984375
1 0.4828125 0.36640625 0.09765625 0.0984375
1 0.478125 0.4828125 0.11015625 0.11015625
1 0.478125 0.5984375 0.09765625 0.0984375
1 0.4765625 0.70625 0.109375 0.11015625
1 0.38359375 0.753125 0.109375 0.1109375
1 0.3765625 0.64140625 0.09765625 0.0984375
1 0.3859375 0.54375 0.11015625 0.11015625
1 0.3875 0.42890625 0.09765625 0.0984375
1 0.384375 0.30703125 0.11015625 0.11015625
1 0.38515625 0.209375 0.11015625 0.11015625
1 0.2875 0.16484375 0.0859375 0.0859375
1 0.290625 0.27421875 0.0859375 0.0859375
1 0.2921875 0.36875 0.08515625 0.0859375
1 0.29375 0.48515625 0.08515625 0.0859375
1 0.29609375 0.59296875 0.0859375 0.0859375
1 0.30078125 0.71015625 0.0859375 0.0859375
1 0.2953125 0.8125 0.08515625 0.0859375
1 0.1921875 0.77421875 0.109375 0.11015625
1 0.19140625 0.64921875 0.09765625 0.0984375
1 0.19140625 0.5390625 0.0859375 0.0859375
1 0.1921875 0.43125 0.09765625 0.09765625
1 0.19921875 0.30625 0.109375 0.1109375
1 0.20390625 0.22578125 0.09765625 0.0984375
1 0.1140625 0.165625 0.0859375 0.0859375
1 0.0984375 0.27265625 0.09765625 0.0984375
1 0.10078125 0.38046875 0.09765625 0.0984375
1 0.103125 0.4875 0.09765625 0.09765625
1 0.103125 0.60859375 0.09765625 0.09765625
1 0.10546875 0.71640625 0.09765625 0.0984375
1 0.946875 0.0921875 0.09765625 0.0984375
1 0.7578125 0.103125 0.09765625 0.0984375
1 0.66875 0.059375 0.09765625 0.0984375
1 0.57109375 0.09296875 0.09765625 0.0984375
1 0.384375 0.0875 0.0859375 0.0859375
1 0.19921875 0.09765625 0.09765625 0.09765625