1 0.27890625 0.9421875 0.08515625 0.0859375
1 0.0890625 0.94609375 0.09765625 0.0984375
1 0.940625 0.9125 0.11015625 0.11015625
1 0.753125 0.90546875 0.09765625 0.09765625
1 0.5609375 0.8953125 0.0859375 0.0859375
1 0.46484375 0.95 0.09765625 0.09765625
1 0.371875 0.9109375 0.109375 0.1109375
1 0.9453125 0.16875 0.09765625 0.0984375
1 0.94375 0.28515625 0.11015625 0.1109375
1 0.946875 0.39453125 0.09765625 0.09765625
1 0.94609375 0.734375 0.08515625 0.0859375
1 0.85234375 0.1265625 0.109375 0.11015625
1 0.85 0.21484375 0.09765625 0.09765625
1 0.8546875 0.30078125 0.11015625 0.1109375
1 0.86015625 0.415625 0.11015625 0.11015625
1 0.8421875 0.5453125 0.109375 0.11015625
1 0.84921875 0.66875 0.11015625 0.1109375
1 0.759375 0.71796875 0.109375 0.11015625
1 0.7484375 0.61015625 0.11015625 0.1109375
1 0.7546875 0.496875 0.109375 0.1109375
1 0.7609375 0.39765625 0.09765625 0.0984375
1 0.765625 0.18125 0.109375 0.11015625
1 0.76171875 0.27109375 0.09765625 0.0984375
1 0.66484375 0.22265625 0.09765625 0.09765625
1 0.665625 0.32890625 0.09765625 0.09765625
1 0.665625 0.4421875 0.09765625 0.09765625
1 0.6625 0.55546875 0.09765625 0.09765625
2 0.5015625 0.1859375 0.0484375 0.05
1 0.5703125 0.403125 0.09765625 0.09765625
1 0.56796875 0.49296875 0.11015625 0.11015625
1 0.5671875 0.6140625 0.09765625 0.0984375
1 0.56875 0.709375 0.11015625 0.1109375
1 0.65390625 0.6625 0.11015625 0.1109375
1 0.4703125 0.65703125 0.09765625 0.0984375
1 0.475 0.5375 0.0859375 0.0859375
1 0.475 0.43828125 0.109375 0.11015625
1 0.38671875 0.37421875 0.09765625 0.0984375
1 0.39921875 0.51875 0.109375 0.11015625
1 0.38671875 0.61484375 0.109375 0.11015625
1 0.371875 0.71796875 0.09765625 0.09765625
1 0.290625 0.66875 0.109375 0.11015625
1 0.2875 0.55 0.109375 0.11015625
0 0.28828125 0.45234375 0.08515625 0.0859375
1 0.2953125 0.0828125 0.09765625 0.09765625
1 0.2859375 0.3296875 0.09765625 0.09765625
1 0.19296875 0.2859375 0.08515625 0.0859375
1 0.1875 0.39375 0.09765625 0.0984375
1 0.1875 0.4953125 0.09765625 0.09765625
1 0.1875 0.6109375 0.109375 0.11015625
1 0.1890625 0.70859375 0.11015625 0.11015625
1 0.090625 0.66640625 0.109375 0.11015625
1 0.0921875 0.55234375 0.09765625 0.0984375
1 0.10234375 0.43671875 0.109375 0.1109375
1 0.09375 0.33515625 0.109375 0.11015625
1 0.10390625 0.21015625 0.11015625 0.11015625