1 0.09296875 0.134375 0.11015625 0.11015625
1 0.090625 0.24453125 0.109375 0.11015625
1 0.0890625 0.35234375 0.109375 0.11015625
1 0.090625 0.45234375 0.109375 0.1109375
1 0.184375 0.08046875 0.11015625 0.11015625
1 0.18671875 0.1921875 0.11015625 0.11015625
1 0.18828125 0.29453125 0.11015625 0.11015625
1 0.18359375 0.4125 0.09765625 0.0984375
1 0.2765625 0.13984375 0.109375 0.11015625
1 0.28125 0.24921875 0.09765625 0.0984375
1 0.2796875 0.353125 0.11015625 0.11015625
1 0.3828125 0.07578125 0.09765625 0.0984375
1 0.37890625 0.184375 0.09765625 0.0984375
1 0.3859375 0.29921875 0.109375 0.11015625
1 0.3875 0.4109375 0.11015625 0.11015625
1 0.47578125 0.13359375 0.11015625 0.11015625
1 0.47734375 0.24296875 0.109375 0.11015625
1 0.47578125 0.34609375 0.109375 0.11015625
1 0.5734375 0.07421875 0.11015625 0.1109375
1 0.56875 0.190625 0.11015625 0.11015625
1 0.57109375 0.29453125 0.11015625 0.11015625
1 0.56484375 0.40703125 0.11015625 0.11015625
1 0.6671875 0.13203125 0.109375 0.1109375
1 0.6640625 0.24375 0.109375 0.11015625
1 0.6625 0.35234375 0.09765625 0.0984375
1 0.6640625 0.46796875 0.09765625 0.0984375
1 0.75859375 0.07265625 0.11015625 0.11015625
1 0.75703125 0.19453125 0.0859375 0.0859375
1 0.75703125 0.30078125 0.09765625 0.09765625
1 0.76171875 0.41171875 0.09765625 0.0984375
1 0.853125 0.13125 0.11015625 0.11015625
1 0.85234375 0.2359375 0.11015625 0.1109375
1 0.85234375 0.35859375 0.109375 0.1109375
1 0.8484375 0.4640625 0.109375 0.11015625
1 0.94921875 0.63046875 0.09765625 0.0984375
1 0.853125 0.57265625 0.09765625 0.0984375
1 0.8484375 0.684375 0.109375 0.11015625
1 0.85234375 0.78828125 0.109375 0.11015625
2 0.85546875 0.9015625 0.0484375 0.05
2 0.946875 0.95625 0.0484375 0.05
1 0.75390625 0.5171875 0.109375 0.11015625
1 0.759375 0.63203125 0.11015625 0.11015625
1 0.759375 0.74296875 0.11015625 0.11015625
1 0.7625 0.8546875 0.11015625 0.11015625
1 0.6640625 0.56953125 0.09765625 0.0984375
1 0.659375 0.68046875 0.11015625 0.11015625
1 0.66484375 0.79140625 0.09765625 0.0984375
1 0.5703125 0.52109375 0.109375 0.11015625
1 0.5671875 0.6296875 0.109375 0.11015625
1 0.571875 0.7390625 0.109375 0.11015625
1 0.57109375 0.84296875 0.109375 0.11015625
1 0.4796875 0.4671875 0.109375 0.11015625
1 0.478125 0.57578125 0.09765625 0.0984375
1 0.4796875 0.690625 0.11015625 0.11015625
1 0.47421875 0.78359375 0.11015625 0.11015625
1 0.47578125 0.90546875 0.11015625 0.1109375
1 0.38359375 0.5296875 0.11015625 0.11015625
1 0.3875 0.64296875 0.11015625 0.11015625
1 0.384375 0.75 0.11015625 0.1109375
1 0.3859375 0.8578125 0.09765625 0.09765625
2 0.3875 0.96171875 0.0609375 0.06171875
1 0.2765625 0.46640625 0.11015625 0.11015625
1 0.28203125 0.57734375 0.11015625 0.11015625
1 0.28203125 0.6890625 0.109375 0.1109375
1 0.28125 0.78984375 0.09765625 0.09765625
1 0.284375 0.909375 0.109375 0.11015625
1 0.184375 0.528125 0.09765625 0.09765625
1 0.1890625 0.63984375 0.09765625 0.09765625
1 0.1859375 0.75078125 0.109375 0.11015625
1 0.1890625 0.8578125 0.109375 0.11015625
1 0.08984375 0.5734375 0.109375 0.1109375
1 0.09453125 0.6828125 0.09765625 0.09765625
1 0.09296875 0.79140625 0.11015625 0.11015625
1 0.090625 0.90078125 0.11015625 0.11015625