2 0.5578125 0.13125 0.0734375 0.0734375
2 0.64765625 0.27734375 0.0734375 0.07421875
2 0.64921875 0.17265625 0.0734375 0.0734375
2 0.74453125 0.215625 0.0734375 0.0734375
2 0.4640625 0.19453125 0.08515625 0.0859375
2 0.56015625 0.2265625 0.0734375 0.07421875
2 0.28359375 0.74921875 0.0734375 0.0734375
2 0.56484375 0.34296875 0.0734375 0.07421875
2 0.2828125 0.64765625 0.0734375 0.0734375
2 0.7484375 0.3203125 0.0859375 0.0859375
2 0.6515625 0.39765625 0.0734375 0.07421875
2 0.934375 0.5828125 0.0734375 0.0734375
2 0.92265625 0.46953125 0.0734375 0.0734375
2 0.840625 0.515625 0.0859375 0.0859375
2 0.834375 0.396875 0.0734375 0.0734375
1 0.0875 0.08671875 0.121875 0.1234375
1 0.07578125 0.1953125 0.121875 0.1234375
1 0.0828125 0.315625 0.09765625 0.0984375
1 0.084375 0.41484375 0.09765625 0.0984375
1 0.08046875 0.534375 0.121875 0.1234375
1 0.18671875 0.14453125 0.09765625 0.09765625
1 0.19296875 0.2578125 0.121875 0.1234375
1 0.18828125 0.3703125 0.09765625 0.0984375
1 0.1765625 0.4734375 0.09765625 0.0984375
1 0.28203125 0.0875 0.121875 0.1234375
1 0.278125 0.2078125 0.121875 0.1234375
1 0.2796875 0.31640625 0.08515625 0.0859375
1 0.27734375 0.43671875 0.09765625 0.0984375
1 0.37578125 0.15234375 0.09765625 0.09765625
1 0.37578125 0.25703125 0.09765625 0.09765625
1 0.378125 0.37109375 0.09765625 0.09765625
1 0.37734375 0.47734375 0.121875 0.1234375
1 0.27578125 0.54765625 0.0734375 0.0734375
1 0.37734375 0.5875 0.121875 0.1234375
2 0.4625 0.090625 0.0734375 0.07421875
1 0.46953125 0.3125 0.0859375 0.0859375
1 0.4671875 0.42578125 0.09765625 0.09765625
1 0.4671875 0.5359375 0.121875 0.1234375
2 0.55625 0.03359375 0.0609375 0.06171875
1 0.55859375 0.47578125 0.09765625 0.09765625
2 0.64453125 0.065625 0.0609375 0.06171875
1 0.65859375 0.5359375 0.08515625 0.0859375
2 0.73359375 0.1046875 0.06171875 0.06171875
1 0.7515625 0.45703125 0.0859375 0.0859375
1 0.7515625 0.5734375 0.08515625 0.0859375
2 0.8390625 0.08515625 0.0484375 0.05
2 0.8375 0.1890625 0.0484375 0.05
2 0.84140625 0.2984375 0.0734375 0.0734375
2 0.91328125 0.0484375 0.0609375 0.06171875
2 0.9171875 0.14609375 0.0609375 0.06171875
2 0.9171875 0.23125 0.0609375 0.06171875
2 0.9265625 0.3390625 0.06171875 0.06171875
1 0.9359375 0.68828125 0.0859375 0.0859375
1 0.9390625 0.81171875 0.0859375 0.0859375
1 0.94609375 0.92265625 0.09765625 0.09765625
1 0.8421875 0.6390625 0.0734375 0.0734375
1 0.85078125 0.7515625 0.09765625 0.0984375
1 0.846875 0.86328125 0.08515625 0.0859375
1 0.753125 0.66875 0.08515625 0.0859375
1 0.746875 0.8078125 0.09765625 0.09765625
1 0.75390625 0.921875 0.0859375 0.0859375
1 0.659375 0.64765625 0.09765625 0.09765625
1 0.653125 0.759375 0.09765625 0.09765625
1 0.65703125 0.86640625 0.09765625 0.09765625
1 0.565625 0.590625 0.0859375 0.0859375
1 0.559375 0.69921875 0.109375 0.1109375
1 0.559375 0.803125 0.0859375 0.0859375
1 0.55859375 0.9109375 0.09765625 0.0984375
1 0.46875 0.63984375 0.09765625 0.09765625
1 0.4640625 0.7515625 0.09765625 0.0984375
1 0.46015625 0.865625 0.0734375 0.0734375
1 0.3734375 0.69609375 0.11015625 0.11015625
1 0.371875 0.8078125 0.09765625 0.0984375
1 0.36796875 0.92109375 0.09765625 0.0984375
1 0.275 0.865625 0.09765625 0.0984375
1 0.17265625 0.5875 0.09765625 0.0984375
1 0.175 0.696875 0.09765625 0.0984375
1 0.1828125 0.80625 0.09765625 0.0984375
1 0.178125 0.90859375 0.09765625 0.0984375
1 0.07734375 0.64921875 0.11015625 0.11015625
1 0.0796875 0.75234375 0.09765625 0.0984375
1 0.07890625 0.8640625 0.096875 0.0984375