3 0.92109375 0.2359375 0.09765625 0.09765625
1 0.91484375 0.340625 0.09765625 0.0984375
1 0.9171875 0.45 0.09765625 0.0984375
1 0.9203125 0.55546875 0.109375 0.11015625
1 0.91484375 0.6734375 0.11015625 0.11015625
1 0.915625 0.77734375 0.11015625 0.1109375
1 0.92109375 0.8921875 0.09765625 0.0984375
1 0.82578125 0.28828125 0.11015625 0.11015625
1 0.825 0.39609375 0.09765625 0.0984375
1 0.8171875 0.50703125 0.09765625 0.09765625
1 0.82421875 0.61875 0.0859375 0.08671875
1 0.8203125 0.728125 0.09765625 0.0984375
1 0.81953125 0.83359375 0.11015625 0.11015625
1 0.7296875 0.23203125 0.11015625 0.11015625
1 0.7328125 0.33515625 0.109375 0.1109375
1 0.728125 0.45 0.09765625 0.0984375
1 0.72734375 0.56640625 0.11015625 0.1109375
1 0.73046875 0.67578125 0.09765625 0.09765625
1 0.73203125 0.7953125 0.11015625 0.11015625
1 0.73359375 0.88984375 0.109375 0.11015625
1 0.6359375 0.4078125 0.109375 0.11015625
1 0.6328125 0.49609375 0.09765625 0.09765625
1 0.63828125 0.58203125 0.11015625 0.1109375
1 0.64296875 0.696875 0.11015625 0.11015625
1 0.625 0.8265625 0.109375 0.11015625
1 0.53203125 0.89140625 0.11015625 0.1109375
1 0.53828125 0.778125 0.109375 0.1109375
1 0.54375 0.67890625 0.09765625 0.0984375
1 0.55703125 0.21796875 0.11015625 0.1109375
1 0.5484375 0.31796875 0.109375 0.11015625
1 0.5484375 0.4625 0.109375 0.11015625
1 0.5453125 0.55234375 0.09765625 0.0984375
1 0.4390625 0.27578125 0.109375 0.11015625
1 0.4484375 0.50390625 0.09765625 0.09765625
1 0.44921875 0.61015625 0.09765625 0.09765625
1 0.44921875 0.7234375 0.09765625 0.09765625
1 0.4453125 0.83671875 0.09765625 0.09765625
1 0.35078125 0.2328125 0.09765625 0.0984375
2 0.28515625 0.4671875 0.0484375 0.05
1 0.35 0.3265625 0.11015625 0.11015625
1 0.353125 0.684375 0.09765625 0.09765625
1 0.35078125 0.77421875 0.11015625 0.11015625
1 0.35078125 0.8953125 0.09765625 0.0984375
1 0.43671875 0.94375 0.11015625 0.1109375
1 0.25390625 0.93828125 0.09765625 0.0984375
1 0.2578125 0.81875 0.0859375 0.0859375
1 0.2578125 0.71953125 0.109375 0.11015625
1 0.1703125 0.65546875 0.09765625 0.0984375
1 0.1828125 0.8 0.109375 0.11015625
1 0.1703125 0.89609375 0.109375 0.11015625
1 0.0703125 0.83125 0.109375 0.11015625
0 0.071875 0.73359375 0.08515625 0.0859375
1 0.0765625 0.2671875 0.0859375 0.0859375
1 0.078125 0.3640625 0.09765625 0.09765625
1 0.06953125 0.6109375 0.09765625 0.09765625
1 0.921875 0.13046875 0.109375 0.11015625
1 0.8140625 0.1734375 0.109375 0.11015625
1 0.73046875 0.1125 0.109375 0.1109375
1 0.5484375 0.125 0.11015625 0.1109375
1 0.446875 0.16796875 0.109375 0.1109375
1 0.4484375 0.0625 0.11015625 0.1109375
1 0.17109375 0.20390625 0.0859375 0.0859375
1 0.0734375 0.1609375 0.11015625 0.11015625
1 0.078125 0.05546875 0.09765625 0.09765625
1 0.16875 0.1140625 0.08515625 0.0859375
1 0.36875 0.115625 0.09765625 0.0984375