2 0.3390625 0.12890625 0.0734375 0.07421875
2 0.240625 0.74296875 0.0734375 0.07421875
2 0.14765625 0.68203125 0.0609375 0.06171875
2 0.4359375 0.61328125 0.0734375 0.07421875
1 0.90859375 0.67890625 0.11015625 0.11015625
1 0.90234375 0.79375 0.09765625 0.0984375
1 0.8984375 0.903125 0.09765625 0.0984375
1 0.80390625 0.6421875 0.08515625 0.0859375
1 0.8015625 0.74921875 0.08515625 0.0859375
1 0.80390625 0.8453125 0.08515625 0.0859375
1 0.71796875 0.9078125 0.09765625 0.0984375
3 0.71328125 0.8 0.08515625 0.0859375
1 0.7125 0.6875 0.08515625 0.0859375
1 0.61796875 0.62890625 0.0859375 0.0859375
1 0.61875 0.7421875 0.0859375 0.0859375
1 0.6140625 0.8515625 0.09765625 0.09765625
1 0.5234375 0.90078125 0.109375 0.11015625
1 0.52734375 0.796875 0.109375 0.1109375
1 0.5328125 0.67421875 0.09765625 0.0984375
1 0.43828125 0.7265625 0.0859375 0.0859375
1 0.43046875 0.834375 0.0859375 0.08671875
1 0.3375 0.9 0.08515625 0.0859375
1 0.33515625 0.79765625 0.0859375 0.0859375
1 0.33203125 0.67421875 0.09765625 0.0984375
1 0.2484375 0.64140625 0.09765625 0.09765625
1 0.2421875 0.85234375 0.09765625 0.09765625
1 0.15546875 0.8015625 0.109375 0.1109375
1 0.14921875 0.90859375 0.11015625 0.11015625
1 0.0578125 0.85234375 0.11015625 0.11015625
1 0.0625 0.746875 0.0859375 0.0859375
1 0.065625 0.63515625 0.09765625 0.0984375
1 0.0640625 0.5046875 0.08515625 0.0859375
1 0.05390625 0.06484375 0.09765625 0.0984375
1 0.0671875 0.19453125 0.08515625 0.0859375
1 0.0734375 0.30078125 0.0859375 0.0859375
1 0.06640625 0.4125 0.0859375 0.0859375
1 0.1515625 0.5828125 0.08515625 0.0859375
1 0.1546875 0.11953125 0.09765625 0.0984375
1 0.14921875 0.2453125 0.0859375 0.0859375
1 0.153125 0.34375 0.0859375 0.0859375
1 0.1453125 0.46953125 0.0859375 0.0859375
1 0.2453125 0.103125 0.0859375 0.08671875
1 0.2453125 0.20625 0.0859375 0.0859375
1 0.24765625 0.3171875 0.08515625 0.0859375
1 0.246875 0.40859375 0.09765625 0.0984375
1 0.25 0.5453125 0.09765625 0.0984375
1 0.340625 0.575 0.08515625 0.0859375
1 0.340625 0.46015625 0.08515625 0.0859375
1 0.346875 0.35859375 0.08515625 0.0859375
1 0.33515625 0.23828125 0.08515625 0.0859375
1 0.446875 0.07109375 0.09765625 0.0984375
1 0.43671875 0.1859375 0.0859375 0.0859375
1 0.43203125 0.3 0.08515625 0.0859375
1 0.43125 0.40625 0.08515625 0.0859375
1 0.428125 0.51171875 0.08515625 0.0859375
1 0.525 0.134375 0.0859375 0.0859375
1 0.521875 0.24375 0.0859375 0.0859375
1 0.51875 0.36015625 0.09765625 0.0984375
1 0.5328125 0.48203125 0.09765625 0.0984375
1 0.528125 0.578125 0.11015625 0.1109375
1 0.6203125 0.0796875 0.0859375 0.0859375
1 0.62109375 0.20078125 0.09765625 0.0984375
1 0.6171875 0.3078125 0.0859375 0.0859375
1 0.615625 0.4125 0.08515625 0.0859375
1 0.621875 0.51875 0.09765625 0.09765625
1 0.7125 0.575 0.09765625 0.0984375
1 0.71171875 0.46875 0.08515625 0.0859375
1 0.7171875 0.35078125 0.0859375 0.0859375
1 0.71015625 0.246875 0.08515625 0.08671875
1 0.7140625 0.1359375 0.09765625 0.0984375
1 0.80859375 0.07109375 0.09765625 0.0984375
1 0.81171875 0.17890625 0.09765625 0.0984375
1 0.809375 0.3015625 0.0859375 0.0859375
1 0.8109375 0.41171875 0.09765625 0.0984375
1 0.80859375 0.51328125 0.09765625 0.0984375
1 0.9015625 0.1265625 0.08515625 0.0859375
1 0.89921875 0.2359375 0.09765625 0.09765625
1 0.909375 0.35234375 0.09765625 0.0984375
1 0.90234375 0.4640625 0.09765625 0.0984375
1 0.90625 0.57109375 0.09765625 0.0984375