2 0.696875 0.071875 0.0734375 0.07421875
2 0.80234375 0.3765625 0.0734375 0.0734375
2 0.50625 0.64921875 0.0734375 0.07421875
2 0.51015625 0.29921875 0.0734375 0.0734375
2 0.7 0.42578125 0.0734375 0.07421875
2 0.7875 0.571875 0.0734375 0.0734375
2 0.60625 0.47890625 0.0734375 0.0734375
2 0.8734375 0.65390625 0.0734375 0.0734375
2 0.8703125 0.75703125 0.0734375 0.07421875
1 0.696875 0.6296875 0.0859375 0.0859375
1 0.6859375 0.74296875 0.0859375 0.0859375
1 0.796875 0.68515625 0.0859375 0.08671875
1 0.7953125 0.796875 0.08515625 0.0859375
1 0.865625 0.84765625 0.0859375 0.0859375
1 0.78828125 0.94140625 0.08515625 0.0859375
1 0.6921875 0.8765625 0.11015625 0.11015625
1 0.50625 0.8828125 0.0859375 0.0859375
1 0.40625 0.5890625 0.09765625 0.0984375
1 0.40390625 0.70546875 0.11015625 0.11015625
1 0.30546875 0.75234375 0.09765625 0.0984375
1 0.31484375 0.64375 0.11015625 0.11015625
1 0.2171875 0.68671875 0.109375 0.11015625
1 0.12890625 0.634375 0.0859375 0.0859375
1 0.11796875 0.7390625 0.0859375 0.0859375
1 0.121875 0.8640625 0.0859375 0.0859375
1 0.21484375 0.91328125 0.0859375 0.0859375
1 0.21640625 0.7984375 0.08515625 0.0859375
1 0.3109375 0.86875 0.0859375 0.0859375
1 0.4046875 0.9265625 0.08515625 0.0859375
1 0.409375 0.81640625 0.0859375 0.0859375
1 0.5953125 0.69140625 0.08515625 0.0859375
1 0.59375 0.8171875 0.0859375 0.0859375
1 0.5921875 0.928125 0.08515625 0.0859375
1 0.50859375 0.7625 0.08515625 0.0859375
2 0.80234375 0.4703125 0.0734375 0.0734375
2 0.69765625 0.53515625 0.0734375 0.07421875
1 0.80390625 0.1734375 0.0859375 0.0859375
1 0.13046875 0.51875 0.11015625 0.11015625
1 0.12890625 0.4109375 0.109375 0.11015625
1 0.12421875 0.303125 0.109375 0.11015625
1 0.13046875 0.2015625 0.11015625 0.11015625
1 0.1296875 0.08828125 0.11015625 0.11015625
1 0.21953125 0.1390625 0.109375 0.11015625
1 0.221875 0.24375 0.08515625 0.0859375
1 0.225 0.334375 0.0859375 0.0859375
1 0.21953125 0.4671875 0.09765625 0.0984375
1 0.3203125 0.53203125 0.109375 0.1109375
1 0.2203125 0.57890625 0.0859375 0.0859375
1 0.31640625 0.40703125 0.0859375 0.0859375
1 0.31640625 0.31484375 0.09765625 0.0984375
1 0.315625 0.19375 0.09765625 0.0984375
1 0.32109375 0.08984375 0.08515625 0.0859375
1 0.41484375 0.15859375 0.09765625 0.0984375
1 0.41328125 0.24765625 0.09765625 0.0984375
1 0.4046875 0.36484375 0.109375 0.11015625
1 0.40546875 0.47578125 0.109375 0.11015625
1 0.5046875 0.5375 0.0859375 0.0859375
1 0.51171875 0.421875 0.0859375 0.0859375
1 0.509375 0.19453125 0.08515625 0.0859375
1 0.50390625 0.059375 0.09765625 0.0984375
1 0.60078125 0.11640625 0.08515625 0.0859375
1 0.60078125 0.24765625 0.09765625 0.0984375
1 0.6015625 0.36328125 0.09765625 0.09765625
1 0.69921875 0.30625 0.109375 0.11015625
1 0.6953125 0.18828125 0.09765625 0.0984375
1 0.88203125 0.09296875 0.109375 0.1109375
1 0.7921875 0.06328125 0.11015625 0.11015625
1 0.88671875 0.2 0.109375 0.11015625
1 0.88671875 0.3078125 0.0859375 0.0859375
1 0.88125 0.540625 0.0859375 0.0859375