2 0.38203125 0.11796875 0.08515625 0.0859375
2 0.3875 0.23515625 0.0734375 0.0734375
2 0.47734375 0.06015625 0.0734375 0.0734375
2 0.4828125 0.2859375 0.08515625 0.0859375
2 0.47578125 0.17421875 0.06171875 0.06171875
2 0.4796875 0.40234375 0.0859375 0.0859375
1 0.384375 0.340625 0.0859375 0.0859375
1 0.3859375 0.45234375 0.09765625 0.09765625
1 0.2890625 0.06640625 0.0859375 0.0859375
1 0.28515625 0.178125 0.09765625 0.0984375
1 0.28828125 0.2859375 0.0859375 0.0859375
1 0.28828125 0.3921875 0.09765625 0.09765625
1 0.1921875 0.1203125 0.09765625 0.0984375
1 0.19453125 0.23515625 0.08515625 0.0859375
1 0.19765625 0.34375 0.08515625 0.0859375
1 0.19609375 0.4484375 0.09765625 0.09765625
1 0.10078125 0.06171875 0.09765625 0.0984375
1 0.103125 0.175 0.09765625 0.09765625
1 0.1 0.29375 0.08515625 0.0859375
1 0.0984375 0.396875 0.09765625 0.09765625
1 0.103125 0.5046875 0.09765625 0.0984375
1 0.1 0.61796875 0.0859375 0.0859375
1 0.09765625 0.7203125 0.09765625 0.09765625
1 0.0984375 0.83515625 0.0859375 0.0859375
1 0.1015625 0.9515625 0.0859375 0.0859375
1 0.19609375 0.55625 0.09765625 0.0984375
1 0.2015625 0.67421875 0.09765625 0.0984375
1 0.20390625 0.78046875 0.09765625 0.09765625
1 0.203125 0.89765625 0.09765625 0.09765625
1 0.28984375 0.50703125 0.0859375 0.08671875
1 0.28984375 0.61484375 0.09765625 0.0984375
1 0.2890625 0.7234375 0.09765625 0.0984375
1 0.28984375 0.853125 0.09765625 0.0984375
1 0.38984375 0.5609375 0.09765625 0.0984375
1 0.3828125 0.66953125 0.09765625 0.0984375
1 0.38203125 0.784375 0.0859375 0.0859375
1 0.38515625 0.89375 0.08515625 0.0859375
1 0.47890625 0.50078125 0.08515625 0.0859375
1 0.47890625 0.61328125 0.08515625 0.0859375
1 0.4796875 0.72734375 0.09765625 0.0984375
1 0.48125 0.8390625 0.0859375 0.0859375
1 0.47734375 0.95 0.0859375 0.0859375