2 0.6859375 0.08203125 0.0734375 0.07421875
1 0.1109375 0.0921875 0.08515625 0.0859375
1 0.1125 0.190625 0.09765625 0.0984375
1 0.1171875 0.29765625 0.09765625 0.0984375
1 0.12109375 0.41171875 0.09765625 0.0984375
1 0.1140625 0.52109375 0.09765625 0.0984375
1 0.11640625 0.6359375 0.08515625 0.0859375
1 0.2015625 0.14140625 0.109375 0.11015625
1 0.2078125 0.24140625 0.11015625 0.11015625
1 0.2046875 0.35234375 0.11015625 0.11015625
1 0.2109375 0.46015625 0.109375 0.1109375
1 0.203125 0.58359375 0.09765625 0.0984375
1 0.29609375 0.5328125 0.09765625 0.0984375
1 0.29921875 0.4109375 0.08515625 0.08671875
1 0.3015625 0.3078125 0.0859375 0.0859375
1 0.30546875 0.18671875 0.0859375 0.0859375
1 0.3046875 0.075 0.09765625 0.09765625
1 0.3921875 0.1328125 0.0859375 0.0859375
1 0.4 0.2359375 0.09765625 0.09765625
1 0.3984375 0.35 0.09765625 0.09765625
1 0.4 0.4578125 0.08515625 0.0859375
1 0.38671875 0.5828125 0.09765625 0.0984375
1 0.29609375 0.628125 0.09765625 0.09765625
1 0.49375 0.63359375 0.109375 0.11015625
1 0.50078125 0.509375 0.11015625 0.1109375
1 0.49375 0.4046875 0.09765625 0.09765625
1 0.50078125 0.29375 0.09765625 0.09765625
1 0.5 0.18828125 0.09765625 0.09765625
1 0.496875 0.0734375 0.09765625 0.0984375
1 0.590625 0.1375 0.11015625 0.1109375
1 0.59296875 0.2484375 0.09765625 0.0984375
1 0.59453125 0.3546875 0.09765625 0.0984375
1 0.5953125 0.45234375 0.11015625 0.11015625
1 0.5921875 0.55625 0.11015625 0.1109375
1 0.690625 0.5125 0.09765625 0.09765625
1 0.68046875 0.40703125 0.08515625 0.0859375
1 0.690625 0.29140625 0.09765625 0.0984375
1 0.6890625 0.18828125 0.09765625 0.09765625
1 0.78828125 0.1171875 0.09765625 0.09765625
1 0.78125 0.23046875 0.09765625 0.09765625
1 0.77734375 0.33515625 0.09765625 0.0984375
1 0.78125 0.44609375 0.09765625 0.09765625
1 0.778125 0.54765625 0.0859375 0.0859375
1 0.6828125 0.63125 0.09765625 0.09765625
1 0.875 0.6 0.09765625 0.0984375
1 0.8703125 0.39765625 0.09765625 0.0984375
1 0.8734375 0.27578125 0.09765625 0.0984375
1 0.88125 0.1703125 0.09765625 0.0984375
1 0.8765625 0.70703125 0.09765625 0.09765625
1 0.8765625 0.81875 0.09765625 0.09765625
1 0.8703125 0.92890625 0.0859375 0.0859375
1 0.77421875 0.89140625 0.0859375 0.0859375
1 0.78203125 0.7703125 0.09765625 0.09765625
1 0.77421875 0.6640625 0.09765625 0.09765625
1 0.6859375 0.73515625 0.09765625 0.09765625
1 0.6796875 0.83125 0.09765625 0.0984375
1 0.584375 0.89765625 0.11015625 0.11015625
1 0.596875 0.784375 0.11015625 0.11015625
1 0.58828125 0.6734375 0.11015625 0.11015625
1 0.5015625 0.73984375 0.09765625 0.0984375
1 0.4875 0.85078125 0.109375 0.11015625
1 0.396875 0.90390625 0.09765625 0.0984375
1 0.40234375 0.7953125 0.09765625 0.0984375
1 0.3984375 0.68671875 0.0859375 0.0859375
1 0.3046875 0.7359375 0.09765625 0.0984375
1 0.3015625 0.8546875 0.09765625 0.0984375
1 0.30234375 0.953125 0.08515625 0.0859375
1 0.2078125 0.884375 0.109375 0.11015625
1 0.21171875 0.79375 0.11015625 0.11015625
1 0.20625 0.68515625 0.09765625 0.0984375
1 0.115625 0.728125 0.09765625 0.0984375
1 0.1203125 0.82421875 0.09765625 0.09765625