2 0.365625 0.32578125 0.06171875 0.06171875
2 0.09453125 0.37265625 0.06171875 0.06171875
2 0.28828125 0.47734375 0.0609375 0.06171875
2 0.65390625 0.39140625 0.0734375 0.07421875
2 0.36953125 0.4328125 0.0734375 0.07421875
2 0.84609375 0.38671875 0.0359375 0.0375
3 0.74921875 0.55390625 0.0484375 0.05
3 0.653125 0.5953125 0.0484375 0.0484375
3 0.6484375 0.50625 0.0484375 0.0484375
3 0.571875 0.45 0.0609375 0.06171875
3 0.4703125 0.48515625 0.0359375 0.0359375
1 0.85234375 0.49375 0.0859375 0.0859375
3 0.7453125 0.44375 0.06171875 0.06171875
2 0.92734375 0.4421875 0.02421875 0.025
1 0.94375 0.56953125 0.09765625 0.0984375
1 0.94453125 0.6734375 0.09765625 0.09765625
1 0.9375 0.790625 0.09765625 0.09765625
1 0.93984375 0.89375 0.08515625 0.0859375
1 0.846875 0.93515625 0.09765625 0.0984375
1 0.8453125 0.8328125 0.0859375 0.0859375
1 0.84375 0.7234375 0.09765625 0.0984375
1 0.84453125 0.6078125 0.109375 0.1109375
1 0.753125 0.67109375 0.0859375 0.0859375
1 0.753125 0.759375 0.09765625 0.09765625
1 0.7515625 0.86875 0.09765625 0.0984375
1 0.6515625 0.93046875 0.11015625 0.11015625
1 0.65625 0.815625 0.09765625 0.09765625
1 0.65234375 0.71015625 0.09765625 0.09765625
1 0.565625 0.33125 0.08515625 0.0859375
1 0.46796875 0.37421875 0.0859375 0.0859375
2 0.284375 0.378125 0.0484375 0.0484375
1 0.565625 0.659375 0.09765625 0.09765625
1 0.575 0.540625 0.08515625 0.0859375
1 0.5609375 0.7875 0.0859375 0.0859375
3 0.565625 0.88828125 0.09765625 0.0984375
1 0.465625 0.93125 0.109375 0.11015625
1 0.46484375 0.8234375 0.09765625 0.09765625
1 0.4734375 0.715625 0.109375 0.11015625
1 0.47421875 0.58515625 0.11015625 0.1109375
1 0.37578125 0.5375 0.0859375 0.0859375
1 0.378125 0.6578125 0.09765625 0.0984375
1 0.37421875 0.76953125 0.09765625 0.09765625
1 0.36796875 0.8828125 0.11015625 0.1109375
1 0.27734375 0.92421875 0.109375 0.11015625
1 0.28203125 0.81875 0.109375 0.11015625
3 0.2796875 0.70703125 0.11015625 0.1109375
1 0.28828125 0.5921875 0.109375 0.11015625
1 0.19453125 0.5453125 0.11015625 0.11015625
1 0.18671875 0.43125 0.11015625 0.11015625
1 0.1859375 0.6484375 0.109375 0.1109375
1 0.18828125 0.75 0.09765625 0.09765625
1 0.184375 0.87421875 0.11015625 0.11015625
1 0.0953125 0.475 0.11015625 0.11015625
1 0.0953125 0.58984375 0.11015625 0.1109375
1 0.09765625 0.70859375 0.109375 0.11015625
1 0.08984375 0.80546875 0.109375 0.1109375
1 0.09375 0.90859375 0.109375 0.11015625