1 0.928125 0.37734375 0.09765625 0.0984375
1 0.92109375 0.48515625 0.109375 0.1109375
1 0.92578125 0.5921875 0.09765625 0.0984375
1 0.91953125 0.690625 0.11015625 0.11015625
1 0.91875 0.80625 0.09765625 0.09765625
1 0.91796875 0.91328125 0.09765625 0.0984375
1 0.82890625 0.834375 0.09765625 0.09765625
1 0.825 0.7453125 0.09765625 0.0984375
1 0.83046875 0.6296875 0.11015625 0.11015625
1 0.83671875 0.528125 0.109375 0.1109375
3 0.834375 0.4203125 0.11015625 0.11015625
1 0.83828125 0.309375 0.11015625 0.1109375
1 0.7390625 0.371875 0.11015625 0.1109375
1 0.73515625 0.4828125 0.11015625 0.11015625
1 0.7390625 0.5765625 0.11015625 0.1109375
1 0.73203125 0.6921875 0.11015625 0.11015625
1 0.646875 0.7515625 0.109375 0.11015625
1 0.63984375 0.634375 0.11015625 0.1109375
1 0.640625 0.53203125 0.109375 0.11015625
1 0.646875 0.42109375 0.11015625 0.11015625
1 0.64453125 0.325 0.109375 0.11015625
1 0.553125 0.3609375 0.109375 0.1109375
1 0.5484375 0.46796875 0.09765625 0.0984375
1 0.54765625 0.5765625 0.09765625 0.09765625
1 0.54765625 0.6890625 0.11015625 0.11015625
1 0.5484375 0.80625 0.09765625 0.0984375
1 0.5453125 0.91484375 0.09765625 0.0984375
1 0.634375 0.85234375 0.109375 0.11015625
1 0.45390625 0.840625 0.09765625 0.0984375
1 0.453125 0.74140625 0.09765625 0.09765625
1 0.4484375 0.6375 0.09765625 0.0984375
1 0.44921875 0.528125 0.109375 0.11015625
1 0.453125 0.4109375 0.09765625 0.0984375
1 0.45859375 0.30546875 0.11015625 0.11015625
1 0.35859375 0.36484375 0.11015625 0.11015625
1 0.3609375 0.47734375 0.109375 0.11015625
1 0.3640625 0.57734375 0.11015625 0.1109375
1 0.3578125 0.6921875 0.109375 0.11015625
1 0.35859375 0.80078125 0.109375 0.1109375
1 0.3546875 0.90390625 0.109375 0.11015625
1 0.26015625 0.8453125 0.11015625 0.11015625
1 0.25234375 0.73671875 0.11015625 0.11015625
1 0.26171875 0.6328125 0.09765625 0.09765625
1 0.26328125 0.52265625 0.11015625 0.1109375
1 0.27265625 0.30234375 0.109375 0.11015625
1 0.265625 0.4109375 0.109375 0.11015625
1 0.16640625 0.3609375 0.11015625 0.11015625
1 0.1671875 0.4625 0.11015625 0.11015625
1 0.1609375 0.584375 0.109375 0.11015625
1 0.1609375 0.6890625 0.11015625 0.11015625
1 0.15546875 0.79453125 0.11015625 0.11015625
1 0.153125 0.925 0.11015625 0.11015625
1 0.05625 0.85078125 0.11015625 0.11015625
1 0.06640625 0.74140625 0.109375 0.11015625
1 0.0734375 0.6328125 0.109375 0.1109375
1 0.07578125 0.52734375 0.11015625 0.1109375
1 0.0671875 0.41875 0.11015625 0.11015625
1 0.0703125 0.309375 0.09765625 0.0984375
1 0.940625 0.0578125 0.09765625 0.0984375
1 0.83671875 0.10078125 0.09765625 0.0984375
1 0.64765625 0.10859375 0.0859375 0.0859375
1 0.45859375 0.10859375 0.08515625 0.0859375
1 0.26640625 0.09453125 0.11015625 0.11015625
1 0.0734375 0.08828125 0.109375 0.11015625