2 0.19765625 0.0671875 0.0734375 0.07421875
2 0.2 0.153125 0.0734375 0.07421875
2 0.40078125 0.13515625 0.0734375 0.0734375
2 0.11953125 0.1203125 0.0734375 0.0734375
2 0.3125 0.2484375 0.0609375 0.06171875
2 0.11796875 0.21796875 0.0734375 0.0734375
1 0.95 0.5375 0.09765625 0.0984375
1 0.95625 0.76640625 0.08515625 0.0859375
2 0.6765625 0.5875 0.0484375 0.0484375
1 0.85234375 0.60078125 0.08515625 0.08671875
1 0.85234375 0.696875 0.08515625 0.0859375
1 0.86484375 0.821875 0.11015625 0.1109375
1 0.771875 0.84453125 0.11015625 0.11015625
1 0.67265625 0.7984375 0.08515625 0.0859375
1 0.7640625 0.646875 0.08515625 0.0859375
2 0.765625 0.753125 0.0484375 0.0484375
2 0.58203125 0.64921875 0.0484375 0.0484375
2 0.4921875 0.6046875 0.0484375 0.0484375
2 0.4875 0.7046875 0.0484375 0.0484375
2 0.39765625 0.6578125 0.0375 0.0375
2 0.3875 0.77421875 0.0359375 0.0359375
2 0.215625 0.6421875 0.0359375 0.0375
3 0.11796875 0.81015625 0.0484375 0.05
1 0.221875 0.75 0.0859375 0.0859375
3 0.11484375 0.7 0.06171875 0.06171875
2 0.29609375 0.6984375 0.02421875 0.025
1 0.58515625 0.75625 0.09765625 0.09765625
1 0.57578125 0.86796875 0.11015625 0.11015625
1 0.48671875 0.809375 0.11015625 0.11015625
1 0.49140625 0.93828125 0.11015625 0.11015625
1 0.4046875 0.89375 0.09765625 0.09765625
1 0.3125 0.82578125 0.09765625 0.0984375
1 0.31328125 0.9296875 0.09765625 0.09765625
1 0.2140625 0.86328125 0.109375 0.1109375
1 0.121875 0.9265625 0.0859375 0.0859375
2 0.6703125 0.69609375 0.0484375 0.05
2 0.865625 0.1765625 0.0734375 0.0734375
1 0.871875 0.275 0.09765625 0.0984375
1 0.6875 0.08671875 0.109375 0.11015625
1 0.684375 0.2046875 0.09765625 0.0984375
1 0.58671875 0.14453125 0.08515625 0.0859375
1 0.490625 0.1921875 0.08515625 0.0859375
1 0.48828125 0.0859375 0.09765625 0.09765625
1 0.31796875 0.08984375 0.08515625 0.0859375
1 0.30859375 0.16875 0.0859375 0.0859375
2 0.1828125 0.25234375 0.06171875 0.06171875