2 0.31171875 0.6015625 0.0734375 0.07421875
2 0.21875 0.540625 0.0609375 0.06171875
2 0.50703125 0.471875 0.0734375 0.07421875
1 0.87578125 0.50078125 0.08515625 0.0859375
1 0.87265625 0.6078125 0.08515625 0.0859375
1 0.87578125 0.70390625 0.08515625 0.0859375
1 0.87265625 0.81875 0.08515625 0.0859375
1 0.875 0.9328125 0.09765625 0.09765625
1 0.78984375 0.871875 0.109375 0.11015625
1 0.7890625 0.76640625 0.09765625 0.0984375
3 0.784375 0.6578125 0.08515625 0.0859375
1 0.78359375 0.54609375 0.08515625 0.0859375
1 0.6890625 0.4875 0.0859375 0.0859375
1 0.690625 0.60078125 0.0859375 0.0859375
1 0.6859375 0.71015625 0.09765625 0.09765625
1 0.6953125 0.82734375 0.109375 0.1109375
1 0.690625 0.9234375 0.09765625 0.0984375
1 0.590625 0.86953125 0.109375 0.11015625
1 0.59453125 0.759375 0.109375 0.11015625
1 0.5984375 0.65546875 0.109375 0.1109375
1 0.6046875 0.5328125 0.09765625 0.0984375
1 0.509375 0.58515625 0.0859375 0.0859375
1 0.50625 0.81015625 0.09765625 0.0984375
1 0.5015625 0.69296875 0.0859375 0.08671875
1 0.40859375 0.75859375 0.08515625 0.0859375
1 0.40625 0.65625 0.0859375 0.0859375
1 0.5015625 0.925 0.08515625 0.0859375
1 0.403125 0.5328125 0.09765625 0.0984375
1 0.31953125 0.5 0.09765625 0.09765625
1 0.31328125 0.7109375 0.09765625 0.09765625
1 0.3140625 0.8140625 0.09765625 0.0984375
1 0.32109375 0.934375 0.08515625 0.0859375
1 0.40546875 0.8671875 0.08515625 0.0859375
1 0.2265625 0.66015625 0.109375 0.1109375
1 0.2203125 0.7671875 0.11015625 0.11015625
1 0.22109375 0.87421875 0.11015625 0.11015625
1 0.1375 0.94375 0.08515625 0.0859375
1 0.13359375 0.81171875 0.11015625 0.11015625
1 0.1296875 0.71015625 0.11015625 0.11015625
1 0.13359375 0.60546875 0.0859375 0.0859375
1 0.13671875 0.49375 0.09765625 0.0984375
1 0.13515625 0.36328125 0.08515625 0.0859375
1 0.13828125 0.053125 0.08515625 0.0859375
1 0.14453125 0.159375 0.0859375 0.0859375
1 0.1375 0.2703125 0.0859375 0.0859375
1 0.2234375 0.44140625 0.08515625 0.0859375
1 0.2203125 0.103125 0.0859375 0.0859375
1 0.225 0.20234375 0.0859375 0.0859375
1 0.2171875 0.328125 0.0859375 0.0859375
1 0.31640625 0.0640625 0.0859375 0.0859375
1 0.31875 0.17578125 0.08515625 0.0859375
1 0.31875 0.2671875 0.09765625 0.0984375
1 0.32109375 0.40390625 0.09765625 0.0984375
1 0.41171875 0.43359375 0.08515625 0.0859375
1 0.41171875 0.31875 0.08515625 0.0859375
1 0.41875 0.2171875 0.08515625 0.0859375
1 0.40703125 0.096875 0.08515625 0.0859375
1 0.5078125 0.04375 0.0859375 0.0859375
1 0.503125 0.1578125 0.08515625 0.0859375
1 0.50234375 0.26484375 0.08515625 0.0859375
1 0.49921875 0.3703125 0.08515625 0.0859375
1 0.59296875 0.10234375 0.0859375 0.0859375
1 0.58984375 0.21796875 0.09765625 0.0984375
1 0.6046875 0.340625 0.09765625 0.0984375
1 0.59921875 0.43671875 0.11015625 0.1109375
1 0.6921875 0.059375 0.09765625 0.0984375
1 0.68828125 0.165625 0.0859375 0.0859375
1 0.68671875 0.2703125 0.08515625 0.0859375
1 0.69375 0.3765625 0.09765625 0.09765625
1 0.784375 0.4328125 0.09765625 0.0984375
1 0.7828125 0.32734375 0.08515625 0.0859375
1 0.78828125 0.209375 0.0859375 0.0859375
1 0.78203125 0.1046875 0.08515625 0.08671875
1 0.88125 0.16015625 0.0859375 0.0859375
1 0.88203125 0.2703125 0.09765625 0.0984375
1 0.8796875 0.371875 0.09765625 0.0984375