2 0.87265625 0.5828125 0.0734375 0.07421875
2 0.78046875 0.66328125 0.0734375 0.0734375
1 0.5921875 0.74375 0.08515625 0.0859375
1 0.5875 0.63984375 0.08515625 0.0859375
1 0.5875 0.521875 0.08515625 0.0859375
1 0.50625 0.478125 0.0859375 0.0859375
1 0.39921875 0.53046875 0.08515625 0.0859375
1 0.40234375 0.621875 0.0859375 0.08671875
1 0.49921875 0.5796875 0.08515625 0.0859375
1 0.4953125 0.678125 0.08515625 0.0859375
2 0.77578125 0.54921875 0.06171875 0.06171875
1 0.11796875 0.69765625 0.09765625 0.0984375
1 0.115625 0.5828125 0.11015625 0.11015625
1 0.12109375 0.47578125 0.109375 0.1109375
1 0.125 0.36484375 0.09765625 0.0984375
1 0.125 0.2625 0.109375 0.11015625
1 0.12109375 0.1453125 0.0859375 0.0859375
1 0.2171875 0.09296875 0.09765625 0.0984375
1 0.215625 0.2046875 0.09765625 0.09765625
1 0.2140625 0.31171875 0.09765625 0.0984375
1 0.221875 0.425 0.109375 0.11015625
1 0.209375 0.53671875 0.09765625 0.0984375
1 0.2125 0.64921875 0.09765625 0.0984375
1 0.2140625 0.7546875 0.09765625 0.0984375
1 0.31953125 0.69453125 0.09765625 0.09765625
1 0.31953125 0.5921875 0.08515625 0.0859375
1 0.309375 0.475 0.109375 0.1109375
1 0.309375 0.384375 0.109375 0.1109375
3 0.30859375 0.16328125 0.09765625 0.0984375
1 0.309375 0.259375 0.09765625 0.09765625
1 0.40703125 0.0984375 0.09765625 0.09765625
1 0.4109375 0.20625 0.09765625 0.0984375
1 0.40625 0.31953125 0.09765625 0.0984375
1 0.4046875 0.409375 0.09765625 0.0984375
1 0.403125 0.75703125 0.09765625 0.09765625
1 0.49609375 0.14296875 0.109375 0.11015625
1 0.50390625 0.253125 0.109375 0.11015625
1 0.5 0.36171875 0.09765625 0.0984375
1 0.5984375 0.0984375 0.08515625 0.0859375
1 0.590625 0.20234375 0.11015625 0.11015625
1 0.59921875 0.3109375 0.08515625 0.0859375
1 0.6 0.3875 0.09765625 0.09765625
1 0.6875 0.06015625 0.09765625 0.0984375
1 0.68828125 0.1515625 0.0859375 0.0859375
1 0.69609375 0.26953125 0.0859375 0.0859375
1 0.69609375 0.365625 0.09765625 0.0984375
1 0.68828125 0.484375 0.0859375 0.0859375
1 0.6828125 0.5875 0.08515625 0.0859375
1 0.6859375 0.71796875 0.0859375 0.0859375
1 0.79453125 0.10546875 0.08515625 0.0859375
1 0.790625 0.20703125 0.11015625 0.1109375
1 0.7890625 0.3140625 0.109375 0.11015625
1 0.78828125 0.41328125 0.109375 0.11015625
1 0.8890625 0.475 0.109375 0.11015625
1 0.89375 0.36875 0.11015625 0.11015625
1 0.8921875 0.265625 0.109375 0.1109375
1 0.89140625 0.14765625 0.09765625 0.09765625
1 0.87734375 0.92578125 0.08515625 0.0859375
1 0.88046875 0.8171875 0.11015625 0.1109375
1 0.7890625 0.86640625 0.09765625 0.09765625
1 0.50078125 0.81171875 0.08515625 0.0859375
1 0.4875 0.91953125 0.11015625 0.11015625
1 0.3921875 0.8578125 0.109375 0.11015625
1 0.31875 0.79375 0.0859375 0.08671875
1 0.31953125 0.8921875 0.09765625 0.0984375
1 0.20625 0.8734375 0.09765625 0.0984375
1 0.1125 0.80703125 0.09765625 0.0984375
1 0.1109375 0.91484375 0.109375 0.11015625