2 0.2375 0.08125 0.0734375 0.0734375
2 0.1453125 0.1546875 0.0734375 0.07421875
2 0.440625 0.31171875 0.0734375 0.0734375
1 0.79609375 0.92578125 0.08515625 0.0859375
1 0.60625 0.92890625 0.09765625 0.0984375
1 0.2234375 0.92890625 0.09765625 0.0984375
1 0.88984375 0.89453125 0.109375 0.1109375
2 0.32265625 0.35625 0.06171875 0.06171875
1 0.9046875 0.3578125 0.09765625 0.0984375
1 0.9171875 0.50234375 0.109375 0.11015625
1 0.9046875 0.5984375 0.109375 0.11015625
1 0.88984375 0.7015625 0.09765625 0.09765625
1 0.80859375 0.6515625 0.109375 0.11015625
1 0.8046875 0.53359375 0.109375 0.11015625
0 0.80625 0.4359375 0.08515625 0.0859375
1 0.8125 0.06640625 0.09765625 0.09765625
1 0.80390625 0.31328125 0.09765625 0.09765625
1 0.71015625 0.26953125 0.08515625 0.0859375
1 0.7046875 0.37734375 0.09765625 0.0984375
1 0.7046875 0.478125 0.09765625 0.09765625
1 0.7046875 0.59453125 0.109375 0.11015625
1 0.70625 0.6921875 0.11015625 0.11015625
1 0.60859375 0.65 0.109375 0.11015625
1 0.609375 0.5359375 0.09765625 0.0984375
1 0.6203125 0.4203125 0.109375 0.1109375
1 0.6109375 0.31875 0.109375 0.11015625
1 0.621875 0.19375 0.11015625 0.11015625
1 0.51796875 0.26484375 0.11015625 0.11015625
1 0.528125 0.378125 0.0859375 0.0859375
1 0.33125 0.053125 0.09765625 0.09765625
1 0.24296875 0.209375 0.09765625 0.09765625
1 0.4359375 0.190625 0.0859375 0.0859375
1 0.43671875 0.43671875 0.09765625 0.09765625
1 0.41875 0.53671875 0.11015625 0.11015625
1 0.415625 0.62265625 0.11015625 0.11015625
1 0.5203125 0.63203125 0.109375 0.1109375
1 0.51171875 0.4875 0.09765625 0.0984375
3 0.31953125 0.446875 0.0734375 0.0734375
1 0.32421875 0.55234375 0.09765625 0.0984375
1 0.31953125 0.6609375 0.11015625 0.11015625
1 0.2359375 0.62109375 0.09765625 0.09765625
1 0.24140625 0.54375 0.09765625 0.0984375
1 0.1515625 0.2609375 0.09765625 0.09765625
1 0.053125 0.22265625 0.0859375 0.0859375
2 0.1390625 0.56796875 0.0734375 0.0734375
1 0.1453125 0.66640625 0.09765625 0.0984375