1 0.915625 0.78984375 0.09765625 0.0984375
1 0.92890625 0.36796875 0.109375 0.11015625
1 0.92578125 0.5046875 0.109375 0.11015625
1 0.91796875 0.5859375 0.0859375 0.0859375
1 0.92578125 0.68828125 0.109375 0.11015625
1 0.83671875 0.4203125 0.0859375 0.0859375
1 0.8265625 0.51484375 0.109375 0.1109375
1 0.8234375 0.6140625 0.11015625 0.11015625
1 0.83671875 0.728125 0.11015625 0.11015625
1 0.7328125 0.6765625 0.11015625 0.11015625
1 0.73359375 0.59140625 0.09765625 0.0984375
1 0.7375 0.48125 0.09765625 0.0984375
1 0.74140625 0.3703125 0.109375 0.11015625
1 0.640625 0.31953125 0.109375 0.1109375
1 0.63984375 0.4234375 0.11015625 0.11015625
1 0.63984375 0.53984375 0.11015625 0.11015625
1 0.63203125 0.65078125 0.11015625 0.11015625
1 0.82421875 0.90390625 0.09765625 0.0984375
1 0.7328125 0.9390625 0.11015625 0.11015625
1 0.3453125 0.80546875 0.09765625 0.09765625
1 0.54609375 0.36796875 0.109375 0.11015625
1 0.53984375 0.48203125 0.11015625 0.11015625
1 0.5421875 0.5921875 0.09765625 0.0984375
2 0.53984375 0.70546875 0.0734375 0.0734375
1 0.44609375 0.409375 0.0859375 0.0859375
1 0.44140625 0.52578125 0.09765625 0.0984375
1 0.440625 0.646875 0.11015625 0.11015625
1 0.4421875 0.76015625 0.109375 0.11015625
1 0.3453125 0.3640625 0.0859375 0.0859375
1 0.35 0.484375 0.09765625 0.09765625
1 0.34296875 0.5828125 0.09765625 0.09765625
1 0.35078125 0.69609375 0.109375 0.1109375
1 0.25390625 0.4140625 0.109375 0.1109375
1 0.2546875 0.52421875 0.109375 0.1109375
0 0.2546875 0.61953125 0.09765625 0.0984375
1 0.25078125 0.74921875 0.109375 0.11015625
1 0.25078125 0.8765625 0.09765625 0.09765625
1 0.1640625 0.93046875 0.09765625 0.0984375
1 0.1609375 0.81875 0.11015625 0.1109375
1 0.16171875 0.69453125 0.11015625 0.11015625
1 0.1578125 0.584375 0.109375 0.11015625
1 0.1625 0.471875 0.109375 0.11015625
1 0.1515625 0.3765625 0.11015625 0.11015625
1 0.0734375 0.53203125 0.09765625 0.09765625
1 0.0765625 0.6375 0.09765625 0.0984375
1 0.0796875 0.73125 0.09765625 0.0984375
1 0.0765625 0.8703125 0.109375 0.11015625
1 0.928125 0.253125 0.109375 0.1109375
1 0.92109375 0.14140625 0.09765625 0.0984375
1 0.83984375 0.09296875 0.0859375 0.0859375
1 0.84453125 0.21015625 0.0859375 0.0859375
1 0.8390625 0.3125 0.08515625 0.0859375
1 0.7359375 0.27421875 0.109375 0.11015625
1 0.73515625 0.14921875 0.09765625 0.0984375
1 0.64765625 0.10859375 0.09765625 0.09765625
1 0.64921875 0.21640625 0.09765625 0.0984375
1 0.5515625 0.1640625 0.109375 0.1109375
1 0.54765625 0.26171875 0.09765625 0.09765625
1 0.44921875 0.30859375 0.0859375 0.0859375
1 0.45390625 0.20859375 0.09765625 0.0984375
1 0.4546875 0.08984375 0.09765625 0.09765625
1 0.3484375 0.15 0.09765625 0.0984375
1 0.353125 0.26484375 0.109375 0.11015625
1 0.26171875 0.31328125 0.109375 0.1109375
1 0.25859375 0.2015625 0.11015625 0.11015625
1 0.25859375 0.09296875 0.11015625 0.11015625
1 0.1640625 0.14765625 0.109375 0.11015625
1 0.159375 0.26015625 0.11015625 0.11015625
1 0.0765625 0.3140625 0.09765625 0.09765625
1 0.071875 0.1765625 0.09765625 0.09765625
1 0.06953125 0.07734375 0.09765625 0.0984375