2 0.1390625 0.3859375 0.0734375 0.07421875
1 0.89375 0.38984375 0.11015625 0.11015625
1 0.8921875 0.49921875 0.09765625 0.0984375
1 0.9 0.60078125 0.09765625 0.0984375
1 0.89609375 0.7171875 0.11015625 0.11015625
1 0.896875 0.8328125 0.09765625 0.0984375
1 0.89453125 0.940625 0.109375 0.11015625
1 0.7953125 0.87578125 0.09765625 0.0984375
1 0.80390625 0.778125 0.11015625 0.11015625
1 0.80546875 0.66328125 0.09765625 0.0984375
1 0.80234375 0.54140625 0.11015625 0.11015625
1 0.803125 0.44375 0.11015625 0.11015625
1 0.7046875 0.39921875 0.0859375 0.0859375
1 0.709375 0.50859375 0.0859375 0.0859375
1 0.71015625 0.603125 0.08515625 0.0859375
1 0.71171875 0.71953125 0.08515625 0.0859375
1 0.7140625 0.82734375 0.0859375 0.0859375
1 0.71875 0.94453125 0.0859375 0.0859375
1 0.609375 0.88359375 0.09765625 0.0984375
1 0.609375 0.7734375 0.0859375 0.0859375
1 0.61015625 0.665625 0.09765625 0.09765625
1 0.6171875 0.540625 0.109375 0.1109375
1 0.621875 0.46015625 0.09765625 0.0984375
1 0.53203125 0.4 0.0859375 0.0859375
1 0.51640625 0.50703125 0.09765625 0.0984375
1 0.51875 0.61484375 0.09765625 0.0984375
1 0.521875 0.721875 0.09765625 0.09765625
1 0.521875 0.84296875 0.09765625 0.09765625
1 0.425 0.3375 0.09765625 0.09765625
1 0.428125 0.4515625 0.09765625 0.09765625
1 0.42578125 0.55234375 0.09765625 0.0984375
1 0.421875 0.66015625 0.0859375 0.0859375
1 0.42890625 0.78046875 0.09765625 0.09765625
1 0.42578125 0.8984375 0.109375 0.1109375
1 0.328125 0.94296875 0.09765625 0.0984375
1 0.32890625 0.82421875 0.09765625 0.09765625
1 0.325 0.28984375 0.0859375 0.0859375
1 0.3265625 0.3890625 0.08515625 0.0859375
1 0.32890625 0.503125 0.0859375 0.0859375
1 0.3296875 0.6125 0.0859375 0.0859375
1 0.3296875 0.71484375 0.0859375 0.0859375
1 0.23125 0.33125 0.08515625 0.0859375
1 0.22734375 0.43359375 0.08515625 0.0859375
1 0.22734375 0.5484375 0.08515625 0.0859375
1 0.22578125 0.6578125 0.109375 0.11015625
1 0.22421875 0.76484375 0.08515625 0.0859375
1 0.22265625 0.884375 0.09765625 0.0984375
1 0.13203125 0.9359375 0.11015625 0.11015625
1 0.13203125 0.82734375 0.11015625 0.11015625
1 0.13125 0.7125 0.11015625 0.11015625
1 0.13203125 0.6 0.11015625 0.11015625
1 0.13359375 0.48828125 0.09765625 0.09765625
1 0.0453125 0.425 0.0859375 0.0859375
1 0.903125 0.2765625 0.109375 0.11015625
1 0.903125 0.165625 0.09765625 0.0984375
1 0.9 0.0484375 0.08515625 0.0859375
1 0.8 0.21796875 0.09765625 0.09765625
1 0.803125 0.321875 0.0859375 0.0859375
1 0.71171875 0.27734375 0.08515625 0.0859375
1 0.70859375 0.15703125 0.08515625 0.0859375
1 0.61796875 0.109375 0.09765625 0.09765625
1 0.61796875 0.21953125 0.09765625 0.09765625
1 0.6171875 0.33203125 0.09765625 0.09765625
1 0.52421875 0.27890625 0.09765625 0.0984375
1 0.528125 0.165625 0.09765625 0.09765625
1 0.52265625 0.059375 0.08515625 0.0859375
1 0.42578125 0.103125 0.09765625 0.09765625
1 0.41875 0.22109375 0.09765625 0.0984375
1 0.3265625 0.19375 0.08515625 0.0859375