2 0.75078125 0.0890625 0.0734375 0.0734375
1 0.915625 0.70625 0.09765625 0.0984375
1 0.915625 0.815625 0.109375 0.11015625
1 0.91875 0.934375 0.11015625 0.11015625
1 0.81328125 0.87578125 0.09765625 0.0984375
1 0.8171875 0.7546875 0.09765625 0.09765625
1 0.721875 0.82109375 0.08515625 0.0859375
1 0.72578125 0.92890625 0.109375 0.11015625
1 0.625 0.83671875 0.09765625 0.0984375
1 0.625 0.746875 0.109375 0.11015625
1 0.5328125 0.70625 0.09765625 0.0984375
1 0.5375 0.8234375 0.109375 0.11015625
1 0.53984375 0.9359375 0.08515625 0.0859375
2 0.259375 0.75703125 0.0484375 0.0484375
1 0.43515625 0.7703125 0.08515625 0.08671875
1 0.43515625 0.86640625 0.08515625 0.0859375
1 0.346875 0.815625 0.08515625 0.0859375
2 0.3484375 0.921875 0.0484375 0.0484375
2 0.16484375 0.81875 0.0484375 0.0484375
2 0.075 0.7734375 0.0484375 0.0484375
2 0.0703125 0.87421875 0.0484375 0.0484375
1 0.16796875 0.925 0.09765625 0.09765625
2 0.253125 0.86484375 0.0484375 0.05
2 0.63203125 0.13359375 0.06171875 0.06171875
1 0.91796875 0.42734375 0.109375 0.11015625
1 0.91875 0.31328125 0.09765625 0.0984375
1 0.9296875 0.196875 0.109375 0.1109375
1 0.92109375 0.09609375 0.109375 0.11015625
1 0.8375 0.15546875 0.0859375 0.0859375
1 0.74609375 0.2140625 0.09765625 0.09765625
1 0.728125 0.3140625 0.11015625 0.11015625
1 0.725 0.4 0.11015625 0.11015625
1 0.8296875 0.409375 0.109375 0.1109375
1 0.82109375 0.26484375 0.09765625 0.0984375
3 0.6296875 0.22421875 0.0734375 0.0734375
1 0.63359375 0.3296875 0.09765625 0.0984375
1 0.6296875 0.43828125 0.11015625 0.11015625
1 0.54609375 0.3984375 0.09765625 0.09765625
1 0.55078125 0.32109375 0.09765625 0.0984375
1 0.36484375 0.0921875 0.11015625 0.11015625
1 0.3578125 0.2046875 0.09765625 0.0984375
2 0.4484375 0.3453125 0.0734375 0.0734375
1 0.4546875 0.44375 0.09765625 0.0984375
1 0.271875 0.14609375 0.11015625 0.11015625
1 0.2703125 0.25546875 0.109375 0.11015625
1 0.2671875 0.3734375 0.09765625 0.0984375
1 0.1625 0.09921875 0.09765625 0.0984375
1 0.1578125 0.2046875 0.09765625 0.0984375
1 0.16953125 0.31328125 0.08515625 0.0859375
1 0.0734375 0.3609375 0.08515625 0.0859375
1 0.0625 0.06171875 0.0859375 0.0859375
1 0.06484375 0.146875 0.08515625 0.08671875
1 0.07109375 0.2546875 0.09765625 0.09765625