1 0.90859375 0.86796875 0.11015625 0.1109375
1 0.809375 0.93046875 0.11015625 0.1109375
1 0.71484375 0.88359375 0.109375 0.11015625
1 0.6234375 0.9203125 0.109375 0.1109375
1 0.52890625 0.8640625 0.11015625 0.11015625
1 0.42890625 0.9234375 0.11015625 0.11015625
1 0.34296875 0.8609375 0.109375 0.11015625
1 0.23671875 0.91953125 0.11015625 0.11015625
1 0.140625 0.86796875 0.09765625 0.0984375
1 0.91171875 0.2421875 0.08515625 0.0859375
1 0.9171875 0.34296875 0.0859375 0.0859375
1 0.91328125 0.434375 0.0859375 0.0859375
1 0.9125 0.5484375 0.08515625 0.0859375
1 0.90703125 0.659375 0.09765625 0.0984375
1 0.8328125 0.078125 0.0859375 0.0859375
1 0.825 0.15859375 0.109375 0.11015625
1 0.82265625 0.27734375 0.11015625 0.1109375
1 0.81328125 0.39296875 0.109375 0.11015625
1 0.82109375 0.50234375 0.109375 0.11015625
1 0.8109375 0.61015625 0.109375 0.1109375
1 0.721875 0.109375 0.11015625 0.1109375
1 0.715625 0.23359375 0.11015625 0.11015625
1 0.71796875 0.33828125 0.109375 0.11015625
1 0.721875 0.43828125 0.09765625 0.09765625
1 0.72265625 0.553125 0.09765625 0.0984375
1 0.71796875 0.6671875 0.0859375 0.0859375
1 0.625 0.06484375 0.0859375 0.08671875
1 0.628125 0.1703125 0.09765625 0.0984375
1 0.6296875 0.284375 0.09765625 0.0984375
1 0.62578125 0.39296875 0.09765625 0.0984375
1 0.63125 0.49921875 0.08515625 0.08671875
1 0.6296875 0.60625 0.109375 0.11015625
1 0.53203125 0.1078125 0.0859375 0.0859375
1 0.5328125 0.21796875 0.09765625 0.0984375
1 0.53203125 0.334375 0.09765625 0.0984375
1 0.5296875 0.440625 0.09765625 0.0984375
1 0.534375 0.5609375 0.09765625 0.09765625
1 0.52890625 0.6671875 0.08515625 0.0859375
1 0.44375 0.06171875 0.09765625 0.0984375
1 0.43515625 0.1734375 0.08515625 0.0859375
1 0.43515625 0.31171875 0.08515625 0.0859375
1 0.43203125 0.39765625 0.08515625 0.0859375
1 0.43359375 0.50078125 0.109375 0.11015625
1 0.43984375 0.615625 0.121875 0.1234375
1 0.3453125 0.115625 0.09765625 0.0984375
1 0.3421875 0.225 0.09765625 0.09765625
1 0.35 0.3390625 0.09765625 0.0984375
1 0.340625 0.45 0.11015625 0.11015625
1 0.340625 0.5484375 0.11015625 0.11015625
1 0.33671875 0.653125 0.11015625 0.11015625
1 0.253125 0.059375 0.09765625 0.0984375
1 0.2453125 0.1765625 0.09765625 0.0984375
1 0.25 0.27421875 0.09765625 0.0984375
1 0.24765625 0.3921875 0.08515625 0.0859375
1 0.24609375 0.50078125 0.09765625 0.0984375
1 0.246875 0.60234375 0.109375 0.11015625
1 0.153125 0.1125 0.09765625 0.0984375
1 0.15 0.22578125 0.09765625 0.0984375
1 0.146875 0.3421875 0.0859375 0.0859375
1 0.14921875 0.446875 0.09765625 0.0984375
1 0.15 0.54609375 0.09765625 0.09765625
1 0.14375 0.646875 0.109375 0.11015625
3 0.0640625 0.1625 0.09765625 0.09765625