1 0.0609375 0.1421875 0.09765625 0.0984375
1 0.1546875 0.1984375 0.109375 0.11015625
2 0.8296875 0.6890625 0.06171875 0.06171875
1 0.06171875 0.25546875 0.109375 0.11015625
1 0.059375 0.359375 0.11015625 0.1109375
1 0.15234375 0.30390625 0.09765625 0.0984375
1 0.1546875 0.41484375 0.09765625 0.09765625
1 0.153125 0.53046875 0.0859375 0.0859375
2 0.15390625 0.63515625 0.06171875 0.06171875
1 0.1546875 0.74921875 0.09765625 0.0984375
3 0.153125 0.85625 0.11015625 0.11015625
1 0.24609375 0.68828125 0.0859375 0.0859375
1 0.2609375 0.80546875 0.08515625 0.0859375
1 0.0578125 0.4734375 0.09765625 0.09765625
1 0.05703125 0.58125 0.08515625 0.0859375
1 0.0578125 0.70078125 0.11015625 0.11015625
1 0.05859375 0.80625 0.109375 0.11015625
1 0.0578125 0.9109375 0.09765625 0.0984375
1 0.25703125 0.91328125 0.0859375 0.0859375
1 0.34296875 0.7484375 0.09765625 0.09765625
1 0.35546875 0.85546875 0.09765625 0.09765625
1 0.44765625 0.8015625 0.11015625 0.1109375
1 0.4515625 0.9109375 0.11015625 0.1109375
1 0.4421875 0.69140625 0.08515625 0.0859375
1 0.5421875 0.7484375 0.09765625 0.0984375
1 0.5421875 0.8546875 0.09765625 0.09765625
1 0.6375 0.70078125 0.109375 0.11015625
1 0.640625 0.80625 0.09765625 0.0984375
1 0.6421875 0.909375 0.09765625 0.0984375
1 0.73125 0.7453125 0.09765625 0.0984375
1 0.73359375 0.84921875 0.09765625 0.0984375
1 0.825 0.80234375 0.09765625 0.0984375
1 0.828125 0.9078125 0.09765625 0.0984375
1 0.9203125 0.74140625 0.09765625 0.0984375
1 0.921875 0.85703125 0.0859375 0.08671875