1 0.28828125 0.11015625 0.11015625 0.11015625
1 0.47734375 0.10859375 0.0859375 0.0859375
1 0.665625 0.11015625 0.11015625 0.11015625
1 0.859375 0.10546875 0.09765625 0.09765625
1 0.9453125 0.390625 0.09765625 0.09765625
1 0.85625 0.21796875 0.109375 0.1109375
2 0.85546875 0.3375 0.0609375 0.06171875
1 0.8515625 0.44375 0.109375 0.11015625
1 0.853125 0.55390625 0.109375 0.11015625
1 0.76171875 0.1625 0.109375 0.1109375
1 0.76484375 0.271875 0.109375 0.11015625
1 0.75625 0.38046875 0.11015625 0.11015625
1 0.76015625 0.50078125 0.11015625 0.11015625
1 0.6671875 0.21796875 0.11015625 0.11015625
2 0.66328125 0.31796875 0.06171875 0.06171875
1 0.66484375 0.4390625 0.11015625 0.11015625
1 0.6640625 0.55546875 0.109375 0.11015625
2 0.5734375 0.1671875 0.06171875 0.06171875
2 0.56875 0.27578125 0.06171875 0.06171875
1 0.5703125 0.3859375 0.109375 0.11015625
1 0.56953125 0.50546875 0.109375 0.11015625
1 0.48046875 0.2171875 0.109375 0.11015625
1 0.475 0.34296875 0.0859375 0.0859375
1 0.475 0.44296875 0.109375 0.11015625
1 0.4765625 0.5515625 0.09765625 0.0984375
1 0.3828125 0.159375 0.109375 0.11015625
1 0.3796875 0.271875 0.11015625 0.11015625
1 0.38359375 0.38203125 0.11015625 0.11015625
1 0.384375 0.49453125 0.11015625 0.11015625
1 0.28671875 0.21171875 0.11015625 0.11015625
1 0.28828125 0.32890625 0.11015625 0.11015625
1 0.2890625 0.428125 0.109375 0.11015625
1 0.284375 0.54296875 0.109375 0.1109375
1 0.3875 0.6015625 0.11015625 0.1109375
1 0.18828125 0.1453125 0.09765625 0.0984375
1 0.196875 0.2640625 0.109375 0.11015625
1 0.19609375 0.378125 0.109375 0.1109375
1 0.1921875 0.49609375 0.109375 0.1109375
1 0.0953125 0.10234375 0.109375 0.11015625
1 0.09375 0.20234375 0.09765625 0.09765625
1 0.09453125 0.32890625 0.09765625 0.09765625
1 0.10234375 0.43046875 0.11015625 0.1109375
1 0.09453125 0.5484375 0.11015625 0.11015625
1 0.09296875 0.6609375 0.11015625 0.11015625
1 0.09609375 0.7640625 0.11015625 0.11015625
1 0.10390625 0.8734375 0.08515625 0.08671875
1 0.1875 0.6078125 0.109375 0.11015625
1 0.1921875 0.709375 0.109375 0.11015625
1 0.19375 0.825 0.109375 0.11015625
1 0.1921875 0.9421875 0.11015625 0.11015625
1 0.275 0.65234375 0.11015625 0.1109375
1 0.2859375 0.7671875 0.109375 0.11015625
1 0.2875 0.8796875 0.109375 0.11015625
1 0.3796875 0.7171875 0.11015625 0.1109375
1 0.37578125 0.8265625 0.11015625 0.11015625
1 0.38203125 0.93125 0.109375 0.11015625
1 0.4796875 0.653125 0.09765625 0.09765625
1 0.475 0.76875 0.11015625 0.1109375
1 0.471875 0.8765625 0.11015625 0.1109375
1 0.57421875 0.6046875 0.09765625 0.0984375
1 0.575 0.7125 0.09765625 0.0984375
1 0.5734375 0.82421875 0.09765625 0.09765625
1 0.56953125 0.93359375 0.09765625 0.09765625
1 0.66484375 0.66328125 0.11015625 0.11015625
1 0.6625 0.77421875 0.109375 0.11015625
1 0.66015625 0.88125 0.109375 0.11015625
1 0.75546875 0.61015625 0.11015625 0.11015625
1 0.75859375 0.72109375 0.11015625 0.11015625
1 0.759375 0.8234375 0.11015625 0.11015625
1 0.7546875 0.9421875 0.09765625 0.0984375
1 0.84765625 0.66953125 0.109375 0.11015625
1 0.85234375 0.77890625 0.09765625 0.0984375
1 0.85078125 0.88203125 0.11015625 0.11015625
1 0.95 0.71328125 0.09765625 0.0984375