2 0.1453125 0.18203125 0.0734375 0.0734375
2 0.14609375 0.07421875 0.08515625 0.0859375
2 0.06484375 0.671875 0.08515625 0.0859375
2 0.07109375 0.56875 0.08515625 0.0859375
2 0.721875 0.28359375 0.0609375 0.06171875
2 0.353125 0.08515625 0.0609375 0.06171875
2 0.61953125 0.128125 0.0734375 0.07421875
2 0.615625 0.69296875 0.0734375 0.0734375
2 0.4515625 0.9015625 0.0734375 0.07421875
1 0.06953125 0.121875 0.09765625 0.0984375
1 0.06953125 0.23828125 0.09765625 0.09765625
1 0.06953125 0.35234375 0.0734375 0.07421875
1 0.06484375 0.45390625 0.0734375 0.07421875
1 0.16953125 0.2875 0.0734375 0.07421875
1 0.1640625 0.4015625 0.09765625 0.09765625
1 0.1671875 0.5125 0.09765625 0.09765625
1 0.25546875 0.1203125 0.08515625 0.08671875
1 0.259375 0.23359375 0.11015625 0.11015625
1 0.2640625 0.35 0.11015625 0.11015625
1 0.25859375 0.45625 0.11015625 0.11015625
1 0.2578125 0.571875 0.109375 0.1109375
1 0.3609375 0.17734375 0.121875 0.121875
1 0.36328125 0.2921875 0.09765625 0.0984375
1 0.353125 0.4046875 0.09765625 0.0984375
1 0.353125 0.52265625 0.09765625 0.0984375
1 0.44453125 0.13359375 0.0859375 0.0859375
1 0.44921875 0.23984375 0.09765625 0.0984375
1 0.44140625 0.353125 0.09765625 0.0984375
1 0.4453125 0.4609375 0.0859375 0.0859375
1 0.4546875 0.57109375 0.09765625 0.0984375
1 0.35625 0.63125 0.09765625 0.09765625
1 0.5328125 0.18671875 0.08515625 0.0859375
1 0.534375 0.30859375 0.08515625 0.0859375
1 0.5390625 0.4078125 0.0859375 0.08671875
1 0.5390625 0.51640625 0.0859375 0.0859375
1 0.53828125 0.63359375 0.0859375 0.0859375
1 0.6203125 0.2515625 0.08515625 0.0859375
1 0.61875 0.3625 0.08515625 0.0859375
1 0.61875 0.46171875 0.08515625 0.0859375
1 0.6125 0.57734375 0.08515625 0.0859375
2 0.72578125 0.1890625 0.0484375 0.0484375
1 0.71796875 0.39453125 0.0859375 0.0859375
1 0.7171875 0.5109375 0.08515625 0.0859375
2 0.71171875 0.6 0.0484375 0.05
2 0.8203125 0.23828125 0.0609375 0.0609375
2 0.94140625 0.325 0.0484375 0.0484375
2 0.92890625 0.8609375 0.08515625 0.0859375
2 0.7140625 0.95234375 0.0484375 0.05
2 0.60859375 0.7765625 0.0484375 0.05
1 0.5359375 0.7359375 0.0859375 0.0859375
1 0.5265625 0.84296875 0.09765625 0.0984375
1 0.45 0.6890625 0.09765625 0.0984375
1 0.44765625 0.80078125 0.08515625 0.0859375
1 0.35546875 0.73671875 0.109375 0.11015625
1 0.353125 0.84765625 0.09765625 0.09765625
1 0.2546875 0.68046875 0.09765625 0.09765625
1 0.2609375 0.79609375 0.109375 0.1109375
1 0.259375 0.9046875 0.11015625 0.1109375
1 0.16328125 0.62890625 0.109375 0.1109375
1 0.16171875 0.7390625 0.11015625 0.1109375
1 0.1609375 0.8484375 0.11015625 0.11015625
1 0.06875 0.77265625 0.08515625 0.0859375
1 0.0640625 0.88984375 0.08515625 0.0859375