2 0.0421875 0.19609375 0.0734375 0.07421875
2 0.33515625 0.02265625 0.02421875 0.02421875
2 0.33125 0.13203125 0.02421875 0.02421875
2 0.334375 0.2140625 0.02421875 0.02421875
2 0.43203125 0.07578125 0.02421875 0.02421875
2 0.425 0.1828125 0.02421875 0.02421875
2 0.525 0.2140625 0.0375 0.0375
1 0.52265625 0.13125 0.109375 0.11015625
1 0.63203125 0.075 0.0859375 0.0859375
1 0.63203125 0.184375 0.0734375 0.0734375
1 0.7125 0.134375 0.09765625 0.0984375
2 0.70390625 0.24921875 0.06171875 0.06171875
1 0.8046875 0.08046875 0.09765625 0.0984375
1 0.809375 0.18828125 0.09765625 0.0984375
1 0.91328125 0.1375 0.09765625 0.09765625
2 0.0515625 0.3734375 0.0359375 0.0375
1 0.0515625 0.471875 0.09765625 0.09765625
1 0.146875 0.43046875 0.08515625 0.0859375
1 0.14453125 0.528125 0.09765625 0.09765625
1 0.14296875 0.64453125 0.11015625 0.1109375
1 0.1390625 0.75703125 0.121875 0.1234375
1 0.14140625 0.85859375 0.109375 0.11015625
2 0.246875 0.37734375 0.0609375 0.06171875
1 0.2390625 0.47578125 0.0859375 0.0859375
1 0.240625 0.58671875 0.11015625 0.1109375
1 0.2328125 0.7 0.121875 0.1234375
1 0.2328125 0.8078125 0.11015625 0.11015625
1 0.3359375 0.42578125 0.0859375 0.0859375
1 0.328125 0.5359375 0.09765625 0.0984375
1 0.3375 0.64609375 0.109375 0.11015625
1 0.33515625 0.7578125 0.121875 0.1234375
2 0.334375 0.86953125 0.06171875 0.06171875
1 0.2375 0.92265625 0.11015625 0.11015625
2 0.4328125 0.384375 0.06171875 0.06171875
1 0.4296875 0.478125 0.09765625 0.0984375
1 0.434375 0.59296875 0.121875 0.1234375
1 0.4265625 0.7015625 0.109375 0.11015625
1 0.43046875 0.81640625 0.121875 0.1234375
1 0.4328125 0.92265625 0.109375 0.1109375
1 0.52734375 0.42734375 0.09765625 0.0984375
1 0.52265625 0.53671875 0.11015625 0.11015625
1 0.51484375 0.640625 0.121875 0.1234375
1 0.52421875 0.76328125 0.11015625 0.11015625
1 0.525 0.86640625 0.121875 0.1234375
2 0.6171875 0.39453125 0.0484375 0.0484375
1 0.6140625 0.4796875 0.09765625 0.0984375
1 0.6140625 0.5953125 0.121875 0.121875
1 0.61796875 0.7015625 0.121875 0.1234375
1 0.61640625 0.81796875 0.11015625 0.11015625
1 0.6125 0.92109375 0.121875 0.1234375
1 0.70234375 0.42734375 0.0734375 0.0734375
1 0.70703125 0.53984375 0.109375 0.11015625
1 0.7078125 0.64921875 0.109375 0.11015625
1 0.7078125 0.75703125 0.0859375 0.0859375
1 0.71328125 0.8703125 0.11015625 0.11015625
1 0.81328125 0.4796875 0.121875 0.1234375
1 0.8015625 0.5875 0.121875 0.1234375
1 0.80859375 0.70859375 0.09765625 0.0984375
1 0.809375 0.80703125 0.09765625 0.0984375
1 0.80625 0.9265625 0.121875 0.1234375
1 0.90703125 0.425 0.0734375 0.07421875
1 0.9125 0.5375 0.09765625 0.09765625
1 0.91875 0.65 0.121875 0.1234375
1 0.9140625 0.76328125 0.09765625 0.0984375
1 0.90234375 0.865625 0.09765625 0.0984375