1 0.1484375 0.09609375 0.09765625 0.0984375
1 0.2421875 0.153125 0.109375 0.11015625
2 0.9171875 0.64296875 0.06171875 0.06171875
1 0.05078125 0.14765625 0.09765625 0.09765625
1 0.14921875 0.209375 0.109375 0.11015625
1 0.146875 0.31328125 0.11015625 0.1109375
1 0.240625 0.25859375 0.09765625 0.0984375
1 0.2421875 0.36875 0.09765625 0.09765625
1 0.24140625 0.484375 0.0859375 0.0859375
2 0.24140625 0.5890625 0.06171875 0.06171875
1 0.2421875 0.70390625 0.09765625 0.0984375
3 0.240625 0.81015625 0.11015625 0.11015625
1 0.334375 0.6421875 0.0859375 0.0859375
1 0.34921875 0.759375 0.08515625 0.0859375
1 0.1453125 0.428125 0.09765625 0.09765625
1 0.1453125 0.53515625 0.08515625 0.0859375
1 0.14609375 0.6546875 0.11015625 0.11015625
1 0.146875 0.76015625 0.109375 0.11015625
1 0.0578125 0.471875 0.09765625 0.0984375
2 0.04765625 0.5921875 0.0609375 0.06171875
1 0.1453125 0.86484375 0.09765625 0.0984375
1 0.24453125 0.91171875 0.11015625 0.11015625
1 0.34453125 0.8671875 0.0859375 0.0859375
1 0.43046875 0.70234375 0.09765625 0.09765625
1 0.44375 0.809375 0.09765625 0.09765625
1 0.4390625 0.92109375 0.109375 0.11015625
1 0.5359375 0.75625 0.11015625 0.1109375
1 0.53984375 0.865625 0.11015625 0.1109375
1 0.5296875 0.6453125 0.08515625 0.0859375
1 0.6296875 0.70234375 0.09765625 0.0984375
1 0.6296875 0.80859375 0.09765625 0.09765625
1 0.6328125 0.9171875 0.09765625 0.09765625
1 0.72578125 0.6546875 0.109375 0.11015625
1 0.728125 0.76015625 0.09765625 0.0984375
1 0.73046875 0.8640625 0.09765625 0.0984375
1 0.81953125 0.7 0.09765625 0.0984375
1 0.82109375 0.803125 0.09765625 0.0984375
1 0.8234375 0.91875 0.109375 0.11015625
1 0.91328125 0.75625 0.09765625 0.0984375
1 0.915625 0.86171875 0.09765625 0.0984375