2 0.0984375 0.053125 0.0734375 0.07421875
2 0.1 0.1390625 0.0734375 0.07421875
2 0.3015625 0.1203125 0.0734375 0.0734375
2 0.2125 0.23359375 0.0609375 0.06171875
2 0.6765625 0.9546875 0.0734375 0.0734375
1 0.94375 0.790625 0.09765625 0.09765625
1 0.9421875 0.653125 0.09765625 0.0984375
1 0.9421875 0.56328125 0.109375 0.11015625
1 0.85078125 0.52265625 0.09765625 0.0984375
1 0.8546875 0.63984375 0.109375 0.11015625
1 0.85703125 0.7515625 0.08515625 0.0859375
2 0.57734375 0.5734375 0.0484375 0.0484375
1 0.75234375 0.58671875 0.08515625 0.08671875
1 0.75234375 0.6828125 0.08515625 0.0859375
1 0.76484375 0.8078125 0.11015625 0.1109375
1 0.67265625 0.8296875 0.11015625 0.11015625
1 0.57265625 0.784375 0.08515625 0.0859375
1 0.66484375 0.63203125 0.08515625 0.0859375
2 0.665625 0.73828125 0.0484375 0.0484375
2 0.4828125 0.634375 0.0484375 0.0484375
2 0.3921875 0.58984375 0.0484375 0.0484375
2 0.3875 0.690625 0.0484375 0.0484375
2 0.29765625 0.64375 0.0375 0.0375
2 0.2875 0.759375 0.0359375 0.0359375
2 0.115625 0.628125 0.0359375 0.0375
1 0.121875 0.73515625 0.0859375 0.0859375
2 0.196875 0.68359375 0.02421875 0.025
1 0.48515625 0.74140625 0.09765625 0.09765625
1 0.47578125 0.853125 0.11015625 0.11015625
1 0.3875 0.79453125 0.11015625 0.11015625
1 0.3921875 0.9234375 0.11015625 0.11015625
1 0.3046875 0.87890625 0.09765625 0.09765625
1 0.2125 0.8109375 0.09765625 0.0984375
1 0.2140625 0.91484375 0.09765625 0.09765625
1 0.1140625 0.8484375 0.109375 0.1109375
2 0.5703125 0.68125 0.0484375 0.05
3 0.946875 0.040625 0.0734375 0.0734375
1 0.86328125 0.21484375 0.09765625 0.09765625
1 0.86796875 0.1375 0.09765625 0.0984375
2 0.76640625 0.16171875 0.0734375 0.0734375
1 0.77265625 0.26015625 0.09765625 0.0984375
1 0.5875 0.071875 0.109375 0.11015625
1 0.58515625 0.18984375 0.09765625 0.0984375
1 0.48671875 0.1296875 0.08515625 0.0859375
1 0.39140625 0.178125 0.08515625 0.0859375
1 0.3890625 0.07109375 0.09765625 0.09765625
1 0.21796875 0.075 0.08515625 0.0859375
1 0.209375 0.1546875 0.0859375 0.0859375
2 0.08359375 0.2375 0.06171875 0.06171875