1 0.071875 0.11484375 0.09765625 0.0984375
1 0.0734375 0.22578125 0.09765625 0.0984375
1 0.07734375 0.32734375 0.09765625 0.0984375
1 0.1671875 0.053125 0.09765625 0.0984375
1 0.16875 0.16640625 0.09765625 0.0984375
1 0.165625 0.2796875 0.09765625 0.0984375
1 0.16640625 0.39375 0.121875 0.121875
1 0.2640625 0.1078125 0.109375 0.11015625
1 0.2609375 0.228125 0.121875 0.1234375
1 0.26640625 0.33828125 0.109375 0.11015625
1 0.2609375 0.44765625 0.09765625 0.0984375
1 0.3578125 0.05546875 0.09765625 0.09765625
1 0.35625 0.171875 0.11015625 0.1109375
1 0.35234375 0.284375 0.121875 0.1234375
1 0.3546875 0.3859375 0.109375 0.11015625
1 0.45390625 0.1140625 0.11015625 0.1109375
1 0.44609375 0.22734375 0.121875 0.1234375
1 0.44609375 0.33515625 0.11015625 0.11015625
1 0.540625 0.06328125 0.09765625 0.0984375
1 0.55078125 0.1734375 0.109375 0.11015625
1 0.5484375 0.28515625 0.121875 0.1234375
2 0.54765625 0.396875 0.06171875 0.06171875
1 0.45078125 0.45 0.11015625 0.11015625
1 0.646875 0.1203125 0.121875 0.1234375
1 0.63984375 0.22890625 0.109375 0.11015625
1 0.64296875 0.34375 0.121875 0.1234375
1 0.6453125 0.45 0.109375 0.1109375
1 0.7359375 0.0640625 0.11015625 0.11015625
1 0.728125 0.16796875 0.121875 0.1234375
1 0.73671875 0.290625 0.11015625 0.11015625
1 0.7375 0.39375 0.121875 0.1234375
1 0.8265625 0.12265625 0.121875 0.121875
1 0.83046875 0.228125 0.121875 0.1234375
1 0.8296875 0.3453125 0.11015625 0.11015625
1 0.82578125 0.4484375 0.121875 0.1234375
1 0.9203125 0.0671875 0.109375 0.11015625
1 0.92109375 0.1765625 0.109375 0.11015625
1 0.92109375 0.284375 0.0859375 0.0859375
1 0.9265625 0.39765625 0.11015625 0.11015625
1 0.91484375 0.503125 0.11015625 0.11015625
1 0.92265625 0.61484375 0.09765625 0.0984375
1 0.92109375 0.7234375 0.09765625 0.0984375
1 0.915625 0.8359375 0.09765625 0.09765625
1 0.92109375 0.9421875 0.09765625 0.09765625
1 0.8265625 0.56015625 0.09765625 0.0984375
1 0.828125 0.665625 0.09765625 0.09765625
1 0.82734375 0.77421875 0.09765625 0.09765625
1 0.825 0.8859375 0.09765625 0.09765625
1 0.73359375 0.5046875 0.121875 0.1234375
1 0.73359375 0.61640625 0.09765625 0.09765625
1 0.73359375 0.7234375 0.09765625 0.09765625
1 0.73515625 0.8328125 0.09765625 0.09765625
1 0.7296875 0.94765625 0.09765625 0.0984375
1 0.6359375 0.56171875 0.09765625 0.09765625
1 0.6421875 0.671875 0.09765625 0.09765625
1 0.63359375 0.775 0.08515625 0.0859375
1 0.63359375 0.88359375 0.08515625 0.0859375
1 0.55 0.5 0.11015625 0.1109375
1 0.54609375 0.615625 0.09765625 0.09765625
1 0.54453125 0.715625 0.0734375 0.07421875
1 0.5421875 0.83125 0.09765625 0.0984375
1 0.44921875 0.5609375 0.109375 0.11015625
1 0.44921875 0.66640625 0.09765625 0.0984375
1 0.4453125 0.7734375 0.0859375 0.0859375
1 0.45390625 0.88359375 0.121875 0.121875
1 0.35625 0.496875 0.109375 0.11015625
1 0.3609375 0.6109375 0.11015625 0.11015625
1 0.3578125 0.72109375 0.11015625 0.11015625
1 0.35703125 0.825 0.121875 0.121875
1 0.35234375 0.9390625 0.11015625 0.11015625
1 0.26484375 0.559375 0.09765625 0.0984375
1 0.25859375 0.6671875 0.09765625 0.0984375
1 0.26171875 0.778125 0.09765625 0.0984375
1 0.26484375 0.87578125 0.09765625 0.0984375
1 0.175 0.49765625 0.09765625 0.0984375
1 0.165625 0.60859375 0.0859375 0.08671875
1 0.16328125 0.71796875 0.0859375 0.0859375
1 0.165625 0.82890625 0.09765625 0.0984375
1 0.1640625 0.9421875 0.109375 0.11015625
1 0.07578125 0.4421875 0.121875 0.121875
1 0.07578125 0.55234375 0.121875 0.121875
1 0.07421875 0.66171875 0.09765625 0.0984375
1 0.07421875 0.771875 0.109375 0.11015625
1 0.07734375 0.896875 0.09765625 0.09765625