2 0.32890625 0.56875 0.06171875 0.06171875
2 0.925 0.9109375 0.0609375 0.06171875
2 0.828125 0.83515625 0.0484375 0.0484375
1 0.059375 0.0734375 0.09765625 0.0984375
1 0.2609375 0.071875 0.09765625 0.0984375
1 0.1578125 0.12109375 0.0859375 0.0859375
1 0.259375 0.184375 0.11015625 0.11015625
1 0.35234375 0.121875 0.08515625 0.0859375
1 0.45703125 0.0578125 0.09765625 0.0984375
1 0.453125 0.18046875 0.09765625 0.0984375
1 0.54765625 0.11875 0.121875 0.1234375
1 0.63515625 0.07109375 0.11015625 0.11015625
1 0.6359375 0.18125 0.121875 0.1234375
1 0.7390625 0.11953125 0.109375 0.11015625
1 0.82734375 0.06640625 0.121875 0.1234375
1 0.8265625 0.184375 0.109375 0.11015625
1 0.9328125 0.11015625 0.121875 0.1234375
1 0.9296875 0.4296875 0.109375 0.1109375
1 0.9265625 0.5515625 0.121875 0.1234375
1 0.934375 0.66015625 0.121875 0.1234375
1 0.825 0.27734375 0.09765625 0.09765625
1 0.834375 0.3828125 0.09765625 0.09765625
1 0.828125 0.51015625 0.09765625 0.0984375
1 0.83046875 0.6125 0.11015625 0.11015625
1 0.7390625 0.22265625 0.09765625 0.09765625
1 0.7375 0.35390625 0.11015625 0.11015625
1 0.734375 0.4578125 0.09765625 0.0984375
1 0.7296875 0.5640625 0.09765625 0.0984375
1 0.734375 0.684375 0.0859375 0.08671875
1 0.6375 0.28671875 0.11015625 0.11015625
1 0.634375 0.4015625 0.11015625 0.11015625
1 0.634375 0.51015625 0.121875 0.121875
1 0.634375 0.6265625 0.121875 0.121875
1 0.540625 0.2328125 0.109375 0.11015625
1 0.5375 0.33046875 0.09765625 0.0984375
1 0.54765625 0.44453125 0.09765625 0.0984375
1 0.5453125 0.5609375 0.09765625 0.0984375
1 0.5421875 0.6859375 0.09765625 0.0984375
1 0.4421875 0.28671875 0.09765625 0.0984375
1 0.44453125 0.38984375 0.09765625 0.0984375
1 0.44921875 0.50859375 0.09765625 0.0984375
1 0.353125 0.22734375 0.08515625 0.08671875
2 0.24296875 0.28359375 0.0484375 0.05
1 0.1625 0.24140625 0.09765625 0.0984375
1 0.728125 0.77734375 0.08515625 0.0859375
1 0.72734375 0.89140625 0.09765625 0.0984375
1 0.621875 0.93359375 0.0859375 0.0859375
1 0.63359375 0.84375 0.0859375 0.0859375
1 0.640625 0.73359375 0.0859375 0.0859375
1 0.55 0.7859375 0.09765625 0.0984375
2 0.3546875 0.88828125 0.0609375 0.06171875
2 0.3515625 0.7875 0.0484375 0.05
2 0.92890625 0.78359375 0.0609375 0.06171875
3 0.82890625 0.7375 0.0484375 0.0484375
2 0.83046875 0.94765625 0.02421875 0.02421875
2 0.43671875 0.73515625 0.0359375 0.0375
2 0.35703125 0.6703125 0.0359375 0.0375
2 0.25390625 0.725 0.0375 0.0375
2 0.15625 0.778125 0.0375 0.0359375
2 0.05625 0.825 0.0359375 0.0359375
2 0.034375 0.94921875 0.0359375 0.0375
2 0.15078125 0.90078125 0.0359375 0.0359375
2 0.26953125 0.84296875 0.0484375 0.05
2 0.2703125 0.93203125 0.0375 0.0359375
2 0.53125 0.8953125 0.0484375 0.0484375
2 0.43828125 0.8328125 0.0484375 0.0484375
2 0.4390625 0.934375 0.0359375 0.0375
1 0.05078125 0.2640625 0.0375 0.0375
2 0.0421875 0.4109375 0.0375 0.0375
2 0.190625 0.36796875 0.0375 0.0375
2 0.240625 0.49375 0.0359375 0.0375
2 0.3484375 0.35 0.0375 0.0375
2 0.159375 0.55390625 0.0375 0.0375
2 0.253125 0.5953125 0.02421875 0.02421875
2 0.103125 0.67109375 0.0359375 0.0359375
2 0.44375 0.62109375 0.0375 0.0375
1 0.0671875 0.1828125 0.09765625 0.09765625