2 0.11328125 0.7765625 0.0484375 0.0484375
2 0.10859375 0.5640625 0.0484375 0.05
1 0.1171875 0.13046875 0.109375 0.11015625
1 0.20859375 0.18125 0.11015625 0.11015625
1 0.2046875 0.065625 0.11015625 0.1109375
1 0.31484375 0.12578125 0.11015625 0.1109375
1 0.396875 0.071875 0.109375 0.11015625
1 0.4046875 0.16796875 0.121875 0.1234375
1 0.50546875 0.15703125 0.121875 0.1234375
1 0.6 0.05703125 0.11015625 0.11015625
3 0.77890625 0.18515625 0.121875 0.121875
1 0.8765625 0.13515625 0.109375 0.11015625
1 0.87578125 0.2359375 0.09765625 0.0984375
1 0.875 0.34609375 0.109375 0.11015625
1 0.87578125 0.45390625 0.109375 0.11015625
1 0.87421875 0.5671875 0.109375 0.11015625
3 0.784375 0.284375 0.09765625 0.0984375
1 0.78671875 0.39296875 0.11015625 0.11015625
1 0.78359375 0.5171875 0.11015625 0.11015625
1 0.778125 0.62734375 0.11015625 0.11015625
1 0.69609375 0.24765625 0.09765625 0.0984375
1 0.684375 0.34296875 0.09765625 0.0984375
1 0.68046875 0.46171875 0.09765625 0.0984375
1 0.590625 0.3078125 0.121875 0.1234375
1 0.5890625 0.3953125 0.09765625 0.0984375
1 0.58671875 0.50703125 0.09765625 0.09765625
1 0.58515625 0.61328125 0.09765625 0.09765625
1 0.5703125 0.73359375 0.09765625 0.09765625
1 0.67890625 0.56328125 0.11015625 0.11015625
1 0.6796875 0.6828125 0.109375 0.1109375
1 0.7765625 0.7328125 0.11015625 0.11015625
1 0.86875 0.67734375 0.11015625 0.11015625
1 0.48671875 0.359375 0.121875 0.1234375
1 0.4015625 0.39140625 0.11015625 0.1109375
1 0.3078125 0.4421875 0.121875 0.1234375
1 0.2046875 0.50703125 0.109375 0.11015625
1 0.2984375 0.55 0.09765625 0.0984375
1 0.3953125 0.5 0.09765625 0.09765625
1 0.2140625 0.6109375 0.109375 0.11015625
1 0.21015625 0.7296875 0.08515625 0.0859375
1 0.3046875 0.675 0.09765625 0.0984375
1 0.3921875 0.6125 0.11015625 0.11015625
1 0.39140625 0.72734375 0.11015625 0.11015625
1 0.49375 0.6703125 0.121875 0.1234375
1 0.4953125 0.5625 0.121875 0.1234375
2 0.10859375 0.4390625 0.0484375 0.0484375
1 0.86796875 0.89765625 0.09765625 0.0984375
1 0.87265625 0.78984375 0.11015625 0.11015625
1 0.77109375 0.83359375 0.11015625 0.11015625
1 0.7796875 0.93984375 0.109375 0.11015625
1 0.67734375 0.90546875 0.121875 0.1234375
1 0.6875 0.7921875 0.109375 0.11015625
1 0.58515625 0.8453125 0.109375 0.11015625
1 0.39296875 0.834375 0.121875 0.1234375
1 0.49609375 0.90546875 0.09765625 0.0984375
1 0.49765625 0.7828125 0.121875 0.1234375
1 0.3 0.8953125 0.109375 0.1109375
1 0.303125 0.78125 0.109375 0.1109375
1 0.21171875 0.83671875 0.09765625 0.09765625
2 0.1109375 0.234375 0.0484375 0.0484375
2 0.1078125 0.34296875 0.0484375 0.0484375
2 0.0265625 0.403125 0.0484375 0.05
2 0.03203125 0.18125 0.0484375 0.0484375
2 0.1078125 0.66640625 0.02421875 0.02421875
2 0.10234375 0.8921875 0.0484375 0.0484375