2 0.95234375 0.5609375 0.0734375 0.07421875
2 0.8859375 0.8390625 0.0484375 0.0484375
2 0.88203125 0.94609375 0.0484375 0.0484375
2 0.88125 0.7234375 0.06171875 0.06171875
2 0.95625 0.8875 0.0375 0.0375
2 0.95625 0.7734375 0.0734375 0.07421875
2 0.95625 0.671875 0.0734375 0.07421875
2 0.48515625 0.15234375 0.0859375 0.0859375
2 0.68125 0.0796875 0.0609375 0.06171875
2 0.68046875 0.18125 0.0734375 0.07421875
2 0.35625 0.53359375 0.0484375 0.05
2 0.67890625 0.81953125 0.0484375 0.05
2 0.76875 0.76796875 0.06171875 0.06171875
2 0.5671875 0.8625 0.0609375 0.06171875
2 0.67578125 0.91875 0.0484375 0.05
2 0.57109375 0.7828125 0.0609375 0.06171875
2 0.67578125 0.721875 0.0375 0.0375
2 0.76484375 0.88359375 0.0484375 0.05
2 0.57109375 0.6609375 0.0484375 0.05
2 0.778125 0.665625 0.0359375 0.0375
2 0.96171875 0.45625 0.0484375 0.0484375
2 0.9671875 0.1265625 0.06171875 0.06171875
2 0.8875 0.06484375 0.0484375 0.05
1 0.484375 0.06015625 0.09765625 0.0984375
1 0.37890625 0.10234375 0.0859375 0.0859375
2 0.1109375 0.05703125 0.0609375 0.06171875
2 0.8890625 0.15703125 0.0484375 0.05
2 0.684375 0.27734375 0.02421875 0.025
2 0.78515625 0.221875 0.0484375 0.0484375
2 0.7796875 0.10390625 0.0484375 0.05
2 0.9625 0.228125 0.0484375 0.05
2 0.9578125 0.3421875 0.0484375 0.0484375
2 0.884375 0.38515625 0.02421875 0.02421875
2 0.8890625 0.51015625 0.02421875 0.02421875
2 0.89140625 0.625 0.02421875 0.025
2 0.775 0.55234375 0.02421875 0.02421875
2 0.775 0.3140625 0.02421875 0.02421875
2 0.18125 0.596875 0.0484375 0.0484375
2 0.1796875 0.703125 0.0484375 0.0484375
2 0.17265625 0.8 0.0375 0.0375
2 0.1734375 0.8890625 0.0375 0.0375
2 0.26640625 0.6375 0.0484375 0.0484375
2 0.26875 0.7515625 0.0609375 0.06171875
2 0.25859375 0.871875 0.0375 0.0375
2 0.33359375 0.76875 0.06171875 0.06171875
2 0.325 0.86796875 0.0484375 0.0484375
2 0.471875 0.70390625 0.02421875 0.02421875
2 0.471875 0.8109375 0.0359375 0.0375
2 0.57890625 0.22734375 0.0484375 0.0484375
2 0.58203125 0.3390625 0.0484375 0.0484375
2 0.4765625 0.59140625 0.0375 0.0359375
2 0.48125 0.475 0.0484375 0.0484375
2 0.48125 0.3703125 0.0484375 0.0484375
2 0.48828125 0.25859375 0.0484375 0.0484375
2 0.3703125 0.22421875 0.0234375 0.02421875
2 0.3640625 0.32734375 0.0484375 0.0484375
2 0.353125 0.43984375 0.0375 0.0359375
2 0.28515625 0.17109375 0.0484375 0.0484375
2 0.284375 0.28671875 0.02421875 0.02421875
2 0.278125 0.41328125 0.02421875 0.02421875
2 0.271875 0.528125 0.0484375 0.05
2 0.1921875 0.22421875 0.0359375 0.0359375
2 0.1921875 0.35390625 0.02421875 0.02421875
2 0.1859375 0.46328125 0.02421875 0.02421875
2 0.11796875 0.15390625 0.0375 0.0359375
2 0.12109375 0.27265625 0.0484375 0.05
2 0.115625 0.4046875 0.0375 0.0375
2 0.1171875 0.50703125 0.0484375 0.0484375
2 0.11484375 0.63671875 0.0359375 0.0375
2 0.028125 0.196875 0.0359375 0.0359375
2 0.5875 0.11640625 0.02421875 0.02421875
2 0.02734375 0.10078125 0.0375 0.0359375
2 0.28828125 0.0640625 0.0484375 0.0484375
2 0.19609375 0.103125 0.0359375 0.0375
2 0.11875 0.7515625 0.0484375 0.0484375
2 0.6828125 0.4984375 0.02421875 0.02421875
2 0.5671875 0.5859375 0.0359375 0.0375