2 0.29921875 0.4078125 0.06171875 0.06171875
2 0.28828125 0.29453125 0.06171875 0.06171875
2 0.09375 0.52265625 0.0609375 0.06171875
2 0.09296875 0.425 0.0609375 0.06171875
2 0.27578125 0.7546875 0.0734375 0.07421875
2 0.0875 0.7296875 0.0484375 0.0484375
2 0.1859375 0.696875 0.0484375 0.0484375
2 0.3953125 0.1375 0.06171875 0.06171875
2 0.3953125 0.2453125 0.0609375 0.06171875
2 0.384375 0.478125 0.06171875 0.06171875
2 0.384375 0.58046875 0.06171875 0.06171875
2 0.57890625 0.56796875 0.0609375 0.06171875
2 0.37734375 0.80703125 0.06171875 0.06171875
2 0.7703125 0.80546875 0.0484375 0.05
2 0.8703125 0.6171875 0.0484375 0.0484375
2 0.5578125 0.74453125 0.0734375 0.0734375
2 0.57890625 0.63828125 0.0484375 0.05
2 0.8734375 0.7359375 0.06171875 0.06171875
2 0.68046875 0.63515625 0.0609375 0.06171875
2 0.77109375 0.6921875 0.06171875 0.06171875
2 0.67109375 0.72734375 0.0734375 0.0734375
1 0.95 0.44453125 0.0734375 0.07421875
1 0.95 0.5453125 0.0859375 0.0859375
2 0.871875 0.52421875 0.0375 0.0375
2 0.77890625 0.58515625 0.0359375 0.0375
2 0.665625 0.8140625 0.0484375 0.05
2 0.4796875 0.2953125 0.0609375 0.06171875
2 0.4796875 0.40390625 0.0484375 0.05
2 0.478125 0.4984375 0.0484375 0.05
2 0.46875 0.62421875 0.0484375 0.05
2 0.47265625 0.7375 0.0484375 0.0484375
2 0.37734375 0.6921875 0.06171875 0.06171875
2 0.396875 0.36640625 0.0484375 0.05
2 0.1984375 0.35625 0.0375 0.0375
2 0.1875 0.46171875 0.0484375 0.0484375
2 0.18828125 0.5890625 0.0375 0.0375
2 0.08515625 0.6390625 0.0359375 0.0375
1 0.875 0.3 0.109375 0.11015625
1 0.8640625 0.4 0.109375 0.1109375
1 0.78671875 0.25625 0.121875 0.1234375
1 0.77578125 0.35546875 0.11015625 0.1109375
1 0.77421875 0.46171875 0.11015625 0.11015625
1 0.68828125 0.3015625 0.11015625 0.1109375
1 0.6890625 0.4046875 0.11015625 0.11015625
1 0.68046875 0.5171875 0.11015625 0.11015625
1 0.5890625 0.3390625 0.0859375 0.0859375
1 0.5890625 0.4453125 0.121875 0.1234375
1 0.8734375 0.0828125 0.09765625 0.0984375
1 0.8703125 0.19296875 0.109375 0.11015625
1 0.784375 0.1234375 0.09765625 0.09765625
1 0.690625 0.078125 0.09765625 0.09765625
1 0.6859375 0.1890625 0.11015625 0.1109375
1 0.58515625 0.23125 0.09765625 0.0984375
1 0.58515625 0.14140625 0.109375 0.1109375
2 0.48828125 0.08125 0.0484375 0.0484375
2 0.4828125 0.1859375 0.06171875 0.06171875
2 0.09765625 0.29765625 0.0375 0.0375
2 0.01328125 0.246875 0.02421875 0.02421875