2 0.0875 0.703125 0.0859375 0.0859375
2 0.09609375 0.0953125 0.06171875 0.06171875
2 0.10234375 0.178125 0.0484375 0.05
2 0.0890625 0.575 0.0734375 0.07421875
2 0.09140625 0.79765625 0.08515625 0.0859375
2 0.171875 0.14453125 0.0484375 0.0484375
2 0.1890625 0.734375 0.0734375 0.07421875
2 0.18125 0.0421875 0.0484375 0.0484375
2 0.1875 0.6390625 0.0609375 0.06171875
2 0.38203125 0.64375 0.08515625 0.0859375
2 0.69375 0.7984375 0.08515625 0.0859375
1 0.0796875 0.89921875 0.09765625 0.09765625
1 0.184375 0.85078125 0.109375 0.11015625
2 0.0953125 0.34765625 0.0484375 0.0484375
2 0.0921875 0.45234375 0.0484375 0.0484375
1 0.8796875 0.5890625 0.0859375 0.0859375
1 0.8734375 0.7046875 0.08515625 0.0859375
1 0.865625 0.8109375 0.09765625 0.09765625
1 0.86015625 0.92734375 0.09765625 0.0984375
1 0.775 0.6421875 0.0859375 0.0859375
1 0.77265625 0.753125 0.0859375 0.0859375
1 0.76484375 0.8734375 0.0859375 0.0859375
1 0.69140625 0.6765625 0.09765625 0.0984375
1 0.6875 0.58515625 0.09765625 0.0984375
1 0.57890625 0.603125 0.0859375 0.0859375
1 0.38203125 0.84296875 0.121875 0.1234375
1 0.2921875 0.80078125 0.109375 0.1109375
1 0.27421875 0.9203125 0.121875 0.121875
1 0.4765625 0.9140625 0.109375 0.1109375
1 0.565625 0.8625 0.08515625 0.0859375
2 0.61328125 0.025 0.0484375 0.0484375
2 0.81328125 0.028125 0.02421875 0.02421875