2 0.0390625 0.9671875 0.0484375 0.0484375
2 0.6375 0.15625 0.0859375 0.0859375
2 0.834375 0.08359375 0.0609375 0.06171875
2 0.8328125 0.1859375 0.0734375 0.07421875
2 0.50859375 0.5375 0.0484375 0.05
2 0.83125 0.8234375 0.0484375 0.05
2 0.92109375 0.771875 0.06171875 0.06171875
2 0.71953125 0.86640625 0.0609375 0.06171875
2 0.828125 0.92265625 0.0484375 0.05
2 0.7234375 0.78671875 0.0609375 0.06171875
2 0.828125 0.72578125 0.0375 0.0375
2 0.9171875 0.8875 0.0484375 0.05
2 0.7234375 0.66484375 0.0484375 0.05
2 0.93046875 0.6703125 0.0359375 0.0375
1 0.63671875 0.0640625 0.09765625 0.0984375
1 0.53125 0.10625 0.0859375 0.0859375
2 0.2640625 0.0609375 0.0609375 0.06171875
2 0.83671875 0.28125 0.02421875 0.025
2 0.9375 0.22578125 0.0484375 0.0484375
2 0.93125 0.1078125 0.0484375 0.05
2 0.92734375 0.55625 0.02421875 0.02421875
2 0.92734375 0.31796875 0.02421875 0.02421875
2 0.334375 0.60078125 0.0484375 0.0484375
2 0.33203125 0.70703125 0.0484375 0.0484375
2 0.325 0.80390625 0.0375 0.0375
2 0.3265625 0.8921875 0.0375 0.0375
2 0.41875 0.64140625 0.0484375 0.0484375
2 0.42109375 0.75546875 0.0609375 0.06171875
2 0.4109375 0.87578125 0.0375 0.0375
2 0.4859375 0.77265625 0.06171875 0.06171875
2 0.47734375 0.871875 0.0484375 0.0484375
2 0.62421875 0.7078125 0.02421875 0.02421875
2 0.62421875 0.8140625 0.0359375 0.0375
2 0.04609375 0.853125 0.0375 0.0375
2 0.1078125 0.81640625 0.0359375 0.0375
2 0.05546875 0.74296875 0.0375 0.0375
2 0.06171875 0.62109375 0.0375 0.0375
2 0.73125 0.23125 0.0484375 0.0484375
2 0.734375 0.34296875 0.0484375 0.0484375
2 0.62890625 0.5953125 0.0375 0.0359375
2 0.63359375 0.478125 0.0484375 0.0484375
2 0.63359375 0.37421875 0.0484375 0.0484375
2 0.640625 0.2625 0.0484375 0.0484375
2 0.52265625 0.228125 0.0234375 0.02421875
2 0.51640625 0.33125 0.0484375 0.0484375
2 0.50625 0.44375 0.0375 0.0359375
2 0.4375 0.175 0.0484375 0.0484375
2 0.43671875 0.290625 0.02421875 0.02421875
2 0.43046875 0.4171875 0.02421875 0.02421875
2 0.4234375 0.53203125 0.0484375 0.05
2 0.34453125 0.228125 0.0359375 0.0359375
2 0.34453125 0.3578125 0.02421875 0.02421875
2 0.33828125 0.4671875 0.02421875 0.02421875
2 0.2703125 0.1578125 0.0375 0.0359375
2 0.2734375 0.2765625 0.0484375 0.05
2 0.2671875 0.4078125 0.0375 0.0375
2 0.26953125 0.5109375 0.0484375 0.0484375
2 0.2671875 0.640625 0.0359375 0.0375
2 0.18046875 0.20078125 0.0359375 0.0359375
2 0.73984375 0.1203125 0.02421875 0.02421875
2 0.06015625 0.0734375 0.0359375 0.0359375
2 0.1796875 0.1046875 0.0375 0.0359375
2 0.440625 0.06875 0.0484375 0.0484375
2 0.3484375 0.1078125 0.0359375 0.0375
2 0.271875 0.75625 0.0484375 0.0484375
2 0.83515625 0.50234375 0.02421875 0.02421875
2 0.71953125 0.58984375 0.0359375 0.0375