2 0.065625 0.846875 0.0484375 0.05
2 0.34375 0.884375 0.0484375 0.05
2 0.15390625 0.91328125 0.06171875 0.06171875
2 0.35234375 0.3375 0.0484375 0.0484375
2 0.346875 0.44296875 0.06171875 0.06171875
2 0.35234375 0.240625 0.06171875 0.06171875
2 0.35078125 0.12734375 0.0609375 0.06171875
2 0.35 0.55703125 0.06171875 0.06171875
2 0.34375 0.771875 0.0609375 0.06171875
2 0.34765625 0.6578125 0.0609375 0.06171875
2 0.42265625 0.7375 0.0484375 0.0484375
2 0.84453125 0.20390625 0.0484375 0.0484375
2 0.73515625 0.15 0.0484375 0.0484375
2 0.4421875 0.07421875 0.0484375 0.0484375
2 0.43125 0.39765625 0.04765625 0.05
2 0.84296875 0.31875 0.0484375 0.05
2 0.53046875 0.4515625 0.0734375 0.07421875
2 0.64453125 0.1921875 0.0484375 0.0484375
2 0.65078125 0.31171875 0.06171875 0.06171875
2 0.73046875 0.36328125 0.0484375 0.0484375
2 0.43828125 0.1859375 0.0609375 0.06171875
2 0.925 0.48359375 0.06171875 0.06171875
2 0.5359375 0.3390625 0.0609375 0.06171875
2 0.428125 0.6265625 0.0734375 0.0734375
2 0.53671875 0.67109375 0.06171875 0.06171875
2 0.925 0.371875 0.0484375 0.05
2 0.53828125 0.25078125 0.06171875 0.0609375
2 0.54375 0.13203125 0.0609375 0.06171875
2 0.41875 0.95234375 0.0484375 0.05
2 0.2671875 0.2828125 0.06171875 0.06171875
2 0.17578125 0.14765625 0.0375 0.0375
2 0.1609375 0.79375 0.06171875 0.06171875
2 0.265625 0.1828125 0.0484375 0.05
2 0.26328125 0.409375 0.06171875 0.06171875
2 0.259375 0.5015625 0.0484375 0.0484375
2 0.26796875 0.0875 0.06171875 0.06171875
2 0.7375 0.0328125 0.0484375 0.0484375
2 0.92890625 0.0359375 0.0484375 0.0484375
2 0.92578125 0.2734375 0.0375 0.0375
2 0.928125 0.14765625 0.0484375 0.0484375
2 0.8421875 0.09140625 0.02421875 0.02421875
2 0.66484375 0.42890625 0.0484375 0.05
2 0.64609375 0.084375 0.02421875 0.02421875
2 0.54375 0.02421875 0.02421875 0.02421875
1 0.43515625 0.303125 0.0359375 0.0375
1 0.43125 0.5046875 0.08515625 0.0859375
2 0.72578125 0.46328125 0.0484375 0.05
2 0.73125 0.79453125 0.02421875 0.02421875
2 0.728125 0.590625 0.02421875 0.02421875
2 0.53046875 0.7875 0.0375 0.0375
2 0.65390625 0.76171875 0.0359375 0.0375
2 0.53359375 0.53828125 0.02421875 0.02421875
2 0.64921875 0.971875 0.0375 0.0375
2 0.53203125 0.90625 0.0375 0.0375
2 0.4234375 0.8484375 0.0484375 0.0484375
2 0.6453125 0.865625 0.0375 0.0375
2 0.1703125 0.021875 0.0359375 0.0359375
2 0.16875 0.24609375 0.0375 0.0375
2 0.1671875 0.3625 0.0375 0.0375
2 0.16875 0.4671875 0.0375 0.0375
2 0.16484375 0.5640625 0.0375 0.0375
2 0.08984375 0.1875 0.0484375 0.0484375
2 0.0859375 0.3 0.0609375 0.06171875
2 0.0734375 0.615625 0.0359375 0.0375
2 0.06953125 0.74375 0.0484375 0.05
2 0.25390625 0.82890625 0.0375 0.0375