2 0.08828125 0.5890625 0.0734375 0.0734375
2 0.1015625 0.06328125 0.0609375 0.06171875
2 0.1828125 0.6515625 0.0734375 0.0734375
2 0.0921875 0.4734375 0.0609375 0.0609375
2 0.27578125 0.37109375 0.0734375 0.07421875
2 0.0984375 0.1390625 0.06171875 0.06171875
2 0.26796875 0.58046875 0.0734375 0.0734375
2 0.18515625 0.315625 0.06171875 0.06171875
2 0.190625 0.409375 0.0609375 0.06171875
2 0.190625 0.10234375 0.0609375 0.06171875
2 0.36328125 0.67578125 0.0859375 0.0859375
2 0.371875 0.06796875 0.06171875 0.06171875
2 0.2875 0.053125 0.06171875 0.06171875
2 0.27421875 0.71015625 0.0734375 0.0734375
2 0.29375 0.13046875 0.0484375 0.05
2 0.378125 0.15078125 0.0484375 0.05
2 0.36484375 0.54765625 0.0734375 0.07421875
2 0.36640625 0.7703125 0.08515625 0.0859375
2 0.26484375 0.903125 0.0734375 0.07421875
2 0.27109375 0.8171875 0.0734375 0.07421875
2 0.446875 0.1171875 0.0484375 0.0484375
2 0.4640625 0.70703125 0.0734375 0.07421875
2 0.4625 0.61171875 0.0609375 0.06171875
2 0.6578125 0.61640625 0.08515625 0.0859375
1 0.35546875 0.871875 0.09765625 0.09765625
1 0.3578125 0.95390625 0.08515625 0.0859375
1 0.459375 0.928125 0.121875 0.1234375
1 0.46015625 0.8234375 0.109375 0.11015625
3 0.18125 0.5328125 0.06171875 0.06171875
1 0.178125 0.77421875 0.08515625 0.0859375
1 0.1796875 0.8640625 0.0859375 0.0859375
1 0.09296875 0.69453125 0.08515625 0.08671875
1 0.0875 0.821875 0.0859375 0.0859375
1 0.08515625 0.909375 0.0859375 0.0859375
2 0.37109375 0.3203125 0.0484375 0.0484375
2 0.3671875 0.425 0.0484375 0.0484375
1 0.27578125 0.465625 0.0734375 0.07421875
1 0.09609375 0.35546875 0.08515625 0.0859375
1 0.8546875 0.5765625 0.0859375 0.0859375
1 0.6578125 0.815625 0.121875 0.1234375
3 0.65390625 0.93515625 0.11015625 0.11015625
1 0.5671875 0.7734375 0.109375 0.1109375
1 0.54921875 0.89296875 0.121875 0.121875
1 0.7515625 0.88671875 0.109375 0.1109375
1 0.84609375 0.9375 0.08515625 0.0859375
1 0.84140625 0.83515625 0.08515625 0.0859375