1 0.86484375 0.2796875 0.121875 0.1234375
1 0.8703125 0.16328125 0.09765625 0.09765625
1 0.775 0.11796875 0.121875 0.1234375
1 0.77265625 0.23515625 0.121875 0.1234375
1 0.76328125 0.34765625 0.121875 0.1234375
1 0.6828125 0.0578125 0.11015625 0.1109375
3 0.6765625 0.1765625 0.109375 0.11015625
1 0.67578125 0.28984375 0.109375 0.11015625
1 0.58515625 0.34140625 0.109375 0.11015625
1 0.58515625 0.2203125 0.109375 0.11015625
1 0.5921875 0.1203125 0.109375 0.11015625
1 0.48515625 0.05703125 0.109375 0.11015625
1 0.4828125 0.18046875 0.11015625 0.11015625
1 0.47734375 0.28359375 0.11015625 0.11015625
1 0.39140625 0.34296875 0.11015625 0.11015625
1 0.38125 0.2296875 0.11015625 0.11015625
1 0.39140625 0.11640625 0.11015625 0.11015625
1 0.3046875 0.06171875 0.09765625 0.0984375
1 0.29609375 0.18125 0.0734375 0.0734375
1 0.296875 0.2875 0.09765625 0.0984375
1 0.203125 0.3484375 0.09765625 0.09765625
2 0.1234375 0.29609375 0.0359375 0.0375
1 0.20625 0.10625 0.0859375 0.0859375
1 0.20390625 0.23125 0.0859375 0.0859375
1 0.68359375 0.39609375 0.109375 0.11015625
1 0.48671875 0.3921875 0.11015625 0.11015625
1 0.3890625 0.45625 0.109375 0.11015625
1 0.284375 0.40546875 0.121875 0.1234375
1 0.196875 0.46796875 0.0734375 0.07421875
1 0.2921875 0.50625 0.109375 0.11015625
1 0.5921875 0.46015625 0.11015625 0.11015625
1 0.29140625 0.60546875 0.08515625 0.0859375
1 0.278125 0.71796875 0.121875 0.1234375
1 0.2859375 0.84140625 0.09765625 0.0984375
1 0.384375 0.5609375 0.109375 0.11015625
1 0.38671875 0.6734375 0.09765625 0.0984375
1 0.38671875 0.78828125 0.109375 0.11015625
1 0.38046875 0.88984375 0.11015625 0.11015625
1 0.48203125 0.5046875 0.11015625 0.11015625
1 0.48203125 0.61484375 0.11015625 0.11015625
1 0.48515625 0.73203125 0.121875 0.121875
1 0.4828125 0.84140625 0.09765625 0.0984375
1 0.57734375 0.55390625 0.11015625 0.11015625
1 0.5703125 0.6734375 0.09765625 0.0984375
1 0.571875 0.7875 0.09765625 0.0984375
1 0.5703125 0.89765625 0.09765625 0.0984375
1 0.66875 0.50703125 0.109375 0.1109375
1 0.67109375 0.61640625 0.109375 0.11015625
1 0.678125 0.73125 0.121875 0.1234375
1 0.6890625 0.8375 0.11015625 0.11015625
1 0.77890625 0.453125 0.121875 0.1234375
1 0.7765625 0.5453125 0.121875 0.1234375
1 0.771875 0.6765625 0.121875 0.1234375
1 0.771875 0.7890625 0.121875 0.1234375
1 0.86640625 0.39375 0.121875 0.1234375
1 0.8703125 0.490625 0.121875 0.1234375
1 0.86640625 0.60859375 0.121875 0.1234375
1 0.85703125 0.71875 0.121875 0.1234375
1 0.86328125 0.8375 0.109375 0.11015625
2 0.8578125 0.94140625 0.0484375 0.0484375
2 0.678125 0.95625 0.0484375 0.0484375
2 0.778125 0.8890625 0.0484375 0.0484375
2 0.290625 0.9421875 0.0375 0.0359375
2 0.1890625 0.92265625 0.0359375 0.0375
2 0.109375 0.9484375 0.0375 0.0375
2 0.11015625 0.83203125 0.0375 0.0375