2 0.10546875 0.734375 0.0484375 0.0484375
2 0.0390625 0.0703125 0.0484375 0.0484375
2 0.025 0.1546875 0.0484375 0.0484375
2 0.1234375 0.0875 0.0359375 0.0375
2 0.10390625 0.840625 0.06171875 0.06171875
2 0.1046875 0.9390625 0.0484375 0.05
2 0.8984375 0.3109375 0.0859375 0.0859375
2 0.76953125 0.6921875 0.0484375 0.05
1 0.89765625 0.1046875 0.08515625 0.0859375
1 0.89765625 0.21796875 0.09765625 0.0984375
1 0.7921875 0.2609375 0.0859375 0.0859375
1 0.80390625 0.17109375 0.0859375 0.0859375
1 0.8109375 0.0609375 0.0859375 0.0859375
1 0.71953125 0.1125 0.09765625 0.0984375
2 0.52421875 0.215625 0.0609375 0.06171875
2 0.521875 0.11484375 0.0484375 0.05
2 0.59453125 0.7546875 0.0484375 0.0484375
2 0.59296875 0.8609375 0.0484375 0.0484375
2 0.5859375 0.9578125 0.0375 0.0375
2 0.6796875 0.79609375 0.0484375 0.0484375
2 0.68125 0.909375 0.0609375 0.06171875
2 0.746875 0.92734375 0.06171875 0.06171875
2 0.88515625 0.86171875 0.02421875 0.02421875
2 0.88515625 0.96875 0.0359375 0.0375
2 0.215625 0.796875 0.0484375 0.0484375
2 0.2140625 0.884375 0.0484375 0.0484375
2 0.36875 0.9703125 0.0359375 0.0375
2 0.31640625 0.89765625 0.0375 0.0375
2 0.321875 0.775 0.0375 0.0375
2 0.88984375 0.74921875 0.0375 0.0359375
2 0.89453125 0.6328125 0.0484375 0.0484375
2 0.89453125 0.528125 0.0484375 0.0484375
2 0.9015625 0.4171875 0.0484375 0.0484375
2 0.7828125 0.38203125 0.0234375 0.02421875
2 0.77734375 0.48515625 0.0484375 0.0484375
2 0.76640625 0.5984375 0.0375 0.0359375
2 0.6984375 0.32890625 0.0484375 0.0484375
2 0.69765625 0.44453125 0.02421875 0.02421875
2 0.690625 0.571875 0.02421875 0.02421875
2 0.684375 0.6859375 0.0484375 0.05
2 0.6046875 0.38203125 0.0359375 0.0359375
2 0.6046875 0.5125 0.02421875 0.02421875
2 0.59921875 0.621875 0.02421875 0.02421875
2 0.53125 0.31171875 0.0375 0.0359375
2 0.534375 0.43125 0.0484375 0.05
2 0.528125 0.5625 0.0375 0.0375
2 0.53046875 0.66484375 0.0484375 0.0484375
2 0.528125 0.7953125 0.0359375 0.0375
2 0.440625 0.3546875 0.0359375 0.0359375
1 0.20703125 0.684375 0.0484375 0.0484375
2 0.60703125 0.0625 0.0359375 0.0375
2 0.4234375 0.0515625 0.0375 0.0375
2 0.3265625 0.1046875 0.0375 0.0359375
2 0.22578125 0.1515625 0.0359375 0.0359375
2 0.2046875 0.2765625 0.0359375 0.0375
2 0.32109375 0.228125 0.0359375 0.0359375
2 0.4390625 0.1703125 0.0484375 0.05
2 0.440625 0.259375 0.0375 0.0359375
2 0.7015625 0.22265625 0.0484375 0.0484375
2 0.60859375 0.16015625 0.0484375 0.0484375
2 0.60859375 0.26171875 0.0359375 0.0375
2 0.0296875 0.3 0.02421875 0.025
2 0.1109375 0.3 0.0359375 0.0375
2 0.034375 0.51640625 0.0359375 0.0375
2 0.03984375 0.60625 0.0359375 0.0375
2 0.0296875 0.7 0.0359375 0.0375
2 0.02109375 0.8015625 0.0359375 0.0359375
2 0.10546875 0.6390625 0.0375 0.0375
2 0.10546875 0.55390625 0.0375 0.0375
2 0.1046875 0.48046875 0.0375 0.0375
2 0.53203125 0.91015625 0.0484375 0.0484375
2 0.9796875 0.74375 0.0359375 0.0375