3 0.62578125 0.4203125 0.09765625 0.0984375
2 0.05546875 0.415625 0.0484375 0.0484375
2 0.05546875 0.534375 0.0609375 0.06171875
2 0.05625 0.309375 0.0484375 0.0484375
2 0.05625 0.86640625 0.06171875 0.06171875
2 0.14921875 0.584375 0.0484375 0.05
2 0.0546875 0.6296875 0.0609375 0.06171875
2 0.065625 0.7484375 0.0734375 0.0734375
1 0.8203125 0.090625 0.109375 0.11015625
1 0.62734375 0.08515625 0.11015625 0.11015625
1 0.44765625 0.0890625 0.121875 0.1234375
1 0.26015625 0.08515625 0.11015625 0.1109375
1 0.0640625 0.08515625 0.109375 0.1109375
1 0.91484375 0.46796875 0.11015625 0.1109375
1 0.91484375 0.3703125 0.0734375 0.07421875
1 0.91953125 0.26640625 0.121875 0.1234375
1 0.91484375 0.14296875 0.109375 0.11015625
1 0.90390625 0.696875 0.121875 0.1234375
1 0.909375 0.81328125 0.121875 0.1234375
1 0.90390625 0.91328125 0.121875 0.121875
1 0.90078125 0.5890625 0.11015625 0.11015625
1 0.80390625 0.5359375 0.11015625 0.11015625
1 0.815625 0.64296875 0.109375 0.11015625
1 0.80546875 0.74921875 0.109375 0.11015625
1 0.80546875 0.8578125 0.109375 0.11015625
1 0.05390625 0.1765625 0.08515625 0.0859375
1 0.14921875 0.1390625 0.11015625 0.11015625
1 0.2484375 0.20390625 0.109375 0.11015625
1 0.2484375 0.31328125 0.109375 0.11015625
1 0.25078125 0.42109375 0.11015625 0.11015625
1 0.2515625 0.52109375 0.11015625 0.11015625
1 0.2515625 0.63359375 0.11015625 0.11015625
1 0.35234375 0.58046875 0.09765625 0.0984375
1 0.3484375 0.46953125 0.09765625 0.0984375
1 0.34296875 0.3609375 0.109375 0.11015625
1 0.35 0.2484375 0.109375 0.11015625
1 0.33671875 0.1390625 0.11015625 0.11015625
1 0.4328125 0.19453125 0.121875 0.1234375
1 0.44296875 0.29609375 0.11015625 0.11015625
1 0.4453125 0.4171875 0.109375 0.11015625
1 0.44140625 0.521875 0.109375 0.11015625
1 0.446875 0.63359375 0.09765625 0.0984375
1 0.528125 0.5828125 0.11015625 0.11015625
1 0.5359375 0.47734375 0.11015625 0.11015625
1 0.53203125 0.3625 0.11015625 0.11015625
1 0.52578125 0.2671875 0.11015625 0.11015625
1 0.53125 0.13984375 0.109375 0.1109375
1 0.62890625 0.1984375 0.109375 0.1109375
1 0.63125 0.30703125 0.109375 0.11015625
1 0.6296875 0.53671875 0.11015625 0.11015625
1 0.7140625 0.584375 0.109375 0.11015625
1 0.71484375 0.465625 0.109375 0.11015625
1 0.721875 0.37109375 0.109375 0.1109375
1 0.71875 0.25078125 0.09765625 0.09765625
1 0.7234375 0.1390625 0.11015625 0.1109375
1 0.81875 0.196875 0.11015625 0.11015625
1 0.815625 0.3078125 0.09765625 0.09765625
1 0.815625 0.421875 0.11015625 0.1109375
3 0.72109375 0.69765625 0.11015625 0.11015625
1 0.72578125 0.7984375 0.08515625 0.08671875
1 0.71796875 0.925 0.11015625 0.11015625
1 0.62578125 0.6515625 0.11015625 0.11015625
1 0.621875 0.7546875 0.11015625 0.11015625
1 0.625 0.865625 0.09765625 0.0984375
1 0.53515625 0.69609375 0.109375 0.11015625
1 0.534375 0.81171875 0.09765625 0.0984375
1 0.53125 0.92265625 0.109375 0.11015625
1 0.44453125 0.7625 0.09765625 0.0984375
1 0.4453125 0.85234375 0.09765625 0.09765625
1 0.34140625 0.70078125 0.11015625 0.11015625
1 0.3515625 0.8078125 0.09765625 0.09765625
1 0.346875 0.91875 0.11015625 0.1109375
1 0.24609375 0.87109375 0.109375 0.1109375
1 0.253125 0.7546875 0.11015625 0.1109375
2 0.1453125 0.47578125 0.0375 0.0375
2 0.1453125 0.70546875 0.0484375 0.05
2 0.14921875 0.8109375 0.0484375 0.0484375
2 0.14375 0.915625 0.06171875 0.06171875
2 0.1515625 0.2515625 0.0484375 0.0484375
2 0.15234375 0.35234375 0.0484375 0.0484375