2 0.22578125 0.76328125 0.06171875 0.06171875
1 0.05546875 0.1125 0.09765625 0.09765625
1 0.059375 0.20078125 0.09765625 0.0984375
1 0.165625 0.13515625 0.11015625 0.11015625
1 0.1578125 0.26640625 0.09765625 0.0984375
1 0.05546875 0.315625 0.0859375 0.0859375
1 0.15703125 0.378125 0.11015625 0.11015625
1 0.24921875 0.31640625 0.08515625 0.0859375
1 0.253125 0.215625 0.09765625 0.0984375
1 0.25078125 0.096875 0.09765625 0.0984375
1 0.3515625 0.153125 0.0859375 0.0859375
1 0.3546875 0.25234375 0.09765625 0.0984375
1 0.35078125 0.37421875 0.09765625 0.0984375
1 0.44453125 0.31328125 0.121875 0.1234375
1 0.4421875 0.209375 0.121875 0.1234375
1 0.4421875 0.08984375 0.121875 0.1234375
1 0.540625 0.1609375 0.121875 0.1234375
1 0.5328125 0.26484375 0.11015625 0.11015625
1 0.53359375 0.37578125 0.121875 0.1234375
1 0.63671875 0.3140625 0.109375 0.11015625
1 0.6421875 0.2046875 0.09765625 0.09765625
1 0.63359375 0.10078125 0.121875 0.1234375
1 0.72890625 0.15234375 0.121875 0.1234375
1 0.725 0.2609375 0.121875 0.1234375
1 0.7234375 0.378125 0.109375 0.11015625
1 0.83046875 0.3046875 0.121875 0.1234375
1 0.8234375 0.209375 0.121875 0.1234375
1 0.8265625 0.0765625 0.09765625 0.0984375
1 0.915625 0.1515625 0.121875 0.1234375
1 0.91171875 0.25625 0.121875 0.1234375
1 0.9078125 0.37421875 0.121875 0.1234375
1 0.91484375 0.47734375 0.09765625 0.0984375
1 0.91796875 0.5890625 0.09765625 0.09765625
1 0.91484375 0.70234375 0.109375 0.1109375
1 0.92109375 0.79765625 0.0859375 0.0859375
1 0.83828125 0.4828125 0.121875 0.1234375
1 0.82734375 0.62421875 0.109375 0.1109375
1 0.8234375 0.74609375 0.121875 0.1234375
1 0.83125 0.8546875 0.121875 0.1234375
1 0.72265625 0.471875 0.09765625 0.09765625
1 0.73125 0.57734375 0.09765625 0.09765625
1 0.72578125 0.7046875 0.09765625 0.0984375
1 0.728125 0.80703125 0.11015625 0.11015625
1 0.63671875 0.4171875 0.09765625 0.09765625
1 0.63515625 0.5484375 0.11015625 0.11015625
1 0.63203125 0.6515625 0.09765625 0.0984375
1 0.6265625 0.75859375 0.09765625 0.0984375
1 0.63203125 0.878125 0.0859375 0.08671875
1 0.534375 0.48125 0.11015625 0.11015625
1 0.53203125 0.59609375 0.11015625 0.11015625
1 0.53203125 0.7046875 0.121875 0.121875
1 0.53203125 0.82109375 0.121875 0.121875
1 0.43828125 0.42734375 0.109375 0.11015625
1 0.434375 0.525 0.09765625 0.0984375
1 0.4453125 0.6390625 0.09765625 0.0984375
1 0.4421875 0.75546875 0.09765625 0.0984375
1 0.4390625 0.88046875 0.09765625 0.0984375
1 0.33984375 0.48125 0.09765625 0.0984375
1 0.3421875 0.584375 0.09765625 0.0984375
1 0.346875 0.70234375 0.09765625 0.0984375
1 0.25078125 0.42109375 0.08515625 0.08671875
2 0.140625 0.478125 0.0484375 0.05
1 0.059375 0.4359375 0.09765625 0.0984375
1 0.53828125 0.928125 0.0859375 0.0859375
2 0.9109375 0.915625 0.0484375 0.05
3 0.7265625 0.93125 0.0484375 0.0484375
2 0.334375 0.9296875 0.0359375 0.0375
2 0.2546875 0.8640625 0.0359375 0.0375
2 0.1515625 0.91875 0.0375 0.0375
2 0.05390625 0.971875 0.0375 0.0359375
2 0.0875 0.5625 0.0375 0.0375
2 0.13828125 0.68828125 0.0359375 0.0375
2 0.24609375 0.54375 0.0375 0.0375
2 0.05625 0.7484375 0.0375 0.0375
2 0.15078125 0.78984375 0.02421875 0.02421875
2 0.340625 0.815625 0.0375 0.0375