2 0.36484375 0.93671875 0.06171875 0.06171875
1 0.934375 0.284375 0.109375 0.11015625
1 0.934375 0.16328125 0.109375 0.11015625
1 0.94140625 0.0640625 0.109375 0.11015625
1 0.8328125 0.1234375 0.11015625 0.11015625
1 0.8265625 0.22734375 0.11015625 0.11015625
1 0.740625 0.28671875 0.11015625 0.11015625
1 0.73125 0.1734375 0.11015625 0.11015625
1 0.740625 0.06015625 0.11015625 0.11015625
1 0.64609375 0.12421875 0.0734375 0.0734375
1 0.646875 0.23125 0.09765625 0.0984375
1 0.553125 0.2921875 0.09765625 0.09765625
2 0.4734375 0.2390625 0.0359375 0.0375
1 0.55546875 0.05 0.0859375 0.0859375
1 0.55390625 0.175 0.0859375 0.0859375
1 0.3703125 0.09453125 0.11015625 0.11015625
1 0.278125 0.10859375 0.109375 0.1109375
1 0.28203125 0.2296875 0.121875 0.1234375
1 0.28046875 0.3234375 0.121875 0.1234375
1 0.18515625 0.2875 0.11015625 0.11015625
1 0.18515625 0.17890625 0.121875 0.1234375
1 0.10078125 0.11796875 0.11015625 0.11015625
1 0.09921875 0.22890625 0.11015625 0.11015625
1 0.0875 0.321875 0.09765625 0.0984375
1 0.83671875 0.33515625 0.11015625 0.11015625
1 0.73828125 0.4 0.109375 0.11015625
1 0.634375 0.3484375 0.121875 0.1234375
1 0.54609375 0.4109375 0.0734375 0.07421875
1 0.64140625 0.45 0.109375 0.11015625
1 0.9421875 0.40390625 0.11015625 0.11015625
1 0.184375 0.41328125 0.121875 0.1234375
1 0.09296875 0.4484375 0.121875 0.1234375
1 0.27578125 0.45 0.121875 0.1234375
1 0.090625 0.56875 0.121875 0.1234375
1 0.084375 0.66875 0.121875 0.1234375
1 0.0921875 0.78828125 0.121875 0.1234375
1 0.17734375 0.8375 0.121875 0.1234375
1 0.18515625 0.7265625 0.121875 0.1234375
1 0.18046875 0.60859375 0.121875 0.1234375
1 0.18359375 0.50625 0.09765625 0.09765625
1 0.2796875 0.54765625 0.121875 0.1234375
1 0.27578125 0.6890625 0.121875 0.1234375
1 0.27421875 0.78984375 0.09765625 0.0984375
1 0.28671875 0.9046875 0.121875 0.1234375
1 0.08359375 0.87734375 0.08515625 0.08671875
1 0.64140625 0.5484375 0.08515625 0.0859375
1 0.62734375 0.6609375 0.121875 0.1234375
1 0.6359375 0.784375 0.09765625 0.0984375
1 0.734375 0.5046875 0.109375 0.11015625
1 0.7359375 0.61640625 0.09765625 0.0984375
1 0.7359375 0.73203125 0.109375 0.11015625
1 0.7296875 0.83359375 0.11015625 0.11015625
1 0.83125 0.44765625 0.11015625 0.11015625
1 0.83125 0.5578125 0.11015625 0.11015625
1 0.834375 0.675 0.121875 0.121875
1 0.83203125 0.784375 0.09765625 0.0984375
1 0.92734375 0.49765625 0.11015625 0.11015625
1 0.9203125 0.61640625 0.09765625 0.0984375
1 0.921875 0.73125 0.09765625 0.0984375
1 0.9203125 0.84140625 0.09765625 0.0984375
1 0.82734375 0.91640625 0.09765625 0.0984375
1 0.7359375 0.9421875 0.08515625 0.0859375
1 0.1859375 0.9390625 0.109375 0.11015625
1 0.92578125 0.94609375 0.0375 0.0359375
2 0.640625 0.88515625 0.0375 0.0359375
2 0.53828125 0.86640625 0.0359375 0.0375
2 0.459375 0.89140625 0.0375 0.0375
2 0.46015625 0.775 0.0375 0.0375