2 0.7 0.24375 0.06171875 0.06171875
2 0.6890625 0.13046875 0.06171875 0.06171875
2 0.49375 0.35859375 0.0609375 0.06171875
2 0.3140625 0.3546875 0.0734375 0.07421875
2 0.4109375 0.20078125 0.06171875 0.06171875
2 0.21953125 0.275 0.0734375 0.07421875
2 0.38984375 0.40625 0.0484375 0.0484375
2 0.49296875 0.2609375 0.0609375 0.06171875
2 0.31015625 0.13203125 0.0734375 0.07421875
2 0.115625 0.340625 0.0484375 0.0484375
2 0.2171875 0.40390625 0.0734375 0.0734375
2 0.1203125 0.23203125 0.0609375 0.06171875
2 0.4 0.30546875 0.06171875 0.0609375
2 0.2203125 0.175 0.0609375 0.06171875
2 0.121875 0.1296875 0.0609375 0.06171875
2 0.31796875 0.23125 0.0734375 0.07421875
2 0.6765625 0.590625 0.0734375 0.07421875
2 0.20625 0.90234375 0.08515625 0.0859375
2 0.38828125 0.6203125 0.06171875 0.06171875
2 0.48828125 0.565625 0.0484375 0.0484375
2 0.21953125 0.51328125 0.06171875 0.06171875
2 0.3875 0.51796875 0.06171875 0.06171875
2 0.1140625 0.4625 0.06171875 0.06171875
2 0.5859375 0.5328125 0.0484375 0.0484375
2 0.79609375 0.08125 0.0609375 0.06171875
2 0.784375 0.3140625 0.06171875 0.06171875
2 0.784375 0.41640625 0.06171875 0.06171875
2 0.778125 0.64296875 0.06171875 0.06171875
2 0.95859375 0.58046875 0.0734375 0.0734375
1 0.8515625 0.840625 0.0859375 0.0859375
1 0.76640625 0.89921875 0.08515625 0.0859375
1 0.0984375 0.91796875 0.08515625 0.0859375
1 0.29453125 0.946875 0.08515625 0.0859375
1 0.378125 0.89140625 0.08515625 0.0859375
1 0.575 0.8953125 0.08515625 0.0859375
2 0.8796875 0.13125 0.0609375 0.06171875
2 0.8796875 0.23984375 0.0484375 0.05
2 0.87890625 0.334375 0.0484375 0.05
2 0.86875 0.46015625 0.0484375 0.05
2 0.8734375 0.5734375 0.0484375 0.0484375
2 0.778125 0.528125 0.06171875 0.06171875
2 0.796875 0.20234375 0.0484375 0.05
2 0.5984375 0.1921875 0.0375 0.0375
2 0.5875 0.29765625 0.0484375 0.0484375
2 0.5890625 0.425 0.0375 0.0375
2 0.4859375 0.475 0.0359375 0.0375
1 0.30625 0.45390625 0.0734375 0.07421875
2 0.3046875 0.575 0.0375 0.0375
2 0.21796875 0.603125 0.0484375 0.05
2 0.1140625 0.64375 0.0484375 0.05
2 0.22734375 0.0640625 0.0484375 0.0484375
2 0.4984375 0.13359375 0.0375 0.0375
2 0.41328125 0.0828125 0.02421875 0.02421875