2 0.12109375 0.9265625 0.0609375 0.06171875
2 0.1203125 0.696875 0.0484375 0.0484375
2 0.115625 0.48515625 0.0484375 0.05
2 0.03125 0.2171875 0.0484375 0.0484375
1 0.215625 0.10234375 0.11015625 0.11015625
1 0.41171875 0.0890625 0.121875 0.1234375
1 0.5125 0.078125 0.121875 0.1234375
3 0.7859375 0.10625 0.121875 0.121875
1 0.88359375 0.05625 0.109375 0.11015625
1 0.8828125 0.15703125 0.09765625 0.0984375
1 0.88203125 0.2671875 0.109375 0.11015625
1 0.8828125 0.37421875 0.109375 0.11015625
1 0.88125 0.4875 0.109375 0.11015625
3 0.790625 0.20546875 0.09765625 0.0984375
1 0.79375 0.3140625 0.11015625 0.11015625
1 0.790625 0.43828125 0.11015625 0.11015625
1 0.784375 0.5484375 0.11015625 0.11015625
1 0.703125 0.16875 0.09765625 0.0984375
1 0.69140625 0.2640625 0.09765625 0.0984375
1 0.6875 0.38203125 0.09765625 0.0984375
1 0.596875 0.228125 0.121875 0.1234375
1 0.5953125 0.315625 0.09765625 0.0984375
1 0.59375 0.428125 0.09765625 0.09765625
1 0.5921875 0.534375 0.09765625 0.09765625
1 0.57734375 0.6546875 0.09765625 0.09765625
1 0.6859375 0.48359375 0.11015625 0.11015625
1 0.68671875 0.603125 0.109375 0.1109375
1 0.78359375 0.65390625 0.11015625 0.11015625
1 0.87578125 0.5984375 0.11015625 0.11015625
1 0.49375 0.28046875 0.121875 0.1234375
1 0.40859375 0.3125 0.11015625 0.1109375
1 0.31484375 0.36328125 0.121875 0.1234375
1 0.21171875 0.428125 0.109375 0.11015625
1 0.30546875 0.47109375 0.09765625 0.0984375
1 0.40234375 0.42109375 0.09765625 0.09765625
1 0.2203125 0.53203125 0.109375 0.11015625
1 0.2171875 0.65 0.08515625 0.0859375
1 0.31171875 0.59609375 0.09765625 0.0984375
1 0.39921875 0.53359375 0.11015625 0.11015625
1 0.39765625 0.64765625 0.11015625 0.11015625
1 0.50078125 0.590625 0.121875 0.1234375
1 0.50234375 0.48359375 0.121875 0.1234375
2 0.115625 0.36015625 0.0484375 0.0484375
1 0.8734375 0.93046875 0.11015625 0.11015625
1 0.875 0.81875 0.09765625 0.0984375
1 0.8796875 0.71015625 0.11015625 0.11015625
1 0.778125 0.7546875 0.11015625 0.11015625
1 0.7859375 0.8609375 0.109375 0.11015625
1 0.684375 0.8265625 0.121875 0.1234375
1 0.69453125 0.71328125 0.109375 0.11015625
1 0.69375 0.93359375 0.121875 0.1234375
1 0.5890625 0.88515625 0.09765625 0.0984375
1 0.5921875 0.76640625 0.109375 0.11015625
1 0.4 0.7546875 0.121875 0.1234375
1 0.503125 0.8265625 0.09765625 0.0984375
1 0.5046875 0.70390625 0.121875 0.1234375
1 0.50625 0.9296875 0.11015625 0.1109375
1 0.4 0.875 0.109375 0.1109375
1 0.3109375 0.9296875 0.109375 0.1109375
1 0.30625 0.81640625 0.109375 0.1109375
1 0.309375 0.70234375 0.109375 0.1109375
1 0.21875 0.7578125 0.09765625 0.09765625
1 0.20703125 0.88125 0.09765625 0.09765625
2 0.11796875 0.15546875 0.0484375 0.0484375
2 0.1140625 0.2640625 0.0484375 0.0484375
2 0.0328125 0.3234375 0.0484375 0.05
2 0.0390625 0.10234375 0.0484375 0.0484375
2 0.028125 0.54609375 0.0484375 0.0484375
2 0.11484375 0.5875 0.02421875 0.02421875
2 0.109375 0.81328125 0.0484375 0.0484375
2 0.025 0.7828125 0.0375 0.0375
2 0.02734375 0.65703125 0.0484375 0.0484375