2 0.7015625 0.48671875 0.06171875 0.06171875
2 0.690625 0.3734375 0.06171875 0.06171875
2 0.49609375 0.60234375 0.0609375 0.06171875
2 0.315625 0.59765625 0.0734375 0.07421875
2 0.4125 0.44375 0.06171875 0.06171875
2 0.22109375 0.51875 0.0734375 0.07421875
2 0.39140625 0.64921875 0.0484375 0.0484375
2 0.4953125 0.5046875 0.0609375 0.06171875
2 0.31171875 0.375 0.0734375 0.07421875
2 0.1171875 0.584375 0.0484375 0.0484375
2 0.21953125 0.646875 0.0734375 0.0734375
2 0.121875 0.475 0.0609375 0.06171875
2 0.4015625 0.5484375 0.06171875 0.0609375
2 0.22265625 0.41875 0.0609375 0.06171875
2 0.121875 0.146875 0.0609375 0.06171875
2 0.2390625 0.17890625 0.0609375 0.06171875
2 0.1203125 0.2640625 0.0609375 0.06171875
2 0.12421875 0.37265625 0.0609375 0.06171875
2 0.31953125 0.475 0.0734375 0.07421875
2 0.678125 0.834375 0.0734375 0.07421875
2 0.38984375 0.8640625 0.06171875 0.06171875
2 0.490625 0.80859375 0.0484375 0.0484375
2 0.22109375 0.75625 0.06171875 0.06171875
2 0.3890625 0.7609375 0.06171875 0.06171875
2 0.115625 0.70546875 0.06171875 0.06171875
2 0.5875 0.7765625 0.0484375 0.0484375
2 0.79765625 0.21640625 0.06171875 0.06171875
2 0.79765625 0.325 0.0609375 0.06171875
2 0.78671875 0.55703125 0.06171875 0.06171875
2 0.80703125 0.0984375 0.0734375 0.0734375
2 0.78671875 0.659375 0.06171875 0.06171875
2 0.7796875 0.8859375 0.06171875 0.06171875
2 0.96015625 0.8234375 0.0734375 0.0734375
2 0.88203125 0.37421875 0.0609375 0.06171875
2 0.88203125 0.4828125 0.0484375 0.05
2 0.88125 0.57734375 0.0484375 0.05
2 0.87109375 0.70390625 0.0484375 0.05
2 0.875 0.81640625 0.0484375 0.0484375
2 0.7796875 0.77109375 0.06171875 0.06171875
2 0.7984375 0.44609375 0.0484375 0.05
2 0.60078125 0.4359375 0.0375 0.0375
2 0.58984375 0.540625 0.0484375 0.0484375
2 0.590625 0.66796875 0.0375 0.0375
2 0.4875 0.71796875 0.0359375 0.0375
1 0.3078125 0.696875 0.0734375 0.07421875
2 0.30625 0.81875 0.0375 0.0375
2 0.21953125 0.84609375 0.0484375 0.05
2 0.11640625 0.8875 0.0484375 0.05
2 0.2296875 0.3078125 0.0484375 0.0484375
2 0.88671875 0.05546875 0.0484375 0.05
2 0.890625 0.16015625 0.0484375 0.0484375
2 0.88515625 0.26484375 0.06171875 0.06171875
2 0.4234375 0.2125 0.0484375 0.0484375
2 0.5 0.3765625 0.0375 0.0375
2 0.415625 0.32578125 0.02421875 0.02421875
2 0.3125 0.2640625 0.0484375 0.05
2 0.3140625 0.140625 0.02421875 0.025
2 0.31875 0.0328125 0.0375 0.0375
2 0.23828125 0.0828125 0.0609375 0.06171875
2 0.12578125 0.03828125 0.0375 0.0375