2 0.25078125 0.234375 0.0734375 0.07421875
2 0.246875 0.44296875 0.06171875 0.06171875
2 0.23984375 0.85234375 0.0734375 0.07421875
2 0.07109375 0.3421875 0.0484375 0.0484375
2 0.075 0.46015625 0.06171875 0.06171875
2 0.16953125 0.7015625 0.06171875 0.06171875
2 0.61171875 0.55703125 0.06171875 0.06171875
2 0.33359375 0.7109375 0.08515625 0.0859375
1 0.90546875 0.7265625 0.0734375 0.07421875
1 0.9046875 0.83203125 0.0734375 0.07421875
1 0.8078125 0.7640625 0.121875 0.1234375
1 0.80625 0.8765625 0.11015625 0.11015625
1 0.70390625 0.93046875 0.109375 0.11015625
1 0.7171875 0.8203125 0.121875 0.1234375
1 0.7171875 0.7140625 0.0734375 0.07421875
1 0.6203125 0.7609375 0.0734375 0.07421875
1 0.61875 0.875 0.0734375 0.07421875
1 0.528125 0.9125 0.109375 0.11015625
1 0.5296875 0.81796875 0.09765625 0.0984375
1 0.52734375 0.709375 0.09765625 0.0984375
1 0.43125 0.7625 0.121875 0.1234375
1 0.43515625 0.85390625 0.121875 0.121875
1 0.3328125 0.91015625 0.0859375 0.0859375
1 0.34609375 0.81015625 0.11015625 0.11015625
1 0.24375 0.75625 0.0859375 0.08671875
1 0.15625 0.93046875 0.109375 0.11015625
1 0.16171875 0.80546875 0.11015625 0.1109375
1 0.06953125 0.7578125 0.121875 0.1234375
1 0.0671875 0.86640625 0.11015625 0.11015625
1 0.92109375 0.51796875 0.09765625 0.0984375
1 0.91328125 0.425 0.109375 0.11015625
1 0.9171875 0.3109375 0.121875 0.1234375
1 0.91640625 0.1890625 0.121875 0.1234375
1 0.91640625 0.078125 0.121875 0.1234375
1 0.821875 0.14921875 0.121875 0.1234375
1 0.821875 0.2453125 0.109375 0.11015625
1 0.82109375 0.3578125 0.109375 0.11015625
1 0.82421875 0.4703125 0.109375 0.11015625
1 0.725 0.5015625 0.11015625 0.11015625
1 0.72734375 0.40078125 0.11015625 0.11015625
1 0.73125 0.29140625 0.11015625 0.11015625
1 0.73125 0.178125 0.109375 0.11015625
1 0.72734375 0.06796875 0.109375 0.11015625
1 0.6390625 0.1296875 0.09765625 0.0984375
1 0.6296875 0.25078125 0.09765625 0.0984375
1 0.63125 0.35625 0.11015625 0.11015625
1 0.63125 0.4671875 0.09765625 0.0984375
1 0.53359375 0.07265625 0.11015625 0.11015625
1 0.53046875 0.18828125 0.11015625 0.11015625
1 0.5390625 0.28984375 0.109375 0.11015625
1 0.53515625 0.43203125 0.109375 0.11015625
1 0.53125 0.5296875 0.0859375 0.0859375
1 0.4421875 0.1296875 0.109375 0.11015625
1 0.440625 0.2453125 0.109375 0.11015625
1 0.43671875 0.3578125 0.109375 0.11015625
1 0.44609375 0.45546875 0.11015625 0.11015625
1 0.3484375 0.07734375 0.09765625 0.0984375
1 0.340625 0.184375 0.109375 0.11015625
1 0.33828125 0.29140625 0.11015625 0.11015625
1 0.340625 0.41328125 0.08515625 0.0859375
1 0.3421875 0.5203125 0.0734375 0.07421875
1 0.24375 0.13515625 0.11015625 0.11015625
1 0.25234375 0.346875 0.0734375 0.07421875
1 0.25546875 0.52421875 0.0734375 0.07421875
1 0.15 0.065625 0.11015625 0.11015625
1 0.15078125 0.16875 0.0734375 0.07421875
1 0.1515625 0.26953125 0.0859375 0.0859375
1 0.159375 0.3609375 0.0859375 0.0859375
1 0.1625 0.4796875 0.09765625 0.0984375
2 0.0734375 0.24921875 0.0375 0.0375
1 0.065625 0.125 0.109375 0.1109375