2 0.153125 0.5578125 0.0609375 0.06171875
2 0.23515625 0.6265625 0.08515625 0.0859375
2 0.16015625 0.775 0.0484375 0.0484375
2 0.234375 0.8375 0.0484375 0.0484375
2 0.159375 0.665625 0.06171875 0.06171875
2 0.15234375 0.32890625 0.0484375 0.0484375
2 0.05703125 0.62578125 0.06171875 0.06171875
2 0.05625 0.51328125 0.0484375 0.05
2 0.14765625 0.11640625 0.0484375 0.05
2 0.05703125 0.0671875 0.06171875 0.06171875
3 0.9046875 0.896875 0.09765625 0.0984375
2 0.334375 0.8921875 0.0484375 0.0484375
2 0.33515625 0.7859375 0.0484375 0.0484375
1 0.91328125 0.11953125 0.109375 0.11015625
1 0.82265625 0.06953125 0.11015625 0.11015625
1 0.8171875 0.18046875 0.11015625 0.11015625
1 0.62578125 0.059375 0.09765625 0.09765625
1 0.62421875 0.165625 0.09765625 0.09765625
1 0.609375 0.2859375 0.09765625 0.09765625
1 0.71796875 0.115625 0.11015625 0.11015625
1 0.71875 0.23515625 0.109375 0.1109375
1 0.815625 0.2859375 0.11015625 0.11015625
1 0.9078125 0.2296875 0.11015625 0.11015625
1 0.24375 0.06015625 0.109375 0.11015625
1 0.3375 0.103125 0.09765625 0.0984375
1 0.434375 0.053125 0.09765625 0.09765625
1 0.253125 0.16328125 0.109375 0.11015625
1 0.24921875 0.28203125 0.08515625 0.0859375
1 0.34375 0.228125 0.09765625 0.0984375
1 0.43125 0.165625 0.11015625 0.11015625
1 0.43046875 0.2796875 0.11015625 0.11015625
1 0.5328125 0.22265625 0.121875 0.1234375
1 0.534375 0.115625 0.121875 0.1234375
1 0.90546875 0.56171875 0.11015625 0.11015625
1 0.90703125 0.45078125 0.09765625 0.0984375
1 0.91171875 0.3421875 0.11015625 0.11015625
1 0.81015625 0.3859375 0.11015625 0.11015625
1 0.81875 0.49296875 0.109375 0.11015625
1 0.71640625 0.4578125 0.121875 0.1234375
1 0.7265625 0.3453125 0.109375 0.11015625
1 0.72578125 0.565625 0.121875 0.1234375
1 0.62109375 0.5171875 0.09765625 0.0984375
1 0.62421875 0.39765625 0.109375 0.11015625
1 0.43203125 0.38671875 0.121875 0.1234375
1 0.53515625 0.45859375 0.09765625 0.0984375
1 0.53671875 0.3359375 0.121875 0.1234375
1 0.53828125 0.56171875 0.11015625 0.1109375
1 0.4328125 0.50703125 0.109375 0.1109375
1 0.34296875 0.56171875 0.109375 0.1109375
1 0.3390625 0.4484375 0.109375 0.1109375
1 0.3421875 0.334375 0.109375 0.1109375
1 0.25078125 0.38984375 0.09765625 0.09765625
1 0.2390625 0.5125 0.09765625 0.09765625
1 0.3328125 0.653125 0.08515625 0.0859375
1 0.42734375 0.615625 0.11015625 0.11015625
1 0.5265625 0.68046875 0.109375 0.11015625
1 0.5265625 0.78984375 0.109375 0.11015625
1 0.52890625 0.89765625 0.11015625 0.11015625
1 0.6265625 0.94609375 0.09765625 0.0984375
1 0.62109375 0.8375 0.109375 0.11015625
1 0.628125 0.725 0.109375 0.11015625
1 0.61484375 0.615625 0.11015625 0.11015625
1 0.71171875 0.67109375 0.121875 0.1234375
1 0.72109375 0.77265625 0.11015625 0.11015625
1 0.7234375 0.89375 0.109375 0.11015625
1 0.81015625 0.8390625 0.11015625 0.11015625
1 0.80390625 0.74375 0.11015625 0.11015625
1 0.809375 0.61640625 0.109375 0.1109375
1 0.90703125 0.675 0.109375 0.1109375
1 0.909375 0.78359375 0.109375 0.11015625
2 0.0609375 0.178125 0.0484375 0.0484375
2 0.146875 0.21953125 0.02421875 0.02421875
2 0.14140625 0.4453125 0.0484375 0.0484375
2 0.0578125 0.41484375 0.0375 0.0375
2 0.059375 0.2890625 0.0484375 0.0484375
2 0.2453125 0.71640625 0.0609375 0.06171875
2 0.2453125 0.94375 0.0375 0.0375
2 0.4234375 0.95234375 0.0375 0.0375
2 0.4296875 0.728125 0.0484375 0.0484375
2 0.43046875 0.82890625 0.0484375 0.0484375