2 0.0765625 0.628125 0.06171875 0.06171875
2 0.16875 0.62109375 0.0484375 0.0484375
2 0.08515625 0.4515625 0.0484375 0.0484375
2 0.08125 0.534375 0.0484375 0.0484375
2 0.16484375 0.5328125 0.0484375 0.0484375
2 0.075 0.7234375 0.06171875 0.06171875
2 0.159375 0.8171875 0.06171875 0.06171875
2 0.159375 0.7140625 0.0609375 0.06171875
2 0.07578125 0.80234375 0.06171875 0.06171875
2 0.08203125 0.8796875 0.0484375 0.05
2 0.165625 0.9 0.0484375 0.05
2 0.86328125 0.6453125 0.0484375 0.05
2 0.8671875 0.5484375 0.0484375 0.05
2 0.7671875 0.48671875 0.0484375 0.05
2 0.778125 0.18046875 0.0484375 0.05
2 0.77421875 0.58515625 0.06171875 0.06171875
2 0.86875 0.128125 0.06171875 0.06171875
2 0.6671875 0.2234375 0.0609375 0.06171875
2 0.77265625 0.37890625 0.0484375 0.0484375
2 0.6640625 0.471875 0.0484375 0.05
2 0.675 0.553125 0.0484375 0.05
2 0.675 0.64921875 0.0484375 0.05
2 0.56875 0.6875 0.0484375 0.0484375
2 0.77265625 0.68671875 0.0484375 0.05
2 0.86640625 0.36171875 0.0609375 0.06171875
2 0.775 0.27890625 0.0484375 0.05
2 0.67109375 0.14296875 0.0609375 0.06171875
2 0.775 0.08203125 0.0375 0.0375
2 0.8640625 0.24375 0.0484375 0.05
2 0.87734375 0.0265625 0.0359375 0.0375
2 0.23515625 0.86640625 0.0484375 0.0484375
2 0.2453125 0.7640625 0.0484375 0.0484375
2 0.96953125 0.71640625 0.02421875 0.02421875
2 0.86640625 0.46015625 0.0359375 0.0375
2 0.6765625 0.746875 0.0484375 0.0484375
2 0.57109375 0.5859375 0.0484375 0.0484375
2 0.4828125 0.640625 0.0484375 0.0484375
2 0.08671875 0.3546875 0.0375 0.0375
2 0.2796875 0.06328125 0.0484375 0.0484375
2 0.27265625 0.16015625 0.0375 0.0375
2 0.2734375 0.24921875 0.0375 0.0375
2 0.36796875 0.11171875 0.0609375 0.06171875
2 0.35859375 0.2328125 0.0375 0.0375
2 0.4328125 0.1296875 0.06171875 0.06171875
2 0.425 0.228125 0.0484375 0.0484375
2 0.571875 0.0640625 0.02421875 0.02421875
2 0.571875 0.17109375 0.0359375 0.0375
2 0.05546875 0.17265625 0.0359375 0.0375
2 0.21875 0.1125 0.0484375 0.0484375
2 0.8765625 0.74921875 0.02421875 0.02421875