2 0.21171875 0.08984375 0.0484375 0.0484375
2 0.2859375 0.15234375 0.0484375 0.0484375
2 0.290625 0.928125 0.06171875 0.06171875
2 0.2796875 0.81484375 0.06171875 0.06171875
2 0.084375 0.94609375 0.0609375 0.06171875
2 0.3859375 0.20703125 0.0484375 0.0484375
2 0.3859375 0.32578125 0.0609375 0.06171875
2 0.38671875 0.10078125 0.0484375 0.0484375
2 0.3859375 0.6578125 0.06171875 0.06171875
2 0.4796875 0.37578125 0.0484375 0.05
2 0.384375 0.4203125 0.0609375 0.06171875
2 0.38671875 0.76640625 0.0609375 0.06171875
2 0.39609375 0.53984375 0.0734375 0.0734375
1 0.93984375 0.86171875 0.11015625 0.11015625
2 0.4703125 0.815625 0.0609375 0.06171875
2 0.4703125 0.92421875 0.0484375 0.05
2 0.3875 0.8875 0.0484375 0.05
2 0.1890625 0.8765625 0.0375 0.0375
1 0.86640625 0.82109375 0.109375 0.11015625
1 0.85546875 0.92109375 0.109375 0.1109375
1 0.778125 0.7765625 0.121875 0.1234375
1 0.7671875 0.87578125 0.11015625 0.1109375
1 0.67890625 0.821875 0.11015625 0.1109375
1 0.68046875 0.925 0.11015625 0.11015625
1 0.5796875 0.859375 0.0859375 0.0859375
1 0.578125 0.10390625 0.109375 0.11015625
1 0.58046875 0.2125 0.11015625 0.11015625
1 0.58125 0.31171875 0.11015625 0.11015625
1 0.58125 0.42421875 0.11015625 0.11015625
1 0.6828125 0.371875 0.09765625 0.0984375
1 0.67890625 0.26015625 0.09765625 0.0984375
1 0.67265625 0.1515625 0.109375 0.11015625
1 0.77265625 0.0875 0.11015625 0.11015625
1 0.775 0.20859375 0.109375 0.11015625
1 0.771875 0.31328125 0.109375 0.11015625
1 0.77734375 0.42421875 0.09765625 0.0984375
1 0.8578125 0.3734375 0.11015625 0.11015625
1 0.865625 0.26796875 0.11015625 0.11015625
1 0.86171875 0.15390625 0.11015625 0.11015625
1 0.85625 0.0578125 0.11015625 0.11015625
1 0.865625 0.48671875 0.109375 0.11015625
1 0.8640625 0.603125 0.09765625 0.0984375
1 0.8609375 0.71328125 0.109375 0.11015625
1 0.77421875 0.553125 0.09765625 0.0984375
1 0.775 0.64375 0.09765625 0.09765625
1 0.67109375 0.49140625 0.11015625 0.11015625
1 0.68125 0.5984375 0.09765625 0.09765625
1 0.67734375 0.71015625 0.11015625 0.1109375
1 0.5765625 0.7515625 0.09765625 0.0984375
1 0.5765625 0.6625 0.109375 0.1109375
1 0.58359375 0.54609375 0.11015625 0.1109375
2 0.296875 0.2578125 0.0375 0.0375
2 0.47578125 0.26640625 0.0375 0.0375
2 0.47578125 0.496875 0.0484375 0.05
2 0.4796875 0.6015625 0.0484375 0.0484375
2 0.47421875 0.70625 0.06171875 0.06171875
2 0.48125 0.04296875 0.0484375 0.0484375
2 0.4828125 0.14375 0.0484375 0.0484375
2 0.0890625 0.81875 0.0375 0.0375