2 0.8703125 0.340625 0.0609375 0.06171875
2 0.51171875 0.3484375 0.0484375 0.0484375
2 0.590625 0.4140625 0.0484375 0.0484375
2 0.77421875 0.39765625 0.06171875 0.06171875
2 0.59375 0.28984375 0.0609375 0.06171875
2 0.51875 0.1375 0.0484375 0.0484375
2 0.5171875 0.04375 0.0484375 0.0484375
2 0.5140625 0.253125 0.0609375 0.06171875
2 0.7875 0.10234375 0.0609375 0.06171875
2 0.590625 0.2015625 0.0609375 0.06171875
2 0.86328125 0.2421875 0.0484375 0.0484375
2 0.5828125 0.0984375 0.0484375 0.0484375
2 0.7828125 0.1890625 0.0734375 0.07421875
2 0.39921875 0.38203125 0.0484375 0.05
2 0.403125 0.2859375 0.0484375 0.05
2 0.30390625 0.22421875 0.0484375 0.05
2 0.31015625 0.32265625 0.06171875 0.06171875
2 0.30859375 0.11640625 0.0484375 0.0484375
2 0.2 0.209375 0.0484375 0.05
2 0.2109375 0.290625 0.0484375 0.05
2 0.2109375 0.3859375 0.0484375 0.05
2 0.1046875 0.425 0.0484375 0.0484375
2 0.30859375 0.42421875 0.0484375 0.05
2 0.40234375 0.09921875 0.0609375 0.06171875
2 0.86875 0.57109375 0.06171875 0.06171875
2 0.7703125 0.5046875 0.06171875 0.06171875
2 0.875 0.475 0.0609375 0.0609375
2 0.86796875 0.665625 0.06171875 0.06171875
2 0.93984375 0.628125 0.0734375 0.07421875
2 0.940625 0.5015625 0.0609375 0.0609375
2 0.946875 0.28828125 0.0484375 0.0484375
2 0.95703125 0.4 0.0375 0.0375
2 0.871875 0.14921875 0.0375 0.0375
2 0.78203125 0.296875 0.0484375 0.0484375
2 0.69921875 0.35234375 0.0484375 0.0484375
2 0.69453125 0.45078125 0.0609375 0.06171875
2 0.70703125 0.140625 0.0484375 0.0484375
2 0.50546875 0.45390625 0.02421875 0.02421875
2 0.403125 0.196875 0.0359375 0.0375
2 0.2125 0.484375 0.0484375 0.0484375
2 0.1078125 0.3234375 0.0484375 0.0484375
2 0.875 0.05546875 0.0484375 0.0484375
2 0.9515625 0.08671875 0.0375 0.0375
2 0.71015625 0.2359375 0.02421875 0.02421875
2 0.4125 0.48671875 0.02421875 0.02421875