2 0.8984375 0.1234375 0.0609375 0.06171875
2 0.53984375 0.13203125 0.0484375 0.0484375
2 0.61875 0.196875 0.0484375 0.0484375
2 0.80234375 0.18125 0.06171875 0.06171875
2 0.621875 0.07265625 0.0609375 0.06171875
2 0.5421875 0.03671875 0.0609375 0.06171875
2 0.89140625 0.025 0.0484375 0.0484375
2 0.428125 0.165625 0.0484375 0.05
2 0.43125 0.06875 0.0484375 0.05
2 0.33828125 0.10625 0.06171875 0.06171875
2 0.2390625 0.0734375 0.0484375 0.05
2 0.2390625 0.16953125 0.0484375 0.05
2 0.1328125 0.2078125 0.0484375 0.0484375
2 0.33671875 0.2078125 0.0484375 0.05
2 0.896875 0.35390625 0.06171875 0.06171875
2 0.7984375 0.2875 0.06171875 0.06171875
2 0.903125 0.2578125 0.0609375 0.0609375
2 0.89609375 0.4484375 0.06171875 0.06171875
2 0.96875 0.28515625 0.0609375 0.0609375
1 0.8703125 0.83671875 0.09765625 0.09765625
1 0.78203125 0.78203125 0.121875 0.1234375
1 0.7765625 0.9 0.121875 0.1234375
1 0.69296875 0.83671875 0.121875 0.1234375
1 0.58984375 0.8953125 0.09765625 0.0984375
1 0.58515625 0.775 0.08515625 0.0859375
1 0.5078125 0.83125 0.0859375 0.0859375
1 0.5015625 0.946875 0.08515625 0.0859375
1 0.403125 0.884375 0.0859375 0.0859375
1 0.31953125 0.91875 0.09765625 0.0984375
1 0.315625 0.82734375 0.09765625 0.0984375
1 0.20703125 0.8453125 0.0859375 0.0859375
2 0.8109375 0.0796875 0.0484375 0.0484375
2 0.72734375 0.1359375 0.0484375 0.0484375
2 0.72265625 0.23359375 0.0609375 0.06171875
2 0.53359375 0.23671875 0.02421875 0.02421875
2 0.24140625 0.2671875 0.0484375 0.0484375
2 0.1359375 0.10625 0.0484375 0.0484375
2 0.046875 0.1609375 0.0484375 0.0484375
2 0.7390625 0.01875 0.02421875 0.02421875
2 0.440625 0.2703125 0.02421875 0.02421875