2 0.32734375 0.5203125 0.0484375 0.0484375
2 0.23125 0.6890625 0.06171875 0.06171875
2 0.32578125 0.6265625 0.06171875 0.06171875
2 0.3265625 0.725 0.0484375 0.05
2 0.325 0.82578125 0.0484375 0.05
2 0.521875 0.90703125 0.0484375 0.0484375
2 0.621875 0.93828125 0.0375 0.0375
2 0.43828125 0.94921875 0.0375 0.0375
2 0.03828125 0.925 0.0484375 0.05
2 0.81640625 0.540625 0.0484375 0.0484375
2 0.8140625 0.64765625 0.0484375 0.0484375
2 0.8078125 0.74375 0.0375 0.0375
2 0.80859375 0.8328125 0.0375 0.0375
2 0.9015625 0.58203125 0.0484375 0.0484375
2 0.903125 0.69609375 0.0609375 0.06171875
2 0.89375 0.81640625 0.0375 0.0375
2 0.96796875 0.71328125 0.06171875 0.06171875
2 0.96015625 0.8125 0.0484375 0.0484375
2 0.4375 0.5828125 0.0484375 0.0484375
2 0.4359375 0.67109375 0.0484375 0.0484375
2 0.43984375 0.775 0.0359375 0.0359375
2 0.43359375 0.85703125 0.0484375 0.05
2 0.528125 0.79375 0.0375 0.0375
2 0.590625 0.75703125 0.0359375 0.0375
2 0.53828125 0.68359375 0.0375 0.0375
2 0.54375 0.56171875 0.0375 0.0375
2 0.9203125 0.115625 0.0484375 0.0484375
2 0.91953125 0.23125 0.02421875 0.02421875
2 0.9125 0.3578125 0.02421875 0.02421875
2 0.90625 0.471875 0.0484375 0.05
2 0.8265625 0.16875 0.0359375 0.0359375
2 0.8265625 0.2984375 0.02421875 0.02421875
2 0.82109375 0.4078125 0.02421875 0.02421875
2 0.753125 0.0984375 0.0375 0.0359375
2 0.75625 0.2171875 0.0484375 0.05
2 0.75 0.3484375 0.0375 0.0375
2 0.7515625 0.4515625 0.0484375 0.0484375
2 0.74921875 0.58125 0.0359375 0.0375
2 0.6625 0.14140625 0.0359375 0.0359375
1 0.42890625 0.4703125 0.0484375 0.0484375
2 0.4265625 0.0625 0.0359375 0.0375
2 0.6625 0.0453125 0.0375 0.0359375
2 0.83046875 0.04765625 0.0359375 0.0375
1 0.046875 0.04375 0.0484375 0.0484375
2 0.2515625 0.0859375 0.02421875 0.025
2 0.3328125 0.0859375 0.0359375 0.0375
2 0.05390625 0.27265625 0.0375 0.0375
2 0.04375 0.36484375 0.0375 0.0359375
2 0.053125 0.478125 0.0375 0.0359375
2 0.05 0.56015625 0.0375 0.0359375
2 0.04765625 0.64921875 0.0375 0.0375
2 0.0421875 0.72734375 0.0375 0.0375
2 0.1421875 0.68046875 0.0484375 0.05
2 0.1546875 0.5640625 0.0484375 0.05
2 0.159375 0.465625 0.0375 0.0359375
2 0.16328125 0.38359375 0.0375 0.0375
2 0.1734375 0.26640625 0.0359375 0.0375
2 0.25625 0.303125 0.0359375 0.0375
2 0.2609375 0.3921875 0.0359375 0.0375
2 0.2515625 0.4859375 0.0359375 0.0375
2 0.24296875 0.5875 0.0359375 0.0359375
2 0.32734375 0.425 0.0375 0.0375
2 0.32734375 0.33984375 0.0375 0.0375
2 0.3265625 0.26640625 0.0375 0.0375
2 0.2328125 0.79609375 0.0359375 0.0375
2 0.13984375 0.78984375 0.0375 0.0375
2 0.03828125 0.82109375 0.0359375 0.0375
2 0.75390625 0.69609375 0.0484375 0.0484375