2 0.67265625 0.6359375 0.06171875 0.06171875
2 0.76484375 0.71484375 0.0484375 0.0484375
2 0.76953125 0.59609375 0.0484375 0.05
2 0.51171875 0.61875 0.0609375 0.06171875
2 0.153125 0.6265625 0.0484375 0.0484375
2 0.2328125 0.6921875 0.0484375 0.0484375
2 0.415625 0.6765625 0.06171875 0.06171875
2 0.8625 0.64609375 0.0484375 0.05
2 0.23515625 0.56796875 0.0609375 0.06171875
2 0.87265625 0.41171875 0.0734375 0.0734375
2 0.87421875 0.52265625 0.0734375 0.0734375
2 0.87265625 0.175 0.06171875 0.06171875
2 0.7734375 0.478125 0.0609375 0.06171875
2 0.8734375 0.29921875 0.0609375 0.06171875
1 0.78671875 0.33984375 0.0359375 0.0375
2 0.16015625 0.415625 0.0484375 0.0484375
2 0.16328125 0.21484375 0.0484375 0.0484375
2 0.159375 0.321875 0.0484375 0.0484375
2 0.15546875 0.53203125 0.0609375 0.06171875
2 0.42890625 0.38046875 0.0609375 0.06171875
2 0.51484375 0.13828125 0.0609375 0.06171875
2 0.6 0.04140625 0.0609375 0.06171875
2 0.15859375 0.09921875 0.06171875 0.06171875
2 0.34453125 0.1984375 0.0484375 0.0484375
2 0.23359375 0.2640625 0.0375 0.0375
2 0.34375 0.1046875 0.0484375 0.0484375
2 0.521875 0.2328125 0.0484375 0.0484375
2 0.43359375 0.26953125 0.0609375 0.0609375
2 0.23359375 0.14921875 0.0734375 0.07421875
2 0.43671875 0.19296875 0.06171875 0.06171875
2 0.2328125 0.4796875 0.0609375 0.06171875
2 0.58984375 0.2640625 0.0484375 0.0484375
2 0.5046875 0.5203125 0.0484375 0.0484375
2 0.225 0.3765625 0.0484375 0.0484375
2 0.42421875 0.46796875 0.0734375 0.07421875
2 0.23359375 0.04765625 0.0734375 0.07421875
2 0.040625 0.6609375 0.0484375 0.05
2 0.0453125 0.5640625 0.0484375 0.05
2 0.04609375 0.14375 0.06171875 0.06171875
2 0.04375 0.37734375 0.0609375 0.06171875
2 0.0421875 0.259375 0.0484375 0.05
2 0.05546875 0.0421875 0.0359375 0.0375
2 0.946875 0.59921875 0.06171875 0.06171875
2 0.95390625 0.25703125 0.0609375 0.06171875
2 0.95625 0.38359375 0.0609375 0.06171875
2 0.9515625 0.70390625 0.06171875 0.06171875
2 0.51015625 0.84921875 0.06171875 0.06171875
2 0.41171875 0.7828125 0.06171875 0.06171875
2 0.76328125 0.91875 0.0734375 0.07421875
2 0.6734375 0.85 0.06171875 0.06171875
2 0.51640625 0.753125 0.0609375 0.0609375
2 0.509375 0.94375 0.06171875 0.06171875
2 0.8609375 0.8640625 0.0484375 0.0484375
2 0.86640625 0.75625 0.0484375 0.05
2 0.58125 0.90625 0.0734375 0.07421875
2 0.67109375 0.7375 0.0484375 0.0484375
2 0.58203125 0.78046875 0.0609375 0.0609375
2 0.76953125 0.81015625 0.0609375 0.06171875
2 0.9578125 0.48515625 0.0359375 0.0375
2 0.95703125 0.81328125 0.0484375 0.05
2 0.8671875 0.94375 0.0484375 0.0484375
2 0.675 0.55625 0.0359375 0.0375
2 0.6890625 0.43515625 0.0375 0.0359375
2 0.5890625 0.56640625 0.0484375 0.0484375
2 0.5984375 0.67890625 0.0375 0.0375
2 0.5140625 0.428125 0.0375 0.0375
2 0.4234375 0.575 0.0484375 0.0484375
2 0.340625 0.63125 0.0484375 0.0484375
2 0.3359375 0.72890625 0.0609375 0.06171875
2 0.3484375 0.41875 0.0484375 0.0484375
2 0.146875 0.73203125 0.02421875 0.02421875
2 0.04453125 0.47578125 0.0359375 0.0375
2 0.95390625 0.1625 0.0484375 0.0484375
2 0.8765625 0.078125 0.0359375 0.0375
2 0.6890625 0.08359375 0.0359375 0.0359375
2 0.5890625 0.1453125 0.0375 0.0375
2 0.4375 0.05546875 0.0484375 0.0484375
2 0.78203125 0.2296875 0.0359375 0.0359375
2 0.684375 0.32421875 0.0375 0.0375
2 0.51640625 0.334375 0.0484375 0.0484375
2 0.59296875 0.365625 0.0375 0.0375
2 0.3453125 0.284375 0.02421875 0.02421875
2 0.35234375 0.5140625 0.02421875 0.02421875
2 0.05390625 0.76484375 0.02421875 0.02421875