2 0.3453125 0.05703125 0.06171875 0.06171875
2 0.73828125 0.05546875 0.0484375 0.05
2 0.9359375 0.22734375 0.06171875 0.06171875
2 0.728125 0.759375 0.0859375 0.0859375
1 0.909375 0.8703125 0.109375 0.11015625
1 0.9109375 0.75546875 0.11015625 0.11015625
1 0.9203125 0.6390625 0.09765625 0.0984375
1 0.928125 0.540625 0.109375 0.11015625
1 0.92265625 0.45546875 0.109375 0.11015625
1 0.928125 0.33125 0.11015625 0.1109375
1 0.83671875 0.2828125 0.121875 0.1234375
1 0.83359375 0.3921875 0.11015625 0.11015625
1 0.825 0.490625 0.11015625 0.11015625
1 0.821875 0.6078125 0.11015625 0.11015625
1 0.815625 0.70703125 0.0859375 0.0859375
1 0.82890625 0.82109375 0.109375 0.1109375
1 0.8265625 0.91484375 0.09765625 0.09765625
1 0.7203125 0.86875 0.0859375 0.0859375
1 0.721875 0.66640625 0.11015625 0.11015625
1 0.72890625 0.5390625 0.11015625 0.1109375
1 0.74375 0.428125 0.09765625 0.0984375
1 0.7390625 0.328125 0.09765625 0.09765625
1 0.63125 0.27578125 0.09765625 0.0984375
1 0.63203125 0.3828125 0.0859375 0.0859375
1 0.64375 0.48046875 0.09765625 0.09765625
1 0.640625 0.59296875 0.109375 0.11015625
1 0.6359375 0.7 0.109375 0.1109375
1 0.6328125 0.81328125 0.109375 0.1109375
3 0.63515625 0.94375 0.08515625 0.0859375
1 0.5359375 0.865625 0.0859375 0.0859375
1 0.5328125 0.75625 0.09765625 0.0984375
1 0.5375 0.6453125 0.09765625 0.09765625
1 0.54375 0.5359375 0.109375 0.1109375
1 0.5421875 0.434375 0.09765625 0.09765625
1 0.553125 0.3390625 0.08515625 0.0859375
1 0.54140625 0.2578125 0.08515625 0.0859375
1 0.41875 0.2546875 0.0859375 0.0859375
1 0.4125 0.490625 0.09765625 0.0984375
1 0.42109375 0.60234375 0.09765625 0.09765625
1 0.4171875 0.70625 0.09765625 0.0984375
1 0.41796875 0.79375 0.09765625 0.0984375
1 0.415625 0.92265625 0.08515625 0.0859375
1 0.33046875 0.85625 0.11015625 0.11015625
1 0.32890625 0.746875 0.09765625 0.0984375
1 0.32109375 0.64140625 0.09765625 0.0984375
1 0.32421875 0.5515625 0.109375 0.11015625
1 0.32421875 0.421875 0.0859375 0.0859375
1 0.33359375 0.31328125 0.08515625 0.0859375
1 0.2390625 0.36953125 0.09765625 0.0984375
1 0.24296875 0.48125 0.109375 0.11015625
1 0.23515625 0.584375 0.09765625 0.09765625
1 0.2359375 0.69453125 0.109375 0.11015625
1 0.23125 0.784375 0.11015625 0.11015625
1 0.2265625 0.9 0.09765625 0.0984375
2 0.0296875 0.77734375 0.0484375 0.0484375
1 0.13359375 0.82578125 0.09765625 0.0984375
1 0.13359375 0.72421875 0.09765625 0.0984375
1 0.12890625 0.6203125 0.09765625 0.0984375
1 0.14375 0.5203125 0.09765625 0.0984375
1 0.14765625 0.4 0.09765625 0.09765625
1 0.1421875 0.309375 0.08515625 0.0859375
2 0.63359375 0.0640625 0.0484375 0.05