2 0.071875 0.10390625 0.0484375 0.05
2 0.1734375 0.0453125 0.0359375 0.0359375
2 0.2359375 0.9484375 0.0484375 0.0484375
2 0.16484375 0.20234375 0.0484375 0.05
2 0.0609375 0.4234375 0.0609375 0.0609375
2 0.065625 0.240625 0.0484375 0.0484375
2 0.1703125 0.284375 0.0484375 0.0484375
2 0.15625 0.36796875 0.0484375 0.0484375
2 0.2546875 0.3015625 0.0359375 0.0375
2 0.6296875 0.11015625 0.06171875 0.06171875
2 0.9 0.90546875 0.0484375 0.05
1 0.93515625 0.1671875 0.121875 0.121875
1 0.8453125 0.10234375 0.09765625 0.0984375
1 0.84296875 0.22734375 0.09765625 0.0984375
1 0.92265625 0.475 0.0859375 0.0859375
1 0.934375 0.384375 0.0859375 0.0859375
1 0.94140625 0.27421875 0.0859375 0.0859375
1 0.85078125 0.3265625 0.09765625 0.0984375
2 0.65546875 0.42890625 0.0609375 0.06171875
2 0.65234375 0.32890625 0.0484375 0.05
2 0.72578125 0.96875 0.0484375 0.0484375
2 0.9140625 0.59609375 0.0234375 0.02421875
2 0.9078125 0.69921875 0.0484375 0.0484375
2 0.89765625 0.81171875 0.0375 0.0359375
2 0.82890625 0.54296875 0.0484375 0.0484375
2 0.82890625 0.65859375 0.02421875 0.02421875
2 0.821875 0.7859375 0.02421875 0.02421875
2 0.815625 0.9 0.0484375 0.05
2 0.7359375 0.59609375 0.0359375 0.0359375
2 0.7359375 0.72578125 0.02421875 0.02421875
2 0.7296875 0.83515625 0.02421875 0.02421875
2 0.6625 0.52578125 0.0375 0.0359375
2 0.66484375 0.6453125 0.0484375 0.05
2 0.659375 0.7765625 0.0375 0.0375
2 0.6609375 0.87890625 0.0484375 0.0484375
2 0.571875 0.56875 0.0359375 0.0359375
1 0.3375 0.8984375 0.0484375 0.0484375
2 0.7375 0.2765625 0.0359375 0.0375
2 0.6578125 0.2109375 0.0359375 0.0375
2 0.5546875 0.265625 0.0375 0.0375
2 0.45703125 0.31875 0.0375 0.0359375
2 0.35703125 0.365625 0.0359375 0.0359375
2 0.33515625 0.490625 0.0359375 0.0375
2 0.4515625 0.4421875 0.0359375 0.0359375
2 0.5703125 0.384375 0.0484375 0.05
2 0.57109375 0.4734375 0.0375 0.0359375
2 0.83203125 0.43671875 0.0484375 0.0484375
2 0.7390625 0.37421875 0.0484375 0.0484375
2 0.73984375 0.47578125 0.0359375 0.0375
2 0.27578125 0.11640625 0.0359375 0.0359375
2 0.54140625 0.03515625 0.0359375 0.0375
2 0.46015625 0.09453125 0.0375 0.0375
2 0.55390625 0.1359375 0.02421875 0.02421875
2 0.07109375 0.334375 0.0375 0.0375
2 0.1609375 0.5140625 0.02421875 0.025
2 0.24140625 0.5140625 0.0359375 0.0375
2 0.40390625 0.2125 0.0359375 0.0359375
2 0.74375 0.1625 0.0375 0.0375
2 0.06875 0.89296875 0.0375 0.0359375
2 0.071875 0.81171875 0.0375 0.0375
2 0.0828125 0.69453125 0.0359375 0.0375
2 0.165625 0.73046875 0.0359375 0.0375
2 0.1703125 0.8203125 0.0359375 0.0375
2 0.1609375 0.9140625 0.0359375 0.0375
2 0.2359375 0.85234375 0.0375 0.0375
2 0.2359375 0.7671875 0.0375 0.0375
2 0.23515625 0.69453125 0.0375 0.0375