2 0.0953125 0.33671875 0.0734375 0.07421875
2 0.46484375 0.31796875 0.0484375 0.05
2 0.37890625 0.33046875 0.0609375 0.06171875
2 0.10078125 0.96796875 0.0609375 0.06171875
2 0.7375 0.81171875 0.0734375 0.0734375
2 0.73984375 0.9234375 0.0734375 0.0734375
2 0.7375 0.57578125 0.06171875 0.06171875
2 0.6390625 0.878125 0.0609375 0.06171875
2 0.74296875 0.3546875 0.0484375 0.05
2 0.73828125 0.7 0.0609375 0.06171875
1 0.6515625 0.740625 0.0359375 0.0375
2 0.025 0.81640625 0.0484375 0.0484375
2 0.028125 0.615625 0.0484375 0.0484375
2 0.29375 0.78046875 0.0609375 0.06171875
2 0.3796875 0.53828125 0.0609375 0.06171875
2 0.46484375 0.4421875 0.0609375 0.06171875
2 0.3828125 0.425 0.0609375 0.06171875
2 0.21015625 0.5984375 0.0484375 0.0484375
2 0.0984375 0.6640625 0.0375 0.0375
2 0.209375 0.5046875 0.0484375 0.0484375
2 0.38671875 0.6328125 0.0484375 0.0484375
2 0.2984375 0.6703125 0.0609375 0.0609375
2 0.553125 0.384375 0.06171875 0.06171875
2 0.09921875 0.55 0.0734375 0.07421875
2 0.30234375 0.59296875 0.06171875 0.06171875
2 0.09765625 0.88046875 0.0609375 0.06171875
2 0.4546875 0.6640625 0.0484375 0.0484375
2 0.3703125 0.92109375 0.0484375 0.0484375
2 0.08984375 0.77734375 0.0484375 0.0484375
2 0.28984375 0.86796875 0.0734375 0.07421875
2 0.09921875 0.4484375 0.0734375 0.07421875
2 0.74296875 0.24296875 0.0609375 0.06171875
2 0.746875 0.128125 0.0609375 0.06171875
2 0.821875 0.2078125 0.0484375 0.0484375
2 0.82734375 0.096875 0.0734375 0.0734375
2 0.9359375 0.1421875 0.06171875 0.06171875
2 0.81953125 0.6578125 0.0609375 0.06171875
2 0.9265625 0.93125 0.0609375 0.06171875
2 0.9265625 0.603125 0.0609375 0.06171875
2 0.925 0.7203125 0.0609375 0.06171875
2 0.92890625 0.82890625 0.0609375 0.06171875
2 0.81875 0.4234375 0.0484375 0.05
2 0.82109375 0.78359375 0.0609375 0.06171875
2 0.2203125 0.22578125 0.06171875 0.06171875
2 0.37421875 0.1 0.06171875 0.06171875
2 0.1046875 0.2328125 0.0484375 0.0484375
2 0.2078125 0.0328125 0.0484375 0.05
2 0.56015625 0.2640625 0.06171875 0.06171875
2 0.82265625 0.8859375 0.0359375 0.0375
2 0.540625 0.95703125 0.0359375 0.0375
2 0.5546875 0.83515625 0.0375 0.0359375
2 0.45390625 0.9671875 0.0484375 0.0484375
2 0.37890625 0.828125 0.0375 0.0375
2 0.2140625 0.81953125 0.0484375 0.0484375
2 0.9296875 0.2578125 0.0375 0.0375
2 0.93125 0.3765625 0.0375 0.0375
2 0.93046875 0.49375 0.0375 0.0375
2 0.81953125 0.5625 0.0484375 0.0484375
2 0.74140625 0.478125 0.0359375 0.0375
2 0.8234375 0.31953125 0.0484375 0.0484375
2 0.5640625 0.03515625 0.0375 0.0375
2 0.4734375 0.0859375 0.0359375 0.0375
2 0.46875 0.2140625 0.0484375 0.05
2 0.55390625 0.48359375 0.0359375 0.0359375
2 0.653125 0.3 0.0375 0.0375
2 0.3828125 0.2125 0.0484375 0.05
2 0.45390625 0.54609375 0.0375 0.0375
2 0.303125 0.18984375 0.0484375 0.05
2 0.29765625 0.29375 0.06171875 0.06171875
2 0.30078125 0.37421875 0.0484375 0.0484375
2 0.303125 0.45625 0.0484375 0.0484375
2 0.2109375 0.39375 0.0484375 0.0484375
2 0.215625 0.30078125 0.0484375 0.0484375
2 0.2125 0.13359375 0.0484375 0.05
2 0.10078125 0.11796875 0.0484375 0.0484375
2 0.0265625 0.16171875 0.02421875 0.02421875
2 0.03203125 0.28671875 0.02421875 0.02421875
2 0.03359375 0.4015625 0.02421875 0.025
2 0.646875 0.63046875 0.0359375 0.0359375
2 0.55 0.725 0.0375 0.0375
2 0.38203125 0.734375 0.0484375 0.0484375
2 0.4578125 0.765625 0.0375 0.0375
2 0.21015625 0.68515625 0.02421875 0.02421875
2 0.2171875 0.91484375 0.02421875 0.02421875