1 0.9328125 0.3875 0.109375 0.11015625
1 0.93828125 0.27265625 0.11015625 0.11015625
1 0.940625 0.1625 0.09765625 0.0984375
1 0.94609375 0.0546875 0.09765625 0.09765625
1 0.84375 0.11171875 0.109375 0.11015625
1 0.83671875 0.33125 0.109375 0.11015625
1 0.74453125 0.38828125 0.11015625 0.11015625
1 0.7453125 0.2765625 0.109375 0.11015625
1 0.746875 0.1625 0.109375 0.11015625
1 0.746875 0.05703125 0.109375 0.11015625
1 0.6515625 0.10390625 0.11015625 0.11015625
1 0.65234375 0.215625 0.09765625 0.0984375
1 0.653125 0.32734375 0.11015625 0.11015625
1 0.559375 0.38515625 0.109375 0.11015625
1 0.559375 0.27265625 0.09765625 0.0984375
1 0.5625 0.16171875 0.09765625 0.0984375
1 0.56640625 0.0578125 0.09765625 0.0984375
1 0.46796875 0.1109375 0.109375 0.11015625
1 0.4640625 0.20859375 0.109375 0.11015625
3 0.46875 0.33046875 0.109375 0.11015625
1 0.3625 0.37578125 0.11015625 0.1109375
1 0.365625 0.26640625 0.09765625 0.09765625
1 0.3671875 0.16484375 0.109375 0.11015625
1 0.371875 0.06484375 0.109375 0.11015625
1 0.2734375 0.10859375 0.09765625 0.09765625
1 0.27578125 0.22265625 0.11015625 0.1109375
1 0.275 0.325 0.09765625 0.09765625
1 0.17890625 0.3828125 0.0734375 0.07421875
1 0.1828125 0.2765625 0.0859375 0.0859375
1 0.184375 0.1734375 0.0859375 0.0859375
1 0.1921875 0.05625 0.08515625 0.0859375
1 0.0875 0.10546875 0.109375 0.1109375
1 0.08515625 0.2171875 0.109375 0.11015625
1 0.0875 0.32265625 0.09765625 0.0984375
1 0.0796875 0.884375 0.109375 0.11015625
1 0.08359375 0.7640625 0.11015625 0.11015625
1 0.08046875 0.6625 0.11015625 0.11015625
1 0.0875 0.5453125 0.11015625 0.1109375
1 0.084375 0.440625 0.11015625 0.1109375
1 0.1765625 0.4875 0.109375 0.1109375
1 0.17890625 0.5984375 0.109375 0.1109375
1 0.171875 0.70703125 0.09765625 0.09765625
1 0.17890625 0.821875 0.09765625 0.0984375
1 0.17734375 0.93984375 0.11015625 0.11015625
1 0.2765625 0.8875 0.09765625 0.09765625
1 0.26484375 0.7734375 0.109375 0.1109375
1 0.2796875 0.653125 0.121875 0.1234375
1 0.27890625 0.53828125 0.0734375 0.07421875
1 0.2703125 0.44375 0.09765625 0.0984375
1 0.3640625 0.50390625 0.121875 0.1234375
1 0.3640625 0.6 0.11015625 0.11015625
1 0.36015625 0.703125 0.09765625 0.09765625
1 0.3578125 0.8234375 0.109375 0.1109375
1 0.3609375 0.93984375 0.109375 0.11015625
1 0.46875 0.88125 0.109375 0.1109375
1 0.45546875 0.77265625 0.11015625 0.11015625
1 0.45859375 0.65546875 0.11015625 0.11015625
1 0.46328125 0.55390625 0.11015625 0.11015625
1 0.4640625 0.4328125 0.109375 0.11015625
1 0.55625 0.49140625 0.109375 0.11015625
1 0.553125 0.5984375 0.109375 0.11015625
1 0.55625 0.69375 0.09765625 0.0984375
1 0.5578125 0.83046875 0.11015625 0.11015625
1 0.55546875 0.93828125 0.11015625 0.1109375
1 0.6421875 0.88515625 0.109375 0.11015625
1 0.6484375 0.77109375 0.109375 0.11015625
1 0.64921875 0.659375 0.109375 0.11015625
1 0.6421875 0.540625 0.09765625 0.0984375
1 0.65234375 0.434375 0.09765625 0.0984375
1 0.75 0.490625 0.09765625 0.0984375
1 0.7421875 0.6046875 0.09765625 0.0984375
1 0.7453125 0.71171875 0.09765625 0.0984375
1 0.7453125 0.82578125 0.109375 0.11015625
1 0.740625 0.93671875 0.109375 0.11015625
1 0.85859375 0.8796875 0.0734375 0.0734375
1 0.83515625 0.76796875 0.09765625 0.0984375
1 0.840625 0.6578125 0.09765625 0.0984375
1 0.8453125 0.5515625 0.11015625 0.11015625
1 0.83671875 0.4359375 0.09765625 0.09765625
1 0.9421875 0.4890625 0.109375 0.1109375
1 0.94375 0.6125 0.109375 0.11015625
1 0.92890625 0.7171875 0.09765625 0.0984375
1 0.9328125 0.82890625 0.09765625 0.0984375
1 0.934375 0.9359375 0.09765625 0.0984375