2 0.2875 0.44453125 0.0734375 0.07421875
2 0.28359375 0.653125 0.06171875 0.06171875
2 0.10859375 0.5515625 0.0484375 0.0484375
2 0.11171875 0.6703125 0.06171875 0.06171875
2 0.20625 0.91171875 0.06171875 0.06171875
2 0.64921875 0.7671875 0.06171875 0.06171875
2 0.3703125 0.92109375 0.08515625 0.0859375
1 0.94296875 0.93671875 0.0734375 0.07421875
1 0.7546875 0.9234375 0.0734375 0.07421875
1 0.5640625 0.91953125 0.09765625 0.0984375
1 0.9546875 0.1703125 0.0734375 0.07421875
1 0.8625 0.23046875 0.09765625 0.09765625
1 0.85859375 0.359375 0.121875 0.1234375
1 0.859375 0.45546875 0.109375 0.11015625
1 0.85859375 0.56796875 0.109375 0.11015625
1 0.8609375 0.68046875 0.109375 0.11015625
1 0.7625 0.71171875 0.11015625 0.11015625
1 0.7640625 0.6109375 0.11015625 0.11015625
1 0.76796875 0.5015625 0.11015625 0.11015625
1 0.76875 0.38828125 0.109375 0.11015625
1 0.76484375 0.278125 0.109375 0.11015625
1 0.7671875 0.17265625 0.09765625 0.09765625
1 0.66953125 0.22890625 0.11015625 0.11015625
1 0.67578125 0.3390625 0.09765625 0.0984375
1 0.6671875 0.46015625 0.09765625 0.0984375
1 0.66875 0.565625 0.11015625 0.11015625
1 0.66796875 0.67734375 0.09765625 0.0984375
1 0.58046875 0.18046875 0.11015625 0.11015625
1 0.57109375 0.2828125 0.11015625 0.11015625
1 0.56796875 0.39765625 0.11015625 0.11015625
1 0.5765625 0.49921875 0.109375 0.11015625
1 0.571875 0.6421875 0.109375 0.11015625
1 0.56875 0.7390625 0.0859375 0.0859375
1 0.48125 0.2328125 0.109375 0.11015625
1 0.4796875 0.3390625 0.109375 0.11015625
1 0.47734375 0.45546875 0.109375 0.11015625
1 0.4734375 0.56796875 0.109375 0.11015625
1 0.4828125 0.665625 0.11015625 0.11015625
1 0.3859375 0.2875 0.09765625 0.0984375
1 0.378125 0.39375 0.109375 0.11015625
1 0.37578125 0.5015625 0.11015625 0.11015625
1 0.37734375 0.6234375 0.08515625 0.0859375
1 0.3796875 0.73046875 0.0734375 0.07421875
1 0.290625 0.2296875 0.08515625 0.0859375
1 0.28046875 0.3453125 0.11015625 0.11015625
1 0.28984375 0.55625 0.0734375 0.07421875
1 0.2921875 0.734375 0.0734375 0.07421875
1 0.20078125 0.17734375 0.11015625 0.11015625
1 0.18671875 0.27578125 0.11015625 0.11015625
1 0.18828125 0.37890625 0.0734375 0.07421875
1 0.18828125 0.4796875 0.0859375 0.0859375
1 0.19609375 0.57109375 0.0859375 0.0859375
1 0.19921875 0.68984375 0.09765625 0.0984375
2 0.11015625 0.459375 0.0375 0.0375
1 0.11328125 0.23515625 0.109375 0.11015625
1 0.10234375 0.33515625 0.109375 0.1109375
1 0.8546875 0.1234375 0.109375 0.1109375
1 0.76171875 0.075 0.109375 0.1109375
1 0.66484375 0.10859375 0.11015625 0.11015625
1 0.58046875 0.06875 0.11015625 0.11015625
1 0.48125 0.11875 0.121875 0.121875
1 0.3828125 0.06328125 0.109375 0.11015625
1 0.38203125 0.17265625 0.109375 0.11015625
1 0.2953125 0.13046875 0.11015625 0.11015625
1 0.20234375 0.07109375 0.09765625 0.0984375
1 0.10859375 0.12734375 0.109375 0.11015625