2 0.1390625 0.08515625 0.08515625 0.0859375
2 0.22421875 0.23515625 0.08515625 0.0859375
2 0.30703125 0.403125 0.0734375 0.0734375
1 0.90703125 0.7390625 0.09765625 0.09765625
1 0.9015625 0.63359375 0.0859375 0.0859375
1 0.8984375 0.525 0.09765625 0.0984375
1 0.90234375 0.4140625 0.09765625 0.09765625
1 0.909375 0.3046875 0.109375 0.1109375
1 0.90703125 0.203125 0.09765625 0.09765625
1 0.91875 0.1078125 0.08515625 0.0859375
1 0.77734375 0.259375 0.09765625 0.0984375
1 0.7859375 0.37109375 0.09765625 0.09765625
1 0.78203125 0.475 0.09765625 0.0984375
1 0.7828125 0.56171875 0.09765625 0.0984375
1 0.78046875 0.69140625 0.08515625 0.0859375
1 0.690625 0.7453125 0.0859375 0.0859375
1 0.69609375 0.62421875 0.11015625 0.11015625
1 0.69453125 0.51484375 0.09765625 0.0984375
1 0.68671875 0.409375 0.09765625 0.0984375
1 0.6890625 0.31953125 0.109375 0.11015625
1 0.6890625 0.190625 0.0859375 0.0859375
1 0.6984375 0.08203125 0.08515625 0.0859375
1 0.6046875 0.13828125 0.09765625 0.0984375
1 0.60859375 0.24921875 0.109375 0.11015625
1 0.60078125 0.35234375 0.09765625 0.09765625
1 0.6015625 0.46328125 0.109375 0.11015625
1 0.59609375 0.553125 0.11015625 0.11015625
1 0.5921875 0.66875 0.09765625 0.0984375
1 0.13671875 0.175 0.0859375 0.0859375
1 0.14140625 0.2875 0.0859375 0.0859375
1 0.1296875 0.396875 0.0859375 0.0859375
1 0.13359375 0.5109375 0.0859375 0.0859375
1 0.13203125 0.6265625 0.08515625 0.0859375
0 0.1265625 0.725 0.0609375 0.06171875
1 0.1203125 0.84375 0.09765625 0.09765625
1 0.2046875 0.7609375 0.121875 0.1234375
1 0.2109375 0.67109375 0.109375 0.1109375
3 0.21796875 0.5578125 0.0859375 0.0859375
1 0.22265625 0.4359375 0.09765625 0.09765625
1 0.21953125 0.3140625 0.08515625 0.0859375
1 0.22734375 0.1296875 0.08515625 0.0859375
1 0.3109375 0.07421875 0.08515625 0.0859375
1 0.303125 0.190625 0.08515625 0.08671875
1 0.3078125 0.29609375 0.08515625 0.0859375
2 0.39453125 0.54609375 0.0484375 0.0484375
1 0.3015625 0.51640625 0.0859375 0.0859375
1 0.3078125 0.6203125 0.121875 0.1234375
1 0.30546875 0.73359375 0.121875 0.1234375
1 0.3046875 0.840625 0.09765625 0.0984375
1 0.3953125 0.78671875 0.09765625 0.0984375
1 0.39765625 0.675 0.121875 0.1234375
1 0.48828125 0.72578125 0.09765625 0.0984375
1 0.4953125 0.83125 0.0859375 0.0859375
1 0.49921875 0.59453125 0.09765625 0.0984375
1 0.49921875 0.49296875 0.09765625 0.0984375
1 0.49375 0.3890625 0.09765625 0.0984375
1 0.50859375 0.28828125 0.09765625 0.0984375
1 0.5125 0.16875 0.09765625 0.09765625
1 0.50703125 0.078125 0.08515625 0.0859375
1 0.41484375 0.1375 0.121875 0.1234375
1 0.4140625 0.240625 0.09765625 0.0984375
1 0.59765625 0.7875 0.09765625 0.09765625
1 0.69296875 0.85078125 0.08515625 0.0859375
2 0.89375 0.85625 0.0484375 0.0484375
1 0.20546875 0.89375 0.121875 0.1234375
1 0.39453125 0.9 0.09765625 0.0984375
1 0.59296875 0.915625 0.09765625 0.0984375
1 0.68828125 0.946875 0.09765625 0.09765625
1 0.784375 0.79609375 0.08515625 0.08671875
1 0.778125 0.89921875 0.0734375 0.0734375
1 0.4 0.4421875 0.08515625 0.0859375