2 0.18671875 0.2203125 0.0484375 0.0484375
2 0.1734375 0.9671875 0.0609375 0.06171875
2 0.28203125 0.884375 0.0609375 0.06171875
2 0.35859375 0.9359375 0.06171875 0.06171875
2 0.47109375 0.9125 0.06171875 0.06171875
2 0.0859375 0.94375 0.0484375 0.0484375
2 0.56328125 0.90546875 0.0484375 0.0484375
2 0.18359375 0.784375 0.0609375 0.06171875
2 0.090625 0.3890625 0.06171875 0.06171875
2 0.08828125 0.73359375 0.06171875 0.06171875
2 0.0921875 0.83125 0.06171875 0.06171875
2 0.18515625 0.3265625 0.06171875 0.06171875
2 0.375 0.740625 0.0484375 0.0484375
2 0.2953125 0.76484375 0.0484375 0.0484375
2 0.1859375 0.425 0.0484375 0.05
2 0.184375 0.52578125 0.0484375 0.05
2 0.4796875 0.73515625 0.0484375 0.0484375
2 0.38125 0.6078125 0.0484375 0.0484375
2 0.47578125 0.81875 0.0484375 0.0484375
2 0.559375 0.8171875 0.0484375 0.0484375
2 0.85078125 0.178125 0.0484375 0.05
2 0.9625 0.971875 0.0484375 0.0484375
2 0.965625 0.8703125 0.0484375 0.0484375
2 0.8765625 0.925 0.0484375 0.0484375
2 0.48125 0.6390625 0.0375 0.0375
2 0.371875 0.8421875 0.0484375 0.0484375
2 0.29765625 0.64921875 0.0375 0.0375
1 0.1796875 0.88203125 0.0609375 0.06171875
2 0.67578125 0.24140625 0.0484375 0.0484375
2 0.6734375 0.34765625 0.0484375 0.0484375
2 0.6671875 0.44453125 0.0375 0.0375
2 0.66796875 0.5328125 0.0375 0.0375
2 0.7609375 0.28203125 0.0484375 0.0484375
2 0.7625 0.39609375 0.0609375 0.06171875
2 0.753125 0.51640625 0.0375 0.0375
2 0.82734375 0.41328125 0.06171875 0.06171875
2 0.81953125 0.5125 0.0484375 0.0484375
2 0.96640625 0.3484375 0.02421875 0.02421875
2 0.96640625 0.4546875 0.0359375 0.0375
2 0.296875 0.2828125 0.0484375 0.0484375
2 0.2953125 0.37109375 0.0484375 0.0484375
2 0.29921875 0.475 0.0359375 0.0359375
2 0.29296875 0.55703125 0.0484375 0.05
2 0.3875 0.49375 0.0375 0.0375
2 0.45 0.45703125 0.0359375 0.0375
2 0.39765625 0.38359375 0.0375 0.0375
2 0.403125 0.26171875 0.0375 0.0375
2 0.9703125 0.2359375 0.0375 0.0359375
2 0.84765625 0.084375 0.0375 0.0359375
2 0.771875 0.0578125 0.02421875 0.02421875
2 0.765625 0.17265625 0.0484375 0.05
2 0.68046875 0.1078125 0.02421875 0.02421875
2 0.609375 0.0484375 0.0375 0.0375
2 0.6109375 0.1515625 0.0484375 0.0484375
2 0.60859375 0.28125 0.0359375 0.0375
1 0.28828125 0.17109375 0.0484375 0.0484375
2 0.02265625 0.084375 0.0375 0.0375
2 0.1203125 0.09296875 0.0359375 0.0375
2 0.1109375 0.18671875 0.0359375 0.0375
2 0.10234375 0.2875 0.0359375 0.0359375
2 0.18671875 0.125 0.0375 0.0375
2 0.18671875 0.03984375 0.0375 0.0375
2 0.0921875 0.49609375 0.0359375 0.0375
2 0.61328125 0.396875 0.0484375 0.0484375