2 0.32265625 0.38828125 0.06171875 0.06171875
2 0.72265625 0.803125 0.0859375 0.0859375
2 0.91875 0.7296875 0.0609375 0.06171875
2 0.9171875 0.83203125 0.0734375 0.07421875
2 0.821875 0.6546875 0.0484375 0.0484375
1 0.93515625 0.1078125 0.121875 0.1234375
1 0.9234375 0.24921875 0.109375 0.1109375
1 0.9203125 0.37109375 0.121875 0.1234375
1 0.928125 0.4796875 0.121875 0.1234375
1 0.81953125 0.096875 0.09765625 0.09765625
1 0.828125 0.20234375 0.09765625 0.09765625
1 0.821875 0.3296875 0.09765625 0.0984375
1 0.825 0.43203125 0.11015625 0.11015625
1 0.73203125 0.1734375 0.11015625 0.11015625
1 0.728125 0.2765625 0.09765625 0.0984375
1 0.7234375 0.38359375 0.09765625 0.0984375
1 0.728125 0.503125 0.0859375 0.08671875
1 0.63125 0.10625 0.11015625 0.11015625
1 0.628125 0.22109375 0.11015625 0.11015625
1 0.628125 0.3296875 0.121875 0.121875
1 0.628125 0.44609375 0.121875 0.121875
1 0.53125 0.15 0.09765625 0.0984375
1 0.5421875 0.2640625 0.09765625 0.0984375
1 0.5390625 0.38046875 0.09765625 0.0984375
1 0.5359375 0.50546875 0.09765625 0.0984375
1 0.43671875 0.10625 0.09765625 0.0984375
1 0.43828125 0.209375 0.09765625 0.0984375
1 0.44375 0.32734375 0.09765625 0.0984375
1 0.346875 0.04609375 0.08515625 0.08671875
2 0.2375 0.103125 0.0484375 0.05
1 0.15625 0.0609375 0.09765625 0.0984375
1 0.721875 0.596875 0.08515625 0.0859375
1 0.721875 0.71015625 0.09765625 0.0984375
1 0.61640625 0.753125 0.0859375 0.0859375
1 0.628125 0.66328125 0.0859375 0.0859375
1 0.634375 0.553125 0.0859375 0.0859375
1 0.54375 0.6046875 0.09765625 0.0984375
2 0.3484375 0.7078125 0.0609375 0.06171875
2 0.3453125 0.60703125 0.0484375 0.05
2 0.92265625 0.603125 0.0609375 0.06171875
2 0.92109375 0.928125 0.02421875 0.025
2 0.81640625 0.878125 0.0484375 0.0484375
2 0.72578125 0.909375 0.0484375 0.0484375
2 0.6078125 0.87421875 0.0234375 0.02421875
2 0.52265625 0.82109375 0.0484375 0.0484375
2 0.521875 0.93671875 0.02421875 0.02421875
2 0.42890625 0.87421875 0.0359375 0.0359375
2 0.35546875 0.80390625 0.0375 0.0359375
2 0.35859375 0.9234375 0.0484375 0.05
2 0.26484375 0.846875 0.0359375 0.0359375
3 0.8234375 0.55625 0.0484375 0.0484375
2 0.825 0.7671875 0.02421875 0.02421875
2 0.43125 0.5546875 0.0359375 0.0375
2 0.35078125 0.4890625 0.0359375 0.0375
2 0.2484375 0.54375 0.0375 0.0375
2 0.15 0.596875 0.0375 0.0359375
2 0.05 0.64375 0.0359375 0.0359375
2 0.02890625 0.76875 0.0359375 0.0375
2 0.1453125 0.7203125 0.0359375 0.0359375
2 0.2640625 0.6625 0.0484375 0.05
2 0.26484375 0.7515625 0.0375 0.0359375
2 0.525 0.71484375 0.0484375 0.0484375
2 0.4328125 0.65234375 0.0484375 0.0484375
2 0.4328125 0.75390625 0.0359375 0.0375
1 0.0453125 0.0828125 0.0375 0.0375
2 0.0359375 0.23046875 0.0375 0.0375
2 0.184375 0.1875 0.0375 0.0375
2 0.23515625 0.31328125 0.0359375 0.0375
2 0.34296875 0.16875 0.0375 0.0375
2 0.153125 0.3734375 0.0375 0.0375
2 0.24765625 0.41484375 0.02421875 0.02421875
2 0.096875 0.490625 0.0359375 0.0359375
2 0.4375 0.440625 0.0375 0.0375