1 0.196875 0.05625 0.109375 0.1109375
1 0.3890625 0.05703125 0.11015625 0.11015625
1 0.77421875 0.05390625 0.08515625 0.0859375
1 0.85859375 0.5578125 0.11015625 0.11015625
1 0.859375 0.446875 0.109375 0.11015625
1 0.8609375 0.3328125 0.109375 0.11015625
1 0.8609375 0.22734375 0.109375 0.11015625
1 0.865625 0.11171875 0.109375 0.11015625
1 0.77265625 0.1640625 0.08515625 0.0859375
1 0.76640625 0.27421875 0.11015625 0.11015625
1 0.76640625 0.38515625 0.09765625 0.0984375
1 0.7671875 0.49765625 0.11015625 0.11015625
1 0.6734375 0.55546875 0.109375 0.11015625
1 0.6734375 0.44296875 0.09765625 0.0984375
1 0.6765625 0.33125 0.09765625 0.0984375
1 0.68046875 0.228125 0.09765625 0.0984375
1 0.67890625 0.11015625 0.09765625 0.0984375
1 0.5859375 0.16953125 0.09765625 0.0984375
1 0.58203125 0.28046875 0.109375 0.11015625
1 0.578125 0.378125 0.109375 0.11015625
3 0.5828125 0.50078125 0.109375 0.11015625
1 0.47734375 0.54609375 0.11015625 0.1109375
1 0.4796875 0.43671875 0.09765625 0.09765625
1 0.48125 0.334375 0.109375 0.11015625
1 0.4859375 0.23515625 0.109375 0.11015625
1 0.48515625 0.10390625 0.109375 0.11015625
1 0.3921875 0.16953125 0.11015625 0.11015625
1 0.3875 0.278125 0.09765625 0.09765625
1 0.38984375 0.3921875 0.11015625 0.1109375
1 0.38984375 0.4953125 0.09765625 0.09765625
1 0.29375 0.553125 0.0734375 0.07421875
1 0.296875 0.44609375 0.0859375 0.0859375
1 0.2984375 0.34375 0.0859375 0.0859375
1 0.30625 0.2265625 0.08515625 0.0859375
1 0.29296875 0.115625 0.09765625 0.0984375
1 0.2015625 0.16015625 0.109375 0.1109375
1 0.20234375 0.275 0.109375 0.1109375
1 0.19921875 0.3875 0.109375 0.11015625
1 0.20234375 0.49296875 0.09765625 0.0984375
1 0.1125 0.10078125 0.109375 0.1109375
1 0.11015625 0.22265625 0.109375 0.1109375
1 0.109375 0.32109375 0.09765625 0.0984375
1 0.115625 0.440625 0.121875 0.1234375
1 0.11171875 0.53984375 0.11015625 0.11015625
1 0.10859375 0.65625 0.121875 0.1234375
1 0.1046875 0.76875 0.121875 0.1234375
1 0.1078125 0.8734375 0.109375 0.11015625
1 0.19765625 0.934375 0.11015625 0.11015625
1 0.19453125 0.8328125 0.11015625 0.11015625
1 0.2015625 0.71484375 0.11015625 0.1109375
1 0.1984375 0.61015625 0.11015625 0.1109375
1 0.290625 0.65703125 0.109375 0.1109375
1 0.29296875 0.76875 0.109375 0.1109375
1 0.2859375 0.8765625 0.09765625 0.09765625
1 0.37890625 0.94375 0.109375 0.1109375
1 0.39375 0.8234375 0.121875 0.1234375
1 0.39296875 0.7078125 0.0734375 0.07421875
1 0.384375 0.6140625 0.09765625 0.0984375
1 0.478125 0.6734375 0.121875 0.1234375
1 0.478125 0.7703125 0.11015625 0.11015625
1 0.475 0.8734375 0.09765625 0.09765625
1 0.56953125 0.94296875 0.11015625 0.11015625
1 0.57265625 0.82578125 0.11015625 0.11015625
1 0.57734375 0.72421875 0.11015625 0.11015625
1 0.578125 0.603125 0.109375 0.11015625
1 0.67109375 0.66171875 0.109375 0.11015625
1 0.6671875 0.76796875 0.109375 0.11015625
1 0.67109375 0.8640625 0.09765625 0.0984375
1 0.7625 0.940625 0.109375 0.11015625
1 0.7640625 0.8296875 0.109375 0.11015625
1 0.75703125 0.71015625 0.09765625 0.0984375
1 0.76640625 0.60390625 0.09765625 0.0984375
1 0.8640625 0.6609375 0.09765625 0.0984375
1 0.85625 0.775 0.09765625 0.0984375
1 0.859375 0.88125 0.09765625 0.0984375
1 0.94921875 0.93828125 0.09765625 0.0984375