2 0.640625 0.778125 0.0484375 0.0484375
2 0.5421875 0.86796875 0.06171875 0.06171875
2 0.45078125 0.82265625 0.06171875 0.06171875
2 0.73984375 0.76875 0.0359375 0.0375
2 0.82109375 0.74296875 0.0375 0.0375
2 0.7328125 0.87421875 0.0484375 0.0484375
2 0.92109375 0.634375 0.0734375 0.0734375
2 0.92265625 0.54140625 0.0484375 0.05
1 0.0734375 0.26015625 0.109375 0.11015625
1 0.07890625 0.1515625 0.09765625 0.09765625
1 0.165625 0.0984375 0.121875 0.1234375
1 0.16171875 0.20703125 0.121875 0.1234375
1 0.16015625 0.325 0.109375 0.11015625
1 0.2671875 0.25078125 0.121875 0.1234375
1 0.26015625 0.15546875 0.121875 0.1234375
1 0.35234375 0.09765625 0.121875 0.1234375
1 0.3484375 0.20234375 0.121875 0.1234375
1 0.34453125 0.3203125 0.121875 0.1234375
1 0.44375 0.271875 0.121875 0.1234375
1 0.44375 0.15703125 0.121875 0.1234375
1 0.54765625 0.0921875 0.121875 0.121875
1 0.54765625 0.203125 0.121875 0.1234375
1 0.54609375 0.31640625 0.121875 0.1234375
1 0.63984375 0.28359375 0.121875 0.121875
1 0.65234375 0.165625 0.09765625 0.0984375
1 0.6421875 0.0625 0.121875 0.1234375
1 0.7296875 0.0953125 0.121875 0.1234375
1 0.7375 0.21484375 0.121875 0.1234375
1 0.82265625 0.26484375 0.121875 0.1234375
1 0.83046875 0.153125 0.121875 0.1234375
1 0.92109375 0.11640625 0.121875 0.1234375
1 0.9203125 0.21640625 0.09765625 0.0984375
1 0.93203125 0.33125 0.121875 0.1234375
1 0.72890625 0.30390625 0.08515625 0.08671875
1 0.925 0.42890625 0.109375 0.11015625
1 0.83125 0.365625 0.109375 0.11015625
1 0.83046875 0.46796875 0.11015625 0.11015625
1 0.825 0.64296875 0.121875 0.121875
1 0.72578125 0.6546875 0.09765625 0.0984375
1 0.721875 0.55234375 0.11015625 0.11015625
1 0.73125 0.425 0.09765625 0.0984375
1 0.6328125 0.42421875 0.09765625 0.0984375
1 0.63359375 0.5640625 0.121875 0.1234375
1 0.6328125 0.6984375 0.109375 0.11015625
1 0.5453125 0.42734375 0.09765625 0.0984375
1 0.54375 0.53125 0.121875 0.1234375
1 0.54375 0.64921875 0.09765625 0.0984375
1 0.4484375 0.7171875 0.11015625 0.1109375
1 0.4359375 0.37578125 0.09765625 0.0984375
1 0.446875 0.4890625 0.09765625 0.0984375
1 0.4390625 0.59453125 0.09765625 0.09765625
1 0.3515625 0.4234375 0.09765625 0.0984375
1 0.3546875 0.53515625 0.09765625 0.09765625
1 0.3515625 0.6484375 0.109375 0.1109375
1 0.3578125 0.74375 0.0859375 0.0859375
1 0.275 0.42890625 0.121875 0.1234375
1 0.2640625 0.5703125 0.109375 0.1109375
1 0.26015625 0.6921875 0.121875 0.1234375
1 0.26796875 0.80078125 0.121875 0.1234375
1 0.159375 0.41796875 0.09765625 0.09765625
1 0.16796875 0.5234375 0.09765625 0.09765625
1 0.1625 0.65078125 0.09765625 0.0984375
1 0.16484375 0.753125 0.11015625 0.11015625
1 0.0734375 0.36328125 0.09765625 0.09765625
1 0.071875 0.49453125 0.11015625 0.11015625
1 0.06875 0.5984375 0.09765625 0.0984375
1 0.06328125 0.7046875 0.09765625 0.0984375
1 0.06875 0.825 0.0859375 0.08671875
1 0.06171875 0.91796875 0.08515625 0.0859375
2 0.9234375 0.853125 0.0484375 0.0484375
2 0.81484375 0.8640625 0.0359375 0.0375
2 0.9203125 0.96640625 0.0609375 0.06171875
2 0.63671875 0.9296875 0.0375 0.0375
2 0.54375 0.7734375 0.0484375 0.0484375
1 0.46171875 0.93671875 0.06171875 0.06171875
2 0.34765625 0.86171875 0.0484375 0.05
2 0.2625 0.92421875 0.0609375 0.06171875
3 0.16328125 0.878125 0.0484375 0.0484375