2 0.61171875 0.665625 0.0734375 0.07421875
2 0.14140625 0.72421875 0.0609375 0.06171875
2 0.6078125 0.87421875 0.06171875 0.06171875
2 0.3328125 0.96171875 0.0484375 0.05
2 0.4328125 0.7734375 0.0484375 0.0484375
2 0.1203125 0.90078125 0.0734375 0.0734375
2 0.14140625 0.79453125 0.0484375 0.05
2 0.4359375 0.8921875 0.06171875 0.06171875
2 0.24296875 0.79140625 0.0609375 0.06171875
2 0.33359375 0.8484375 0.06171875 0.06171875
2 0.23359375 0.88359375 0.0734375 0.0734375
1 0.9046875 0.4015625 0.11015625 0.11015625
1 0.8953125 0.5046875 0.11015625 0.11015625
1 0.8921875 0.61953125 0.11015625 0.11015625
1 0.9 0.72109375 0.109375 0.11015625
1 0.896875 0.8640625 0.109375 0.11015625
1 0.80546875 0.4546875 0.109375 0.11015625
1 0.80390625 0.5609375 0.109375 0.11015625
1 0.8015625 0.67734375 0.109375 0.11015625
1 0.79765625 0.78984375 0.109375 0.11015625
1 0.80703125 0.8875 0.11015625 0.11015625
1 0.71015625 0.509375 0.09765625 0.0984375
1 0.70234375 0.615625 0.109375 0.11015625
1 0.7 0.7234375 0.11015625 0.11015625
1 0.7015625 0.84453125 0.08515625 0.0859375
1 0.70390625 0.95234375 0.0734375 0.07421875
1 0.61484375 0.4515625 0.08515625 0.0859375
1 0.6046875 0.5671875 0.11015625 0.11015625
1 0.6140625 0.778125 0.0734375 0.07421875
1 0.61640625 0.95625 0.0734375 0.07421875
1 0.525 0.39921875 0.11015625 0.11015625
1 0.5109375 0.49765625 0.11015625 0.11015625
1 0.5125 0.60078125 0.0734375 0.07421875
1 0.5125 0.7015625 0.0859375 0.0859375
1 0.5203125 0.79296875 0.0859375 0.0859375
1 0.5234375 0.91171875 0.09765625 0.0984375
2 0.434375 0.68046875 0.0375 0.0375
2 0.34140625 0.74140625 0.0359375 0.0375
2 0.228125 0.9703125 0.0484375 0.05
2 0.0421875 0.4515625 0.0609375 0.06171875
2 0.0421875 0.56015625 0.0484375 0.05
2 0.040625 0.6546875 0.0484375 0.05
2 0.03125 0.78046875 0.0484375 0.05
2 0.03515625 0.89375 0.0484375 0.0484375
1 0.4375 0.45625 0.109375 0.11015625
1 0.4265625 0.55625 0.109375 0.1109375
1 0.34921875 0.4125 0.121875 0.1234375
1 0.33828125 0.51171875 0.11015625 0.1109375
1 0.33671875 0.61796875 0.11015625 0.11015625
1 0.25078125 0.4578125 0.11015625 0.1109375
1 0.2515625 0.5609375 0.11015625 0.11015625
1 0.24296875 0.6734375 0.11015625 0.11015625
1 0.1515625 0.4953125 0.0859375 0.0859375
1 0.1515625 0.6015625 0.121875 0.1234375
1 0.9 0.07109375 0.11015625 0.1109375
1 0.9046875 0.290625 0.11015625 0.11015625
1 0.90703125 0.17421875 0.11015625 0.11015625
1 0.80546875 0.12421875 0.121875 0.1234375
1 0.8109375 0.240625 0.121875 0.1234375
1 0.80546875 0.340625 0.121875 0.121875
1 0.7171875 0.06953125 0.109375 0.11015625
1 0.70703125 0.1765625 0.109375 0.11015625
1 0.70703125 0.284375 0.109375 0.11015625
1 0.70625 0.39375 0.109375 0.11015625
1 0.153125 0.06015625 0.11015625 0.11015625
1 0.3484375 0.06015625 0.09765625 0.0984375
3 0.62265625 0.12421875 0.11015625 0.11015625
1 0.62734375 0.225 0.08515625 0.08671875
1 0.61953125 0.35234375 0.11015625 0.11015625
1 0.5265625 0.07890625 0.11015625 0.11015625
1 0.52265625 0.18125 0.11015625 0.11015625
1 0.5265625 0.2921875 0.09765625 0.0984375
1 0.43671875 0.12265625 0.109375 0.11015625
1 0.4359375 0.2390625 0.09765625 0.0984375
1 0.4328125 0.34921875 0.109375 0.11015625
1 0.3453125 0.1890625 0.09765625 0.0984375
1 0.346875 0.2796875 0.09765625 0.09765625
1 0.24296875 0.12734375 0.11015625 0.11015625
1 0.253125 0.234375 0.09765625 0.09765625
1 0.2484375 0.3453125 0.11015625 0.1109375
1 0.14765625 0.3875 0.09765625 0.0984375
1 0.14765625 0.29765625 0.109375 0.1109375
1 0.1546875 0.18125 0.11015625 0.1109375
2 0.046875 0.13203125 0.0484375 0.05
2 0.05078125 0.2375 0.0484375 0.0484375
2 0.0453125 0.3421875 0.06171875 0.06171875