2 0.1046875 0.896875 0.0484375 0.05
1 0.103125 0.13984375 0.11015625 0.11015625
1 0.20234375 0.084375 0.109375 0.1109375
1 0.20546875 0.190625 0.121875 0.1234375
1 0.3046875 0.13203125 0.09765625 0.09765625
1 0.3921875 0.08671875 0.09765625 0.09765625
1 0.39453125 0.19921875 0.109375 0.1109375
1 0.48359375 0.1328125 0.121875 0.1234375
1 0.5984375 0.075 0.121875 0.1234375
1 0.5984375 0.18359375 0.121875 0.1234375
1 0.4875 0.2546875 0.09765625 0.09765625
1 0.4953125 0.36015625 0.09765625 0.09765625
1 0.48359375 0.48359375 0.09765625 0.09765625
1 0.4875 0.571875 0.09765625 0.0984375
1 0.384375 0.6390625 0.09765625 0.0984375
1 0.3984375 0.5203125 0.0859375 0.0859375
1 0.39140625 0.41484375 0.0859375 0.0859375
1 0.396875 0.30390625 0.09765625 0.09765625
1 0.29609375 0.25 0.09765625 0.09765625
1 0.29765625 0.36953125 0.09765625 0.0984375
1 0.29765625 0.46171875 0.09765625 0.0984375
1 0.290625 0.57734375 0.09765625 0.0984375
1 0.2984375 0.684375 0.08515625 0.08671875
1 0.20234375 0.5265625 0.11015625 0.11015625
1 0.2015625 0.40859375 0.09765625 0.0984375
1 0.20078125 0.30234375 0.11015625 0.11015625
1 0.1078125 0.2484375 0.09765625 0.0984375
1 0.10078125 0.34296875 0.09765625 0.0984375
1 0.103125 0.471875 0.109375 0.11015625
1 0.1 0.57734375 0.109375 0.11015625
1 0.20390625 0.63984375 0.0609375 0.06171875
1 0.1109375 0.690625 0.0484375 0.0484375
1 0.690625 0.1359375 0.121875 0.121875
1 0.7796875 0.075 0.11015625 0.11015625
1 0.87578125 0.14453125 0.121875 0.1234375
1 0.5953125 0.28984375 0.121875 0.1234375
1 0.590625 0.40390625 0.121875 0.121875
1 0.59296875 0.50625 0.11015625 0.11015625
1 0.5859375 0.6375 0.09765625 0.0984375
1 0.48359375 0.68671875 0.0859375 0.0859375
1 0.584375 0.74921875 0.11015625 0.11015625
1 0.67734375 0.6875 0.08515625 0.0859375
1 0.68046875 0.58671875 0.09765625 0.0984375
1 0.67890625 0.46796875 0.09765625 0.0984375
1 0.68359375 0.35859375 0.09765625 0.0984375
1 0.684375 0.25625 0.121875 0.1234375
1 0.7796875 0.184375 0.096875 0.09765625
1 0.7703125 0.2953125 0.09765625 0.09765625
1 0.7890625 0.4 0.09765625 0.0984375
1 0.7796875 0.52421875 0.0859375 0.0859375
1 0.78203125 0.6234375 0.09765625 0.0984375
1 0.778125 0.7453125 0.09765625 0.0984375
1 0.87265625 0.684375 0.121875 0.1234375
1 0.86953125 0.5796875 0.121875 0.1234375
1 0.86953125 0.4609375 0.121875 0.1234375
1 0.86640625 0.3609375 0.11015625 0.1109375
1 0.871875 0.24609375 0.121875 0.1234375
1 0.86640625 0.7984375 0.109375 0.11015625
1 0.8625 0.89609375 0.09765625 0.0984375
1 0.7671875 0.85234375 0.09765625 0.0984375
1 0.678125 0.7921875 0.08515625 0.08671875
2 0.56875 0.84921875 0.0484375 0.05
1 0.4875 0.80703125 0.09765625 0.0984375
1 0.1109375 0.796875 0.0359375 0.0375
1 0.21328125 0.74296875 0.0359375 0.0375
1 0.28125 0.92109375 0.0484375 0.0484375
1 0.29375 0.80078125 0.0484375 0.0484375
1 0.37578125 0.82890625 0.0375 0.0375
2 0.3671875 0.9765625 0.0375 0.0375
2 0.515625 0.93359375 0.0375 0.0375
2 0.6734375 0.91484375 0.0375 0.0375
1 0.3921875 0.7484375 0.09765625 0.09765625