2 0.89921875 0.06171875 0.0484375 0.0484375
2 0.3671875 0.0390625 0.0484375 0.0484375
2 0.08515625 0.04921875 0.0484375 0.05
2 0.06953125 0.8828125 0.08515625 0.0859375
2 0.6453125 0.19609375 0.06171875 0.06171875
2 0.54609375 0.1296875 0.06171875 0.06171875
2 0.89765625 0.265625 0.0734375 0.07421875
2 0.8078125 0.196875 0.06171875 0.06171875
2 0.6515625 0.1 0.0609375 0.0609375
2 0.64375 0.290625 0.06171875 0.06171875
2 0.71640625 0.253125 0.0734375 0.07421875
2 0.80546875 0.084375 0.0484375 0.0484375
2 0.7171875 0.1265625 0.0609375 0.0609375
2 0.9046875 0.15703125 0.0609375 0.06171875
1 0.89609375 0.853125 0.121875 0.1234375
1 0.90078125 0.7484375 0.121875 0.1234375
1 0.8953125 0.6703125 0.121875 0.1234375
1 0.8 0.571875 0.11015625 0.1109375
1 0.8015625 0.6890625 0.121875 0.1234375
1 0.81171875 0.79765625 0.121875 0.121875
1 0.8 0.91328125 0.121875 0.1234375
1 0.71484375 0.84765625 0.0859375 0.0859375
1 0.72109375 0.72734375 0.08515625 0.0859375
1 0.7203125 0.63125 0.08515625 0.0859375
1 0.61796875 0.67890625 0.09765625 0.09765625
1 0.61640625 0.7984375 0.08515625 0.0859375
1 0.61640625 0.903125 0.09765625 0.0984375
1 0.5296875 0.62421875 0.121875 0.1234375
1 0.525 0.7421875 0.121875 0.1234375
1 0.52578125 0.8515625 0.121875 0.1234375
1 0.440625 0.67890625 0.121875 0.1234375
1 0.4359375 0.80078125 0.121875 0.1234375
1 0.42890625 0.9015625 0.121875 0.1234375
1 0.340625 0.8484375 0.121875 0.1234375
1 0.3375 0.73671875 0.09765625 0.0984375
1 0.33359375 0.6171875 0.08515625 0.0859375
1 0.25625 0.67265625 0.0859375 0.0859375
1 0.24921875 0.7890625 0.08515625 0.0859375
1 0.24140625 0.89453125 0.09765625 0.09765625
1 0.1515625 0.7265625 0.0859375 0.0859375
1 0.1484375 0.83671875 0.0859375 0.0859375
1 0.0671875 0.76015625 0.09765625 0.0984375
1 0.06328125 0.66953125 0.09765625 0.0984375
2 0.73359375 0.025 0.0375 0.0375
2 0.4703125 0.07578125 0.0609375 0.06171875
2 0.28203125 0.07890625 0.02421875 0.02421875
2 0.1890625 0.11171875 0.02421875 0.02421875