2 0.6671875 0.32890625 0.0484375 0.0484375
2 0.74609375 0.39453125 0.0484375 0.0484375
2 0.92890625 0.378125 0.06171875 0.06171875
2 0.74921875 0.2703125 0.0609375 0.06171875
2 0.6734375 0.11796875 0.0484375 0.0484375
2 0.66875 0.23359375 0.0609375 0.06171875
2 0.9421875 0.0828125 0.0609375 0.06171875
2 0.74609375 0.18203125 0.0609375 0.06171875
2 0.73828125 0.07890625 0.0484375 0.0484375
2 0.93828125 0.1703125 0.0734375 0.07421875
2 0.5546875 0.3625 0.0484375 0.05
2 0.55859375 0.26640625 0.0484375 0.05
2 0.459375 0.2046875 0.0484375 0.05
2 0.465625 0.303125 0.06171875 0.06171875
2 0.4640625 0.096875 0.0484375 0.0484375
2 0.35546875 0.18984375 0.0484375 0.05
2 0.36640625 0.27109375 0.0484375 0.05
2 0.36640625 0.36640625 0.0484375 0.05
2 0.259375 0.40546875 0.0484375 0.0484375
2 0.4640625 0.4046875 0.0484375 0.05
2 0.5578125 0.0796875 0.0609375 0.06171875
2 0.925 0.48515625 0.06171875 0.06171875
2 0.9375 0.27734375 0.0484375 0.0484375
2 0.8546875 0.3328125 0.0484375 0.0484375
2 0.85 0.43125 0.0609375 0.06171875
2 0.8625 0.12109375 0.0484375 0.0484375
2 0.6609375 0.434375 0.02421875 0.02421875
2 0.5578125 0.178125 0.0359375 0.0375
2 0.36796875 0.46484375 0.0484375 0.0484375
2 0.2625 0.30390625 0.0484375 0.0484375
2 0.1734375 0.35859375 0.0484375 0.0484375
2 0.865625 0.21640625 0.02421875 0.02421875
2 0.56796875 0.4671875 0.02421875 0.02421875