2 0.0796875 0.425 0.08515625 0.0859375
2 0.07890625 0.6359375 0.0484375 0.0484375
3 0.74921875 0.69453125 0.09765625 0.0984375
2 0.17890625 0.690625 0.0484375 0.0484375
2 0.17890625 0.809375 0.0609375 0.06171875
2 0.1796875 0.584375 0.0484375 0.0484375
2 0.27265625 0.85859375 0.0484375 0.05
2 0.178125 0.90390625 0.0609375 0.06171875
1 0.45390625 0.084375 0.09765625 0.09765625
1 0.6609375 0.08359375 0.11015625 0.11015625
1 0.853125 0.09140625 0.109375 0.11015625
1 0.09453125 0.0796875 0.08515625 0.0859375
1 0.275 0.07734375 0.11015625 0.11015625
1 0.8453125 0.20546875 0.109375 0.11015625
1 0.9390625 0.26484375 0.109375 0.11015625
1 0.94375 0.36484375 0.109375 0.11015625
1 0.8546875 0.31484375 0.11015625 0.11015625
1 0.75078125 0.36015625 0.11015625 0.11015625
1 0.7515625 0.2484375 0.09765625 0.0984375
1 0.75625 0.13984375 0.11015625 0.11015625
1 0.6546875 0.184375 0.11015625 0.11015625
1 0.66328125 0.290625 0.109375 0.11015625
1 0.5609375 0.25625 0.121875 0.1234375
1 0.57109375 0.14296875 0.109375 0.11015625
1 0.57109375 0.36328125 0.121875 0.1234375
1 0.465625 0.31484375 0.09765625 0.0984375
1 0.46875 0.19609375 0.109375 0.11015625
1 0.2765625 0.184375 0.121875 0.1234375
1 0.3796875 0.25625 0.09765625 0.0984375
1 0.38125 0.13359375 0.121875 0.1234375
1 0.38359375 0.359375 0.11015625 0.1109375
1 0.27734375 0.3046875 0.109375 0.1109375
1 0.1875 0.359375 0.109375 0.1109375
1 0.18359375 0.24609375 0.109375 0.1109375
1 0.18671875 0.13203125 0.109375 0.1109375
1 0.0953125 0.1875 0.09765625 0.09765625
1 0.084375 0.3109375 0.09765625 0.09765625
1 0.92734375 0.81015625 0.11015625 0.11015625
1 0.93828125 0.9171875 0.109375 0.11015625
1 0.17734375 0.4515625 0.08515625 0.0859375
1 0.271875 0.41328125 0.11015625 0.11015625
1 0.37109375 0.478125 0.109375 0.11015625
1 0.37109375 0.5875 0.109375 0.11015625
1 0.3734375 0.69609375 0.11015625 0.11015625
1 0.37421875 0.7953125 0.11015625 0.11015625
1 0.37421875 0.9078125 0.11015625 0.11015625
1 0.47578125 0.8546875 0.09765625 0.0984375
1 0.471875 0.74375 0.09765625 0.0984375
1 0.465625 0.63515625 0.109375 0.11015625
1 0.47265625 0.52265625 0.109375 0.11015625
1 0.459375 0.41328125 0.11015625 0.11015625
1 0.55625 0.46875 0.121875 0.1234375
1 0.565625 0.57109375 0.11015625 0.11015625
1 0.56875 0.6921875 0.109375 0.11015625
1 0.5640625 0.79609375 0.109375 0.11015625
1 0.5703125 0.9078125 0.09765625 0.0984375
1 0.65078125 0.85703125 0.11015625 0.11015625
1 0.65859375 0.7515625 0.11015625 0.11015625
1 0.6546875 0.6375 0.11015625 0.11015625
1 0.64921875 0.54140625 0.11015625 0.11015625
1 0.6546875 0.4140625 0.109375 0.1109375
1 0.7515625 0.47265625 0.109375 0.1109375
1 0.75390625 0.58125 0.109375 0.11015625
1 0.75234375 0.8109375 0.11015625 0.11015625
1 0.83671875 0.85859375 0.109375 0.11015625
1 0.8375 0.73984375 0.109375 0.11015625
1 0.84453125 0.6453125 0.109375 0.1109375
1 0.8421875 0.525 0.09765625 0.09765625
1 0.84609375 0.41328125 0.11015625 0.1109375
1 0.9421875 0.47109375 0.11015625 0.11015625
1 0.93828125 0.58203125 0.09765625 0.09765625
1 0.9390625 0.69609375 0.11015625 0.1109375
1 0.7484375 0.9265625 0.11015625 0.11015625
2 0.08984375 0.5140625 0.0609375 0.06171875
2 0.08984375 0.74140625 0.0375 0.0375
2 0.26875 0.75 0.0375 0.0375
2 0.27421875 0.5265625 0.0484375 0.0484375
2 0.275 0.6265625 0.0484375 0.0484375