2 0.0796875 0.76328125 0.06171875 0.06171875
2 0.0890625 0.6671875 0.06171875 0.06171875
2 0.26484375 0.80625 0.0609375 0.06171875
2 0.265625 0.89921875 0.0484375 0.0484375
2 0.92890625 0.94453125 0.0484375 0.05
2 0.3578125 0.8421875 0.0484375 0.0484375
2 0.4546875 0.88984375 0.06171875 0.06171875
2 0.7578125 0.7296875 0.0609375 0.06171875
2 0.35625 0.94375 0.06171875 0.06171875
2 0.365625 0.7390625 0.06171875 0.06171875
2 0.55390625 0.83515625 0.0484375 0.05
2 0.75625 0.9578125 0.0484375 0.05
2 0.65078125 0.78671875 0.0734375 0.0734375
2 0.83828125 0.8953125 0.06171875 0.06171875
2 0.55390625 0.72109375 0.0609375 0.06171875
2 0.45390625 0.7828125 0.0609375 0.06171875
2 0.84453125 0.6765625 0.0484375 0.0484375
1 0.7578125 0.06953125 0.109375 0.11015625
1 0.5609375 0.065625 0.11015625 0.11015625
1 0.4625 0.13046875 0.109375 0.11015625
1 0.35859375 0.07890625 0.121875 0.1234375
1 0.27109375 0.14140625 0.0734375 0.07421875
1 0.36640625 0.18046875 0.109375 0.11015625
1 0.66640625 0.134375 0.11015625 0.11015625
1 0.365625 0.2796875 0.08515625 0.0859375
1 0.35234375 0.39140625 0.121875 0.1234375
1 0.36015625 0.51484375 0.09765625 0.0984375
1 0.459375 0.23515625 0.109375 0.11015625
1 0.4609375 0.346875 0.09765625 0.0984375
1 0.4609375 0.4625 0.109375 0.11015625
1 0.4546875 0.5640625 0.11015625 0.11015625
1 0.55625 0.178125 0.11015625 0.11015625
1 0.55625 0.28828125 0.11015625 0.11015625
1 0.559375 0.40546875 0.121875 0.121875
1 0.55625 0.51484375 0.09765625 0.0984375
1 0.6515625 0.228125 0.11015625 0.11015625
1 0.64453125 0.346875 0.09765625 0.0984375
1 0.646875 0.46171875 0.09765625 0.0984375
1 0.64453125 0.571875 0.09765625 0.0984375
1 0.74296875 0.18046875 0.109375 0.1109375
1 0.7453125 0.290625 0.109375 0.11015625
1 0.75234375 0.40546875 0.121875 0.1234375
1 0.76328125 0.5109375 0.11015625 0.11015625
1 0.853125 0.1265625 0.121875 0.1234375
1 0.85078125 0.21875 0.121875 0.1234375
1 0.84609375 0.35078125 0.121875 0.1234375
1 0.84609375 0.4625 0.121875 0.1234375
1 0.93125 0.3921875 0.121875 0.1234375
1 0.9375 0.5109375 0.109375 0.11015625
2 0.92890625 0.8203125 0.0484375 0.0484375
1 0.5515625 0.646875 0.09765625 0.0984375
1 0.46015625 0.67265625 0.08515625 0.0859375
2 0.93125 0.615625 0.0484375 0.0484375
2 0.928125 0.7234375 0.0484375 0.0484375
2 0.846875 0.78359375 0.0484375 0.05
2 0.76640625 0.8234375 0.02421875 0.02421875
2 0.7515625 0.6296875 0.0484375 0.0484375
2 0.85234375 0.5625 0.0484375 0.0484375
1 0.65 0.6765625 0.0375 0.0359375
2 0.65234375 0.8953125 0.0375 0.0375
2 0.365625 0.615625 0.0375 0.0359375
2 0.559375 0.940625 0.02421875 0.02421875
2 0.26328125 0.596875 0.0359375 0.0375
2 0.2875 0.73671875 0.02421875 0.02421875
2 0.1796875 0.71796875 0.0375 0.0375
2 0.18359375 0.621875 0.0375 0.0375
2 0.184375 0.50625 0.0375 0.0375
2 0.0796875 0.884375 0.0359375 0.0359375
2 0.18671875 0.840625 0.0375 0.0375
1 0.1859375 0.9515625 0.0484375 0.05