2 0.05 0.15234375 0.0484375 0.0484375
2 0.0546875 0.04453125 0.0484375 0.05
2 0.80625 0.178125 0.0734375 0.07421875
2 0.33671875 0.4890625 0.08515625 0.0859375
2 0.51796875 0.2078125 0.06171875 0.06171875
2 0.61796875 0.15234375 0.0484375 0.0484375
2 0.42109375 0.63984375 0.08515625 0.0859375
2 0.34921875 0.1 0.06171875 0.06171875
2 0.5171875 0.1046875 0.06171875 0.06171875
2 0.24375 0.04921875 0.06171875 0.06171875
2 0.715625 0.1203125 0.0484375 0.0484375
2 0.5046875 0.80703125 0.0734375 0.0734375
2 0.9078125 0.2296875 0.06171875 0.06171875
1 0.89140625 0.91953125 0.09765625 0.0984375
1 0.88359375 0.8140625 0.09765625 0.0984375
1 0.88671875 0.72421875 0.109375 0.11015625
1 0.88671875 0.59453125 0.0859375 0.0859375
1 0.89609375 0.4859375 0.08515625 0.0859375
1 0.8015625 0.5421875 0.09765625 0.0984375
1 0.80546875 0.65390625 0.109375 0.11015625
1 0.79765625 0.75703125 0.09765625 0.09765625
1 0.7984375 0.86796875 0.109375 0.11015625
1 0.13203125 0.4796875 0.08515625 0.0859375
1 0.13359375 0.57265625 0.121875 0.121875
1 0.1296875 0.69140625 0.121875 0.1234375
1 0.1359375 0.7953125 0.0859375 0.0859375
1 0.1296875 0.9125 0.121875 0.1234375
1 0.22734375 0.85625 0.121875 0.1234375
1 0.22421875 0.74296875 0.121875 0.1234375
1 0.2328125 0.63125 0.08515625 0.08671875
1 0.228125 0.5046875 0.08515625 0.0859375
1 0.334375 0.57890625 0.0859375 0.0859375
1 0.3390625 0.69140625 0.0859375 0.0859375
1 0.32734375 0.80078125 0.0859375 0.0859375
1 0.33125 0.91484375 0.0859375 0.0859375
1 0.4203125 0.83984375 0.09765625 0.09765625
1 0.41640625 0.71875 0.08515625 0.0859375
1 0.42421875 0.534375 0.08515625 0.0859375
1 0.50859375 0.478125 0.08515625 0.0859375
1 0.50078125 0.5953125 0.08515625 0.08671875
1 0.50546875 0.7 0.08515625 0.0859375
2 0.5921875 0.95 0.0484375 0.0484375
1 0.49921875 0.92109375 0.0859375 0.0859375
1 0.69609375 0.896875 0.09765625 0.0984375
1 0.69140625 0.79375 0.09765625 0.0984375
1 0.70625 0.69296875 0.09765625 0.0984375
1 0.71015625 0.5734375 0.09765625 0.09765625
1 0.7046875 0.4828125 0.08515625 0.0859375
1 0.61171875 0.5421875 0.121875 0.1234375
1 0.6109375 0.6453125 0.09765625 0.0984375
1 0.596875 0.846875 0.08515625 0.0859375
2 0.9078125 0.11484375 0.06171875 0.06171875
2 0.615625 0.06171875 0.0359375 0.0375
1 0.4359375 0.040625 0.0734375 0.07421875
2 0.434375 0.1625 0.0375 0.0375
2 0.34765625 0.18984375 0.0484375 0.05
2 0.24375 0.23125 0.0484375 0.05
2 0.1453125 0.10078125 0.0484375 0.05
2 0.05546875 0.23125 0.0484375 0.0484375