3 0.44609375 0.7078125 0.09765625 0.0984375
1 0.93125 0.10859375 0.109375 0.11015625
1 0.7375 0.06171875 0.0734375 0.0734375
1 0.1515625 0.096875 0.09765625 0.09765625
1 0.3578125 0.09609375 0.11015625 0.11015625
1 0.55078125 0.10390625 0.109375 0.11015625
1 0.93046875 0.3328125 0.09765625 0.09765625
1 0.92578125 0.215625 0.109375 0.11015625
1 0.82890625 0.159375 0.109375 0.1109375
1 0.83125 0.2671875 0.11015625 0.1109375
1 0.7375 0.19140625 0.11015625 0.1109375
1 0.73515625 0.32265625 0.11015625 0.11015625
1 0.825 0.378125 0.11015625 0.1109375
1 0.54296875 0.21796875 0.109375 0.11015625
1 0.63671875 0.278125 0.109375 0.11015625
1 0.6453125 0.14765625 0.109375 0.1109375
1 0.640625 0.37734375 0.109375 0.11015625
1 0.55234375 0.32734375 0.11015625 0.11015625
1 0.44765625 0.37265625 0.11015625 0.11015625
1 0.44921875 0.2609375 0.09765625 0.0984375
1 0.45390625 0.153125 0.11015625 0.11015625
1 0.35234375 0.196875 0.11015625 0.11015625
1 0.36015625 0.303125 0.109375 0.11015625
1 0.25859375 0.26875 0.121875 0.1234375
1 0.26875 0.15546875 0.109375 0.11015625
1 0.26796875 0.37578125 0.121875 0.1234375
1 0.16328125 0.32734375 0.09765625 0.0984375
1 0.165625 0.20859375 0.109375 0.11015625
1 0.07734375 0.26875 0.09765625 0.0984375
1 0.07890625 0.146875 0.121875 0.1234375
1 0.08046875 0.371875 0.11015625 0.1109375
1 0.9234375 0.440625 0.11015625 0.11015625
1 0.92421875 0.5515625 0.11015625 0.11015625
1 0.921875 0.66640625 0.109375 0.11015625
1 0.91875 0.771875 0.109375 0.11015625
1 0.91484375 0.87578125 0.09765625 0.09765625
1 0.8234375 0.4984375 0.121875 0.1234375
1 0.825 0.60390625 0.109375 0.11015625
1 0.82421875 0.7125 0.109375 0.11015625
1 0.8265625 0.81953125 0.11015625 0.1109375
1 0.73515625 0.7546875 0.11015625 0.1109375
1 0.73515625 0.65703125 0.0734375 0.07421875
1 0.73984375 0.55390625 0.121875 0.1234375
1 0.73515625 0.43046875 0.109375 0.11015625
1 0.81875 0.93125 0.11015625 0.1109375
1 0.72109375 0.8765625 0.11015625 0.11015625
1 0.62421875 0.82265625 0.11015625 0.11015625
1 0.6359375 0.93046875 0.109375 0.11015625
1 0.06875 0.490625 0.109375 0.11015625
1 0.06875 0.6 0.109375 0.11015625
1 0.07109375 0.70859375 0.11015625 0.11015625
1 0.071875 0.8078125 0.11015625 0.11015625
1 0.071875 0.9203125 0.11015625 0.11015625
1 0.17265625 0.86796875 0.09765625 0.0984375
1 0.16875 0.75625 0.09765625 0.0984375
1 0.16328125 0.64765625 0.109375 0.11015625
1 0.1703125 0.5359375 0.109375 0.11015625
1 0.15703125 0.4265625 0.11015625 0.11015625
1 0.253125 0.48125 0.121875 0.1234375
1 0.26328125 0.58359375 0.11015625 0.11015625
1 0.265625 0.7046875 0.109375 0.11015625
1 0.26171875 0.809375 0.109375 0.11015625
1 0.2671875 0.9203125 0.09765625 0.0984375
1 0.3484375 0.86953125 0.11015625 0.11015625
1 0.35625 0.7640625 0.11015625 0.11015625
1 0.35234375 0.65 0.11015625 0.11015625
1 0.34609375 0.55390625 0.11015625 0.11015625
1 0.3515625 0.4265625 0.109375 0.1109375
1 0.44921875 0.48515625 0.109375 0.1109375
1 0.4515625 0.59453125 0.109375 0.11015625
1 0.45 0.8234375 0.11015625 0.11015625
1 0.534375 0.871875 0.109375 0.11015625
1 0.53515625 0.75234375 0.109375 0.11015625
1 0.5421875 0.6578125 0.109375 0.1109375
1 0.5390625 0.53828125 0.09765625 0.09765625
1 0.54375 0.42578125 0.11015625 0.1109375
1 0.6390625 0.48359375 0.11015625 0.11015625
1 0.6359375 0.59453125 0.09765625 0.09765625
1 0.6359375 0.709375 0.11015625 0.1109375
1 0.44609375 0.9390625 0.11015625 0.11015625