2 0.07890625 0.525 0.0484375 0.0484375
2 0.0734375 0.63046875 0.06171875 0.06171875
2 0.07890625 0.428125 0.06171875 0.06171875
2 0.07734375 0.31484375 0.0609375 0.06171875
2 0.0765625 0.74453125 0.06171875 0.06171875
2 0.0703125 0.959375 0.0609375 0.06171875
2 0.07421875 0.8453125 0.0609375 0.06171875
2 0.14921875 0.925 0.0484375 0.0484375
2 0.7484375 0.60390625 0.0609375 0.06171875
2 0.8296875 0.67265625 0.08515625 0.0859375
2 0.7546875 0.82109375 0.0484375 0.0484375
2 0.82890625 0.88359375 0.0484375 0.0484375
2 0.7546875 0.71171875 0.06171875 0.06171875
2 0.746875 0.375 0.0484375 0.0484375
2 0.57109375 0.39140625 0.0484375 0.0484375
2 0.46171875 0.3375 0.0484375 0.0484375
2 0.16875 0.26171875 0.0484375 0.0484375
2 0.1578125 0.58515625 0.04765625 0.05
2 0.56953125 0.50625 0.0484375 0.05
2 0.25703125 0.6390625 0.0734375 0.07421875
2 0.37109375 0.3796875 0.0484375 0.0484375
2 0.37734375 0.49921875 0.06171875 0.06171875
2 0.45703125 0.55078125 0.0484375 0.0484375
2 0.16484375 0.3734375 0.0609375 0.06171875
2 0.6515625 0.67109375 0.06171875 0.06171875
2 0.2625 0.5265625 0.0609375 0.06171875
2 0.1546875 0.8140625 0.0734375 0.0734375
2 0.26328125 0.85859375 0.06171875 0.06171875
2 0.6515625 0.559375 0.0484375 0.05
2 0.26484375 0.43828125 0.06171875 0.0609375
2 0.2703125 0.31953125 0.0609375 0.06171875
2 0.07578125 0.21875 0.0734375 0.07421875
2 0.07890625 0.1171875 0.0484375 0.0484375
2 0.7421875 0.1625 0.0484375 0.05
2 0.17109375 0.059375 0.0484375 0.0484375
2 0.26796875 0.1078125 0.06171875 0.06171875
2 0.16953125 0.16171875 0.06171875 0.06171875
2 0.3671875 0.053125 0.0484375 0.05
2 0.56953125 0.175 0.0484375 0.05
2 0.6515625 0.1125 0.06171875 0.06171875
2 0.4640625 0.2203125 0.0484375 0.0484375
2 0.92890625 0.93828125 0.0484375 0.0484375
2 0.9296875 0.83203125 0.0484375 0.0484375
1 0.8390625 0.10625 0.109375 0.11015625
1 0.9328125 0.14921875 0.09765625 0.0984375
1 0.84765625 0.209375 0.109375 0.11015625
1 0.84453125 0.328125 0.08515625 0.0859375
1 0.93828125 0.27421875 0.09765625 0.0984375
2 0.7421875 0.03828125 0.0484375 0.0484375
1 0.9375 0.6078125 0.109375 0.1109375
1 0.93359375 0.49375 0.109375 0.1109375
1 0.93671875 0.3796875 0.109375 0.1109375
1 0.8453125 0.4359375 0.09765625 0.09765625
1 0.834375 0.55859375 0.09765625 0.09765625
1 0.92734375 0.69921875 0.08515625 0.0859375
2 0.5796875 0.04140625 0.02421875 0.02421875
2 0.465625 0.11328125 0.0375 0.0375
2 0.65546875 0.2234375 0.0484375 0.0484375
2 0.74140625 0.26484375 0.02421875 0.02421875
2 0.7359375 0.49140625 0.0484375 0.0484375
2 0.65234375 0.4609375 0.0375 0.0375
2 0.6546875 0.33515625 0.0484375 0.0484375
2 0.56875 0.27890625 0.02421875 0.02421875
2 0.39140625 0.61640625 0.0484375 0.05
2 0.37265625 0.271875 0.02421875 0.02421875
2 0.37265625 0.15859375 0.02421875 0.02421875
2 0.2703125 0.21171875 0.02421875 0.02421875
1 0.16171875 0.490625 0.0359375 0.0375
1 0.1578125 0.6921875 0.08515625 0.0859375
2 0.83984375 0.7625 0.0609375 0.06171875
2 0.45234375 0.65078125 0.0484375 0.05
2 0.4578125 0.98203125 0.02421875 0.02421875
2 0.4546875 0.778125 0.02421875 0.02421875
2 0.25703125 0.975 0.0375 0.0375
2 0.38046875 0.94921875 0.0359375 0.0375
2 0.26015625 0.72578125 0.02421875 0.02421875