1 0.225 0.06171875 0.109375 0.1109375
1 0.41640625 0.06171875 0.11015625 0.11015625
1 0.60234375 0.06015625 0.109375 0.11015625
1 0.8015625 0.05859375 0.08515625 0.0859375
1 0.8859375 0.56328125 0.11015625 0.11015625
1 0.88671875 0.4515625 0.109375 0.11015625
1 0.8890625 0.3375 0.109375 0.11015625
1 0.8890625 0.23203125 0.109375 0.11015625
1 0.8921875 0.11640625 0.109375 0.11015625
1 0.8 0.16875 0.08515625 0.0859375
1 0.79375 0.27890625 0.11015625 0.11015625
1 0.79375 0.38984375 0.09765625 0.0984375
1 0.79453125 0.50234375 0.11015625 0.11015625
1 0.7015625 0.56015625 0.109375 0.11015625
1 0.7015625 0.44765625 0.09765625 0.0984375
1 0.70390625 0.33671875 0.09765625 0.0984375
1 0.7078125 0.2328125 0.09765625 0.0984375
1 0.70625 0.11484375 0.09765625 0.0984375
1 0.61328125 0.17421875 0.09765625 0.0984375
1 0.609375 0.2859375 0.109375 0.11015625
1 0.60546875 0.38359375 0.109375 0.11015625
3 0.61015625 0.50546875 0.109375 0.11015625
1 0.5046875 0.55078125 0.11015625 0.1109375
1 0.50703125 0.44140625 0.09765625 0.09765625
1 0.50859375 0.3390625 0.109375 0.11015625
1 0.5140625 0.23984375 0.109375 0.11015625
1 0.5125 0.10859375 0.109375 0.11015625
1 0.41953125 0.17421875 0.11015625 0.11015625
1 0.41484375 0.2828125 0.09765625 0.09765625
1 0.4171875 0.39765625 0.11015625 0.1109375
1 0.4171875 0.5 0.09765625 0.09765625
1 0.32109375 0.5578125 0.0734375 0.07421875
1 0.32421875 0.4515625 0.0859375 0.0859375
1 0.3265625 0.3484375 0.0859375 0.0859375
1 0.33359375 0.23125 0.08515625 0.0859375
1 0.3203125 0.1203125 0.09765625 0.0984375
1 0.228125 0.16484375 0.109375 0.1109375
1 0.2296875 0.28046875 0.109375 0.1109375
1 0.2265625 0.3921875 0.109375 0.11015625
1 0.2296875 0.49765625 0.09765625 0.0984375
1 0.13984375 0.10546875 0.109375 0.1109375
1 0.1375 0.22734375 0.109375 0.1109375
1 0.13671875 0.32578125 0.09765625 0.0984375
1 0.14296875 0.4453125 0.121875 0.1234375
1 0.1390625 0.54453125 0.11015625 0.11015625
2 0.03984375 0.27265625 0.0484375 0.0484375
1 0.1359375 0.6609375 0.121875 0.1234375
1 0.13203125 0.7734375 0.121875 0.1234375
1 0.134375 0.878125 0.109375 0.11015625
1 0.225 0.9390625 0.11015625 0.11015625
1 0.221875 0.8375 0.11015625 0.11015625
1 0.22890625 0.71953125 0.11015625 0.1109375
1 0.22578125 0.615625 0.11015625 0.1109375
1 0.31875 0.6625 0.109375 0.1109375
1 0.3203125 0.7734375 0.109375 0.1109375
1 0.31328125 0.88203125 0.09765625 0.09765625
1 0.42109375 0.828125 0.121875 0.1234375
1 0.4203125 0.7125 0.0734375 0.07421875
1 0.4125 0.61875 0.09765625 0.0984375
1 0.50546875 0.67890625 0.121875 0.1234375
1 0.50546875 0.775 0.11015625 0.11015625
1 0.5015625 0.878125 0.09765625 0.09765625
1 0.6 0.83046875 0.11015625 0.11015625
1 0.6046875 0.72890625 0.11015625 0.11015625
1 0.60546875 0.6078125 0.109375 0.11015625
1 0.6984375 0.66640625 0.109375 0.11015625
1 0.69453125 0.77265625 0.109375 0.11015625
1 0.6984375 0.86875 0.09765625 0.0984375
1 0.790625 0.834375 0.109375 0.11015625
1 0.784375 0.715625 0.09765625 0.0984375
1 0.79375 0.60859375 0.09765625 0.0984375
1 0.89140625 0.665625 0.09765625 0.0984375
1 0.88359375 0.7796875 0.09765625 0.0984375
1 0.88671875 0.8859375 0.09765625 0.0984375