2 0.190625 0.48359375 0.0609375 0.06171875
2 0.09296875 0.5609375 0.0609375 0.06171875
2 0.09140625 0.66328125 0.0734375 0.07421875
2 0.4890625 0.93125 0.06171875 0.06171875
2 0.475 0.28828125 0.0484375 0.0484375
2 0.3765625 0.37734375 0.06171875 0.06171875
2 0.284375 0.3328125 0.06171875 0.06171875
2 0.64296875 0.80546875 0.06171875 0.06171875
2 0.56875 0.61171875 0.0609375 0.06171875
2 0.3734375 0.9375 0.0484375 0.0484375
2 0.4765625 0.7375 0.0484375 0.05
2 0.66015625 0.71015625 0.0609375 0.06171875
2 0.93515625 0.45859375 0.06171875 0.06171875
2 0.84375 0.3234375 0.0375 0.0375
2 0.5734375 0.278125 0.0359375 0.0375
2 0.378125 0.6078125 0.06171875 0.06171875
2 0.93359375 0.35859375 0.0484375 0.05
2 0.65546875 0.253125 0.0375 0.0375
2 0.56640625 0.38359375 0.0484375 0.0484375
2 0.475 0.62265625 0.0484375 0.05
2 0.93125 0.58515625 0.06171875 0.06171875
2 0.928125 0.678125 0.0484375 0.0484375
2 0.2984375 0.54609375 0.0484375 0.05
2 0.9359375 0.26328125 0.06171875 0.06171875
2 0.75546875 0.14375 0.0734375 0.0734375
2 0.75703125 0.0515625 0.0484375 0.05
1 0.65859375 0.153125 0.121875 0.121875
1 0.559375 0.16484375 0.09765625 0.0984375
1 0.55625 0.06171875 0.11015625 0.11015625
1 0.4671875 0.07421875 0.121875 0.1234375
1 0.4671875 0.20859375 0.109375 0.11015625
1 0.378125 0.15859375 0.09765625 0.0984375
1 0.2828125 0.2265625 0.11015625 0.1109375
1 0.2734375 0.1046875 0.09765625 0.09765625
1 0.1859375 0.1578125 0.109375 0.1109375
1 0.19140625 0.25390625 0.0859375 0.0859375
1 0.09765625 0.0796875 0.109375 0.1109375
1 0.09453125 0.20234375 0.121875 0.1234375
1 0.10234375 0.3109375 0.121875 0.1234375
2 0.834375 0.090625 0.0359375 0.0359375
2 0.94140625 0.046875 0.0375 0.0375
1 0.940625 0.1578125 0.0484375 0.05
2 0.83828125 0.19765625 0.0359375 0.0359375
2 0.83671875 0.421875 0.0375 0.0375
2 0.83515625 0.53828125 0.0375 0.0375
2 0.83671875 0.6421875 0.0375 0.0375
2 0.8328125 0.740625 0.0375 0.0375
2 0.7578125 0.36328125 0.0484375 0.0484375
2 0.64921875 0.37421875 0.0359375 0.0375
2 0.6609375 0.5 0.0359375 0.0375
2 0.66015625 0.5828125 0.0484375 0.0484375
2 0.75390625 0.47578125 0.0609375 0.06171875
2 0.565625 0.49296875 0.0375 0.0375
2 0.46796875 0.54375 0.0484375 0.0484375
2 0.4703125 0.4390625 0.0375 0.0375
2 0.378125 0.2828125 0.0484375 0.0484375
2 0.3734375 0.490625 0.0484375 0.05
2 0.3 0.63828125 0.0484375 0.05
1 0.2953125 0.446875 0.06171875 0.06171875
2 0.18125 0.371875 0.0484375 0.05
2 0.096875 0.434375 0.0609375 0.06171875
2 0.0953125 0.75859375 0.02421875 0.025
2 0.19609375 0.703125 0.0484375 0.0484375
2 0.190625 0.58515625 0.0484375 0.05
2 0.37421875 0.709375 0.0484375 0.05
2 0.5671875 0.709375 0.0484375 0.05
2 0.74140625 0.790625 0.0359375 0.0375
2 0.7375 0.91953125 0.0484375 0.05
2 0.6515625 0.9171875 0.0484375 0.05
2 0.57109375 0.8953125 0.0484375 0.05
2 0.48125 0.83828125 0.0484375 0.05
2 0.36875 0.8234375 0.0484375 0.0484375
2 0.2953125 0.86640625 0.02421875 0.02421875
2 0.1859375 0.7953125 0.02421875 0.02421875
2 0.09453125 0.9796875 0.02421875 0.02421875