2 0.090625 0.49453125 0.06171875 0.06171875
2 0.0796875 0.38125 0.06171875 0.06171875
2 0.0671875 0.8421875 0.0734375 0.07421875
2 0.840625 0.596875 0.0734375 0.07421875
2 0.1859375 0.22421875 0.06171875 0.06171875
2 0.18671875 0.3328125 0.0609375 0.06171875
2 0.175 0.56484375 0.06171875 0.06171875
2 0.19609375 0.10625 0.0734375 0.0734375
2 0.175 0.6671875 0.06171875 0.06171875
2 0.3703125 0.6546875 0.0609375 0.06171875
2 0.83671875 0.80546875 0.06171875 0.06171875
2 0.16875 0.89375 0.06171875 0.06171875
2 0.56171875 0.8921875 0.0484375 0.05
2 0.6609375 0.70390625 0.0484375 0.0484375
2 0.34921875 0.83125 0.0734375 0.0734375
2 0.3703125 0.725 0.0484375 0.05
2 0.66484375 0.82265625 0.06171875 0.06171875
2 0.471875 0.721875 0.0609375 0.06171875
2 0.56171875 0.77890625 0.06171875 0.06171875
2 0.4625 0.8140625 0.0734375 0.0734375
1 0.93828125 0.43984375 0.09765625 0.0984375
1 0.93046875 0.54609375 0.109375 0.11015625
1 0.928125 0.65390625 0.11015625 0.11015625
1 0.93046875 0.775 0.08515625 0.0859375
1 0.93203125 0.8828125 0.0734375 0.07421875
1 0.84296875 0.38203125 0.08515625 0.0859375
1 0.83359375 0.49765625 0.11015625 0.11015625
1 0.8421875 0.709375 0.0734375 0.07421875
1 0.8453125 0.88671875 0.0734375 0.07421875
1 0.753125 0.3296875 0.11015625 0.11015625
1 0.73984375 0.428125 0.11015625 0.11015625
1 0.740625 0.53125 0.0734375 0.07421875
1 0.74140625 0.63203125 0.0859375 0.0859375
1 0.74921875 0.7234375 0.0859375 0.0859375
1 0.7515625 0.8421875 0.09765625 0.0984375
2 0.66328125 0.6109375 0.0375 0.0375
2 0.56953125 0.671875 0.0359375 0.0375
2 0.45703125 0.90078125 0.0484375 0.05
2 0.2703125 0.38203125 0.0609375 0.06171875
2 0.2703125 0.490625 0.0484375 0.05
2 0.26953125 0.58515625 0.0484375 0.05
2 0.259375 0.71171875 0.0484375 0.05
2 0.2640625 0.82421875 0.0484375 0.0484375
2 0.16875 0.77890625 0.06171875 0.06171875
2 0.1875 0.45390625 0.0484375 0.05
1 0.665625 0.3875 0.109375 0.11015625
1 0.65546875 0.4875 0.109375 0.1109375
1 0.57734375 0.34296875 0.121875 0.1234375
1 0.5671875 0.4421875 0.11015625 0.1109375
1 0.56484375 0.5484375 0.11015625 0.11015625
1 0.47890625 0.3890625 0.11015625 0.1109375
1 0.4796875 0.49140625 0.11015625 0.11015625
1 0.47109375 0.60390625 0.11015625 0.11015625
1 0.3796875 0.42578125 0.0859375 0.0859375
1 0.38046875 0.53203125 0.121875 0.1234375
1 0.9359375 0.10703125 0.109375 0.11015625
1 0.9359375 0.215625 0.109375 0.11015625
1 0.934375 0.325 0.109375 0.11015625
1 0.85625 0.15546875 0.08515625 0.08671875
1 0.8484375 0.2828125 0.11015625 0.11015625
1 0.7515625 0.11171875 0.11015625 0.11015625
1 0.7546875 0.2234375 0.09765625 0.0984375
1 0.6640625 0.16953125 0.09765625 0.0984375
1 0.6609375 0.2796875 0.109375 0.11015625
1 0.57421875 0.11953125 0.09765625 0.0984375
1 0.575 0.21015625 0.09765625 0.09765625
1 0.47109375 0.0578125 0.11015625 0.11015625
1 0.48125 0.16484375 0.09765625 0.09765625
1 0.47734375 0.2765625 0.11015625 0.1109375
1 0.37578125 0.31796875 0.09765625 0.0984375
1 0.37578125 0.228125 0.109375 0.1109375
1 0.38359375 0.1125 0.11015625 0.1109375
2 0.275 0.06328125 0.0484375 0.05
2 0.2796875 0.16796875 0.0484375 0.0484375
2 0.27421875 0.27265625 0.06171875 0.06171875