1 0.9203125 0.09296875 0.09765625 0.0984375
1 0.9234375 0.20390625 0.09765625 0.09765625
1 0.925 0.31171875 0.09765625 0.09765625
1 0.9171875 0.54140625 0.109375 0.11015625
1 0.9140625 0.42421875 0.109375 0.11015625
1 0.8140625 0.14453125 0.109375 0.1109375
1 0.809375 0.2546875 0.109375 0.1109375
1 0.8140625 0.3640625 0.109375 0.11015625
1 0.81328125 0.4890625 0.121875 0.1234375
1 0.72578125 0.08515625 0.109375 0.1109375
1 0.71875 0.20078125 0.109375 0.11015625
1 0.72109375 0.3015625 0.11015625 0.11015625
1 0.71328125 0.41171875 0.11015625 0.11015625
1 0.7234375 0.49453125 0.0734375 0.0734375
1 0.6265625 0.14375 0.09765625 0.0984375
1 0.63125 0.2484375 0.09765625 0.0984375
1 0.62890625 0.3625 0.09765625 0.0984375
1 0.62421875 0.475 0.11015625 0.11015625
1 0.5375 0.0875 0.09765625 0.0984375
1 0.53046875 0.19296875 0.11015625 0.11015625
1 0.5265625 0.3109375 0.109375 0.11015625
1 0.5328125 0.4265625 0.109375 0.11015625
1 0.44140625 0.1421875 0.109375 0.11015625
1 0.4421875 0.24921875 0.109375 0.11015625
1 0.440625 0.3625 0.109375 0.11015625
3 0.35078125 0.08046875 0.09765625 0.0984375
1 0.353125 0.1890625 0.11015625 0.11015625
1 0.35 0.31328125 0.11015625 0.11015625
1 0.34453125 0.4234375 0.11015625 0.11015625
1 0.25078125 0.1390625 0.09765625 0.0984375
1 0.246875 0.25703125 0.09765625 0.0984375
1 0.15703125 0.103125 0.121875 0.1234375
1 0.15546875 0.190625 0.09765625 0.0984375
1 0.153125 0.303125 0.09765625 0.09765625
1 0.1515625 0.409375 0.09765625 0.09765625
1 0.13671875 0.5296875 0.09765625 0.09765625
1 0.2453125 0.35859375 0.11015625 0.11015625
1 0.24609375 0.478125 0.109375 0.1109375
1 0.34296875 0.52890625 0.11015625 0.11015625
1 0.43515625 0.4734375 0.11015625 0.11015625
1 0.5359375 0.53671875 0.109375 0.11015625
1 0.06171875 0.35859375 0.121875 0.1234375
1 0.915625 0.765625 0.09765625 0.09765625
1 0.9109375 0.64765625 0.109375 0.11015625
1 0.8140625 0.5921875 0.109375 0.1109375
1 0.8171875 0.7 0.11015625 0.1109375
1 0.7234375 0.62421875 0.11015625 0.1109375
1 0.7203125 0.75546875 0.11015625 0.11015625
1 0.81015625 0.8109375 0.11015625 0.1109375
1 0.528125 0.65078125 0.109375 0.11015625
1 0.621875 0.71015625 0.109375 0.11015625
1 0.63125 0.5796875 0.109375 0.1109375
1 0.62578125 0.81015625 0.109375 0.11015625
1 0.5375 0.76015625 0.11015625 0.11015625
1 0.4328125 0.80546875 0.11015625 0.11015625
1 0.434375 0.69375 0.09765625 0.0984375
1 0.4390625 0.58515625 0.11015625 0.11015625
1 0.3375 0.6296875 0.11015625 0.11015625
1 0.3453125 0.7359375 0.109375 0.11015625
1 0.24375 0.7015625 0.121875 0.1234375
1 0.25390625 0.58828125 0.109375 0.11015625
1 0.253125 0.80859375 0.121875 0.1234375
1 0.1484375 0.76015625 0.09765625 0.0984375
1 0.1515625 0.64140625 0.109375 0.11015625
1 0.0625 0.7015625 0.09765625 0.0984375
1 0.0640625 0.57890625 0.121875 0.1234375
1 0.065625 0.8046875 0.11015625 0.1109375
1 0.90859375 0.8734375 0.11015625 0.11015625
1 0.809375 0.93046875 0.121875 0.1234375
1 0.7203125 0.8625 0.109375 0.11015625
1 0.1421875 0.85859375 0.11015625 0.11015625
1 0.2390625 0.9140625 0.121875 0.1234375
1 0.33671875 0.859375 0.109375 0.1109375
1 0.434375 0.91796875 0.109375 0.1109375
1 0.52890625 0.85859375 0.11015625 0.1109375
1 0.62421875 0.91640625 0.11015625 0.11015625