2 0.77421875 0.03203125 0.0484375 0.0484375
2 0.5203125 0.16640625 0.06171875 0.06171875
2 0.42109375 0.1 0.06171875 0.06171875
2 0.77265625 0.2359375 0.0734375 0.07421875
2 0.6828125 0.1671875 0.06171875 0.06171875
2 0.5265625 0.0703125 0.0609375 0.0609375
2 0.51875 0.2609375 0.06171875 0.06171875
2 0.87109375 0.18125 0.0484375 0.0484375
2 0.87578125 0.0734375 0.0484375 0.05
2 0.59140625 0.2234375 0.0734375 0.07421875
2 0.68046875 0.0546875 0.0484375 0.0484375
2 0.5921875 0.09765625 0.0609375 0.0609375
2 0.7796875 0.12734375 0.0609375 0.06171875
1 0.8703125 0.54609375 0.121875 0.1234375
1 0.8625 0.6515625 0.121875 0.1234375
1 0.86796875 0.7765625 0.121875 0.1234375
1 0.86796875 0.8859375 0.121875 0.1234375
1 0.76796875 0.92421875 0.121875 0.121875
1 0.77109375 0.82421875 0.121875 0.1234375
1 0.77578125 0.71875 0.121875 0.1234375
1 0.7703125 0.640625 0.121875 0.1234375
1 0.675 0.54296875 0.11015625 0.1109375
1 0.6765625 0.66015625 0.121875 0.1234375
1 0.68671875 0.76796875 0.121875 0.121875
1 0.675 0.88359375 0.121875 0.1234375
1 0.5890625 0.93359375 0.08515625 0.0859375
1 0.58984375 0.81875 0.0859375 0.0859375
1 0.59609375 0.6984375 0.08515625 0.0859375
1 0.5953125 0.6015625 0.08515625 0.0859375
1 0.49296875 0.64921875 0.09765625 0.09765625
1 0.49140625 0.76953125 0.08515625 0.0859375
1 0.49140625 0.8734375 0.09765625 0.0984375
1 0.4046875 0.59453125 0.121875 0.1234375
1 0.4 0.7125 0.121875 0.1234375
1 0.40078125 0.821875 0.121875 0.1234375
1 0.4046875 0.934375 0.121875 0.1234375
1 0.315625 0.64921875 0.121875 0.1234375
1 0.3109375 0.771875 0.121875 0.1234375
1 0.30390625 0.871875 0.121875 0.1234375
1 0.2109375 0.9265625 0.109375 0.11015625
1 0.215625 0.81953125 0.121875 0.1234375
1 0.2125 0.7078125 0.09765625 0.0984375
1 0.20859375 0.5875 0.08515625 0.0859375
1 0.13125 0.64375 0.0859375 0.0859375
1 0.12421875 0.759375 0.08515625 0.0859375
1 0.11640625 0.865625 0.09765625 0.09765625
1 0.95390625 0.50859375 0.08515625 0.0859375
2 0.9671875 0.13046875 0.0484375 0.05
2 0.8765625 0.2609375 0.0484375 0.0484375
2 0.3453125 0.04609375 0.0609375 0.06171875
2 0.15703125 0.04921875 0.02421875 0.02421875
2 0.0640625 0.0828125 0.02421875 0.02421875