2 0.178125 0.7796875 0.0484375 0.05
2 0.0921875 0.7921875 0.0609375 0.06171875
2 0.45625 0.8171875 0.0484375 0.05
2 0.178125 0.90390625 0.0609375 0.06171875
2 0.0953125 0.8875 0.0609375 0.06171875
2 0.26640625 0.84609375 0.06171875 0.06171875
2 0.46484375 0.2703125 0.0484375 0.0484375
2 0.459375 0.37578125 0.06171875 0.06171875
2 0.4640625 0.1734375 0.06171875 0.06171875
2 0.4625 0.06015625 0.0609375 0.06171875
2 0.4625 0.48984375 0.06171875 0.06171875
2 0.45625 0.7046875 0.0609375 0.06171875
2 0.46015625 0.590625 0.0609375 0.06171875
2 0.53515625 0.6703125 0.0484375 0.0484375
2 0.95703125 0.13671875 0.0484375 0.0484375
2 0.84765625 0.0828125 0.0484375 0.0484375
2 0.54375 0.33046875 0.04765625 0.05
2 0.9546875 0.2515625 0.0484375 0.05
2 0.64296875 0.38359375 0.0734375 0.07421875
2 0.75703125 0.125 0.0484375 0.0484375
2 0.76328125 0.24453125 0.06171875 0.06171875
2 0.84296875 0.29609375 0.0484375 0.0484375
2 0.55078125 0.11875 0.0609375 0.06171875
2 0.6484375 0.271875 0.0609375 0.06171875
2 0.540625 0.559375 0.0734375 0.0734375
2 0.64921875 0.60390625 0.06171875 0.06171875
2 0.65078125 0.18359375 0.06171875 0.0609375
2 0.65625 0.06484375 0.0609375 0.06171875
2 0.53125 0.88515625 0.0484375 0.05
2 0.0875 0.56171875 0.06171875 0.06171875
2 0.1046875 0.4671875 0.0609375 0.06171875
2 0.3796875 0.215625 0.06171875 0.06171875
2 0.28828125 0.0796875 0.0375 0.0375
2 0.27265625 0.72578125 0.06171875 0.06171875
2 0.378125 0.115625 0.0484375 0.05
2 0.37578125 0.3421875 0.06171875 0.06171875
2 0.371875 0.434375 0.0484375 0.0484375
2 0.9546875 0.02421875 0.02421875 0.02421875
2 0.77734375 0.36171875 0.0484375 0.05
2 0.75859375 0.0171875 0.02421875 0.02421875
1 0.54765625 0.23515625 0.0359375 0.0375
1 0.54375 0.4375 0.08515625 0.0859375
2 0.8375 0.39609375 0.0484375 0.05
2 0.84296875 0.72734375 0.02421875 0.02421875
2 0.840625 0.52265625 0.02421875 0.02421875
2 0.6421875 0.71953125 0.0375 0.0375
2 0.76640625 0.69453125 0.0359375 0.0375
2 0.64609375 0.47109375 0.02421875 0.02421875
2 0.8359375 0.9515625 0.0375 0.0375
2 0.76171875 0.9046875 0.0375 0.0375
2 0.64453125 0.8390625 0.0375 0.0375
2 0.64375 0.95625 0.0375 0.0375
2 0.4546875 0.940625 0.0359375 0.0375
2 0.5359375 0.78125 0.0484375 0.0484375
2 0.7578125 0.79765625 0.0375 0.0375
2 0.28125 0.17890625 0.0375 0.0375
2 0.2796875 0.2953125 0.0375 0.0375
2 0.28125 0.39921875 0.0375 0.0375
2 0.27734375 0.496875 0.0375 0.0375
2 0.20234375 0.1203125 0.0484375 0.0484375
2 0.09296875 0.13125 0.0359375 0.0375
2 0.1046875 0.25703125 0.0359375 0.0375
2 0.1046875 0.33984375 0.0484375 0.0484375
2 0.1984375 0.2328125 0.0609375 0.06171875
2 0.1859375 0.54765625 0.0359375 0.0375
2 0.18125 0.6765625 0.0484375 0.05
2 0.2671875 0.94609375 0.0359375 0.0359375
2 0.36640625 0.76171875 0.0375 0.0375
2 0.0953125 0.67421875 0.0484375 0.05