1 0.08515625 0.0796875 0.121875 0.1234375
1 0.2703125 0.065625 0.08515625 0.08671875
1 0.365625 0.1296875 0.11015625 0.11015625
1 0.4578125 0.0828125 0.09765625 0.0984375
1 0.64765625 0.08125 0.11015625 0.1109375
1 0.559375 0.13125 0.09765625 0.0984375
1 0.84453125 0.07265625 0.109375 0.11015625
1 0.75703125 0.13671875 0.11015625 0.1109375
1 0.93125 0.35859375 0.121875 0.1234375
1 0.93359375 0.24296875 0.109375 0.11015625
1 0.93359375 0.453125 0.109375 0.1109375
1 0.93671875 0.57421875 0.121875 0.1234375
1 0.9359375 0.66796875 0.121875 0.1234375
1 0.840625 0.63203125 0.11015625 0.11015625
1 0.840625 0.5234375 0.121875 0.1234375
1 0.846875 0.3984375 0.121875 0.1234375
1 0.8390625 0.30390625 0.121875 0.1234375
1 0.84296875 0.18671875 0.109375 0.11015625
1 0.753125 0.23828125 0.11015625 0.1109375
1 0.746875 0.359375 0.121875 0.1234375
1 0.75625 0.4625 0.11015625 0.11015625
1 0.7546875 0.5734375 0.11015625 0.11015625
1 0.74296875 0.66640625 0.09765625 0.0984375
3 0.65390625 0.621875 0.121875 0.121875
1 0.646875 0.52734375 0.121875 0.1234375
1 0.64140625 0.409375 0.121875 0.1234375
1 0.66484375 0.3078125 0.121875 0.1234375
1 0.65390625 0.19375 0.121875 0.1234375
1 0.5609375 0.23515625 0.109375 0.11015625
1 0.55546875 0.35390625 0.109375 0.11015625
1 0.5578125 0.45625 0.121875 0.1234375
1 0.5578125 0.56484375 0.121875 0.121875
1 0.5578125 0.66640625 0.09765625 0.0984375
1 0.4546875 0.62734375 0.09765625 0.0984375
1 0.446875 0.52265625 0.09765625 0.0984375
1 0.45703125 0.40859375 0.09765625 0.0984375
1 0.46015625 0.3015625 0.109375 0.11015625
1 0.4546875 0.1734375 0.09765625 0.0984375
1 0.36171875 0.25625 0.11015625 0.11015625
1 0.365625 0.3546875 0.09765625 0.0984375
1 0.36484375 0.459375 0.11015625 0.11015625
1 0.36796875 0.57734375 0.109375 0.11015625
1 0.2671875 0.621875 0.121875 0.1234375
1 0.26484375 0.496875 0.109375 0.11015625
1 0.28203125 0.38203125 0.121875 0.1234375
1 0.27265625 0.28046875 0.09765625 0.0984375
1 0.26875 0.1828125 0.09765625 0.0984375
1 0.17890625 0.128125 0.09765625 0.0984375
1 0.178125 0.24453125 0.109375 0.11015625
1 0.178125 0.35390625 0.109375 0.11015625
1 0.17578125 0.45859375 0.09765625 0.0984375
1 0.18046875 0.5859375 0.121875 0.1234375
1 0.8390625 0.7578125 0.121875 0.1234375
1 0.7484375 0.79296875 0.121875 0.1234375
1 0.93125 0.7953125 0.121875 0.1234375
1 0.0703125 0.19609375 0.09765625 0.0984375
1 0.096875 0.3 0.09765625 0.0984375
1 0.08671875 0.4171875 0.11015625 0.11015625
1 0.07734375 0.51875 0.11015625 0.1109375
1 0.090625 0.6390625 0.11015625 0.1109375
1 0.08046875 0.8578125 0.121875 0.1234375
1 0.07890625 0.74453125 0.09765625 0.0984375
1 0.18046875 0.6828125 0.11015625 0.11015625
1 0.2703125 0.725 0.109375 0.11015625
1 0.27109375 0.84296875 0.11015625 0.11015625
1 0.175 0.79921875 0.11015625 0.11015625
1 0.18203125 0.8953125 0.11015625 0.11015625
1 0.27265625 0.940625 0.09765625 0.0984375
1 0.3640625 0.68828125 0.109375 0.11015625
1 0.3609375 0.80234375 0.121875 0.121875
1 0.36015625 0.9140625 0.121875 0.1234375
1 0.459375 0.85078125 0.121875 0.121875
1 0.45 0.74765625 0.09765625 0.0984375
1 0.5578125 0.78515625 0.121875 0.1234375
1 0.5609375 0.9 0.121875 0.1234375
1 0.65859375 0.8515625 0.121875 0.1234375
1 0.66328125 0.7265625 0.121875 0.1234375
1 0.7453125 0.91328125 0.121875 0.1234375
1 0.8390625 0.85078125 0.09765625 0.09765625
1 0.93515625 0.8921875 0.121875 0.1234375