1 0.94375 0.10546875 0.09765625 0.09765625
1 0.9453125 0.321875 0.09765625 0.09765625
1 0.84921875 0.3796875 0.0734375 0.07421875
1 0.85234375 0.2734375 0.0859375 0.0859375
1 0.8546875 0.17109375 0.0859375 0.0859375
1 0.86171875 0.05390625 0.08515625 0.0859375
1 0.7578125 0.10234375 0.109375 0.1109375
1 0.7546875 0.2140625 0.109375 0.11015625
1 0.7578125 0.31953125 0.09765625 0.0984375
1 0.66484375 0.14765625 0.09765625 0.0984375
1 0.67109375 0.2671875 0.121875 0.1234375
1 0.6671875 0.36640625 0.11015625 0.11015625
1 0.5640625 0.321875 0.11015625 0.11015625
1 0.5671875 0.20625 0.11015625 0.11015625
2 0.56875 0.09453125 0.0484375 0.0484375
1 0.47265625 0.14921875 0.109375 0.11015625
1 0.4765625 0.271875 0.09765625 0.0984375
1 0.4828125 0.3890625 0.109375 0.11015625
1 0.37734375 0.33984375 0.121875 0.1234375
1 0.37578125 0.2140625 0.121875 0.121875
1 0.37734375 0.1 0.121875 0.121875
1 0.28671875 0.16328125 0.121875 0.1234375
1 0.2859375 0.28203125 0.121875 0.1234375
1 0.2859375 0.39140625 0.121875 0.1234375
1 0.17578125 0.3265625 0.109375 0.11015625
1 0.19140625 0.2234375 0.109375 0.11015625
1 0.1859375 0.1140625 0.09765625 0.0984375
1 0.090625 0.06171875 0.109375 0.11015625
1 0.09296875 0.1625 0.09765625 0.0984375
1 0.08515625 0.2734375 0.121875 0.1234375
1 0.09296875 0.38203125 0.121875 0.1234375
1 0.08125 0.92734375 0.11015625 0.11015625
1 0.07734375 0.81171875 0.11015625 0.1109375
1 0.0890625 0.70703125 0.11015625 0.1109375
1 0.08359375 0.4859375 0.121875 0.1234375
1 0.175 0.56640625 0.121875 0.1234375
1 0.178125 0.44609375 0.121875 0.1234375
1 0.0921875 0.596875 0.11015625 0.11015625
1 0.1796875 0.665625 0.109375 0.11015625
1 0.18046875 0.78125 0.121875 0.1234375
1 0.18828125 0.871875 0.11015625 0.1109375
1 0.2828125 0.51328125 0.121875 0.121875
1 0.2828125 0.60546875 0.121875 0.1234375
1 0.28203125 0.7109375 0.121875 0.1234375
1 0.26953125 0.81796875 0.109375 0.11015625
1 0.278125 0.9140625 0.121875 0.1234375
1 0.459375 0.4984375 0.121875 0.1234375
1 0.4640625 0.60625 0.121875 0.121875
1 0.36953125 0.66171875 0.11015625 0.11015625
1 0.3703125 0.55 0.11015625 0.11015625
1 0.38359375 0.43828125 0.11015625 0.11015625
1 0.45390625 0.72109375 0.121875 0.121875
1 0.37421875 0.8015625 0.121875 0.1234375
1 0.378125 0.903125 0.121875 0.1234375
1 0.4734375 0.803125 0.11015625 0.11015625
1 0.56171875 0.7671875 0.109375 0.11015625
1 0.56875 0.6453125 0.109375 0.11015625
1 0.5609375 0.54453125 0.109375 0.11015625
1 0.565625 0.43671875 0.109375 0.11015625
1 0.66484375 0.48359375 0.121875 0.1234375
1 0.6609375 0.5953125 0.121875 0.1234375
1 0.66328125 0.70078125 0.109375 0.11015625
1 0.6703125 0.79609375 0.109375 0.11015625
3 0.6515625 0.93125 0.121875 0.121875
1 0.75 0.88125 0.109375 0.11015625
1 0.753125 0.7609375 0.11015625 0.11015625
1 0.75078125 0.659375 0.11015625 0.11015625
1 0.75703125 0.5421875 0.11015625 0.1109375
1 0.7546875 0.4375 0.11015625 0.1109375
1 0.846875 0.484375 0.109375 0.1109375
1 0.8484375 0.5953125 0.109375 0.1109375
1 0.8421875 0.70390625 0.09765625 0.09765625
1 0.8484375 0.81875 0.09765625 0.0984375
1 0.846875 0.93671875 0.11015625 0.11015625
1 0.94609375 0.884375 0.09765625 0.09765625
1 0.934375 0.7703125 0.109375 0.1109375
1 0.9484375 0.53515625 0.0734375 0.07421875
1 0.940625 0.440625 0.09765625 0.0984375