2 0.17421875 0.375 0.0734375 0.07421875
2 0.1703125 0.58359375 0.06171875 0.06171875
2 0.09296875 0.8421875 0.06171875 0.06171875
2 0.5359375 0.69765625 0.06171875 0.06171875
2 0.25703125 0.8515625 0.08515625 0.0859375
1 0.92265625 0.91953125 0.0734375 0.0734375
1 0.8296875 0.8671875 0.0734375 0.07421875
1 0.73203125 0.9046875 0.121875 0.1234375
1 0.64140625 0.8546875 0.0734375 0.07421875
1 0.54453125 0.9015625 0.0734375 0.07421875
1 0.4515625 0.85 0.09765625 0.0984375
1 0.3546875 0.903125 0.121875 0.1234375
1 0.16796875 0.896875 0.0859375 0.08671875
1 0.93671875 0.1734375 0.109375 0.11015625
1 0.93515625 0.2671875 0.11015625 0.1109375
1 0.9328125 0.38984375 0.121875 0.1234375
1 0.91875 0.496875 0.11015625 0.11015625
1 0.92734375 0.6 0.11015625 0.11015625
1 0.84453125 0.65859375 0.09765625 0.0984375
1 0.83671875 0.565625 0.109375 0.11015625
1 0.84140625 0.4515625 0.121875 0.1234375
1 0.840625 0.3296875 0.121875 0.1234375
1 0.840625 0.21875 0.121875 0.1234375
1 0.84140625 0.10078125 0.0734375 0.07421875
1 0.74921875 0.1609375 0.09765625 0.09765625
1 0.7453125 0.28984375 0.121875 0.1234375
1 0.74609375 0.3859375 0.109375 0.11015625
1 0.7453125 0.4984375 0.109375 0.11015625
1 0.7484375 0.6109375 0.109375 0.11015625
1 0.64921875 0.6421875 0.11015625 0.11015625
1 0.65078125 0.54140625 0.11015625 0.11015625
1 0.6546875 0.43203125 0.11015625 0.11015625
1 0.65546875 0.31875 0.109375 0.11015625
1 0.6515625 0.20859375 0.109375 0.11015625
1 0.6546875 0.103125 0.09765625 0.09765625
1 0.55625 0.159375 0.11015625 0.11015625
1 0.5625 0.2703125 0.09765625 0.0984375
1 0.55390625 0.39140625 0.09765625 0.0984375
1 0.55546875 0.496875 0.11015625 0.11015625
1 0.5546875 0.6078125 0.09765625 0.0984375
1 0.4671875 0.1109375 0.11015625 0.11015625
1 0.4578125 0.21328125 0.11015625 0.11015625
1 0.4546875 0.32890625 0.11015625 0.11015625
1 0.4625 0.43046875 0.109375 0.11015625
1 0.459375 0.57265625 0.109375 0.11015625
1 0.4546875 0.6703125 0.0859375 0.0859375
1 0.36796875 0.16328125 0.109375 0.11015625
1 0.36640625 0.2703125 0.109375 0.11015625
1 0.3640625 0.3859375 0.109375 0.11015625
1 0.36015625 0.4984375 0.109375 0.11015625
1 0.36953125 0.59609375 0.11015625 0.11015625
1 0.27265625 0.21796875 0.09765625 0.0984375
1 0.26484375 0.325 0.109375 0.11015625
1 0.2625 0.43203125 0.11015625 0.11015625
1 0.2640625 0.55390625 0.08515625 0.0859375
1 0.26640625 0.6609375 0.0734375 0.07421875
1 0.17734375 0.16015625 0.08515625 0.0859375
1 0.1671875 0.27578125 0.11015625 0.11015625
1 0.1765625 0.4875 0.0734375 0.07421875
1 0.17890625 0.66484375 0.0734375 0.07421875
1 0.0875 0.1078125 0.11015625 0.11015625
1 0.0734375 0.20625 0.11015625 0.11015625
1 0.075 0.309375 0.0734375 0.07421875
1 0.075 0.41015625 0.0859375 0.0859375
1 0.0828125 0.5015625 0.0859375 0.0859375
1 0.0859375 0.6203125 0.09765625 0.0984375
1 0.93828125 0.0625 0.121875 0.1234375
1 0.26875 0.103125 0.109375 0.11015625
1 0.18203125 0.0609375 0.11015625 0.11015625