2 0.39375 0.2609375 0.0609375 0.06171875
2 0.475 0.3296875 0.08515625 0.0859375
2 0.4 0.478125 0.0484375 0.0484375
2 0.475 0.540625 0.0484375 0.0484375
2 0.4 0.36875 0.06171875 0.06171875
2 0.3921875 0.03203125 0.0484375 0.0484375
2 0.2171875 0.0484375 0.0484375 0.0484375
2 0.21484375 0.16328125 0.0484375 0.05
2 0.10234375 0.2078125 0.0484375 0.0484375
2 0.29765625 0.32890625 0.06171875 0.06171875
2 0.296875 0.21640625 0.0484375 0.05
2 0.57421875 0.5953125 0.0484375 0.0484375
2 0.57421875 0.7140625 0.0609375 0.06171875
2 0.575 0.4890625 0.0484375 0.0484375
2 0.66796875 0.7640625 0.0484375 0.05
2 0.5734375 0.809375 0.0609375 0.06171875
2 0.584375 0.928125 0.0734375 0.0734375
1 0.8609375 0.2203125 0.09765625 0.0984375
1 0.8640625 0.10078125 0.109375 0.11015625
1 0.67265625 0.08984375 0.121875 0.1234375
1 0.775 0.16171875 0.09765625 0.0984375
1 0.77890625 0.26484375 0.11015625 0.1109375
1 0.67265625 0.21015625 0.109375 0.1109375
1 0.5828125 0.26484375 0.109375 0.1109375
1 0.57890625 0.1515625 0.109375 0.1109375
1 0.49140625 0.09296875 0.09765625 0.09765625
1 0.4796875 0.215625 0.09765625 0.09765625
1 0.57265625 0.35625 0.08515625 0.0859375
1 0.6671875 0.31875 0.11015625 0.11015625
1 0.76640625 0.38359375 0.109375 0.11015625
1 0.76640625 0.49296875 0.109375 0.11015625
1 0.76875 0.60078125 0.11015625 0.11015625
1 0.7703125 0.70078125 0.11015625 0.11015625
1 0.7703125 0.81328125 0.11015625 0.11015625
1 0.87109375 0.76015625 0.09765625 0.0984375
1 0.8671875 0.64921875 0.09765625 0.0984375
1 0.8609375 0.540625 0.109375 0.11015625
1 0.86796875 0.428125 0.109375 0.11015625
1 0.8546875 0.31875 0.11015625 0.11015625
1 0.86015625 0.88046875 0.11015625 0.11015625
1 0.771875 0.934375 0.11015625 0.1109375
2 0.38203125 0.1484375 0.0484375 0.0484375
2 0.29765625 0.11796875 0.0375 0.0375
2 0.0375 0.27421875 0.0484375 0.05
2 0.48515625 0.41953125 0.0609375 0.06171875
2 0.48515625 0.646875 0.0375 0.0375
2 0.09765625 0.3078125 0.0484375 0.05
2 0.103125 0.6390625 0.02421875 0.02421875
2 0.1 0.43515625 0.02421875 0.02421875
2 0.02578125 0.60625 0.0359375 0.0375
2 0.6640625 0.65546875 0.0375 0.0375
2 0.6640625 0.88515625 0.0484375 0.05
2 0.6703125 0.43125 0.0484375 0.0484375
2 0.67109375 0.53203125 0.0484375 0.0484375
2 0.09140625 0.9703125 0.02421875 0.025
2 0.0953125 0.86328125 0.0375 0.0375
2 0.021875 0.81640625 0.0375 0.0375