2 0.34765625 0.49765625 0.0609375 0.06171875
2 0.05390625 0.64765625 0.0859375 0.0859375
2 0.25 0.575 0.0609375 0.06171875
2 0.2484375 0.6765625 0.0734375 0.07421875
2 0.153125 0.49921875 0.0484375 0.0484375
2 0.64609375 0.94453125 0.06171875 0.06171875
2 0.63203125 0.3015625 0.0484375 0.0484375
2 0.53359375 0.39140625 0.06171875 0.06171875
2 0.4421875 0.34609375 0.06171875 0.06171875
2 0.8 0.81875 0.06171875 0.06171875
2 0.72578125 0.62578125 0.0609375 0.06171875
2 0.53046875 0.9515625 0.0484375 0.0484375
2 0.63359375 0.7515625 0.0484375 0.05
2 0.8171875 0.72421875 0.0609375 0.06171875
2 0.73125 0.2921875 0.0359375 0.0375
2 0.5359375 0.621875 0.06171875 0.06171875
2 0.8125 0.26640625 0.0375 0.0375
2 0.7234375 0.39765625 0.0484375 0.0484375
2 0.63203125 0.6359375 0.0484375 0.05
2 0.45625 0.56015625 0.0484375 0.05
2 0.9125 0.1578125 0.0734375 0.0734375
2 0.9140625 0.06484375 0.0484375 0.05
1 0.815625 0.16640625 0.121875 0.121875
1 0.7171875 0.178125 0.09765625 0.0984375
1 0.71328125 0.07578125 0.11015625 0.11015625
1 0.62421875 0.0875 0.121875 0.1234375
1 0.62421875 0.221875 0.109375 0.11015625
1 0.53515625 0.17265625 0.09765625 0.0984375
1 0.43984375 0.240625 0.11015625 0.1109375
1 0.43046875 0.11796875 0.09765625 0.09765625
1 0.3453125 0.05859375 0.09765625 0.09765625
1 0.34296875 0.171875 0.109375 0.1109375
1 0.3484375 0.2671875 0.0859375 0.0859375
1 0.2546875 0.09375 0.109375 0.1109375
1 0.2515625 0.215625 0.121875 0.1234375
1 0.259375 0.32421875 0.121875 0.1234375
1 0.153125 0.17421875 0.09765625 0.0984375
1 0.15546875 0.2765625 0.11015625 0.11015625
1 0.059375 0.121875 0.09765625 0.0984375
1 0.0546875 0.228125 0.09765625 0.0984375
1 0.059375 0.3484375 0.0859375 0.08671875
1 0.053125 0.44140625 0.08515625 0.0859375
1 0.053125 0.55546875 0.09765625 0.0984375
2 0.91484375 0.3765625 0.0484375 0.0484375
2 0.80625 0.3875 0.0359375 0.0375
2 0.81796875 0.5140625 0.0359375 0.0375
2 0.8171875 0.596875 0.0484375 0.0484375
2 0.9109375 0.48984375 0.0609375 0.06171875
2 0.72265625 0.50703125 0.0375 0.0375
2 0.625 0.5578125 0.0484375 0.0484375
2 0.628125 0.453125 0.0375 0.0375
2 0.53515625 0.296875 0.0484375 0.0484375
2 0.53046875 0.5046875 0.0484375 0.05
2 0.45703125 0.6515625 0.0484375 0.05
1 0.45234375 0.46015625 0.06171875 0.06171875
2 0.3390625 0.38515625 0.0484375 0.05
2 0.25390625 0.44765625 0.0609375 0.06171875
2 0.25234375 0.77265625 0.02421875 0.025
2 0.353125 0.7171875 0.0484375 0.0484375
2 0.34765625 0.59921875 0.0484375 0.05
2 0.53125 0.7234375 0.0484375 0.05
2 0.725 0.7234375 0.0484375 0.05
2 0.89921875 0.8046875 0.0359375 0.0375
2 0.89453125 0.9328125 0.0484375 0.05
2 0.80859375 0.93125 0.0484375 0.05
2 0.728125 0.90859375 0.0484375 0.05
2 0.6390625 0.85234375 0.0484375 0.05
2 0.5265625 0.83671875 0.0484375 0.0484375
2 0.45234375 0.88046875 0.02421875 0.02421875
2 0.34296875 0.809375 0.02421875 0.02421875
2 0.14765625 0.72265625 0.0484375 0.0484375
2 0.15 0.834375 0.0484375 0.0484375
2 0.05 0.96953125 0.0484375 0.0484375
2 0.05 0.865625 0.0484375 0.0484375
2 0.05625 0.75390625 0.0484375 0.0484375
3 0.1546875 0.4015625 0.0484375 0.0484375
2 0.15546875 0.61171875 0.02421875 0.02421875