2 0.29921875 0.84296875 0.06171875 0.06171875
1 0.140625 0.06953125 0.09765625 0.09765625
1 0.12890625 0.1921875 0.09765625 0.09765625
1 0.1328125 0.28046875 0.09765625 0.0984375
1 0.04375 0.2296875 0.0859375 0.0859375
1 0.2359375 0.1125 0.121875 0.121875
1 0.2390625 0.215625 0.11015625 0.11015625
1 0.23125 0.34609375 0.09765625 0.0984375
1 0.12890625 0.3953125 0.0859375 0.0859375
1 0.2296875 0.45859375 0.11015625 0.11015625
1 0.32265625 0.396875 0.08515625 0.0859375
1 0.3265625 0.2953125 0.09765625 0.0984375
1 0.32421875 0.17734375 0.09765625 0.0984375
1 0.32890625 0.06796875 0.09765625 0.0984375
1 0.434375 0.10859375 0.09765625 0.0984375
1 0.425 0.23359375 0.0859375 0.0859375
1 0.428125 0.3328125 0.09765625 0.0984375
1 0.4234375 0.4546875 0.09765625 0.0984375
1 0.51796875 0.39375 0.121875 0.1234375
1 0.51484375 0.2890625 0.121875 0.1234375
1 0.51484375 0.1703125 0.121875 0.1234375
1 0.5125 0.0703125 0.11015625 0.1109375
1 0.6125 0.115625 0.121875 0.1234375
1 0.6140625 0.24140625 0.121875 0.1234375
1 0.60625 0.3453125 0.11015625 0.11015625
1 0.60703125 0.45625 0.121875 0.1234375
1 0.71015625 0.39375 0.109375 0.11015625
1 0.715625 0.28515625 0.09765625 0.09765625
1 0.70625 0.18046875 0.121875 0.1234375
1 0.7078125 0.0734375 0.121875 0.1234375
1 0.89765625 0.059375 0.11015625 0.11015625
1 0.809375 0.1109375 0.11015625 0.11015625
1 0.80234375 0.2328125 0.121875 0.1234375
1 0.7984375 0.340625 0.121875 0.1234375
1 0.796875 0.45859375 0.109375 0.11015625
1 0.90390625 0.384375 0.121875 0.1234375
1 0.896875 0.2890625 0.121875 0.1234375
1 0.89921875 0.15703125 0.09765625 0.0984375
1 0.91171875 0.5625 0.121875 0.1234375
1 0.9 0.70390625 0.109375 0.1109375
1 0.896875 0.8265625 0.121875 0.1234375
1 0.9046875 0.934375 0.121875 0.1234375
1 0.79609375 0.5515625 0.09765625 0.09765625
1 0.8046875 0.65703125 0.09765625 0.09765625
1 0.7984375 0.784375 0.09765625 0.0984375
1 0.8015625 0.8875 0.11015625 0.11015625
1 0.71015625 0.496875 0.09765625 0.09765625
1 0.70859375 0.628125 0.11015625 0.11015625
1 0.7046875 0.73203125 0.09765625 0.0984375
1 0.7 0.83828125 0.09765625 0.0984375
1 0.6078125 0.5609375 0.11015625 0.11015625
1 0.6046875 0.6765625 0.11015625 0.11015625
1 0.6046875 0.784375 0.121875 0.121875
1 0.6046875 0.90078125 0.121875 0.121875
1 0.51171875 0.50703125 0.109375 0.11015625
1 0.5078125 0.6046875 0.09765625 0.0984375
1 0.51875 0.71953125 0.09765625 0.0984375
1 0.515625 0.83515625 0.09765625 0.0984375
1 0.41328125 0.5609375 0.09765625 0.0984375
1 0.41484375 0.66484375 0.09765625 0.0984375
1 0.4203125 0.7828125 0.09765625 0.0984375
1 0.3234375 0.5015625 0.08515625 0.08671875
2 0.2140625 0.5578125 0.0484375 0.05
1 0.1328125 0.51640625 0.09765625 0.0984375
2 0.32734375 0.94453125 0.0359375 0.0375
1 0.021875 0.53828125 0.0375 0.0375
2 0.1609375 0.6421875 0.0375 0.0375
2 0.21171875 0.76875 0.0359375 0.0375
2 0.31953125 0.62421875 0.0375 0.0375
2 0.1296875 0.828125 0.0375 0.0375
2 0.22421875 0.86953125 0.02421875 0.02421875
2 0.0734375 0.94609375 0.0359375 0.0359375
2 0.4140625 0.8953125 0.0375 0.0375