2 0.7953125 0.5609375 0.0484375 0.0484375
2 0.78984375 0.665625 0.06171875 0.06171875
2 0.79453125 0.46328125 0.06171875 0.06171875
2 0.79296875 0.35 0.0609375 0.06171875
2 0.7921875 0.7796875 0.06171875 0.06171875
2 0.78984375 0.88046875 0.0609375 0.06171875
2 0.865625 0.96015625 0.0484375 0.0484375
2 0.884375 0.296875 0.0484375 0.0484375
2 0.8734375 0.6203125 0.04765625 0.05
2 0.88125 0.40859375 0.0609375 0.06171875
2 0.8703125 0.84921875 0.0734375 0.0734375
2 0.24921875 0.33515625 0.0484375 0.0484375
2 0.15078125 0.42421875 0.06171875 0.06171875
2 0.059375 0.3796875 0.06171875 0.06171875
2 0.4171875 0.85234375 0.06171875 0.06171875
2 0.34296875 0.65859375 0.0609375 0.06171875
2 0.25078125 0.784375 0.0484375 0.05
2 0.434375 0.75703125 0.0609375 0.06171875
2 0.709375 0.50546875 0.06171875 0.06171875
2 0.61796875 0.3703125 0.0375 0.0375
2 0.3484375 0.325 0.0359375 0.0375
2 0.153125 0.6546875 0.06171875 0.06171875
2 0.7078125 0.40546875 0.0484375 0.05
2 0.4296875 0.3 0.0375 0.0375
2 0.340625 0.43046875 0.0484375 0.0484375
2 0.24921875 0.66953125 0.0484375 0.05
2 0.70546875 0.63203125 0.06171875 0.06171875
2 0.70234375 0.725 0.0484375 0.0484375
2 0.0734375 0.59296875 0.0484375 0.05
2 0.71015625 0.31015625 0.06171875 0.06171875
2 0.5296875 0.190625 0.0734375 0.0734375
2 0.79140625 0.25390625 0.0734375 0.07421875
2 0.53125 0.0984375 0.0484375 0.05
2 0.79375 0.059375 0.0609375 0.06171875
2 0.7953125 0.15234375 0.0484375 0.0484375
2 0.88671875 0.09453125 0.0484375 0.0484375
2 0.88515625 0.196875 0.06171875 0.06171875
1 0.4328125 0.2 0.121875 0.121875
1 0.334375 0.21171875 0.09765625 0.0984375
1 0.33046875 0.10859375 0.11015625 0.11015625
1 0.24140625 0.12109375 0.121875 0.1234375
1 0.24140625 0.25546875 0.109375 0.11015625
1 0.1515625 0.0875 0.121875 0.1234375
1 0.15234375 0.20546875 0.09765625 0.0984375
1 0.05703125 0.2734375 0.11015625 0.1109375
2 0.9859375 0.246875 0.02421875 0.02421875
1 0.87734375 0.525 0.0359375 0.0375
1 0.8734375 0.72734375 0.08515625 0.0859375
2 0.97578125 0.7609375 0.02421875 0.02421875
2 0.60859375 0.1375 0.0359375 0.0359375
2 0.715625 0.09375 0.0375 0.0375
1 0.71484375 0.2046875 0.0484375 0.05
2 0.6125 0.24453125 0.0359375 0.0359375
2 0.6109375 0.46875 0.0375 0.0375
2 0.609375 0.58515625 0.0375 0.0375
2 0.6109375 0.6890625 0.0375 0.0375
2 0.6078125 0.7875 0.0375 0.0375
2 0.53203125 0.41015625 0.0484375 0.0484375
2 0.4234375 0.42109375 0.0359375 0.0375
2 0.43515625 0.546875 0.0359375 0.0375
2 0.434375 0.6296875 0.0484375 0.0484375
2 0.528125 0.52265625 0.0609375 0.06171875
2 0.33984375 0.53984375 0.0375 0.0375
2 0.2421875 0.590625 0.0484375 0.0484375
2 0.2453125 0.4859375 0.0375 0.0375
2 0.15234375 0.3296875 0.0484375 0.0484375
2 0.14765625 0.5375 0.0484375 0.05
2 0.07421875 0.68515625 0.0484375 0.05
1 0.06953125 0.49375 0.06171875 0.06171875
2 0.1484375 0.75625 0.0484375 0.05
2 0.3421875 0.75625 0.0484375 0.05
2 0.51640625 0.8375 0.0359375 0.0375
2 0.51171875 0.96640625 0.0484375 0.05
2 0.42578125 0.9640625 0.0484375 0.05
2 0.3453125 0.9421875 0.0484375 0.05
2 0.25625 0.88515625 0.0484375 0.05
2 0.14375 0.8703125 0.0484375 0.0484375
2 0.06953125 0.91328125 0.02421875 0.02421875