2 0.31015625 0.12265625 0.06171875 0.06171875
2 0.303125 0.53203125 0.0734375 0.07421875
2 0.03515625 0.209375 0.0484375 0.05
2 0.13828125 0.13984375 0.06171875 0.06171875
2 0.2328125 0.38125 0.06171875 0.06171875
2 0.0359375 0.09609375 0.06171875 0.06171875
2 0.675 0.23671875 0.06171875 0.06171875
2 0.396875 0.390625 0.08515625 0.0859375
1 0.871875 0.44375 0.121875 0.1234375
1 0.86953125 0.55625 0.11015625 0.11015625
1 0.8640625 0.65703125 0.09765625 0.0984375
1 0.871875 0.771875 0.109375 0.11015625
1 0.85859375 0.890625 0.121875 0.1234375
1 0.7671875 0.928125 0.09765625 0.0984375
1 0.77109375 0.8265625 0.11015625 0.11015625
1 0.77421875 0.71328125 0.11015625 0.11015625
1 0.7671875 0.61015625 0.109375 0.11015625
1 0.78046875 0.5 0.121875 0.1234375
1 0.78046875 0.39375 0.0734375 0.07421875
1 0.684375 0.440625 0.0734375 0.07421875
1 0.68203125 0.5546875 0.0734375 0.07421875
1 0.68359375 0.65078125 0.09765625 0.0984375
1 0.67421875 0.759375 0.11015625 0.11015625
1 0.67265625 0.87265625 0.109375 0.11015625
1 0.58515625 0.92109375 0.0734375 0.0734375
1 0.590625 0.81953125 0.11015625 0.11015625
1 0.59296875 0.69609375 0.121875 0.1234375
1 0.5921875 0.5921875 0.109375 0.11015625
1 0.59296875 0.49765625 0.09765625 0.0984375
1 0.590625 0.3890625 0.09765625 0.0984375
1 0.49453125 0.4421875 0.121875 0.1234375
1 0.4984375 0.53359375 0.121875 0.121875
1 0.49375 0.63828125 0.11015625 0.11015625
1 0.4828125 0.75078125 0.11015625 0.1109375
1 0.484375 0.8703125 0.109375 0.11015625
1 0.39609375 0.93125 0.0734375 0.07421875
1 0.39921875 0.8140625 0.08515625 0.0859375
1 0.39765625 0.69140625 0.08515625 0.0859375
1 0.396875 0.58984375 0.0859375 0.0859375
1 0.409375 0.48984375 0.11015625 0.11015625
1 0.3078125 0.4359375 0.0859375 0.08671875
1 0.30859375 0.6421875 0.0859375 0.0859375
1 0.30390625 0.75625 0.09765625 0.09765625
1 0.30234375 0.86796875 0.08515625 0.0859375
1 0.2078125 0.909375 0.11015625 0.11015625
1 0.2171875 0.79375 0.09765625 0.0984375
1 0.225 0.69453125 0.109375 0.11015625
1 0.21953125 0.61015625 0.109375 0.11015625
1 0.225 0.48515625 0.11015625 0.1109375
1 0.13359375 0.4375 0.121875 0.1234375
1 0.13046875 0.54609375 0.11015625 0.11015625
1 0.121875 0.6453125 0.11015625 0.11015625
1 0.11875 0.7625 0.11015625 0.11015625
1 0.1125 0.8609375 0.0859375 0.0859375
1 0.8875 0.15 0.109375 0.11015625
1 0.78828125 0.18125 0.11015625 0.11015625
1 0.790625 0.08046875 0.11015625 0.11015625
1 0.69453125 0.146875 0.09765625 0.0984375
1 0.5984375 0.11171875 0.109375 0.11015625
1 0.59453125 0.209375 0.0859375 0.0859375
1 0.509375 0.13515625 0.11015625 0.11015625
1 0.40390625 0.09296875 0.08515625 0.0859375
1 0.40546875 0.2 0.0734375 0.07421875
1 0.31875 0.20390625 0.0734375 0.07421875
1 0.22578125 0.159375 0.09765625 0.0984375