1 0.0640625 0.103125 0.121875 0.1234375
1 0.071875 0.19453125 0.11015625 0.1109375
1 0.153125 0.13984375 0.109375 0.11015625
1 0.16171875 0.2359375 0.121875 0.1234375
1 0.25859375 0.12421875 0.121875 0.1234375
1 0.2625 0.22578125 0.121875 0.1234375
1 0.35703125 0.12578125 0.11015625 0.11015625
1 0.4453125 0.0890625 0.109375 0.11015625
1 0.55390625 0.11875 0.109375 0.11015625
3 0.5359375 0.253125 0.121875 0.121875
1 0.63359375 0.20390625 0.109375 0.11015625
1 0.6375 0.08359375 0.11015625 0.11015625
1 0.7328125 0.14140625 0.09765625 0.0984375
1 0.73125 0.259375 0.11015625 0.11015625
1 0.82421875 0.3078125 0.09765625 0.0984375
1 0.8296875 0.20703125 0.09765625 0.09765625
1 0.81875 0.09296875 0.109375 0.1109375
1 0.9109375 0.1421875 0.109375 0.1109375
1 0.91484375 0.259375 0.109375 0.11015625
1 0.915625 0.3578125 0.109375 0.1109375
1 0.909375 0.4734375 0.109375 0.11015625
1 0.91171875 0.5734375 0.11015625 0.11015625
1 0.90390625 0.684375 0.11015625 0.11015625
1 0.91328125 0.7671875 0.0734375 0.0734375
1 0.8171875 0.41640625 0.09765625 0.0984375
1 0.82109375 0.52109375 0.09765625 0.0984375
1 0.81953125 0.63515625 0.09765625 0.0984375
1 0.81484375 0.74765625 0.11015625 0.11015625
1 0.72734375 0.36015625 0.09765625 0.0984375
1 0.72109375 0.465625 0.11015625 0.11015625
1 0.7171875 0.58359375 0.109375 0.11015625
1 0.7234375 0.6984375 0.109375 0.11015625
1 0.6328125 0.30390625 0.09765625 0.0984375
1 0.63203125 0.41484375 0.109375 0.11015625
1 0.6328125 0.521875 0.109375 0.11015625
1 0.63125 0.63515625 0.109375 0.11015625
3 0.540625 0.353125 0.09765625 0.0984375
1 0.54375 0.46171875 0.11015625 0.11015625
1 0.540625 0.58515625 0.11015625 0.11015625
1 0.534375 0.69609375 0.11015625 0.11015625
1 0.453125 0.315625 0.09765625 0.0984375
1 0.44140625 0.41171875 0.09765625 0.0984375
1 0.4375 0.5296875 0.09765625 0.0984375
1 0.346875 0.37578125 0.121875 0.1234375
1 0.3453125 0.46328125 0.09765625 0.0984375
1 0.34375 0.575 0.09765625 0.09765625
1 0.3421875 0.68125 0.09765625 0.09765625
1 0.32734375 0.8015625 0.09765625 0.09765625
1 0.4359375 0.63125 0.11015625 0.11015625
1 0.43671875 0.75078125 0.109375 0.1109375
1 0.53359375 0.8015625 0.11015625 0.11015625
1 0.62578125 0.7453125 0.11015625 0.11015625
1 0.7265625 0.809375 0.109375 0.11015625
1 0.24375 0.428125 0.121875 0.1234375
1 0.15859375 0.46015625 0.11015625 0.1109375
1 0.06484375 0.5109375 0.121875 0.1234375
1 0.05546875 0.61875 0.09765625 0.0984375
1 0.15234375 0.56875 0.09765625 0.09765625
1 0.06171875 0.74375 0.09765625 0.0984375
1 0.14921875 0.68125 0.11015625 0.11015625
1 0.14765625 0.7953125 0.11015625 0.11015625
1 0.25078125 0.73828125 0.121875 0.1234375
1 0.25234375 0.63125 0.121875 0.1234375
1 0.91328125 0.896875 0.11015625 0.1109375
1 0.71875 0.9234375 0.109375 0.11015625
1 0.82109375 0.85234375 0.109375 0.1109375
1 0.6296875 0.8578125 0.11015625 0.11015625
1 0.528125 0.9015625 0.11015625 0.11015625
1 0.44453125 0.8609375 0.109375 0.11015625
1 0.3421875 0.91328125 0.109375 0.11015625
1 0.15 0.90234375 0.121875 0.1234375
1 0.2546875 0.8515625 0.121875 0.1234375
1 0.059375 0.85 0.109375 0.1109375