2 0.1984375 0.4703125 0.0609375 0.06171875
2 0.2796875 0.5390625 0.08515625 0.0859375
2 0.2046875 0.6875 0.0484375 0.0484375
2 0.2796875 0.75 0.0484375 0.0484375
2 0.2046875 0.57734375 0.06171875 0.06171875
2 0.196875 0.24140625 0.0484375 0.0484375
2 0.10234375 0.5375 0.06171875 0.06171875
2 0.1015625 0.425 0.0484375 0.05
2 0.1921875 0.02890625 0.0484375 0.05
3 0.94921875 0.809375 0.09765625 0.0984375
2 0.37890625 0.8046875 0.0484375 0.0484375
2 0.37890625 0.9234375 0.0609375 0.06171875
2 0.3796875 0.6984375 0.0484375 0.0484375
2 0.47265625 0.9734375 0.0484375 0.05
1 0.86171875 0.0921875 0.11015625 0.11015625
1 0.66875 0.078125 0.09765625 0.09765625
1 0.6546875 0.1984375 0.09765625 0.09765625
1 0.7640625 0.14765625 0.109375 0.1109375
1 0.8609375 0.19765625 0.11015625 0.11015625
1 0.29765625 0.07578125 0.109375 0.11015625
1 0.29453125 0.19453125 0.08515625 0.0859375
1 0.3890625 0.13984375 0.09765625 0.0984375
1 0.47578125 0.07734375 0.11015625 0.11015625
1 0.475 0.1921875 0.11015625 0.11015625
1 0.57734375 0.134375 0.121875 0.1234375
1 0.8546875 0.2984375 0.11015625 0.11015625
1 0.86328125 0.4046875 0.109375 0.11015625
1 0.7609375 0.3703125 0.121875 0.1234375
1 0.771875 0.25703125 0.109375 0.11015625
1 0.77109375 0.47734375 0.121875 0.1234375
1 0.665625 0.42890625 0.09765625 0.0984375
1 0.66875 0.31015625 0.109375 0.11015625
1 0.47734375 0.2984375 0.121875 0.1234375
1 0.5796875 0.3703125 0.09765625 0.0984375
1 0.58125 0.2484375 0.121875 0.1234375
1 0.58359375 0.4734375 0.11015625 0.1109375
1 0.47734375 0.41875 0.109375 0.1109375
1 0.3875 0.4734375 0.109375 0.1109375
1 0.38359375 0.36015625 0.109375 0.1109375
1 0.38671875 0.24609375 0.109375 0.1109375
1 0.29609375 0.3015625 0.09765625 0.09765625
1 0.284375 0.425 0.09765625 0.09765625
1 0.37734375 0.565625 0.08515625 0.0859375
1 0.471875 0.528125 0.11015625 0.11015625
1 0.57109375 0.5921875 0.109375 0.11015625
1 0.57109375 0.7015625 0.109375 0.11015625
1 0.5734375 0.81015625 0.11015625 0.11015625
1 0.575 0.909375 0.11015625 0.11015625
1 0.671875 0.8578125 0.09765625 0.0984375
1 0.665625 0.74921875 0.109375 0.11015625
1 0.67265625 0.6375 0.109375 0.11015625
1 0.659375 0.528125 0.11015625 0.11015625
1 0.75625 0.5828125 0.121875 0.1234375
1 0.76640625 0.68515625 0.11015625 0.11015625
1 0.76875 0.80625 0.109375 0.11015625
1 0.76484375 0.9109375 0.109375 0.11015625
1 0.85859375 0.865625 0.11015625 0.11015625
1 0.8546875 0.7515625 0.11015625 0.11015625
1 0.84921875 0.65546875 0.11015625 0.11015625
1 0.8546875 0.528125 0.109375 0.1109375
2 0.10546875 0.08984375 0.0484375 0.0484375
2 0.1921875 0.13125 0.02421875 0.02421875
2 0.18671875 0.3578125 0.0484375 0.0484375
2 0.10234375 0.32734375 0.0375 0.0375
2 0.1046875 0.2015625 0.0484375 0.0484375
2 0.01875 0.1453125 0.02421875 0.02421875
2 0.28984375 0.628125 0.0609375 0.06171875
2 0.28984375 0.85546875 0.0375 0.0375
2 0.46875 0.8640625 0.0375 0.0375
2 0.475 0.640625 0.0484375 0.0484375
2 0.47578125 0.74140625 0.0484375 0.0484375