1 0.18125 0.1015625 0.109375 0.1109375
1 0.2703125 0.15625 0.109375 0.1109375
1 0.375 0.09453125 0.09765625 0.0984375
1 0.5578125 0.096875 0.109375 0.11015625
1 0.4625 0.15703125 0.11015625 0.11015625
1 0.74765625 0.1 0.11015625 0.11015625
1 0.6484375 0.1546875 0.109375 0.11015625
1 0.846875 0.153125 0.08515625 0.0859375
1 0.93828125 0.1 0.109375 0.11015625
1 0.93203125 0.6578125 0.11015625 0.11015625
1 0.9328125 0.54609375 0.109375 0.11015625
1 0.934375 0.43203125 0.109375 0.11015625
1 0.934375 0.3265625 0.109375 0.11015625
1 0.93828125 0.21171875 0.109375 0.11015625
1 0.84609375 0.2640625 0.08515625 0.0859375
1 0.8390625 0.3734375 0.11015625 0.11015625
1 0.83984375 0.48515625 0.09765625 0.0984375
1 0.840625 0.596875 0.11015625 0.11015625
1 0.746875 0.6546875 0.109375 0.11015625
1 0.746875 0.5421875 0.09765625 0.0984375
1 0.75 0.43125 0.09765625 0.0984375
1 0.75390625 0.32734375 0.09765625 0.0984375
1 0.7515625 0.209375 0.09765625 0.0984375
1 0.659375 0.26875 0.09765625 0.0984375
1 0.65546875 0.38046875 0.109375 0.11015625
1 0.6515625 0.478125 0.109375 0.11015625
3 0.65625 0.6 0.109375 0.11015625
1 0.55 0.6453125 0.11015625 0.1109375
1 0.553125 0.5359375 0.09765625 0.09765625
1 0.5546875 0.434375 0.109375 0.11015625
1 0.559375 0.334375 0.109375 0.11015625
1 0.55859375 0.20390625 0.109375 0.11015625
1 0.465625 0.26875 0.11015625 0.11015625
1 0.4609375 0.378125 0.09765625 0.09765625
1 0.46328125 0.4921875 0.11015625 0.1109375
1 0.4625 0.59453125 0.09765625 0.09765625
1 0.36640625 0.65234375 0.0734375 0.07421875
1 0.3703125 0.54609375 0.0859375 0.0859375
1 0.371875 0.44375 0.0859375 0.0859375
1 0.3796875 0.3265625 0.08515625 0.0859375
1 0.36640625 0.215625 0.09765625 0.0984375
1 0.27421875 0.259375 0.109375 0.1109375
1 0.275 0.375 0.109375 0.1109375
1 0.27265625 0.48671875 0.109375 0.11015625
1 0.275 0.5921875 0.09765625 0.0984375
1 0.1859375 0.2 0.109375 0.1109375
1 0.18359375 0.321875 0.109375 0.1109375
1 0.1828125 0.4203125 0.09765625 0.0984375
1 0.1890625 0.53984375 0.121875 0.1234375
1 0.18515625 0.6390625 0.11015625 0.11015625
1 0.08125 0.59453125 0.11015625 0.11015625
1 0.084375 0.47890625 0.11015625 0.11015625
1 0.08671875 0.2625 0.11015625 0.11015625
1 0.084375 0.159375 0.121875 0.1234375
2 0.0859375 0.3671875 0.0484375 0.0484375
1 0.0859375 0.9171875 0.109375 0.11015625
1 0.078125 0.8171875 0.109375 0.11015625
1 0.0828125 0.709375 0.109375 0.11015625
1 0.18203125 0.75625 0.121875 0.1234375
1 0.178125 0.86796875 0.121875 0.1234375
1 0.26796875 0.93203125 0.11015625 0.11015625
1 0.275 0.8140625 0.11015625 0.1109375
1 0.271875 0.71015625 0.11015625 0.1109375
1 0.3640625 0.75703125 0.109375 0.1109375
1 0.36640625 0.86796875 0.109375 0.1109375
1 0.4671875 0.92265625 0.121875 0.1234375
1 0.46640625 0.8078125 0.0734375 0.07421875
1 0.4578125 0.71328125 0.09765625 0.0984375
1 0.5515625 0.7734375 0.121875 0.1234375
1 0.5515625 0.86953125 0.11015625 0.11015625
1 0.64609375 0.925 0.11015625 0.11015625
1 0.65078125 0.8234375 0.11015625 0.11015625
1 0.6515625 0.70234375 0.109375 0.11015625
1 0.74375 0.7609375 0.109375 0.11015625
1 0.740625 0.86796875 0.109375 0.11015625
1 0.83671875 0.92890625 0.109375 0.11015625
1 0.8296875 0.81015625 0.09765625 0.0984375
1 0.83984375 0.70390625 0.09765625 0.0984375
1 0.9375 0.76015625 0.09765625 0.0984375
1 0.9296875 0.87421875 0.09765625 0.0984375