2 0.88125 0.3921875 0.0734375 0.07421875
2 0.81171875 0.871875 0.0484375 0.0484375
2 0.8140625 0.67109375 0.0484375 0.0484375
2 0.8109375 0.778125 0.0484375 0.0484375
2 0.81015625 0.55546875 0.06171875 0.06171875
2 0.884375 0.71953125 0.0375 0.0375
2 0.88515625 0.60546875 0.0734375 0.07421875
2 0.88359375 0.9359375 0.0609375 0.06171875
2 0.87578125 0.8328125 0.0484375 0.0484375
2 0.88515625 0.50390625 0.0734375 0.07421875
2 0.28515625 0.365625 0.0484375 0.05
2 0.596875 0.95859375 0.0484375 0.05
2 0.6078125 0.6515625 0.0484375 0.05
2 0.69765625 0.6 0.06171875 0.06171875
2 0.49609375 0.69453125 0.0609375 0.06171875
2 0.6015625 0.85078125 0.0484375 0.0484375
2 0.49296875 0.94375 0.0484375 0.05
2 0.6953125 0.83359375 0.0609375 0.06171875
2 0.6046875 0.75078125 0.0484375 0.05
2 0.5 0.61484375 0.0609375 0.06171875
2 0.6046875 0.55390625 0.0375 0.0375
2 0.69375 0.715625 0.0484375 0.05
2 0.5 0.49296875 0.0484375 0.05
2 0.70625 0.4984375 0.0359375 0.0375
2 0.890625 0.28828125 0.0484375 0.0484375
2 0.69609375 0.93125 0.0359375 0.0375
2 0.6125 0.109375 0.02421875 0.025
2 0.7140625 0.05390625 0.0484375 0.0484375
2 0.89140625 0.06015625 0.0484375 0.05
2 0.88671875 0.1734375 0.0484375 0.0484375
2 0.81328125 0.2171875 0.02421875 0.02421875
2 0.81796875 0.3421875 0.02421875 0.02421875
2 0.81953125 0.45703125 0.02421875 0.025
2 0.70390625 0.384375 0.02421875 0.02421875
2 0.70390625 0.14609375 0.02421875 0.02421875
2 0.11015625 0.42890625 0.0484375 0.0484375
2 0.10859375 0.53515625 0.0484375 0.0484375
2 0.1015625 0.63203125 0.0375 0.0375
2 0.10234375 0.7203125 0.0375 0.0375
2 0.1953125 0.46953125 0.0484375 0.0484375
2 0.196875 0.58359375 0.0609375 0.06171875
2 0.1875 0.70390625 0.0375 0.0375
2 0.2625 0.60078125 0.06171875 0.06171875
2 0.25390625 0.7 0.0484375 0.0484375
2 0.40078125 0.5359375 0.02421875 0.02421875
2 0.40078125 0.6421875 0.0359375 0.0375
2 0.5078125 0.059375 0.0484375 0.0484375
2 0.5109375 0.17109375 0.0484375 0.0484375
2 0.40546875 0.4234375 0.0375 0.0359375
2 0.41015625 0.30625 0.0484375 0.0484375
2 0.41015625 0.20234375 0.0484375 0.0484375
2 0.4171875 0.090625 0.0484375 0.0484375
2 0.2984375 0.05625 0.0234375 0.02421875
2 0.29296875 0.159375 0.0484375 0.0484375
2 0.28203125 0.271875 0.0375 0.0359375
2 0.21328125 0.11875 0.02421875 0.02421875
2 0.20625 0.2453125 0.02421875 0.02421875
2 0.2 0.36015625 0.0484375 0.05
2 0.1203125 0.05625 0.0359375 0.0359375
2 0.1203125 0.1859375 0.02421875 0.02421875
2 0.11484375 0.2953125 0.02421875 0.02421875
2 0.05 0.1046875 0.0484375 0.05
2 0.04375 0.2359375 0.0375 0.0375
2 0.04609375 0.3390625 0.0484375 0.0484375
2 0.04375 0.46875 0.0359375 0.0375
2 0.04765625 0.584375 0.0484375 0.0484375
2 0.61171875 0.33046875 0.02421875 0.02421875
2 0.4953125 0.41796875 0.0359375 0.0375