2 0.1015625 0.8796875 0.0609375 0.06171875
2 0.10234375 0.97265625 0.0484375 0.0484375
2 0.19453125 0.91484375 0.0484375 0.0484375
2 0.29140625 0.96328125 0.06171875 0.06171875
2 0.59453125 0.803125 0.0609375 0.06171875
2 0.20234375 0.81171875 0.06171875 0.06171875
2 0.390625 0.90859375 0.0484375 0.05
2 0.4875 0.86015625 0.0734375 0.0734375
2 0.675 0.96796875 0.06171875 0.06171875
2 0.390625 0.79453125 0.0609375 0.06171875
2 0.290625 0.85625 0.0609375 0.06171875
2 0.68125 0.75 0.0484375 0.0484375
1 0.87734375 0.08984375 0.121875 0.1234375
1 0.67421875 0.09453125 0.121875 0.1234375
1 0.49609375 0.08828125 0.109375 0.11015625
1 0.30234375 0.090625 0.11015625 0.11015625
1 0.1140625 0.0953125 0.09765625 0.09765625
2 0.034375 0.04296875 0.0359375 0.0375
1 0.59453125 0.14296875 0.109375 0.11015625
1 0.39765625 0.1390625 0.11015625 0.11015625
1 0.3 0.20390625 0.109375 0.11015625
1 0.19609375 0.15234375 0.121875 0.1234375
1 0.1078125 0.21484375 0.0734375 0.07421875
1 0.203125 0.253125 0.109375 0.11015625
1 0.503125 0.2078125 0.11015625 0.11015625
1 0.20234375 0.35234375 0.08515625 0.0859375
1 0.1890625 0.46484375 0.121875 0.1234375
1 0.196875 0.58828125 0.09765625 0.0984375
1 0.29609375 0.3078125 0.109375 0.11015625
1 0.29765625 0.4203125 0.09765625 0.0984375
1 0.29765625 0.5359375 0.109375 0.11015625
1 0.29140625 0.6375 0.11015625 0.11015625
1 0.39296875 0.2515625 0.11015625 0.11015625
1 0.39296875 0.36171875 0.11015625 0.11015625
1 0.39609375 0.47890625 0.121875 0.121875
1 0.39375 0.58828125 0.09765625 0.0984375
1 0.4890625 0.3015625 0.11015625 0.11015625
1 0.48125 0.4203125 0.09765625 0.0984375
1 0.48359375 0.534375 0.09765625 0.0984375
1 0.48125 0.6453125 0.09765625 0.0984375
1 0.5796875 0.25390625 0.109375 0.1109375
1 0.58203125 0.3640625 0.109375 0.11015625
1 0.5890625 0.478125 0.121875 0.1234375
1 0.6 0.584375 0.11015625 0.11015625
1 0.68984375 0.2 0.121875 0.1234375
1 0.68828125 0.2921875 0.121875 0.1234375
1 0.6828125 0.4234375 0.121875 0.1234375
1 0.6828125 0.5359375 0.121875 0.1234375
1 0.778125 0.140625 0.121875 0.1234375
1 0.78203125 0.2375 0.121875 0.1234375
1 0.778125 0.35546875 0.121875 0.1234375
1 0.76796875 0.465625 0.121875 0.1234375
1 0.77421875 0.584375 0.109375 0.11015625
1 0.865625 0.63515625 0.11015625 0.11015625
1 0.86171875 0.51953125 0.11015625 0.1109375
1 0.8734375 0.41484375 0.11015625 0.1109375
1 0.86796875 0.19453125 0.121875 0.1234375
1 0.8765625 0.30546875 0.11015625 0.11015625
2 0.765625 0.89375 0.0484375 0.0484375
1 0.3890625 0.7203125 0.09765625 0.0984375
1 0.29765625 0.74609375 0.08515625 0.0859375
2 0.76875 0.68828125 0.0484375 0.0484375
2 0.76484375 0.796875 0.0484375 0.0484375
2 0.68359375 0.85703125 0.0484375 0.05
2 0.603125 0.896875 0.02421875 0.02421875
2 0.5890625 0.703125 0.0484375 0.0484375
2 0.6890625 0.6359375 0.0484375 0.0484375
1 0.4875 0.74921875 0.0375 0.0359375
2 0.4890625 0.96875 0.0375 0.0375
2 0.20234375 0.6890625 0.0375 0.0359375
2 0.1 0.6703125 0.0359375 0.0375
2 0.12421875 0.81015625 0.02421875 0.02421875
2 0.0203125 0.6953125 0.0375 0.0375
2 0.021875 0.57890625 0.0375 0.0375
2 0.0234375 0.9140625 0.0375 0.0375