2 0.475 0.17734375 0.0609375 0.06171875
2 0.55625 0.24609375 0.08515625 0.0859375
2 0.48125 0.39453125 0.0484375 0.0484375
2 0.55546875 0.45703125 0.0484375 0.0484375
2 0.48125 0.284375 0.06171875 0.06171875
2 0.29609375 0.0796875 0.0484375 0.05
2 0.10390625 0.07265625 0.06171875 0.06171875
2 0.18359375 0.12421875 0.0484375 0.0484375
2 0.378125 0.24453125 0.06171875 0.06171875
2 0.378125 0.13203125 0.0484375 0.05
2 0.09765625 0.925 0.0609375 0.06171875
2 0.65546875 0.51171875 0.0484375 0.0484375
2 0.65546875 0.63046875 0.0609375 0.06171875
2 0.65625 0.40546875 0.0484375 0.0484375
2 0.65546875 0.9625 0.06171875 0.06171875
2 0.74921875 0.68046875 0.0484375 0.05
2 0.6546875 0.725 0.0609375 0.06171875
2 0.665625 0.84453125 0.0734375 0.0734375
1 0.9421875 0.1359375 0.09765625 0.0984375
1 0.85625 0.07734375 0.09765625 0.0984375
1 0.86015625 0.18046875 0.11015625 0.1109375
1 0.75390625 0.12578125 0.109375 0.1109375
1 0.6640625 0.18046875 0.109375 0.1109375
1 0.66015625 0.0671875 0.109375 0.1109375
1 0.5609375 0.13203125 0.09765625 0.09765625
1 0.65390625 0.27265625 0.08515625 0.0859375
1 0.7484375 0.23515625 0.11015625 0.11015625
1 0.84765625 0.29921875 0.109375 0.11015625
1 0.84765625 0.40859375 0.109375 0.11015625
1 0.85 0.5171875 0.11015625 0.11015625
1 0.85078125 0.61640625 0.11015625 0.11015625
1 0.85078125 0.72890625 0.11015625 0.11015625
1 0.9484375 0.56484375 0.09765625 0.0984375
1 0.9421875 0.45625 0.109375 0.11015625
1 0.9359375 0.23515625 0.11015625 0.11015625
1 0.940625 0.79609375 0.11015625 0.11015625
1 0.853125 0.85078125 0.11015625 0.1109375
2 0.4625 0.0640625 0.0484375 0.0484375
2 0.37890625 0.034375 0.0375 0.0375
2 0.11796875 0.18984375 0.0484375 0.05
2 0.56640625 0.33515625 0.0609375 0.06171875
2 0.56640625 0.5625 0.0375 0.0375
2 0.17890625 0.22421875 0.0484375 0.05
2 0.184375 0.55546875 0.02421875 0.02421875
2 0.18125 0.35078125 0.02421875 0.02421875
2 0.10703125 0.52265625 0.0359375 0.0375
2 0.7453125 0.57109375 0.0375 0.0375
2 0.7453125 0.8015625 0.0484375 0.05
2 0.74921875 0.90625 0.0484375 0.0484375
2 0.75078125 0.34765625 0.0484375 0.0484375
2 0.7515625 0.4484375 0.0484375 0.0484375
2 0.28203125 0.959375 0.0484375 0.0484375
2 0.17265625 0.88671875 0.02421875 0.025
2 0.1765625 0.7796875 0.0375 0.0375
2 0.10234375 0.7328125 0.0375 0.0375
2 0.096875 0.82890625 0.0609375 0.06171875
2 0.0984375 0.62578125 0.0375 0.0375