2 0.52578125 0.3984375 0.0734375 0.07421875
2 0.2578125 0.07578125 0.0484375 0.05
2 0.45546875 0.24765625 0.06171875 0.06171875
2 0.521875 0.83828125 0.06171875 0.06171875
2 0.2484375 0.78046875 0.0859375 0.0859375
2 0.89765625 0.103125 0.06171875 0.06171875
2 0.61953125 0.25703125 0.08515625 0.0859375
1 0.90703125 0.30625 0.0734375 0.07421875
1 0.9046875 0.42109375 0.0734375 0.07421875
1 0.90625 0.5171875 0.09765625 0.0984375
1 0.896875 0.62578125 0.11015625 0.11015625
1 0.8953125 0.7390625 0.109375 0.11015625
1 0.89921875 0.85078125 0.0859375 0.0859375
1 0.79453125 0.91484375 0.121875 0.1234375
1 0.8078125 0.7875 0.0734375 0.0734375
1 0.81328125 0.6859375 0.11015625 0.11015625
1 0.815625 0.5625 0.121875 0.1234375
1 0.8140625 0.45859375 0.109375 0.11015625
1 0.815625 0.3640625 0.09765625 0.0984375
1 0.81328125 0.25546875 0.09765625 0.0984375
1 0.7171875 0.30859375 0.121875 0.1234375
1 0.72109375 0.4 0.121875 0.121875
1 0.71640625 0.5046875 0.11015625 0.11015625
1 0.70546875 0.6171875 0.11015625 0.1109375
1 0.70703125 0.73671875 0.109375 0.11015625
1 0.709375 0.8453125 0.11015625 0.11015625
1 0.615625 0.89921875 0.0859375 0.0859375
1 0.61875 0.79765625 0.0734375 0.07421875
1 0.621875 0.68046875 0.08515625 0.0859375
1 0.6203125 0.5578125 0.08515625 0.0859375
1 0.61875 0.45625 0.0859375 0.0859375
1 0.63203125 0.35625 0.11015625 0.11015625
1 0.53046875 0.30234375 0.0859375 0.08671875
1 0.53125 0.50859375 0.0859375 0.0859375
1 0.5265625 0.621875 0.09765625 0.09765625
1 0.525 0.734375 0.08515625 0.0859375
1 0.42890625 0.89140625 0.109375 0.11015625
1 0.43046875 0.77578125 0.11015625 0.11015625
1 0.4390625 0.659375 0.09765625 0.0984375
1 0.446875 0.5609375 0.109375 0.11015625
1 0.4421875 0.47578125 0.109375 0.11015625
1 0.44765625 0.3515625 0.11015625 0.1109375
1 0.35625 0.30390625 0.121875 0.1234375
1 0.353125 0.4125 0.11015625 0.11015625
1 0.34453125 0.5109375 0.11015625 0.11015625
1 0.34140625 0.628125 0.11015625 0.11015625
1 0.33515625 0.72734375 0.0859375 0.0859375
1 0.3484375 0.8421875 0.109375 0.1109375
1 0.3453125 0.9359375 0.09765625 0.09765625
1 0.240625 0.88984375 0.0859375 0.0859375
1 0.24140625 0.68671875 0.11015625 0.11015625
1 0.2484375 0.559375 0.11015625 0.1109375
1 0.2640625 0.4484375 0.09765625 0.0984375
1 0.25859375 0.3484375 0.09765625 0.09765625
1 0.15 0.29609375 0.09765625 0.0984375
1 0.1515625 0.403125 0.0859375 0.0859375
1 0.16328125 0.50078125 0.09765625 0.09765625
1 0.16015625 0.6140625 0.109375 0.11015625
1 0.15546875 0.7203125 0.109375 0.1109375
1 0.15234375 0.834375 0.109375 0.1109375
1 0.05546875 0.8859375 0.0859375 0.0859375
1 0.053125 0.7765625 0.09765625 0.0984375
1 0.05625 0.665625 0.09765625 0.09765625
1 0.06328125 0.55625 0.109375 0.1109375
1 0.06171875 0.4546875 0.09765625 0.09765625
1 0.07265625 0.359375 0.08515625 0.0859375
1 0.0609375 0.278125 0.08515625 0.0859375
1 0.8171875 0.075 0.0859375 0.0859375
1 0.628125 0.06640625 0.0734375 0.07421875
1 0.54140625 0.0703125 0.0734375 0.07421875
2 0.153125 0.084375 0.0484375 0.05