2 0.96796875 0.15078125 0.06171875 0.06171875
2 0.8078125 0.13359375 0.0609375 0.06171875
2 0.44921875 0.14140625 0.0484375 0.0484375
2 0.528125 0.20703125 0.0484375 0.0484375
2 0.71171875 0.190625 0.06171875 0.06171875
2 0.53125 0.0828125 0.0609375 0.06171875
2 0.4515625 0.04609375 0.0609375 0.06171875
2 0.80078125 0.03515625 0.0484375 0.0484375
2 0.33671875 0.175 0.0484375 0.05
2 0.340625 0.07890625 0.0484375 0.05
2 0.24765625 0.115625 0.06171875 0.06171875
2 0.1484375 0.08359375 0.0484375 0.05
2 0.1484375 0.17890625 0.0484375 0.05
2 0.0421875 0.21796875 0.0484375 0.0484375
2 0.24609375 0.2171875 0.0484375 0.05
2 0.80625 0.3640625 0.06171875 0.06171875
2 0.7078125 0.29765625 0.06171875 0.06171875
2 0.8125 0.2671875 0.0609375 0.0609375
2 0.80546875 0.45859375 0.06171875 0.06171875
2 0.87734375 0.42109375 0.0734375 0.07421875
2 0.9671875 0.2515625 0.0484375 0.0484375
2 0.878125 0.2953125 0.0609375 0.0609375
1 0.88203125 0.8953125 0.08515625 0.0859375
1 0.88125 0.7984375 0.08515625 0.0859375
1 0.7796875 0.846875 0.09765625 0.09765625
1 0.690625 0.7921875 0.121875 0.1234375
1 0.6859375 0.91015625 0.121875 0.1234375
1 0.60234375 0.846875 0.121875 0.1234375
1 0.49921875 0.9046875 0.09765625 0.0984375
1 0.49453125 0.78515625 0.08515625 0.0859375
1 0.4171875 0.840625 0.0859375 0.0859375
1 0.3125 0.89453125 0.0859375 0.0859375
1 0.228125 0.928125 0.09765625 0.0984375
1 0.225 0.8375 0.09765625 0.0984375
1 0.11640625 0.85546875 0.0859375 0.0859375
2 0.97109375 0.07109375 0.0359375 0.0375
2 0.884375 0.08125 0.0484375 0.0484375
2 0.89453125 0.19375 0.0375 0.0375
2 0.71953125 0.08984375 0.0484375 0.0484375
2 0.63671875 0.1453125 0.0484375 0.0484375
2 0.63203125 0.24375 0.0609375 0.06171875
2 0.44296875 0.246875 0.02421875 0.02421875
2 0.15 0.27734375 0.0484375 0.0484375
2 0.0453125 0.11640625 0.0484375 0.0484375
2 0.64765625 0.02890625 0.02421875 0.02421875
2 0.35 0.2796875 0.02421875 0.02421875