2 0.6625 0.04140625 0.0734375 0.0734375
1 0.103125 0.1734375 0.121875 0.1234375
1 0.1859375 0.11796875 0.11015625 0.11015625
1 0.27421875 0.053125 0.09765625 0.0984375
1 0.38046875 0.121875 0.121875 0.1234375
1 0.46953125 0.065625 0.096875 0.0984375
1 0.553125 0.1203125 0.121875 0.121875
1 0.65859375 0.1546875 0.121875 0.1234375
1 0.75703125 0.1125 0.121875 0.1234375
1 0.9421875 0.115625 0.109375 0.1109375
1 0.94453125 0.3359375 0.109375 0.1109375
1 0.94375 0.434375 0.09765625 0.0984375
1 0.8421875 0.6078125 0.11015625 0.11015625
1 0.8453125 0.49296875 0.11015625 0.11015625
1 0.846875 0.27578125 0.11015625 0.11015625
1 0.8453125 0.17265625 0.121875 0.1234375
2 0.846875 0.38125 0.0484375 0.0484375
1 0.7546875 0.21171875 0.09765625 0.0984375
1 0.76171875 0.3265625 0.09765625 0.0984375
1 0.75078125 0.43515625 0.109375 0.11015625
1 0.7546875 0.5578125 0.09765625 0.0984375
1 0.7609375 0.675 0.109375 0.11015625
1 0.65546875 0.62578125 0.121875 0.1234375
1 0.65390625 0.50078125 0.121875 0.121875
1 0.65546875 0.3859375 0.121875 0.121875
1 0.659375 0.278125 0.109375 0.11015625
1 0.56328125 0.23359375 0.109375 0.11015625
1 0.5578125 0.33515625 0.09765625 0.0984375
1 0.56484375 0.44921875 0.121875 0.1234375
1 0.5640625 0.56875 0.121875 0.1234375
1 0.5640625 0.678125 0.121875 0.1234375
1 0.45390625 0.6125 0.109375 0.11015625
1 0.46953125 0.509375 0.109375 0.11015625
1 0.4640625 0.4 0.09765625 0.0984375
1 0.4625 0.290625 0.11015625 0.11015625
1 0.4671875 0.17109375 0.121875 0.121875
1 0.37578125 0.23046875 0.121875 0.1234375
1 0.36875 0.3484375 0.109375 0.11015625
1 0.37109375 0.4484375 0.09765625 0.0984375
1 0.3640625 0.559375 0.121875 0.1234375
1 0.371875 0.66796875 0.121875 0.1234375
1 0.2703125 0.6046875 0.121875 0.1234375
1 0.275 0.48828125 0.09765625 0.09765625
1 0.27421875 0.3796875 0.121875 0.1234375
1 0.2703125 0.275 0.121875 0.1234375
1 0.2765625 0.1703125 0.121875 0.1234375
1 0.184375 0.2265625 0.121875 0.1234375
1 0.18046875 0.32734375 0.121875 0.1234375
1 0.18046875 0.44375 0.121875 0.1234375
1 0.178125 0.5609375 0.121875 0.1234375
1 0.16875 0.67265625 0.121875 0.1234375
1 0.08828125 0.27734375 0.11015625 0.1109375
1 0.08828125 0.3828125 0.11015625 0.1109375
3 0.08203125 0.5015625 0.109375 0.11015625
1 0.08125 0.61484375 0.109375 0.11015625
1 0.0890625 0.72109375 0.109375 0.11015625
1 0.07421875 0.83203125 0.109375 0.1109375
1 0.0765625 0.9421875 0.109375 0.11015625
1 0.184375 0.778125 0.121875 0.1234375
1 0.18203125 0.8703125 0.121875 0.1234375
1 0.271875 0.71875 0.121875 0.1234375
1 0.27578125 0.815625 0.121875 0.1234375
1 0.271875 0.93359375 0.121875 0.1234375
1 0.36171875 0.77265625 0.121875 0.1234375
1 0.45390625 0.85234375 0.121875 0.1234375
1 0.45625 0.7328125 0.121875 0.1234375
1 0.3703125 0.88359375 0.11015625 0.11015625
1 0.5609375 0.79921875 0.121875 0.121875
1 0.5609375 0.89140625 0.121875 0.1234375
1 0.7375 0.784375 0.121875 0.1234375
1 0.74296875 0.8921875 0.121875 0.121875
1 0.64921875 0.83671875 0.11015625 0.11015625
1 0.66171875 0.72421875 0.11015625 0.11015625
1 0.846875 0.93125 0.109375 0.11015625
1 0.8390625 0.83046875 0.109375 0.11015625
1 0.84375 0.7234375 0.109375 0.11015625