2 0.81484375 0.43203125 0.06171875 0.06171875
2 0.72265625 0.94296875 0.0609375 0.06171875
2 0.540625 0.37421875 0.0859375 0.0859375
2 0.225 0.8578125 0.0734375 0.0734375
2 0.53671875 0.80390625 0.0734375 0.07421875
1 0.9078125 0.59453125 0.11015625 0.1109375
1 0.9078125 0.49296875 0.0859375 0.0859375
1 0.91171875 0.39140625 0.0734375 0.07421875
1 0.91484375 0.27421875 0.08515625 0.0859375
1 0.91328125 0.1515625 0.08515625 0.0859375
1 0.9125 0.05 0.0859375 0.0859375
1 0.82421875 0.10234375 0.0859375 0.0859375
1 0.81953125 0.215625 0.09765625 0.09765625
1 0.81796875 0.328125 0.08515625 0.0859375
1 0.81484375 0.55 0.11015625 0.11015625
1 0.71953125 0.5984375 0.11015625 0.11015625
1 0.721875 0.48515625 0.109375 0.11015625
1 0.7234375 0.36953125 0.11015625 0.11015625
1 0.7328125 0.253125 0.09765625 0.0984375
1 0.740625 0.1546875 0.109375 0.11015625
1 0.73515625 0.06953125 0.109375 0.11015625
1 0.6375 0.1046875 0.11015625 0.11015625
1 0.634375 0.221875 0.11015625 0.11015625
1 0.628125 0.32109375 0.0859375 0.0859375
1 0.64140625 0.4359375 0.109375 0.1109375
1 0.6390625 0.5296875 0.09765625 0.09765625
1 0.534375 0.5828125 0.0859375 0.08671875
1 0.5328125 0.48359375 0.0859375 0.0859375
1 0.534375 0.28046875 0.11015625 0.11015625
1 0.54140625 0.153125 0.11015625 0.1109375
1 0.45625 0.09453125 0.09765625 0.09765625
1 0.453125 0.2078125 0.109375 0.11015625
1 0.4484375 0.3140625 0.109375 0.1109375
1 0.4453125 0.428125 0.109375 0.1109375
3 0.44765625 0.5578125 0.08515625 0.0859375
1 0.3546875 0.58515625 0.09765625 0.09765625
1 0.3484375 0.4796875 0.0859375 0.0859375
1 0.3453125 0.3703125 0.09765625 0.0984375
1 0.35 0.259375 0.09765625 0.09765625
1 0.35625 0.15 0.109375 0.1109375
1 0.225 0.1046875 0.09765625 0.0984375
1 0.23359375 0.2171875 0.09765625 0.09765625
1 0.2296875 0.32109375 0.09765625 0.0984375
1 0.23046875 0.4078125 0.09765625 0.0984375
1 0.228125 0.5375 0.08515625 0.0859375
1 0.1375 0.590625 0.0859375 0.0859375
1 0.14296875 0.4703125 0.11015625 0.11015625
1 0.14140625 0.3609375 0.09765625 0.0984375
1 0.13359375 0.25546875 0.09765625 0.0984375
1 0.13671875 0.165625 0.109375 0.11015625
1 0.05546875 0.0953125 0.109375 0.11015625
1 0.13984375 0.69609375 0.08515625 0.0859375
2 0.340625 0.70234375 0.0484375 0.0484375
1 0.1359375 0.79296875 0.09765625 0.09765625
1 0.13203125 0.90703125 0.09765625 0.09765625
1 0.23203125 0.6421875 0.08515625 0.08671875
1 0.225 0.74453125 0.0734375 0.0734375
1 0.34296875 0.92578125 0.09765625 0.09765625
1 0.35625 0.81015625 0.0734375 0.0734375
3 0.44609375 0.640625 0.0859375 0.0859375
1 0.4359375 0.76171875 0.0734375 0.07421875
1 0.4421875 0.8671875 0.09765625 0.09765625
1 0.53125 0.92265625 0.09765625 0.0984375
3 0.534375 0.70234375 0.0734375 0.07421875
1 0.628125 0.6625 0.08515625 0.0859375
1 0.63203125 0.76484375 0.121875 0.1234375
1 0.63125 0.84765625 0.121875 0.1234375
1 0.7140625 0.71015625 0.109375 0.11015625
1 0.7171875 0.8296875 0.121875 0.1234375
1 0.815625 0.8890625 0.09765625 0.09765625
1 0.81328125 0.7640625 0.0734375 0.07421875
1 0.9140625 0.7140625 0.109375 0.11015625
1 0.9078125 0.8 0.0734375 0.0734375
1 0.9046875 0.92265625 0.0734375 0.0734375
1 0.81171875 0.6546875 0.109375 0.1109375