2 0.7921875 0.5046875 0.0484375 0.0484375
2 0.78671875 0.61015625 0.06171875 0.06171875
2 0.79140625 0.4078125 0.06171875 0.06171875
2 0.78984375 0.29453125 0.0609375 0.06171875
2 0.78984375 0.72421875 0.06171875 0.06171875
2 0.7828125 0.9390625 0.0609375 0.06171875
2 0.7875 0.825 0.0609375 0.06171875
2 0.8625 0.9046875 0.0484375 0.0484375
2 0.88203125 0.24140625 0.0484375 0.0484375
2 0.8703125 0.56484375 0.04765625 0.05
2 0.878125 0.353125 0.0609375 0.06171875
2 0.86796875 0.79375 0.0734375 0.0734375
2 0.26015625 0.92265625 0.06171875 0.06171875
2 0.24609375 0.2796875 0.0484375 0.0484375
2 0.14765625 0.36875 0.06171875 0.06171875
2 0.05625 0.3234375 0.06171875 0.06171875
2 0.41484375 0.79609375 0.06171875 0.06171875
2 0.33984375 0.603125 0.0609375 0.06171875
2 0.14453125 0.92890625 0.0484375 0.0484375
2 0.2484375 0.72890625 0.0484375 0.05
2 0.43125 0.7015625 0.0609375 0.06171875
2 0.70625 0.45 0.06171875 0.06171875
2 0.615625 0.3140625 0.0375 0.0375
2 0.3453125 0.26953125 0.0359375 0.0375
2 0.6 0.96015625 0.06171875 0.06171875
2 0.15 0.59921875 0.06171875 0.06171875
2 0.7046875 0.35 0.0484375 0.05
2 0.4265625 0.24375 0.0375 0.0375
2 0.3375 0.375 0.0484375 0.0484375
2 0.24609375 0.6140625 0.0484375 0.05
2 0.70234375 0.5765625 0.06171875 0.06171875
2 0.69921875 0.66875 0.0484375 0.0484375
2 0.0703125 0.5375 0.0484375 0.05
2 0.7078125 0.2546875 0.06171875 0.06171875
2 0.5265625 0.13515625 0.0734375 0.0734375
2 0.78828125 0.1984375 0.0734375 0.07421875
2 0.528125 0.0421875 0.0484375 0.05
2 0.7921875 0.096875 0.0484375 0.0484375
2 0.88359375 0.0390625 0.0484375 0.0484375
2 0.88203125 0.14140625 0.06171875 0.06171875
1 0.43046875 0.14375 0.121875 0.121875
1 0.33125 0.15546875 0.09765625 0.0984375
1 0.2390625 0.065625 0.121875 0.1234375
1 0.23828125 0.2 0.109375 0.11015625
1 0.14921875 0.15 0.09765625 0.0984375
2 0.9828125 0.190625 0.02421875 0.02421875
1 0.87421875 0.46953125 0.0359375 0.0375
1 0.8703125 0.671875 0.08515625 0.0859375
2 0.96953125 0.95390625 0.0375 0.0375
2 0.9734375 0.70546875 0.02421875 0.02421875
2 0.60625 0.08125 0.0359375 0.0359375
2 0.7125 0.03828125 0.0375 0.0375
1 0.71171875 0.14921875 0.0484375 0.05
2 0.61015625 0.1890625 0.0359375 0.0359375
2 0.60859375 0.41328125 0.0375 0.0375
2 0.60625 0.5296875 0.0375 0.0375
2 0.60859375 0.63359375 0.0375 0.0375
2 0.6046875 0.73125 0.0375 0.0375
2 0.5296875 0.3546875 0.0484375 0.0484375
2 0.4203125 0.365625 0.0359375 0.0375
2 0.43203125 0.49140625 0.0359375 0.0375
2 0.43125 0.57421875 0.0484375 0.0484375
2 0.525 0.4671875 0.0609375 0.06171875
2 0.33671875 0.484375 0.0375 0.0375
2 0.2390625 0.53515625 0.0484375 0.0484375
2 0.2421875 0.43046875 0.0375 0.0375
2 0.14921875 0.27421875 0.0484375 0.0484375
2 0.14453125 0.48203125 0.0484375 0.05
2 0.07109375 0.6296875 0.0484375 0.05
1 0.0671875 0.43828125 0.06171875 0.06171875
2 0.1453125 0.70078125 0.0484375 0.05
2 0.3390625 0.70078125 0.0484375 0.05
2 0.51328125 0.78203125 0.0359375 0.0375
2 0.50859375 0.9109375 0.0484375 0.05
2 0.42265625 0.90859375 0.0484375 0.05
2 0.34296875 0.8859375 0.0484375 0.05
2 0.253125 0.8296875 0.0484375 0.05
2 0.140625 0.8140625 0.0484375 0.0484375
2 0.0671875 0.8578125 0.02421875 0.02421875
2 0.071875 0.9828125 0.02421875 0.02421875