2 0.17109375 0.94921875 0.0484375 0.0484375
2 0.76953125 0.1390625 0.0859375 0.0859375
2 0.965625 0.065625 0.0609375 0.06171875
2 0.640625 0.5203125 0.0484375 0.05
2 0.9625 0.80625 0.0484375 0.05
2 0.8515625 0.84921875 0.0609375 0.06171875
2 0.96015625 0.9046875 0.0484375 0.05
2 0.85546875 0.76875 0.0609375 0.06171875
2 0.96015625 0.7078125 0.0375 0.0375
2 0.85546875 0.646875 0.0484375 0.05
2 0.271875 0.98046875 0.0375 0.0375
1 0.66328125 0.0890625 0.0859375 0.0859375
2 0.3953125 0.04375 0.0609375 0.06171875
2 0.96796875 0.2640625 0.02421875 0.025
2 0.465625 0.5828125 0.0484375 0.0484375
2 0.4640625 0.6890625 0.0484375 0.0484375
2 0.45703125 0.7859375 0.0375 0.0375
2 0.4578125 0.875 0.0375 0.0375
2 0.55078125 0.62421875 0.0484375 0.0484375
2 0.553125 0.7375 0.0609375 0.06171875
2 0.54296875 0.85859375 0.0375 0.0375
2 0.61796875 0.75546875 0.06171875 0.06171875
2 0.609375 0.8546875 0.0484375 0.0484375
2 0.75625 0.68984375 0.02421875 0.02421875
2 0.75625 0.796875 0.0359375 0.0375
2 0.08671875 0.625 0.0484375 0.0484375
2 0.08515625 0.7125 0.0484375 0.0484375
2 0.0890625 0.8171875 0.0359375 0.0359375
2 0.0828125 0.89921875 0.0484375 0.05
2 0.178125 0.8359375 0.0375 0.0375
2 0.23984375 0.7984375 0.0359375 0.0375
2 0.1875 0.72578125 0.0375 0.0375
2 0.19375 0.603125 0.0375 0.0375
2 0.86328125 0.2140625 0.0484375 0.0484375
2 0.86640625 0.325 0.0484375 0.0484375
2 0.7609375 0.57734375 0.0375 0.0359375
2 0.765625 0.4609375 0.0484375 0.0484375
2 0.765625 0.35625 0.0484375 0.0484375
2 0.77265625 0.2453125 0.0484375 0.0484375
2 0.6546875 0.21015625 0.0234375 0.02421875
2 0.6484375 0.31328125 0.0484375 0.0484375
2 0.6375 0.4265625 0.0375 0.0359375
2 0.56953125 0.15703125 0.0484375 0.0484375
2 0.56875 0.27265625 0.02421875 0.02421875
2 0.56171875 0.4 0.02421875 0.02421875
2 0.55546875 0.5140625 0.0484375 0.05
2 0.47578125 0.21015625 0.0359375 0.0359375
2 0.47578125 0.340625 0.02421875 0.02421875
2 0.4703125 0.45 0.02421875 0.02421875
2 0.40234375 0.13984375 0.0375 0.0359375
2 0.40546875 0.259375 0.0484375 0.05
2 0.39921875 0.390625 0.0375 0.0375
2 0.4015625 0.49296875 0.0484375 0.0484375
2 0.39921875 0.6234375 0.0359375 0.0375
2 0.31171875 0.1828125 0.0359375 0.0359375
1 0.078125 0.5125 0.0484375 0.0484375
2 0.871875 0.103125 0.02421875 0.02421875
2 0.07578125 0.1046875 0.0359375 0.0375
2 0.1921875 0.05625 0.0359375 0.0359375
2 0.31171875 0.0875 0.0375 0.0359375
2 0.571875 0.05078125 0.0484375 0.0484375
2 0.4796875 0.08984375 0.0359375 0.0375
2 0.403125 0.73828125 0.0484375 0.0484375
2 0.9671875 0.48515625 0.02421875 0.02421875
2 0.85078125 0.571875 0.0359375 0.0375