2 0.03125 0.4546875 0.0484375 0.05
2 0.30390625 0.9484375 0.0734375 0.0734375
2 0.30390625 0.7125 0.06171875 0.06171875
2 0.309375 0.49140625 0.0484375 0.05
2 0.3046875 0.83671875 0.0609375 0.06171875
1 0.21796875 0.8765625 0.0359375 0.0375
2 0.03125 0.57890625 0.0609375 0.06171875
2 0.11953125 0.52109375 0.06171875 0.06171875
2 0.31328125 0.05 0.06171875 0.06171875
2 0.315625 0.16484375 0.06171875 0.06171875
2 0.309375 0.3796875 0.0609375 0.06171875
2 0.31328125 0.26484375 0.0609375 0.06171875
2 0.3890625 0.34453125 0.0484375 0.0484375
2 0.496875 0.05859375 0.0734375 0.07421875
2 0.89140625 0.09140625 0.06171875 0.06171875
2 0.39375 0.23359375 0.0734375 0.0734375
2 0.50234375 0.27890625 0.06171875 0.06171875
2 0.3859375 0.79453125 0.0609375 0.06171875
2 0.49296875 0.73984375 0.0609375 0.06171875
2 0.61015625 0.771875 0.0609375 0.06171875
2 0.49140625 0.85703125 0.0609375 0.06171875
2 0.4953125 0.965625 0.0609375 0.06171875
2 0.384375 0.56015625 0.0484375 0.05
2 0.3875 0.9203125 0.0609375 0.06171875
2 0.1265625 0.40078125 0.06171875 0.06171875
2 0.22578125 0.109375 0.0484375 0.0484375
2 0.60078125 0.9 0.0484375 0.0484375
2 0.12109375 0.971875 0.0375 0.0359375
2 0.63125 0.03671875 0.0484375 0.05
1 0.396875 0.1125 0.08515625 0.0859375
2 0.69140625 0.07109375 0.0484375 0.05
2 0.696875 0.4015625 0.02421875 0.02421875
2 0.69375 0.19765625 0.02421875 0.02421875
2 0.49609375 0.39453125 0.0375 0.0375
2 0.61953125 0.36875 0.0359375 0.0375
2 0.49921875 0.14609375 0.02421875 0.02421875
2 0.7953125 0.80546875 0.0484375 0.0484375
2 0.87109375 0.96953125 0.0375 0.0375
2 0.78671875 0.91875 0.02421875 0.02421875
2 0.68359375 0.85703125 0.0484375 0.05
2 0.68515625 0.73359375 0.02421875 0.025
2 0.6890625 0.62578125 0.0375 0.0375
2 0.615625 0.57890625 0.0375 0.0375
2 0.609375 0.675 0.0609375 0.06171875
2 0.4984375 0.5140625 0.0375 0.0375
2 0.496875 0.63125 0.0375 0.0375
2 0.3859375 0.69921875 0.0484375 0.0484375
2 0.3078125 0.615625 0.0359375 0.0375
2 0.38984375 0.45625 0.0484375 0.0484375
2 0.6109375 0.47265625 0.0375 0.0375
2 0.134375 0.07421875 0.0375 0.0375
2 0.13125 0.171875 0.0375 0.0375
2 0.03984375 0.22265625 0.0359375 0.0375
2 0.03515625 0.35078125 0.0484375 0.05
2 0.1203125 0.6203125 0.0359375 0.0359375
2 0.21953125 0.43671875 0.0375 0.0375
2 0.0203125 0.6828125 0.0375 0.0375
2 0.21328125 0.7671875 0.0359375 0.0359375
2 0.11640625 0.8609375 0.0375 0.0375
2 0.02421875 0.90234375 0.0375 0.0375