2 0.2125 0.2875 0.08515625 0.0859375
2 0.6796875 0.9140625 0.0859375 0.0859375
1 0.2015625 0.8203125 0.11015625 0.1109375
2 0.52421875 0.4421875 0.08515625 0.0859375
1 0.8953125 0.23828125 0.121875 0.1234375
1 0.88984375 0.36015625 0.121875 0.1234375
1 0.88359375 0.4609375 0.121875 0.1234375
1 0.884375 0.57109375 0.121875 0.1234375
1 0.88046875 0.6765625 0.121875 0.1234375
1 0.86875 0.78984375 0.11015625 0.11015625
1 0.86953125 0.909375 0.121875 0.1234375
1 0.778125 0.85234375 0.0734375 0.0734375
1 0.7859375 0.71796875 0.109375 0.11015625
1 0.78984375 0.6140625 0.109375 0.11015625
1 0.78984375 0.51484375 0.109375 0.11015625
1 0.79453125 0.4078125 0.121875 0.1234375
1 0.7921875 0.29609375 0.09765625 0.0984375
1 0.7875 0.1765625 0.08515625 0.0859375
1 0.71015625 0.2328125 0.0859375 0.0859375
1 0.70390625 0.3484375 0.08515625 0.0859375
1 0.6953125 0.45390625 0.09765625 0.09765625
1 0.690625 0.57109375 0.09765625 0.0984375
1 0.6890625 0.675 0.09765625 0.0984375
1 0.59296875 0.7234375 0.08515625 0.08671875
1 0.60546875 0.2859375 0.0859375 0.0859375
1 0.60234375 0.396875 0.0859375 0.0859375
1 0.59453125 0.51640625 0.0859375 0.0859375
1 0.521875 0.31953125 0.09765625 0.0984375
1 0.5171875 0.22890625 0.09765625 0.0984375
1 0.409375 0.246875 0.0859375 0.0859375
1 0.2125 0.4859375 0.121875 0.1234375
3 0.20859375 0.60625 0.11015625 0.11015625
1 0.20625 0.71484375 0.121875 0.1234375
1 0.08515625 0.871875 0.08515625 0.0859375
1 0.121875 0.44453125 0.109375 0.1109375
1 0.10390625 0.5640625 0.121875 0.121875
1 0.11171875 0.66328125 0.121875 0.1234375
1 0.10859375 0.76640625 0.121875 0.1234375
1 0.30625 0.5578125 0.109375 0.1109375
1 0.30625 0.6578125 0.121875 0.1234375
1 0.30546875 0.77109375 0.121875 0.121875
1 0.30234375 0.88359375 0.121875 0.1234375
1 0.21171875 0.9296875 0.121875 0.1234375
1 0.38828125 0.828125 0.121875 0.1234375
1 0.39921875 0.7125 0.09765625 0.0984375
1 0.40078125 0.60859375 0.08515625 0.0859375
1 0.39609375 0.50625 0.08515625 0.0859375
1 0.490625 0.890625 0.121875 0.1234375
1 0.5 0.7859375 0.09765625 0.0984375
1 0.5890625 0.853125 0.11015625 0.11015625
0 0.51796875 0.6546875 0.0734375 0.07421875