2 0.15234375 0.03125 0.0484375 0.0484375
2 0.13984375 0.778125 0.0609375 0.06171875
2 0.2484375 0.69453125 0.0609375 0.06171875
2 0.325 0.746875 0.06171875 0.06171875
2 0.43671875 0.7234375 0.06171875 0.06171875
2 0.0515625 0.75390625 0.0484375 0.0484375
2 0.5296875 0.715625 0.0484375 0.0484375
2 0.14921875 0.5953125 0.0609375 0.06171875
2 0.05625 0.2 0.06171875 0.06171875
2 0.05390625 0.54453125 0.06171875 0.06171875
2 0.0578125 0.6421875 0.06171875 0.06171875
2 0.15078125 0.1375 0.06171875 0.06171875
2 0.340625 0.55078125 0.0484375 0.0484375
2 0.2609375 0.575 0.0484375 0.0484375
2 0.1515625 0.2359375 0.0484375 0.05
2 0.15 0.33671875 0.0484375 0.05
2 0.4453125 0.54609375 0.0484375 0.0484375
2 0.346875 0.41796875 0.0484375 0.0484375
2 0.44140625 0.62890625 0.0484375 0.0484375
2 0.525 0.628125 0.0484375 0.0484375
2 0.0453125 0.96171875 0.06171875 0.06171875
2 0.43515625 0.81796875 0.06171875 0.06171875
2 0.25 0.90703125 0.0609375 0.06171875
2 0.1390625 0.86171875 0.06171875 0.06171875
2 0.1375 0.96640625 0.06171875 0.06171875
2 0.246875 0.81328125 0.0609375 0.06171875
2 0.05546875 0.86875 0.06171875 0.06171875
2 0.334375 0.85 0.0609375 0.06171875
2 0.3390625 0.94609375 0.0609375 0.06171875
2 0.5203125 0.91171875 0.06171875 0.06171875
2 0.51953125 0.809375 0.0609375 0.06171875
2 0.4359375 0.896875 0.06171875 0.06171875
2 0.4421875 0.97421875 0.0484375 0.05
2 0.92890625 0.78203125 0.0484375 0.0484375
2 0.5953125 0.9609375 0.0484375 0.0484375
2 0.60546875 0.85859375 0.0484375 0.0484375
2 0.93125 0.68046875 0.0484375 0.0484375
2 0.84296875 0.73515625 0.0484375 0.0484375
2 0.446875 0.44921875 0.0375 0.0375
2 0.3375 0.65234375 0.0484375 0.0484375
2 0.2640625 0.46015625 0.0375 0.0375
1 0.1453125 0.69296875 0.0609375 0.06171875
2 0.64140625 0.0515625 0.0484375 0.0484375
2 0.63984375 0.1578125 0.0484375 0.0484375
2 0.6328125 0.2546875 0.0375 0.0375
2 0.63359375 0.34375 0.0375 0.0375
2 0.7265625 0.09296875 0.0484375 0.0484375
2 0.728125 0.20625 0.0609375 0.06171875
2 0.71875 0.32734375 0.0375 0.0375
2 0.79375 0.22421875 0.06171875 0.06171875
2 0.78515625 0.3234375 0.0484375 0.0484375
2 0.93203125 0.15859375 0.02421875 0.02421875
2 0.93203125 0.265625 0.0359375 0.0375
2 0.2625 0.09375 0.0484375 0.0484375
2 0.2609375 0.18125 0.0484375 0.0484375
2 0.26484375 0.2859375 0.0359375 0.0359375
2 0.25859375 0.36796875 0.0484375 0.05
2 0.353125 0.3046875 0.0375 0.0375
2 0.415625 0.2671875 0.0359375 0.0375
2 0.36328125 0.19453125 0.0375 0.0375
2 0.36875 0.071875 0.0375 0.0375
2 0.93671875 0.04609375 0.0375 0.0359375
2 0.575 0.0921875 0.0359375 0.0375
2 0.06796875 0.0984375 0.0359375 0.0359375
2 0.0578125 0.30625 0.0359375 0.0375
2 0.57890625 0.20703125 0.0484375 0.0484375