2 0.60546875 0.6984375 0.0609375 0.06171875
2 0.31171875 0.8484375 0.0859375 0.0859375
2 0.5078125 0.77578125 0.0609375 0.06171875
2 0.50625 0.878125 0.0734375 0.07421875
2 0.4109375 0.7 0.0484375 0.0484375
2 0.88984375 0.503125 0.0484375 0.0484375
2 0.79140625 0.5921875 0.06171875 0.06171875
2 0.7 0.54765625 0.06171875 0.06171875
2 0.89140625 0.95234375 0.0484375 0.05
2 0.79375 0.82265625 0.06171875 0.06171875
2 0.88984375 0.8375 0.0484375 0.05
2 0.7140625 0.7609375 0.0484375 0.05
1 0.88203125 0.14921875 0.09765625 0.0984375
1 0.88203125 0.2890625 0.121875 0.1234375
1 0.88203125 0.4234375 0.109375 0.11015625
1 0.79375 0.1515625 0.09765625 0.0984375
1 0.7921875 0.25625 0.121875 0.1234375
1 0.79296875 0.3734375 0.09765625 0.0984375
1 0.69765625 0.44140625 0.11015625 0.1109375
1 0.684375 0.1 0.09765625 0.0984375
1 0.69609375 0.21328125 0.09765625 0.0984375
1 0.68828125 0.31953125 0.09765625 0.09765625
1 0.60078125 0.14765625 0.09765625 0.0984375
1 0.603125 0.259375 0.09765625 0.09765625
1 0.60078125 0.3734375 0.109375 0.1109375
1 0.60625 0.46875 0.0859375 0.0859375
1 0.52421875 0.153125 0.121875 0.1234375
1 0.5125 0.2953125 0.109375 0.1109375
1 0.509375 0.4171875 0.121875 0.1234375
1 0.5171875 0.525 0.121875 0.1234375
1 0.4078125 0.1421875 0.09765625 0.09765625
1 0.4171875 0.2484375 0.09765625 0.09765625
1 0.4109375 0.37578125 0.09765625 0.0984375
1 0.41328125 0.478125 0.11015625 0.11015625
1 0.321875 0.0875 0.09765625 0.09765625
1 0.32109375 0.21953125 0.11015625 0.11015625
1 0.3171875 0.32265625 0.09765625 0.0984375
1 0.3125 0.42890625 0.09765625 0.0984375
1 0.3171875 0.54921875 0.0859375 0.08671875
1 0.2203125 0.1515625 0.11015625 0.11015625
1 0.2171875 0.2671875 0.11015625 0.11015625
1 0.2171875 0.37578125 0.121875 0.121875
1 0.2171875 0.49140625 0.121875 0.121875
1 0.12421875 0.0984375 0.109375 0.11015625
1 0.1203125 0.19609375 0.09765625 0.0984375
1 0.13125 0.31015625 0.09765625 0.0984375
1 0.128125 0.4265625 0.09765625 0.0984375
1 0.125 0.5515625 0.09765625 0.0984375
1 0.3109375 0.6421875 0.08515625 0.0859375
1 0.3109375 0.75625 0.09765625 0.0984375
1 0.2046875 0.7984375 0.0859375 0.0859375
1 0.2171875 0.709375 0.0859375 0.0859375
1 0.2234375 0.5984375 0.0859375 0.0859375
1 0.1328125 0.65078125 0.09765625 0.0984375
2 0.98046875 0.7078125 0.0375 0.0375
2 0.8828125 0.75859375 0.0484375 0.0484375
2 0.8859375 0.6546875 0.0375 0.0375
2 0.79296875 0.4984375 0.0484375 0.0484375
2 0.78828125 0.70546875 0.0484375 0.05
2 0.71484375 0.853125 0.0484375 0.05
1 0.71015625 0.66171875 0.06171875 0.06171875
2 0.596875 0.58671875 0.0484375 0.05
2 0.51171875 0.64921875 0.0609375 0.06171875
2 0.51015625 0.9734375 0.02421875 0.025
2 0.6109375 0.91796875 0.0484375 0.0484375
2 0.60546875 0.8 0.0484375 0.05
2 0.7890625 0.92421875 0.0484375 0.05
2 0.40546875 0.9234375 0.0484375 0.0484375
2 0.3140625 0.9546875 0.0484375 0.0484375
2 0.19609375 0.9203125 0.0234375 0.02421875
2 0.1109375 0.8671875 0.0484375 0.0484375
2 0.1109375 0.9828125 0.02421875 0.02421875
3 0.4125 0.60234375 0.0484375 0.0484375
2 0.41328125 0.81328125 0.02421875 0.02421875
2 0.0203125 0.60078125 0.0359375 0.0375
2 0.1140625 0.7609375 0.0484375 0.0484375
2 0.021875 0.8 0.0359375 0.0375
2 0.0265625 0.4859375 0.0375 0.0375