2 0.38046875 0.63359375 0.0734375 0.07421875
2 0.75 0.61484375 0.0484375 0.05
2 0.6640625 0.62734375 0.0609375 0.06171875
2 0.31328125 0.9125 0.0484375 0.0484375
2 0.66484375 0.83515625 0.0609375 0.06171875
2 0.75 0.7390625 0.0609375 0.06171875
2 0.66796875 0.721875 0.0609375 0.06171875
2 0.309375 0.79609375 0.06171875 0.06171875
2 0.4953125 0.8953125 0.0484375 0.0484375
2 0.38359375 0.9609375 0.0375 0.0375
2 0.49375 0.8015625 0.0484375 0.0484375
2 0.671875 0.9296875 0.0484375 0.0484375
2 0.584375 0.9671875 0.0609375 0.0609375
2 0.83828125 0.68125 0.06171875 0.06171875
2 0.384375 0.846875 0.0734375 0.07421875
2 0.5875 0.88984375 0.06171875 0.06171875
2 0.740625 0.9609375 0.0484375 0.0484375
2 0.384375 0.7453125 0.0734375 0.07421875
2 0.20703125 0.07578125 0.0609375 0.06171875
2 0.109375 0.153125 0.0609375 0.06171875
2 0.1078125 0.2546875 0.0734375 0.07421875
2 0.10625 0.89296875 0.0484375 0.05
2 0.196875 0.84140625 0.06171875 0.06171875
2 0.103125 0.7953125 0.0375 0.0375
2 0.1921875 0.95625 0.0484375 0.05
2 0.20546875 0.7390625 0.0359375 0.0375
2 0.50546875 0.52265625 0.06171875 0.06171875
2 0.659375 0.396875 0.06171875 0.06171875
2 0.58515625 0.20390625 0.0609375 0.06171875
2 0.38984375 0.5296875 0.0484375 0.0484375
2 0.49296875 0.3296875 0.0484375 0.05
2 0.6765625 0.30234375 0.0609375 0.06171875
2 0.9515625 0.05 0.06171875 0.06171875
2 0.8453125 0.5609375 0.06171875 0.06171875
2 0.3953125 0.2 0.06171875 0.06171875
2 0.49140625 0.2140625 0.0484375 0.05
2 0.94765625 0.17734375 0.06171875 0.06171875
2 0.94453125 0.26953125 0.0484375 0.0484375
2 0.315625 0.13828125 0.0484375 0.05
2 0.8515625 0.1296875 0.0375 0.0375
2 0.853125 0.234375 0.0375 0.0375
2 0.85 0.33203125 0.0375 0.0375
2 0.67734375 0.0921875 0.0359375 0.0375
2 0.6765625 0.175 0.0484375 0.0484375
2 0.7703125 0.06796875 0.0609375 0.06171875
2 0.58203125 0.08515625 0.0375 0.0375
2 0.484375 0.1359375 0.0484375 0.0484375
2 0.4875 0.03125 0.0375 0.0375
2 0.38984375 0.0828125 0.0484375 0.05
2 0.31640625 0.2296875 0.0484375 0.05
1 0.31171875 0.03828125 0.06171875 0.06171875
2 0.11171875 0.35078125 0.02421875 0.025
2 0.2125 0.2953125 0.0484375 0.0484375
2 0.20703125 0.17734375 0.0484375 0.05
2 0.390625 0.3015625 0.0484375 0.05
2 0.584375 0.3015625 0.0484375 0.05
2 0.75859375 0.3828125 0.0359375 0.0375
2 0.75390625 0.5109375 0.0484375 0.05
2 0.8390625 0.78046875 0.0359375 0.0359375
2 0.93828125 0.596875 0.0375 0.0375
2 0.66796875 0.509375 0.0484375 0.05
2 0.7390625 0.84296875 0.0375 0.0375
2 0.5875 0.48671875 0.0484375 0.05
2 0.5828125 0.590625 0.06171875 0.06171875
2 0.5859375 0.67109375 0.0484375 0.0484375
2 0.5875 0.753125 0.0484375 0.0484375
2 0.49609375 0.690625 0.0484375 0.0484375
2 0.50078125 0.59765625 0.0484375 0.0484375
2 0.4984375 0.43046875 0.0484375 0.05
2 0.3859375 0.41484375 0.0484375 0.0484375
2 0.31171875 0.45859375 0.02421875 0.02421875
2 0.3171875 0.58359375 0.02421875 0.02421875
2 0.31875 0.6984375 0.02421875 0.025
2 0.20234375 0.62578125 0.02421875 0.02421875
2 0.20234375 0.3875 0.02421875 0.02421875
2 0.93203125 0.92734375 0.0359375 0.0359375
2 0.4953125 0.98203125 0.02421875 0.02421875
2 0.01484375 0.18984375 0.02421875 0.02421875
2 0.1109375 0.571875 0.02421875 0.02421875