2 0.1375 0.0359375 0.06171875 0.06171875
2 0.77578125 0.29296875 0.08515625 0.0859375
2 0.8609375 0.44375 0.08515625 0.0859375
2 0.94375 0.6109375 0.0734375 0.0734375
1 0.4890625 0.3203125 0.121875 0.1234375
1 0.48125 0.42578125 0.121875 0.1234375
1 0.4859375 0.55078125 0.121875 0.1234375
1 0.4859375 0.66015625 0.121875 0.1234375
1 0.4796875 0.7671875 0.121875 0.1234375
1 0.4703125 0.8625 0.121875 0.121875
1 0.3859375 0.928125 0.121875 0.1234375
1 0.38203125 0.8265625 0.121875 0.1234375
1 0.3859375 0.6984375 0.121875 0.121875
1 0.3890625 0.5984375 0.121875 0.1234375
1 0.39375 0.49296875 0.121875 0.1234375
1 0.38828125 0.41484375 0.121875 0.1234375
1 0.29375 0.3171875 0.11015625 0.1109375
1 0.29453125 0.434375 0.121875 0.1234375
1 0.30546875 0.5421875 0.121875 0.121875
1 0.29375 0.6578125 0.121875 0.1234375
1 0.28984375 0.7609375 0.121875 0.1234375
1 0.28671875 0.87578125 0.11015625 0.11015625
1 0.2 0.9078125 0.08515625 0.0859375
1 0.196875 0.80625 0.0859375 0.0859375
1 0.2078125 0.7078125 0.08515625 0.0859375
1 0.2078125 0.59296875 0.0859375 0.0859375
1 0.2140625 0.47265625 0.08515625 0.0859375
1 0.21328125 0.37578125 0.08515625 0.0859375
1 0.1109375 0.4234375 0.09765625 0.09765625
1 0.11015625 0.54375 0.08515625 0.0859375
1 0.109375 0.64765625 0.09765625 0.0984375
1 0.1046875 0.75546875 0.09765625 0.0984375
1 0.1015625 0.853125 0.09765625 0.0984375
1 0.571875 0.2828125 0.08515625 0.0859375
1 0.57265625 0.3765625 0.121875 0.121875
1 0.56875 0.4953125 0.121875 0.1234375
1 0.575 0.5984375 0.0859375 0.0859375
1 0.56875 0.715625 0.121875 0.1234375
1 0.565625 0.8203125 0.121875 0.1234375
1 0.5671875 0.9265625 0.121875 0.1234375
1 0.65859375 0.8828125 0.121875 0.1234375
1 0.66171875 0.76015625 0.121875 0.121875
1 0.66640625 0.66015625 0.121875 0.1234375
1 0.66328125 0.546875 0.121875 0.1234375
1 0.67265625 0.43515625 0.08515625 0.08671875
1 0.6671875 0.30859375 0.08515625 0.0859375
1 0.7734375 0.3828125 0.0859375 0.0859375
1 0.778125 0.4953125 0.0859375 0.0859375
1 0.76640625 0.6046875 0.0859375 0.0859375
1 0.7703125 0.71875 0.0859375 0.0859375
1 0.76875 0.83515625 0.08515625 0.0859375
0 0.7640625 0.9328125 0.0609375 0.06171875
1 0.84765625 0.87890625 0.109375 0.1109375
3 0.8546875 0.765625 0.0859375 0.0859375
1 0.859375 0.64375 0.09765625 0.09765625
1 0.85625 0.52265625 0.08515625 0.0859375
1 0.8640625 0.3375 0.08515625 0.0859375
1 0.94765625 0.28203125 0.08515625 0.0859375
1 0.93984375 0.39921875 0.08515625 0.08671875
1 0.94453125 0.50390625 0.08515625 0.0859375
1 0.93828125 0.725 0.0859375 0.0859375
2 0.68359375 0.034375 0.0484375 0.05
2 0.4953125 0.03515625 0.0484375 0.0484375