2 0.95 0.0515625 0.0734375 0.07421875
2 0.94609375 0.49140625 0.06171875 0.06171875
2 0.671875 0.43359375 0.0859375 0.0859375
2 0.35625 0.9171875 0.0734375 0.0734375
2 0.6671875 0.86328125 0.0734375 0.07421875
1 0.9546875 0.1625 0.0859375 0.0859375
1 0.95 0.275 0.09765625 0.09765625
1 0.9484375 0.3875 0.08515625 0.0859375
1 0.85 0.6578125 0.11015625 0.11015625
1 0.85234375 0.54453125 0.109375 0.11015625
1 0.85390625 0.42890625 0.11015625 0.11015625
1 0.86328125 0.31328125 0.09765625 0.0984375
1 0.87109375 0.2140625 0.109375 0.11015625
1 0.86640625 0.1296875 0.109375 0.11015625
1 0.7765625 0.065625 0.11015625 0.11015625
1 0.76796875 0.16484375 0.11015625 0.11015625
1 0.76484375 0.28203125 0.11015625 0.11015625
1 0.75859375 0.38125 0.0859375 0.0859375
1 0.77265625 0.4953125 0.109375 0.1109375
1 0.76953125 0.5890625 0.09765625 0.09765625
1 0.66484375 0.6421875 0.0859375 0.08671875
1 0.6640625 0.54296875 0.0859375 0.0859375
1 0.665625 0.340625 0.11015625 0.11015625
1 0.67265625 0.2125 0.11015625 0.1109375
1 0.6875 0.10234375 0.09765625 0.0984375
1 0.575 0.05625 0.0859375 0.0859375
1 0.58671875 0.1546875 0.09765625 0.09765625
1 0.584375 0.2671875 0.109375 0.11015625
1 0.57890625 0.37421875 0.109375 0.1109375
1 0.5765625 0.4875 0.109375 0.1109375
3 0.57890625 0.6171875 0.08515625 0.0859375
1 0.48515625 0.64453125 0.09765625 0.09765625
1 0.4796875 0.5390625 0.0859375 0.0859375
1 0.4765625 0.43046875 0.09765625 0.0984375
1 0.48046875 0.31953125 0.09765625 0.09765625
1 0.4875 0.21015625 0.109375 0.1109375
1 0.48515625 0.10859375 0.09765625 0.09765625
1 0.35546875 0.16484375 0.09765625 0.0984375
1 0.3640625 0.2765625 0.09765625 0.09765625
1 0.36015625 0.38046875 0.09765625 0.0984375
1 0.3609375 0.4671875 0.09765625 0.0984375
1 0.35859375 0.596875 0.08515625 0.0859375
1 0.26875 0.65 0.0859375 0.0859375
1 0.27421875 0.5296875 0.11015625 0.11015625
1 0.27265625 0.4203125 0.09765625 0.0984375
1 0.26484375 0.31484375 0.09765625 0.0984375
1 0.2671875 0.225 0.109375 0.11015625
1 0.2671875 0.0953125 0.0859375 0.0859375
1 0.18671875 0.1546875 0.109375 0.11015625
1 0.17890625 0.2578125 0.09765625 0.09765625
1 0.1796875 0.36875 0.109375 0.11015625
1 0.17421875 0.45859375 0.11015625 0.11015625
1 0.1703125 0.5734375 0.09765625 0.0984375
1 0.06640625 0.63125 0.09765625 0.0984375
1 0.0734375 0.7359375 0.0859375 0.0859375
1 0.07734375 0.49921875 0.09765625 0.0984375
1 0.07734375 0.39765625 0.09765625 0.0984375
1 0.071875 0.29453125 0.09765625 0.0984375
1 0.08671875 0.19375 0.09765625 0.0984375
1 0.090625 0.07421875 0.09765625 0.09765625
1 0.17578125 0.6921875 0.09765625 0.09765625
1 0.27109375 0.75625 0.08515625 0.0859375
2 0.471875 0.76171875 0.0484375 0.0484375
1 0.0625 0.8578125 0.09765625 0.09765625
1 0.165625 0.915625 0.109375 0.1109375
1 0.17109375 0.82109375 0.09765625 0.0984375
1 0.26640625 0.85234375 0.09765625 0.09765625
1 0.3625 0.7015625 0.08515625 0.08671875
1 0.35625 0.80390625 0.0734375 0.0734375
1 0.48671875 0.86953125 0.0734375 0.0734375
3 0.57734375 0.7 0.0859375 0.0859375
1 0.5671875 0.82109375 0.0734375 0.07421875
1 0.5734375 0.9265625 0.09765625 0.09765625
3 0.665625 0.76171875 0.0734375 0.07421875
1 0.759375 0.721875 0.08515625 0.0859375
1 0.76328125 0.82421875 0.121875 0.1234375
1 0.7625 0.90703125 0.121875 0.1234375
1 0.84453125 0.7703125 0.109375 0.11015625
1 0.8484375 0.88984375 0.121875 0.1234375
1 0.94609375 0.9484375 0.09765625 0.09765625
1 0.94375 0.8234375 0.0734375 0.07421875
1 0.9421875 0.7140625 0.109375 0.1109375