1 0.78828125 0.10078125 0.0734375 0.07421875
1 0.60703125 0.0875 0.11015625 0.11015625
1 0.421875 0.11015625 0.109375 0.11015625
1 0.225 0.1125 0.121875 0.1234375
1 0.11484375 0.2875 0.121875 0.1234375
1 0.11796875 0.1671875 0.121875 0.1234375
1 0.11875 0.3859375 0.109375 0.11015625
1 0.11953125 0.5015625 0.121875 0.1234375
1 0.12734375 0.59296875 0.11015625 0.1109375
1 0.221875 0.23359375 0.121875 0.121875
1 0.221875 0.3265625 0.121875 0.1234375
1 0.22109375 0.43125 0.121875 0.1234375
1 0.209375 0.53828125 0.109375 0.11015625
1 0.2171875 0.634375 0.121875 0.1234375
1 0.39921875 0.21875 0.121875 0.1234375
1 0.40390625 0.3265625 0.121875 0.121875
1 0.309375 0.38203125 0.11015625 0.11015625
1 0.31015625 0.27109375 0.11015625 0.11015625
1 0.32265625 0.15859375 0.11015625 0.11015625
1 0.39296875 0.4421875 0.121875 0.121875
1 0.3140625 0.52265625 0.121875 0.1234375
1 0.31796875 0.62421875 0.121875 0.1234375
1 0.4125 0.52421875 0.11015625 0.11015625
1 0.50078125 0.4875 0.109375 0.11015625
1 0.5078125 0.365625 0.109375 0.11015625
1 0.5 0.26484375 0.109375 0.11015625
1 0.5046875 0.1578125 0.109375 0.11015625
1 0.60390625 0.20390625 0.121875 0.1234375
1 0.6 0.31640625 0.121875 0.1234375
1 0.60234375 0.42109375 0.109375 0.11015625
1 0.609375 0.5171875 0.109375 0.11015625
3 0.59140625 0.6515625 0.121875 0.121875
1 0.6890625 0.60234375 0.109375 0.11015625
1 0.69296875 0.48203125 0.11015625 0.11015625
1 0.68984375 0.38046875 0.11015625 0.11015625
1 0.696875 0.2625 0.11015625 0.1109375
1 0.69375 0.1578125 0.11015625 0.1109375
1 0.7859375 0.2046875 0.109375 0.1109375
1 0.78828125 0.31640625 0.109375 0.1109375
1 0.78125 0.425 0.09765625 0.09765625
1 0.78828125 0.53984375 0.09765625 0.0984375
1 0.78671875 0.6578125 0.11015625 0.11015625
1 0.8796875 0.70625 0.09765625 0.0984375
1 0.8859375 0.60546875 0.09765625 0.09765625
1 0.87421875 0.49140625 0.109375 0.1109375
1 0.8890625 0.37109375 0.121875 0.1234375
1 0.88828125 0.25625 0.0734375 0.07421875
1 0.8796875 0.16171875 0.09765625 0.0984375
1 0.8734375 0.81484375 0.09765625 0.0984375
1 0.8765625 0.91953125 0.09765625 0.0984375
1 0.7828125 0.75859375 0.09765625 0.0984375
1 0.7765625 0.8640625 0.11015625 0.11015625
1 0.68828125 0.70234375 0.09765625 0.0984375
1 0.6875 0.81328125 0.109375 0.11015625
1 0.68828125 0.9203125 0.109375 0.11015625
3 0.596875 0.7515625 0.09765625 0.0984375
1 0.59921875 0.86015625 0.11015625 0.11015625
1 0.50859375 0.7140625 0.09765625 0.0984375
1 0.496875 0.81015625 0.09765625 0.0984375
1 0.49296875 0.928125 0.09765625 0.0984375
1 0.403125 0.77421875 0.121875 0.1234375
1 0.4015625 0.86171875 0.09765625 0.0984375
1 0.29921875 0.8265625 0.121875 0.1234375
1 0.2140625 0.85859375 0.11015625 0.1109375
1 0.1203125 0.909375 0.121875 0.1234375