2 0.13671875 0.05625 0.0609375 0.06171875
2 0.603125 0.20625 0.06171875 0.06171875
2 0.59609375 0.61640625 0.0734375 0.07421875
2 0.328125 0.29375 0.0484375 0.05
2 0.428125 0.10546875 0.0484375 0.0484375
2 0.115625 0.2328125 0.0734375 0.0734375
2 0.13671875 0.1265625 0.0484375 0.05
2 0.43125 0.22421875 0.06171875 0.06171875
2 0.23828125 0.1234375 0.0609375 0.06171875
2 0.52578125 0.465625 0.06171875 0.06171875
2 0.32890625 0.18046875 0.06171875 0.06171875
2 0.22890625 0.215625 0.0734375 0.0734375
2 0.96796875 0.32109375 0.06171875 0.06171875
2 0.68984375 0.475 0.08515625 0.0859375
1 0.88359375 0.90390625 0.11015625 0.11015625
1 0.8859375 0.78046875 0.121875 0.1234375
1 0.884375 0.6765625 0.109375 0.11015625
1 0.8859375 0.58125 0.09765625 0.0984375
1 0.88359375 0.4734375 0.09765625 0.0984375
1 0.7875 0.5265625 0.121875 0.1234375
1 0.79140625 0.61796875 0.121875 0.121875
1 0.78671875 0.721875 0.11015625 0.11015625
1 0.77578125 0.83515625 0.11015625 0.1109375
1 0.6921875 0.8984375 0.08515625 0.0859375
1 0.690625 0.775 0.08515625 0.0859375
1 0.6890625 0.6734375 0.0859375 0.0859375
1 0.70234375 0.5734375 0.11015625 0.11015625
1 0.60078125 0.5203125 0.0859375 0.08671875
1 0.6015625 0.7265625 0.0859375 0.0859375
1 0.596875 0.83984375 0.09765625 0.09765625
1 0.5953125 0.95234375 0.08515625 0.0859375
1 0.509375 0.87734375 0.09765625 0.0984375
1 0.5171875 0.77890625 0.109375 0.11015625
1 0.5125 0.69375 0.109375 0.11015625
1 0.51796875 0.56953125 0.11015625 0.1109375
1 0.4265625 0.521875 0.121875 0.1234375
1 0.4234375 0.63046875 0.11015625 0.11015625
1 0.41484375 0.72890625 0.11015625 0.11015625
1 0.41171875 0.84609375 0.11015625 0.11015625
1 0.40546875 0.9453125 0.0859375 0.0859375
1 0.31171875 0.9046875 0.11015625 0.11015625
1 0.31875 0.77734375 0.11015625 0.1109375
1 0.334375 0.66640625 0.09765625 0.0984375
1 0.32890625 0.56640625 0.09765625 0.09765625
1 0.2203125 0.5140625 0.09765625 0.0984375
1 0.221875 0.62109375 0.0859375 0.0859375
1 0.23359375 0.71875 0.09765625 0.09765625
1 0.23046875 0.83125 0.109375 0.11015625
1 0.22578125 0.93828125 0.109375 0.1109375
1 0.1265625 0.88359375 0.09765625 0.09765625
1 0.13359375 0.77421875 0.109375 0.1109375
1 0.13203125 0.67265625 0.09765625 0.09765625
1 0.14296875 0.57734375 0.08515625 0.0859375
1 0.13125 0.49609375 0.08515625 0.0859375
1 0.89140625 0.19609375 0.109375 0.11015625
1 0.8875 0.29296875 0.0859375 0.0859375
1 0.79296875 0.121875 0.109375 0.11015625
1 0.80234375 0.21953125 0.11015625 0.11015625
1 0.696875 0.1765625 0.08515625 0.0859375
1 0.6984375 0.284375 0.0734375 0.07421875
1 0.60859375 0.11015625 0.0734375 0.07421875
1 0.61171875 0.28828125 0.0734375 0.07421875
1 0.515625 0.125 0.0859375 0.0859375
1 0.51875 0.24375 0.09765625 0.0984375
2 0.33671875 0.0734375 0.0359375 0.0375
2 0.2234375 0.30234375 0.0484375 0.05
2 0.0265625 0.1125 0.0484375 0.05
2 0.03046875 0.22578125 0.0484375 0.0484375