2 0.47421875 0.45234375 0.0734375 0.07421875
2 0.84375 0.4328125 0.0484375 0.05
2 0.7578125 0.44609375 0.0609375 0.06171875
2 0.4046875 0.93125 0.0484375 0.0484375
2 0.40703125 0.73046875 0.0484375 0.0484375
2 0.403125 0.8375 0.0484375 0.0484375
2 0.67265625 0.89609375 0.0609375 0.06171875
2 0.75859375 0.65390625 0.0609375 0.06171875
2 0.84375 0.55703125 0.0609375 0.06171875
2 0.76171875 0.540625 0.0609375 0.06171875
2 0.403125 0.61484375 0.06171875 0.06171875
2 0.5890625 0.7140625 0.0484375 0.0484375
2 0.47734375 0.7796875 0.0375 0.0375
2 0.5875 0.6203125 0.0484375 0.0484375
2 0.765625 0.7484375 0.0484375 0.0484375
2 0.678125 0.78515625 0.0609375 0.0609375
2 0.93203125 0.49921875 0.06171875 0.06171875
2 0.478125 0.66484375 0.0734375 0.07421875
2 0.68125 0.70859375 0.06171875 0.06171875
2 0.834375 0.7796875 0.0484375 0.0484375
2 0.46875 0.8921875 0.0484375 0.0484375
2 0.478125 0.56328125 0.0734375 0.07421875
2 0.2015625 0.0734375 0.0734375 0.07421875
2 0.2 0.71171875 0.0484375 0.05
2 0.290625 0.659375 0.06171875 0.06171875
2 0.0890625 0.7546875 0.0609375 0.06171875
2 0.19453125 0.91015625 0.0484375 0.0484375
2 0.28828125 0.89296875 0.0609375 0.06171875
2 0.196875 0.81015625 0.0484375 0.05
2 0.09296875 0.67421875 0.0609375 0.06171875
2 0.196875 0.61328125 0.0375 0.0375
2 0.2859375 0.775 0.0484375 0.05
2 0.09296875 0.55234375 0.0484375 0.05
2 0.29921875 0.5578125 0.0359375 0.0375
2 0.59921875 0.34140625 0.06171875 0.06171875
2 0.753125 0.215625 0.06171875 0.06171875
2 0.48359375 0.34765625 0.0484375 0.0484375
2 0.58671875 0.14765625 0.0484375 0.05
2 0.7703125 0.1203125 0.0609375 0.06171875
2 0.9390625 0.3796875 0.06171875 0.06171875
2 0.58515625 0.0328125 0.0484375 0.05
2 0.93359375 0.95078125 0.0375 0.0359375
2 0.7578125 0.94375 0.0375 0.0375
2 0.59296875 0.934375 0.0484375 0.0484375
2 0.946875 0.053125 0.0375 0.0375
2 0.94375 0.15 0.0375 0.0375
2 0.41015625 0.0484375 0.0484375 0.05
2 0.20546875 0.16875 0.02421875 0.025
2 0.30625 0.11328125 0.0484375 0.0484375
2 0.484375 0.11953125 0.0484375 0.05
2 0.678125 0.11953125 0.0484375 0.05
2 0.85234375 0.2015625 0.0359375 0.0375
2 0.84765625 0.3296875 0.0484375 0.05
2 0.9328125 0.59921875 0.0359375 0.0359375
2 0.76171875 0.32734375 0.0484375 0.05
2 0.8328125 0.6609375 0.0375 0.0375
2 0.68125 0.30546875 0.0484375 0.05
2 0.6765625 0.40859375 0.06171875 0.06171875
2 0.6796875 0.4890625 0.0484375 0.0484375
2 0.68125 0.57109375 0.0484375 0.0484375
2 0.58984375 0.50859375 0.0484375 0.0484375
2 0.59453125 0.415625 0.0484375 0.0484375
2 0.5921875 0.2484375 0.0484375 0.05
2 0.4796875 0.23359375 0.0484375 0.0484375
2 0.40546875 0.2765625 0.02421875 0.02421875
2 0.4109375 0.4015625 0.02421875 0.02421875
2 0.4125 0.51640625 0.02421875 0.025
2 0.29609375 0.44375 0.02421875 0.02421875
2 0.29609375 0.20546875 0.02421875 0.02421875
2 0.92890625 0.83984375 0.0375 0.0375
2 0.7609375 0.85 0.0484375 0.0484375
2 0.83671875 0.88125 0.0375 0.0375
2 0.5890625 0.8 0.02421875 0.02421875
2 0.10078125 0.11875 0.0484375 0.0484375
2 0.103125 0.23046875 0.0484375 0.0484375
2 0.2046875 0.38984375 0.02421875 0.02421875
2 0.08828125 0.47734375 0.0359375 0.0375