1 0.8578125 0.2671875 0.121875 0.1234375
1 0.86328125 0.1515625 0.09765625 0.09765625
1 0.76796875 0.10625 0.121875 0.1234375
1 0.76640625 0.2234375 0.121875 0.1234375
1 0.75625 0.3359375 0.121875 0.1234375
3 0.6703125 0.16484375 0.109375 0.11015625
1 0.66875 0.278125 0.109375 0.11015625
1 0.578125 0.3296875 0.109375 0.11015625
1 0.578125 0.20859375 0.109375 0.11015625
1 0.58515625 0.10859375 0.109375 0.11015625
1 0.47578125 0.16875 0.11015625 0.11015625
1 0.4703125 0.271875 0.11015625 0.11015625
1 0.384375 0.33125 0.11015625 0.11015625
1 0.37421875 0.21796875 0.11015625 0.11015625
1 0.384375 0.1046875 0.11015625 0.11015625
1 0.29765625 0.05 0.09765625 0.0984375
1 0.28984375 0.16953125 0.0734375 0.0734375
1 0.28984375 0.27578125 0.09765625 0.0984375
1 0.19609375 0.33671875 0.09765625 0.09765625
2 0.11640625 0.284375 0.0359375 0.0375
1 0.19921875 0.09453125 0.0859375 0.0859375
1 0.196875 0.21953125 0.0859375 0.0859375
1 0.6765625 0.384375 0.109375 0.11015625
1 0.4796875 0.38046875 0.11015625 0.11015625
1 0.38203125 0.44453125 0.109375 0.11015625
1 0.278125 0.39375 0.121875 0.1234375
1 0.18984375 0.45625 0.0734375 0.07421875
1 0.28515625 0.49453125 0.109375 0.11015625
1 0.58515625 0.4484375 0.11015625 0.11015625
1 0.284375 0.59375 0.08515625 0.0859375
1 0.27109375 0.70625 0.121875 0.1234375
1 0.2796875 0.8296875 0.09765625 0.0984375
1 0.378125 0.54921875 0.109375 0.11015625
1 0.3796875 0.66171875 0.09765625 0.0984375
1 0.3796875 0.7765625 0.109375 0.11015625
1 0.3734375 0.878125 0.11015625 0.11015625
1 0.475 0.49296875 0.11015625 0.11015625
1 0.475 0.603125 0.11015625 0.11015625
1 0.478125 0.7203125 0.121875 0.121875
1 0.47578125 0.8296875 0.09765625 0.0984375
1 0.57109375 0.5421875 0.11015625 0.11015625
1 0.56328125 0.66171875 0.09765625 0.0984375
1 0.565625 0.77578125 0.09765625 0.0984375
1 0.56328125 0.8859375 0.09765625 0.0984375
1 0.6625 0.4953125 0.109375 0.1109375
1 0.6640625 0.6046875 0.109375 0.11015625
1 0.67109375 0.71953125 0.121875 0.1234375
1 0.68203125 0.82578125 0.11015625 0.11015625
1 0.771875 0.44140625 0.121875 0.1234375
1 0.7703125 0.5328125 0.121875 0.1234375
1 0.76484375 0.66484375 0.121875 0.1234375
1 0.76484375 0.77734375 0.121875 0.1234375
1 0.86015625 0.38203125 0.121875 0.1234375
1 0.8640625 0.478125 0.121875 0.1234375
1 0.86015625 0.596875 0.121875 0.1234375
1 0.85 0.70703125 0.121875 0.1234375
1 0.85625 0.82578125 0.109375 0.11015625
1 0.94375 0.7609375 0.11015625 0.1109375
2 0.85078125 0.9296875 0.0484375 0.0484375
2 0.67109375 0.94453125 0.0484375 0.0484375
2 0.771875 0.8765625 0.0484375 0.0484375
2 0.284375 0.93046875 0.0375 0.0359375
2 0.18203125 0.9109375 0.0359375 0.0375
2 0.10234375 0.93671875 0.0375 0.0375
2 0.103125 0.8203125 0.0375 0.0375