2 0.3171875 0.54375 0.0609375 0.06171875
2 0.21953125 0.6203125 0.0609375 0.06171875
2 0.21796875 0.72265625 0.0734375 0.07421875
2 0.1234375 0.5453125 0.0484375 0.0484375
2 0.6015625 0.34765625 0.0484375 0.0484375
2 0.503125 0.43671875 0.06171875 0.06171875
2 0.41171875 0.3921875 0.06171875 0.06171875
2 0.7703125 0.86484375 0.06171875 0.06171875
2 0.6953125 0.67109375 0.0609375 0.06171875
2 0.603125 0.79765625 0.0484375 0.05
2 0.7875 0.7703125 0.0609375 0.06171875
2 0.9703125 0.3828125 0.0375 0.0375
2 0.70078125 0.3375 0.0359375 0.0375
2 0.50546875 0.6671875 0.06171875 0.06171875
2 0.78203125 0.3125 0.0375 0.0375
2 0.69375 0.44375 0.0484375 0.0484375
2 0.6015625 0.68203125 0.0484375 0.05
2 0.42578125 0.60625 0.0484375 0.05
2 0.88203125 0.20390625 0.0734375 0.0734375
2 0.88359375 0.1109375 0.0484375 0.05
1 0.7859375 0.2125 0.121875 0.121875
1 0.68671875 0.22421875 0.09765625 0.0984375
1 0.6828125 0.121875 0.11015625 0.11015625
1 0.59453125 0.13359375 0.121875 0.1234375
1 0.59375 0.26796875 0.109375 0.11015625
1 0.5046875 0.10078125 0.121875 0.1234375
1 0.5046875 0.21796875 0.09765625 0.0984375
1 0.409375 0.2859375 0.11015625 0.1109375
1 0.4078125 0.0578125 0.09765625 0.0984375
1 0.4 0.1640625 0.09765625 0.09765625
1 0.315625 0.1046875 0.09765625 0.09765625
1 0.3125 0.21796875 0.109375 0.1109375
1 0.31875 0.31328125 0.0859375 0.0859375
1 0.225 0.13984375 0.109375 0.1109375
1 0.22109375 0.26171875 0.121875 0.1234375
1 0.22890625 0.3703125 0.121875 0.1234375
1 0.12890625 0.09296875 0.09765625 0.09765625
1 0.1234375 0.2203125 0.09765625 0.0984375
1 0.12578125 0.32265625 0.11015625 0.11015625
2 0.96171875 0.15 0.0359375 0.0359375
2 0.965625 0.25703125 0.0359375 0.0359375
2 0.9640625 0.48125 0.0375 0.0375
2 0.96171875 0.59765625 0.0375 0.0375
2 0.9640625 0.70234375 0.0375 0.0375
2 0.96015625 0.8 0.0375 0.0375
2 0.884375 0.42265625 0.0484375 0.0484375
2 0.77578125 0.43359375 0.0359375 0.0375
2 0.7875 0.559375 0.0359375 0.0375
2 0.7875 0.6421875 0.0484375 0.0484375
2 0.88125 0.5359375 0.0609375 0.06171875
2 0.6921875 0.553125 0.0375 0.0375
2 0.59453125 0.603125 0.0484375 0.0484375
2 0.59765625 0.49921875 0.0375 0.0375
2 0.5046875 0.34296875 0.0484375 0.0484375
2 0.5 0.55 0.0484375 0.05
2 0.4265625 0.69765625 0.0484375 0.05
1 0.42265625 0.50625 0.06171875 0.06171875
2 0.30859375 0.43125 0.0484375 0.05
2 0.2234375 0.49375 0.0609375 0.06171875
2 0.221875 0.81875 0.02421875 0.025
2 0.3234375 0.7625 0.0484375 0.0484375
2 0.3171875 0.6453125 0.0484375 0.05
2 0.50078125 0.76875 0.0484375 0.05
2 0.69453125 0.76875 0.0484375 0.05
2 0.86875 0.85078125 0.0359375 0.0375
2 0.6984375 0.9546875 0.0484375 0.05
2 0.60859375 0.89765625 0.0484375 0.05
2 0.49609375 0.8828125 0.0484375 0.0484375
2 0.42265625 0.9265625 0.02421875 0.02421875
2 0.31328125 0.8546875 0.02421875 0.02421875
2 0.1171875 0.76875 0.0484375 0.0484375
2 0.1203125 0.8796875 0.0484375 0.0484375
2 0.0265625 0.8 0.0484375 0.0484375
3 0.12421875 0.446875 0.0484375 0.0484375
2 0.12578125 0.6578125 0.02421875 0.02421875