2 0.0375 0.4125 0.0734375 0.07421875
2 0.40703125 0.39296875 0.0484375 0.05
2 0.32109375 0.40546875 0.0609375 0.06171875
2 0.68046875 0.8875 0.0734375 0.0734375
2 0.68046875 0.65078125 0.06171875 0.06171875
2 0.58125 0.95390625 0.0609375 0.06171875
2 0.6859375 0.43046875 0.0484375 0.05
2 0.68046875 0.775 0.0609375 0.06171875
1 0.59453125 0.815625 0.0359375 0.0375
2 0.2359375 0.85625 0.0609375 0.06171875
2 0.321875 0.6140625 0.0609375 0.06171875
2 0.40703125 0.5171875 0.0609375 0.06171875
2 0.325 0.50078125 0.0609375 0.06171875
2 0.15234375 0.6734375 0.0484375 0.0484375
2 0.040625 0.7390625 0.0375 0.0375
2 0.1515625 0.5796875 0.0484375 0.0484375
2 0.32890625 0.7078125 0.0484375 0.0484375
2 0.24140625 0.7453125 0.0609375 0.0609375
2 0.4953125 0.459375 0.06171875 0.06171875
2 0.04140625 0.625 0.0734375 0.07421875
2 0.24453125 0.66875 0.06171875 0.06171875
2 0.03984375 0.95546875 0.0609375 0.06171875
2 0.39765625 0.7390625 0.0484375 0.0484375
2 0.03203125 0.85234375 0.0484375 0.0484375
2 0.23203125 0.94375 0.0734375 0.07421875
2 0.04140625 0.5234375 0.0734375 0.07421875
2 0.6921875 0.103125 0.06171875 0.06171875
2 0.6859375 0.31796875 0.0609375 0.06171875
2 0.6890625 0.20390625 0.0609375 0.06171875
2 0.76484375 0.2828125 0.0484375 0.0484375
2 0.7703125 0.17265625 0.0734375 0.0734375
2 0.878125 0.2171875 0.06171875 0.06171875
2 0.76171875 0.7328125 0.0609375 0.06171875
2 0.86875 0.678125 0.0609375 0.06171875
2 0.8671875 0.7953125 0.0609375 0.06171875
2 0.87109375 0.90390625 0.0609375 0.06171875
2 0.7609375 0.4984375 0.0484375 0.05
2 0.7640625 0.85859375 0.0609375 0.06171875
2 0.1625 0.3015625 0.06171875 0.06171875
2 0.3171875 0.175 0.06171875 0.06171875
2 0.046875 0.3078125 0.0484375 0.0484375
2 0.15 0.1078125 0.0484375 0.05
2 0.334375 0.08046875 0.0609375 0.06171875
2 0.50234375 0.3390625 0.06171875 0.06171875
2 0.6015625 0.04765625 0.0484375 0.0484375
2 0.76484375 0.9609375 0.0359375 0.0375
2 0.496875 0.9109375 0.0375 0.0359375
2 0.32109375 0.903125 0.0375 0.0375
2 0.15625 0.89453125 0.0484375 0.0484375
1 0.77265625 0.05078125 0.08515625 0.0859375
2 0.871875 0.3328125 0.0375 0.0375
2 0.87578125 0.084375 0.02421875 0.02421875
2 0.87421875 0.45234375 0.0375 0.0375
2 0.8734375 0.56953125 0.0375 0.0375
2 0.76171875 0.6375 0.0484375 0.0484375
2 0.684375 0.55390625 0.0359375 0.0375
2 0.765625 0.39453125 0.0484375 0.0484375
2 0.50703125 0.11015625 0.0375 0.0375
2 0.04765625 0.0796875 0.0484375 0.05
2 0.24140625 0.0796875 0.0484375 0.05
2 0.415625 0.1609375 0.0359375 0.0375
2 0.4109375 0.28984375 0.0484375 0.05
2 0.496875 0.559375 0.0359375 0.0359375
2 0.5953125 0.375 0.0375 0.0375
2 0.325 0.2875 0.0484375 0.05
2 0.396875 0.62109375 0.0375 0.0375
2 0.2453125 0.26484375 0.0484375 0.05
2 0.23984375 0.36875 0.06171875 0.06171875
2 0.24296875 0.44921875 0.0484375 0.0484375
2 0.2453125 0.53125 0.0484375 0.0484375
2 0.153125 0.46875 0.0484375 0.0484375
2 0.1578125 0.37578125 0.0484375 0.0484375
2 0.15546875 0.20859375 0.0484375 0.05
2 0.04296875 0.19375 0.0484375 0.0484375
2 0.5890625 0.70546875 0.0359375 0.0359375
2 0.4921875 0.8 0.0375 0.0375
2 0.32421875 0.809375 0.0484375 0.0484375
2 0.4 0.840625 0.0375 0.0375
2 0.153125 0.76015625 0.02421875 0.02421875