1 0.08125 0.2 0.109375 0.11015625
1 0.0875 0.07734375 0.109375 0.11015625
1 0.1828125 0.13359375 0.109375 0.11015625
1 0.1890625 0.22890625 0.109375 0.11015625
3 0.17109375 0.3640625 0.121875 0.121875
1 0.26953125 0.3140625 0.109375 0.11015625
1 0.27265625 0.19375 0.11015625 0.11015625
1 0.2703125 0.0921875 0.11015625 0.11015625
1 0.3609375 0.13671875 0.09765625 0.09765625
1 0.36796875 0.2515625 0.09765625 0.0984375
1 0.36640625 0.36953125 0.11015625 0.11015625
1 0.46015625 0.41875 0.09765625 0.0984375
1 0.465625 0.3171875 0.09765625 0.09765625
1 0.45390625 0.203125 0.109375 0.1109375
1 0.46953125 0.0828125 0.121875 0.1234375
1 0.55 0.1328125 0.09765625 0.09765625
1 0.546875 0.253125 0.109375 0.1109375
1 0.55078125 0.36953125 0.109375 0.11015625
1 0.6578125 0.3109375 0.109375 0.1109375
1 0.6453125 0.20234375 0.11015625 0.11015625
1 0.64765625 0.08515625 0.11015625 0.11015625
1 0.74609375 0.1234375 0.09765625 0.0984375
1 0.74765625 0.26015625 0.11015625 0.11015625
1 0.74453125 0.36796875 0.11015625 0.1109375
1 0.64140625 0.421875 0.11015625 0.1109375
1 0.8390625 0.42109375 0.09765625 0.09765625
1 0.83203125 0.31484375 0.109375 0.11015625
1 0.8375 0.20078125 0.109375 0.11015625
1 0.8390625 0.0890625 0.109375 0.11015625
1 0.934375 0.14140625 0.09765625 0.0984375
1 0.934375 0.25546875 0.109375 0.11015625
1 0.9296875 0.36640625 0.109375 0.11015625
1 0.93046875 0.475 0.109375 0.11015625
1 0.92890625 0.5828125 0.109375 0.11015625
1 0.93046875 0.696875 0.09765625 0.0984375
1 0.92734375 0.8015625 0.11015625 0.1109375
1 0.94140625 0.91328125 0.09765625 0.09765625
1 0.834375 0.53359375 0.11015625 0.11015625
1 0.8390625 0.64375 0.09765625 0.09765625
1 0.8328125 0.75 0.09765625 0.09765625
1 0.834375 0.86640625 0.09765625 0.09765625
1 0.74609375 0.47578125 0.09765625 0.0984375
1 0.75 0.58671875 0.09765625 0.09765625
1 0.75078125 0.69453125 0.09765625 0.09765625
1 0.74296875 0.92421875 0.109375 0.11015625
1 0.740625 0.80703125 0.109375 0.11015625
1 0.640625 0.52734375 0.109375 0.1109375
1 0.6359375 0.6375 0.109375 0.1109375
1 0.640625 0.746875 0.109375 0.11015625
1 0.6390625 0.871875 0.121875 0.1234375
1 0.5515625 0.46796875 0.109375 0.1109375
1 0.5453125 0.58359375 0.109375 0.11015625
1 0.54765625 0.684375 0.11015625 0.11015625
1 0.53984375 0.79453125 0.11015625 0.11015625
1 0.54921875 0.87734375 0.0734375 0.0734375
1 0.453125 0.5265625 0.09765625 0.0984375
1 0.45703125 0.63125 0.09765625 0.0984375
1 0.4546875 0.7453125 0.09765625 0.0984375
1 0.45078125 0.8578125 0.11015625 0.11015625
1 0.36328125 0.4703125 0.09765625 0.0984375
1 0.35703125 0.57578125 0.11015625 0.11015625
1 0.35234375 0.69375 0.109375 0.11015625
1 0.359375 0.809375 0.109375 0.11015625
1 0.26875 0.41484375 0.09765625 0.0984375
1 0.2671875 0.525 0.109375 0.11015625
1 0.26875 0.63203125 0.109375 0.11015625
1 0.26640625 0.7453125 0.109375 0.11015625
3 0.1765625 0.46328125 0.09765625 0.0984375
1 0.17890625 0.571875 0.11015625 0.11015625
1 0.1765625 0.69609375 0.11015625 0.11015625
1 0.1703125 0.80625 0.11015625 0.11015625
1 0.0890625 0.4265625 0.09765625 0.0984375
1 0.07734375 0.521875 0.09765625 0.0984375
1 0.0734375 0.63984375 0.09765625 0.0984375
1 0.071875 0.74140625 0.11015625 0.11015625
1 0.071875 0.8609375 0.109375 0.1109375
1 0.16953125 0.91171875 0.11015625 0.11015625
1 0.2609375 0.85625 0.11015625 0.11015625
1 0.3625 0.91953125 0.109375 0.11015625