2 0.846875 0.31796875 0.06171875 0.06171875
2 0.9390625 0.396875 0.0484375 0.0484375
2 0.94453125 0.278125 0.0484375 0.05
2 0.68671875 0.3 0.0609375 0.06171875
2 0.328125 0.30859375 0.0484375 0.0484375
2 0.40703125 0.37421875 0.0484375 0.0484375
2 0.590625 0.3578125 0.06171875 0.06171875
2 0.41015625 0.24921875 0.0609375 0.06171875
2 0.9484375 0.159375 0.0609375 0.06171875
1 0.96171875 0.021875 0.0359375 0.0375
2 0.33515625 0.09765625 0.0484375 0.0484375
2 0.3296875 0.21328125 0.0609375 0.06171875
2 0.603125 0.06171875 0.0609375 0.06171875
2 0.40703125 0.16171875 0.0609375 0.06171875
2 0.6796875 0.20234375 0.0484375 0.0484375
2 0.39921875 0.05859375 0.0484375 0.0484375
2 0.59921875 0.14921875 0.0734375 0.07421875
2 0.215625 0.3421875 0.0484375 0.05
2 0.21953125 0.2453125 0.0484375 0.05
2 0.1203125 0.184375 0.0484375 0.05
2 0.1265625 0.2828125 0.06171875 0.06171875
2 0.125 0.0765625 0.0484375 0.0484375
2 0.02734375 0.25078125 0.0484375 0.05
2 0.02734375 0.34609375 0.0484375 0.05
2 0.125 0.384375 0.0484375 0.05
2 0.21875 0.059375 0.0609375 0.06171875
2 0.68515625 0.53046875 0.06171875 0.06171875
2 0.58671875 0.4640625 0.06171875 0.06171875
2 0.93828125 0.60078125 0.0734375 0.07421875
2 0.8484375 0.53203125 0.06171875 0.06171875
2 0.69140625 0.434375 0.0609375 0.0609375
2 0.684375 0.62578125 0.06171875 0.06171875
2 0.75625 0.5875 0.0734375 0.07421875
2 0.8453125 0.41875 0.0484375 0.0484375
2 0.75703125 0.46171875 0.0609375 0.0609375
2 0.94453125 0.49140625 0.0609375 0.06171875
1 0.840625 0.90703125 0.11015625 0.1109375
1 0.3734375 0.95234375 0.08515625 0.0859375
2 0.85 0.23828125 0.0359375 0.0375
2 0.8640625 0.11640625 0.0375 0.0359375
2 0.7640625 0.2484375 0.0484375 0.0484375
2 0.7734375 0.36015625 0.0375 0.0375
2 0.68828125 0.109375 0.0375 0.0375
2 0.5984375 0.25703125 0.0484375 0.0484375
2 0.515625 0.3125 0.0484375 0.0484375
2 0.5109375 0.4109375 0.0609375 0.06171875
2 0.5234375 0.10078125 0.0484375 0.0484375
2 0.321875 0.41328125 0.02421875 0.02421875
2 0.21953125 0.15703125 0.0359375 0.0375
2 0.0296875 0.44453125 0.0484375 0.0484375
2 0.7671875 0.046875 0.0375 0.0375
2 0.5265625 0.19609375 0.02421875 0.02421875
2 0.22890625 0.446875 0.02421875 0.02421875