2 0.4234375 0.934375 0.0609375 0.06171875
2 0.42265625 0.7046875 0.0484375 0.0484375
2 0.246875 0.721875 0.0484375 0.0484375
2 0.1375 0.66796875 0.0484375 0.0484375
2 0.2453125 0.83671875 0.0484375 0.05
2 0.046875 0.71015625 0.0484375 0.0484375
2 0.053125 0.8296875 0.06171875 0.06171875
2 0.1328125 0.88125 0.0484375 0.0484375
2 0.32734375 0.8890625 0.0484375 0.05
2 0.41796875 0.49296875 0.0484375 0.05
2 0.246875 0.278125 0.0609375 0.06171875
2 0.04296875 0.38359375 0.0484375 0.05
2 0.2453125 0.50546875 0.0484375 0.05
2 0.13984375 0.334375 0.0734375 0.0734375
2 0.32734375 0.44296875 0.06171875 0.06171875
2 0.04296875 0.26875 0.0609375 0.06171875
2 0.334375 0.225 0.0484375 0.0484375
2 0.13984375 0.55078125 0.0484375 0.0484375
1 0.13359375 0.11953125 0.09765625 0.0984375
1 0.25234375 0.059375 0.11015625 0.11015625
1 0.4265625 0.059375 0.109375 0.11015625
1 0.51796875 0.11015625 0.11015625 0.11015625
1 0.7140625 0.096875 0.121875 0.1234375
1 0.81484375 0.0859375 0.121875 0.1234375
1 0.9 0.2359375 0.121875 0.1234375
1 0.8984375 0.3234375 0.09765625 0.0984375
1 0.896875 0.4359375 0.09765625 0.09765625
1 0.89453125 0.5421875 0.09765625 0.09765625
1 0.8796875 0.6625 0.09765625 0.09765625
1 0.79609375 0.28828125 0.121875 0.1234375
1 0.71171875 0.3203125 0.11015625 0.1109375
1 0.61796875 0.37109375 0.121875 0.1234375
1 0.51484375 0.4359375 0.109375 0.11015625
1 0.60859375 0.47890625 0.09765625 0.0984375
1 0.7046875 0.42890625 0.09765625 0.09765625
1 0.5234375 0.53984375 0.109375 0.11015625
1 0.5203125 0.6578125 0.08515625 0.0859375
1 0.6140625 0.60390625 0.09765625 0.0984375
1 0.7015625 0.54140625 0.11015625 0.11015625
1 0.70078125 0.65546875 0.11015625 0.11015625
1 0.803125 0.5984375 0.121875 0.1234375
1 0.80546875 0.49140625 0.121875 0.1234375
2 0.41796875 0.36796875 0.0484375 0.0484375
1 0.89140625 0.89296875 0.09765625 0.0984375
1 0.89453125 0.77421875 0.109375 0.11015625
1 0.70234375 0.7625 0.121875 0.1234375
1 0.80546875 0.834375 0.09765625 0.0984375
1 0.80703125 0.71171875 0.121875 0.1234375
1 0.809375 0.9375 0.11015625 0.1109375
1 0.703125 0.8828125 0.109375 0.1109375
1 0.61328125 0.9375 0.109375 0.1109375
1 0.609375 0.82421875 0.109375 0.1109375
1 0.6125 0.71015625 0.109375 0.1109375
1 0.521875 0.765625 0.09765625 0.09765625
1 0.509375 0.8890625 0.09765625 0.09765625
2 0.42109375 0.16328125 0.0484375 0.0484375
2 0.4171875 0.271875 0.0484375 0.0484375
2 0.3359375 0.33125 0.0484375 0.05
2 0.25546875 0.371875 0.02421875 0.02421875
2 0.24140625 0.178125 0.0484375 0.0484375
2 0.3421875 0.11015625 0.0484375 0.0484375
1 0.13984375 0.22421875 0.0375 0.0359375
2 0.14140625 0.44375 0.0375 0.0375
2 0.33125 0.55390625 0.0484375 0.0484375
2 0.4171875 0.5953125 0.02421875 0.02421875
2 0.4125 0.82109375 0.0484375 0.0484375
2 0.328125 0.790625 0.0375 0.0375
2 0.3296875 0.66484375 0.0484375 0.0484375
2 0.24453125 0.60859375 0.02421875 0.02421875
2 0.0671875 0.946875 0.0484375 0.05
2 0.0484375 0.60234375 0.02421875 0.02421875
2 0.0484375 0.4890625 0.02421875 0.02421875