2 0.32734375 0.6859375 0.0609375 0.06171875
2 0.40859375 0.7546875 0.08515625 0.0859375
2 0.334375 0.903125 0.0484375 0.0484375
2 0.4078125 0.965625 0.0484375 0.0484375
2 0.33359375 0.79375 0.06171875 0.06171875
2 0.3265625 0.45703125 0.0484375 0.0484375
2 0.15 0.4734375 0.0484375 0.0484375
2 0.040625 0.4203125 0.0484375 0.0484375
2 0.1484375 0.58828125 0.0484375 0.05
2 0.0359375 0.6328125 0.0484375 0.0484375
2 0.23125 0.753125 0.06171875 0.06171875
2 0.23046875 0.64140625 0.0484375 0.05
2 0.32109375 0.24453125 0.0484375 0.05
2 0.1484375 0.25703125 0.0484375 0.05
2 0.04375 0.08671875 0.0734375 0.0734375
2 0.23125 0.19453125 0.06171875 0.06171875
2 0.04296875 0.303125 0.0484375 0.0484375
2 0.50859375 0.9140625 0.0484375 0.0484375
1 0.89375 0.1421875 0.09765625 0.0984375
1 0.8015625 0.07578125 0.09765625 0.0984375
1 0.8 0.1875 0.09765625 0.09765625
1 0.79765625 0.29375 0.09765625 0.09765625
1 0.7828125 0.4140625 0.09765625 0.09765625
1 0.8921875 0.24375 0.11015625 0.11015625
1 0.8921875 0.36328125 0.109375 0.1109375
1 0.61484375 0.071875 0.11015625 0.1109375
1 0.52109375 0.1234375 0.121875 0.1234375
1 0.41796875 0.18828125 0.109375 0.11015625
1 0.51171875 0.23125 0.09765625 0.0984375
1 0.60859375 0.18046875 0.09765625 0.09765625
1 0.4265625 0.29140625 0.109375 0.11015625
1 0.4234375 0.41015625 0.08515625 0.0859375
1 0.5171875 0.35625 0.09765625 0.0984375
1 0.6046875 0.29375 0.11015625 0.11015625
1 0.60390625 0.4078125 0.11015625 0.11015625
1 0.70625 0.35078125 0.121875 0.1234375
1 0.70859375 0.24296875 0.121875 0.1234375
2 0.32109375 0.1203125 0.0484375 0.0484375
1 0.88984375 0.5859375 0.121875 0.1234375
1 0.9 0.4734375 0.109375 0.11015625
1 0.9 0.69375 0.121875 0.1234375
1 0.7953125 0.6453125 0.09765625 0.0984375
1 0.79765625 0.52578125 0.109375 0.11015625
1 0.60625 0.51484375 0.121875 0.1234375
1 0.709375 0.58671875 0.09765625 0.0984375
1 0.71015625 0.4640625 0.121875 0.1234375
1 0.7125 0.6890625 0.11015625 0.1109375
1 0.60625 0.634375 0.109375 0.1109375
1 0.51640625 0.6890625 0.109375 0.1109375
1 0.5125 0.5765625 0.109375 0.1109375
1 0.515625 0.46171875 0.109375 0.1109375
1 0.425 0.5171875 0.09765625 0.09765625
1 0.41328125 0.640625 0.09765625 0.09765625
1 0.50625 0.78125 0.08515625 0.0859375
1 0.60078125 0.74375 0.11015625 0.11015625
1 0.7 0.8078125 0.109375 0.11015625
1 0.7 0.9171875 0.109375 0.11015625
1 0.8015625 0.853125 0.109375 0.11015625
1 0.78828125 0.74375 0.11015625 0.11015625
1 0.88515625 0.7984375 0.121875 0.1234375
1 0.8953125 0.90078125 0.11015625 0.11015625
2 0.2390625 0.08359375 0.0484375 0.05
2 0.15859375 0.1234375 0.02421875 0.02421875
2 0.0453125 0.1953125 0.0375 0.0375
2 0.234375 0.30546875 0.0484375 0.0484375
2 0.32109375 0.346875 0.02421875 0.02421875
2 0.315625 0.5734375 0.0484375 0.0484375
2 0.23125 0.54296875 0.0375 0.0375
2 0.23359375 0.4171875 0.0484375 0.0484375
2 0.14765625 0.3609375 0.02421875 0.02421875
2 0.41875 0.84453125 0.0609375 0.06171875
2 0.03125 0.7328125 0.0484375 0.05
2 0.03359375 0.86015625 0.02421875 0.02421875
2 0.603125 0.85625 0.0484375 0.0484375
2 0.6046875 0.95703125 0.0484375 0.0484375