2 0.3984375 0.0484375 0.0375 0.0375
1 0.86796875 0.1234375 0.11015625 0.1109375
3 0.8609375 0.24140625 0.109375 0.11015625
1 0.86015625 0.3546875 0.109375 0.11015625
1 0.76953125 0.40703125 0.109375 0.11015625
1 0.76953125 0.2859375 0.109375 0.11015625
1 0.7765625 0.1859375 0.109375 0.11015625
1 0.77265625 0.0765625 0.109375 0.1109375
1 0.6703125 0.12265625 0.109375 0.11015625
1 0.6671875 0.2453125 0.11015625 0.11015625
1 0.66171875 0.34921875 0.11015625 0.11015625
1 0.57578125 0.40859375 0.11015625 0.11015625
1 0.565625 0.2953125 0.11015625 0.11015625
1 0.57578125 0.18203125 0.11015625 0.11015625
1 0.58046875 0.0671875 0.11015625 0.11015625
1 0.4890625 0.12734375 0.09765625 0.0984375
1 0.48125 0.246875 0.0734375 0.0734375
1 0.48125 0.353125 0.09765625 0.0984375
1 0.3875 0.4140625 0.09765625 0.09765625
2 0.3078125 0.3609375 0.0359375 0.0375
1 0.390625 0.171875 0.0859375 0.0859375
1 0.3890625 0.296875 0.0859375 0.0859375
1 0.20546875 0.21640625 0.11015625 0.11015625
1 0.1109375 0.1359375 0.121875 0.1234375
1 0.11328125 0.23046875 0.109375 0.1109375
1 0.11640625 0.3515625 0.121875 0.1234375
1 0.115625 0.4453125 0.121875 0.1234375
1 0.86796875 0.46171875 0.109375 0.11015625
1 0.67109375 0.4578125 0.11015625 0.11015625
1 0.5734375 0.521875 0.109375 0.11015625
1 0.46953125 0.4703125 0.121875 0.1234375
1 0.38125 0.5328125 0.0734375 0.07421875
1 0.4765625 0.571875 0.109375 0.11015625
1 0.7765625 0.52578125 0.11015625 0.11015625
1 0.1109375 0.571875 0.121875 0.1234375
1 0.11484375 0.6703125 0.121875 0.1234375
1 0.1109375 0.81171875 0.121875 0.1234375
1 0.109375 0.91171875 0.09765625 0.0984375
1 0.47578125 0.67109375 0.08515625 0.0859375
1 0.4625 0.7828125 0.121875 0.1234375
1 0.4703125 0.90703125 0.09765625 0.0984375
1 0.56953125 0.6265625 0.109375 0.11015625
1 0.57109375 0.7390625 0.09765625 0.0984375
1 0.57109375 0.85390625 0.109375 0.11015625
1 0.66640625 0.56953125 0.11015625 0.11015625
1 0.66640625 0.68046875 0.11015625 0.11015625
1 0.66953125 0.79765625 0.121875 0.121875
1 0.6671875 0.90703125 0.09765625 0.0984375
1 0.7625 0.61953125 0.11015625 0.11015625
1 0.7546875 0.7390625 0.09765625 0.0984375
1 0.75703125 0.853125 0.09765625 0.0984375
1 0.853125 0.571875 0.109375 0.1109375
1 0.85546875 0.68203125 0.109375 0.11015625
1 0.8625 0.796875 0.121875 0.1234375
1 0.8734375 0.903125 0.11015625 0.11015625
2 0.9625 0.95390625 0.0484375 0.0484375
2 0.2953125 0.89765625 0.0375 0.0375