2 0.67578125 0.93828125 0.0609375 0.06171875
2 0.675 0.709375 0.0484375 0.0484375
2 0.49921875 0.72578125 0.0484375 0.0484375
2 0.38984375 0.671875 0.0484375 0.0484375
2 0.096875 0.5953125 0.0484375 0.0484375
2 0.08515625 0.91953125 0.04765625 0.05
2 0.496875 0.840625 0.0484375 0.05
2 0.2984375 0.7140625 0.0484375 0.0484375
2 0.30546875 0.83359375 0.06171875 0.06171875
2 0.384375 0.884375 0.0484375 0.0484375
2 0.09296875 0.7078125 0.0609375 0.06171875
2 0.190625 0.8609375 0.0609375 0.06171875
2 0.57890625 0.89296875 0.0484375 0.05
2 0.19296875 0.77265625 0.06171875 0.0609375
2 0.1984375 0.65390625 0.0609375 0.06171875
2 0.6703125 0.496875 0.0484375 0.05
2 0.0984375 0.39375 0.0484375 0.0484375
2 0.19609375 0.4421875 0.06171875 0.06171875
2 0.49921875 0.28203125 0.0609375 0.06171875
2 0.096875 0.4953125 0.06171875 0.06171875
2 0.10703125 0.290625 0.06171875 0.06171875
2 0.2953125 0.3875 0.0484375 0.05
2 0.496875 0.509375 0.0484375 0.05
2 0.3921875 0.33828125 0.0734375 0.0734375
2 0.5796875 0.446875 0.06171875 0.06171875
2 0.2953125 0.27265625 0.0609375 0.06171875
2 0.1953125 0.334375 0.0609375 0.06171875
2 0.5859375 0.228125 0.0484375 0.0484375
2 0.39140625 0.5546875 0.0484375 0.0484375
1 0.1015625 0.0671875 0.09765625 0.0984375
1 0.19609375 0.115625 0.11015625 0.11015625
1 0.29765625 0.0671875 0.09765625 0.0984375
1 0.3859375 0.1234375 0.09765625 0.0984375
1 0.5046875 0.06328125 0.11015625 0.11015625
1 0.67890625 0.06328125 0.109375 0.11015625
1 0.7703125 0.1140625 0.11015625 0.11015625
1 0.8765625 0.05859375 0.11015625 0.1109375
1 0.86953125 0.375 0.121875 0.1234375
1 0.76640625 0.43984375 0.109375 0.11015625
1 0.86015625 0.4828125 0.09765625 0.0984375
1 0.775 0.54375 0.109375 0.11015625
1 0.771875 0.6625 0.08515625 0.0859375
1 0.86640625 0.6078125 0.09765625 0.0984375
2 0.6703125 0.371875 0.0484375 0.0484375
1 0.29296875 0.1984375 0.09765625 0.0984375
1 0.2015625 0.225 0.08515625 0.0859375
1 0.865625 0.94140625 0.109375 0.1109375
1 0.8609375 0.828125 0.109375 0.1109375
1 0.8640625 0.7140625 0.109375 0.1109375
1 0.7734375 0.76953125 0.09765625 0.09765625
1 0.76171875 0.8921875 0.09765625 0.09765625
2 0.67265625 0.1671875 0.0484375 0.0484375
2 0.66875 0.275 0.0484375 0.0484375
2 0.5875 0.33515625 0.0484375 0.05
2 0.50703125 0.37578125 0.02421875 0.02421875
2 0.49296875 0.18125 0.0484375 0.0484375
2 0.59375 0.1140625 0.0484375 0.0484375
1 0.39140625 0.228125 0.0375 0.0359375
2 0.39375 0.446875 0.0375 0.0375
2 0.5828125 0.5578125 0.0484375 0.0484375
2 0.10625 0.1671875 0.0375 0.0359375
2 0.66953125 0.59921875 0.02421875 0.02421875
2 0.6640625 0.825 0.0484375 0.0484375
2 0.5796875 0.7953125 0.0375 0.0375
2 0.58203125 0.66875 0.0484375 0.0484375
2 0.496875 0.6125 0.02421875 0.02421875
2 0.31953125 0.95078125 0.0484375 0.05
2 0.3 0.60625 0.02421875 0.02421875
2 0.3 0.49296875 0.02421875 0.02421875
2 0.19765625 0.5453125 0.02421875 0.02421875
1 0.0890625 0.82421875 0.0359375 0.0375
2 0.02890625 0.28828125 0.02421875 0.02421875