2 0.596875 0.96875 0.0484375 0.0484375
2 0.69609375 0.959375 0.0359375 0.0375
2 0.77734375 0.93359375 0.0375 0.0375
2 0.87734375 0.825 0.0734375 0.0734375
2 0.95625 0.65 0.06171875 0.06171875
2 0.87890625 0.73203125 0.0484375 0.05
2 0.96640625 0.55390625 0.06171875 0.06171875
1 0.69453125 0.065625 0.121875 0.1234375
1 0.87734375 0.0671875 0.121875 0.1234375
1 0.2171875 0.115625 0.11015625 0.11015625
1 0.121875 0.071875 0.11015625 0.11015625
1 0.128125 0.1671875 0.11015625 0.11015625
1 0.121875 0.2890625 0.121875 0.1234375
1 0.11796875 0.39765625 0.121875 0.1234375
1 0.11640625 0.51484375 0.109375 0.11015625
1 0.2234375 0.44140625 0.121875 0.1234375
1 0.21640625 0.3453125 0.121875 0.1234375
1 0.21875 0.21328125 0.09765625 0.0984375
1 0.30703125 0.075 0.121875 0.121875
1 0.30625 0.18671875 0.121875 0.1234375
1 0.3078125 0.28828125 0.121875 0.1234375
1 0.30390625 0.3921875 0.121875 0.1234375
1 0.3 0.5109375 0.121875 0.1234375
1 0.4 0.46171875 0.121875 0.1234375
1 0.4 0.34765625 0.121875 0.1234375
1 0.40546875 0.2328125 0.121875 0.121875
1 0.40546875 0.1234375 0.121875 0.121875
1 0.50703125 0.17265625 0.121875 0.1234375
1 0.503125 0.2828125 0.121875 0.121875
1 0.503125 0.39375 0.121875 0.1234375
1 0.50234375 0.50703125 0.121875 0.1234375
1 0.59609375 0.47421875 0.121875 0.121875
1 0.60859375 0.35625 0.09765625 0.0984375
1 0.5984375 0.253125 0.121875 0.1234375
1 0.6046875 0.12421875 0.121875 0.1234375
1 0.6921875 0.1859375 0.121875 0.1234375
1 0.6859375 0.2859375 0.121875 0.1234375
1 0.69375 0.40546875 0.121875 0.1234375
1 0.77890625 0.4546875 0.121875 0.1234375
1 0.78671875 0.34375 0.121875 0.1234375
1 0.78203125 0.22578125 0.121875 0.1234375
1 0.78515625 0.1234375 0.09765625 0.09765625
1 0.88125 0.16484375 0.121875 0.1234375
1 0.87734375 0.30625 0.121875 0.1234375
1 0.87578125 0.40703125 0.09765625 0.0984375
1 0.88828125 0.521875 0.121875 0.1234375
1 0.68515625 0.49453125 0.08515625 0.08671875
1 0.88125 0.61953125 0.109375 0.11015625
1 0.7875 0.55625 0.109375 0.11015625
1 0.78671875 0.65859375 0.11015625 0.11015625
1 0.78046875 0.83359375 0.121875 0.121875
1 0.68125 0.8453125 0.09765625 0.0984375
1 0.678125 0.74296875 0.11015625 0.11015625
1 0.6875 0.615625 0.09765625 0.0984375
1 0.5890625 0.61484375 0.09765625 0.0984375
1 0.5890625 0.7546875 0.121875 0.1234375
1 0.5890625 0.8890625 0.109375 0.11015625
1 0.50078125 0.61796875 0.09765625 0.0984375
1 0.49921875 0.721875 0.121875 0.1234375
1 0.5 0.8390625 0.09765625 0.0984375
1 0.4046875 0.90703125 0.11015625 0.1109375
1 0.39140625 0.565625 0.09765625 0.0984375
1 0.403125 0.67890625 0.09765625 0.0984375
1 0.3953125 0.78515625 0.09765625 0.09765625
1 0.3078125 0.6140625 0.09765625 0.0984375
1 0.3109375 0.72578125 0.09765625 0.09765625
1 0.3078125 0.8390625 0.109375 0.1109375
1 0.31328125 0.934375 0.0859375 0.0859375
1 0.23125 0.61875 0.121875 0.1234375
1 0.21953125 0.7609375 0.109375 0.1109375
1 0.21640625 0.8828125 0.121875 0.1234375
1 0.115625 0.60859375 0.09765625 0.09765625
1 0.12421875 0.7140625 0.09765625 0.09765625
1 0.11796875 0.84140625 0.09765625 0.0984375
1 0.1203125 0.94375 0.11015625 0.11015625
2 0.95625 0.77109375 0.0359375 0.0359375
2 0.96015625 0.878125 0.0359375 0.0359375
2 0.5 0.9640625 0.0484375 0.0484375