2 0.07109375 0.7234375 0.0484375 0.0484375
2 0.065625 0.82890625 0.06171875 0.06171875
2 0.07109375 0.6265625 0.06171875 0.06171875
2 0.06953125 0.51328125 0.0609375 0.06171875
2 0.06875 0.94296875 0.06171875 0.06171875
2 0.740625 0.80234375 0.0609375 0.06171875
2 0.821875 0.87109375 0.08515625 0.0859375
2 0.746875 0.909375 0.06171875 0.06171875
2 0.7390625 0.5734375 0.0484375 0.0484375
2 0.56328125 0.58984375 0.0484375 0.0484375
2 0.45390625 0.5359375 0.0484375 0.0484375
2 0.1609375 0.46015625 0.0484375 0.0484375
2 0.15 0.78359375 0.04765625 0.05
2 0.56171875 0.7046875 0.0484375 0.05
2 0.24921875 0.83671875 0.0734375 0.07421875
2 0.36328125 0.578125 0.0484375 0.0484375
2 0.36953125 0.69765625 0.06171875 0.06171875
2 0.44921875 0.74921875 0.0484375 0.0484375
2 0.15703125 0.571875 0.0609375 0.06171875
2 0.64375 0.86953125 0.06171875 0.06171875
2 0.2546875 0.725 0.0609375 0.06171875
2 0.64375 0.75703125 0.0484375 0.05
2 0.25703125 0.63671875 0.06171875 0.0609375
2 0.2625 0.51796875 0.0609375 0.06171875
2 0.06796875 0.4171875 0.0734375 0.07421875
2 0.0703125 0.221875 0.0609375 0.06171875
2 0.07109375 0.315625 0.0484375 0.0484375
2 0.734375 0.3609375 0.0484375 0.05
2 0.16328125 0.2578125 0.0484375 0.0484375
2 0.26015625 0.30625 0.06171875 0.06171875
2 0.56328125 0.14609375 0.0609375 0.06171875
2 0.16171875 0.36015625 0.06171875 0.06171875
2 0.17109375 0.1546875 0.06171875 0.06171875
2 0.359375 0.2515625 0.0484375 0.05
2 0.56171875 0.3734375 0.0484375 0.05
2 0.45625 0.20234375 0.0734375 0.0734375
2 0.64375 0.3109375 0.06171875 0.06171875
2 0.359375 0.1375 0.0609375 0.06171875
2 0.259375 0.1984375 0.0609375 0.06171875
2 0.65 0.09296875 0.0484375 0.0484375
2 0.45625 0.41875 0.0484375 0.0484375
1 0.934375 0.2390625 0.121875 0.1234375
1 0.83125 0.30390625 0.109375 0.11015625
1 0.925 0.346875 0.09765625 0.0984375
1 0.83984375 0.4078125 0.109375 0.11015625
1 0.83671875 0.5265625 0.08515625 0.0859375
1 0.93046875 0.471875 0.09765625 0.0984375
2 0.734375 0.2359375 0.0484375 0.0484375
1 0.3578125 0.06328125 0.09765625 0.0984375
1 0.26640625 0.0890625 0.08515625 0.0859375
1 0.9296875 0.80546875 0.109375 0.1109375
1 0.92578125 0.6921875 0.109375 0.1109375
1 0.92890625 0.578125 0.109375 0.1109375
1 0.8375 0.63359375 0.09765625 0.09765625
1 0.8265625 0.75703125 0.09765625 0.09765625
1 0.91953125 0.89765625 0.08515625 0.0859375
2 0.7375 0.03125 0.0484375 0.0484375
2 0.73359375 0.13984375 0.0484375 0.0484375
2 0.65234375 0.2 0.0484375 0.05
2 0.571875 0.23984375 0.02421875 0.02421875
2 0.5578125 0.04609375 0.0484375 0.0484375
1 0.45625 0.0921875 0.0375 0.0359375
2 0.4578125 0.31171875 0.0375 0.0375
2 0.64765625 0.421875 0.0484375 0.0484375
2 0.17109375 0.03203125 0.0375 0.0359375
2 0.73359375 0.46328125 0.02421875 0.02421875
2 0.728125 0.6890625 0.0484375 0.0484375
2 0.64453125 0.659375 0.0375 0.0375
2 0.646875 0.5328125 0.0484375 0.0484375
2 0.5609375 0.47734375 0.02421875 0.02421875
2 0.38359375 0.81484375 0.0484375 0.05
2 0.36484375 0.4703125 0.02421875 0.02421875
2 0.36484375 0.35703125 0.02421875 0.02421875
2 0.2625 0.409375 0.02421875 0.02421875
1 0.15390625 0.68828125 0.0359375 0.0375
1 0.15 0.890625 0.08515625 0.0859375
2 0.83203125 0.96015625 0.0609375 0.06171875
2 0.44453125 0.84921875 0.0484375 0.05
2 0.446875 0.97578125 0.02421875 0.02421875
2 0.25234375 0.92421875 0.02421875 0.02421875
2 0.09296875 0.153125 0.02421875 0.02421875