2 0.34375 0.44765625 0.0609375 0.06171875
2 0.0671875 0.4359375 0.0484375 0.0484375
2 0.45234375 0.36484375 0.0609375 0.06171875
2 0.1671875 0.36875 0.0484375 0.0484375
2 0.52890625 0.41640625 0.06171875 0.06171875
2 0.175 0.46015625 0.0484375 0.0484375
2 0.64140625 0.39296875 0.06171875 0.06171875
2 0.25625 0.4234375 0.0484375 0.0484375
2 0.06328125 0.3109375 0.0484375 0.0484375
2 0.73359375 0.3859375 0.0484375 0.0484375
2 0.353125 0.26484375 0.0609375 0.06171875
2 0.25859375 0.2140625 0.06171875 0.06171875
2 0.2625 0.31171875 0.06171875 0.06171875
2 0.5453125 0.2203125 0.0484375 0.0484375
2 0.46484375 0.2453125 0.0484375 0.0484375
2 0.64921875 0.215625 0.0484375 0.0484375
2 0.55078125 0.0875 0.0484375 0.0484375
2 0.6453125 0.2984375 0.0484375 0.0484375
2 0.7296875 0.29765625 0.0484375 0.0484375
2 0.24921875 0.63125 0.06171875 0.06171875
2 0.6390625 0.4875 0.06171875 0.06171875
2 0.06328125 0.61484375 0.06171875 0.06171875
2 0.16796875 0.63125 0.0609375 0.0609375
2 0.45390625 0.5765625 0.0609375 0.06171875
2 0.17265625 0.5515625 0.0609375 0.06171875
2 0.34296875 0.53203125 0.06171875 0.06171875
2 0.34140625 0.6359375 0.06171875 0.06171875
2 0.06640625 0.53828125 0.0609375 0.0609375
2 0.628125 0.884375 0.0734375 0.07421875
2 0.4515625 0.4828125 0.0609375 0.06171875
2 0.259375 0.53828125 0.06171875 0.06171875
2 0.3453125 0.83125 0.0734375 0.07421875
2 0.45078125 0.653125 0.06171875 0.06171875
2 0.5375 0.8296875 0.06171875 0.06171875
2 0.54296875 0.9234375 0.0609375 0.06171875
2 0.53828125 0.5203125 0.0609375 0.06171875
2 0.54296875 0.615625 0.0609375 0.06171875
2 0.72421875 0.58125 0.06171875 0.06171875
2 0.7234375 0.47890625 0.0609375 0.06171875
2 0.63984375 0.5671875 0.06171875 0.06171875
2 0.646875 0.64375 0.0484375 0.05
2 0.73046875 0.66484375 0.0484375 0.05
2 0.8 0.63125 0.0484375 0.0484375
2 0.809375 0.528125 0.0484375 0.0484375
2 0.7234375 0.834375 0.0484375 0.0484375
2 0.71953125 0.93828125 0.0484375 0.0484375
1 0.4484375 0.86875 0.08515625 0.0859375
1 0.34609375 0.925 0.08515625 0.0859375
1 0.2625 0.8859375 0.09765625 0.09765625
1 0.16796875 0.815625 0.0859375 0.0859375
1 0.16015625 0.91796875 0.09765625 0.09765625
1 0.05 0.8703125 0.08515625 0.0859375
1 0.17421875 0.190625 0.06171875 0.06171875
1 0.17578125 0.278125 0.0609375 0.06171875
2 0.6515625 0.11875 0.0375 0.0375
2 0.5421875 0.321875 0.0484375 0.0484375
2 0.46796875 0.1296875 0.0375 0.0375
1 0.35 0.3625 0.0609375 0.06171875
2 0.0671875 0.10625 0.0484375 0.05
2 0.0671875 0.2046875 0.0484375 0.0484375
2 0.4625 0.0375 0.0484375 0.05