2 0.49375 0.65546875 0.0734375 0.0734375
2 0.30234375 0.184375 0.06171875 0.06171875
2 0.6921875 0.040625 0.06171875 0.06171875
2 0.115625 0.1671875 0.06171875 0.06171875
2 0.2203125 0.18359375 0.0609375 0.0609375
2 0.50703125 0.1296875 0.0609375 0.06171875
2 0.22578125 0.10390625 0.0609375 0.06171875
2 0.39609375 0.084375 0.06171875 0.06171875
2 0.39375 0.1890625 0.06171875 0.06171875
2 0.58828125 0.71796875 0.0734375 0.0734375
2 0.496875 0.53984375 0.0609375 0.0609375
2 0.11875 0.090625 0.0609375 0.0609375
2 0.68125 0.4375 0.0734375 0.07421875
2 0.50390625 0.0359375 0.0609375 0.06171875
2 0.31171875 0.09140625 0.06171875 0.06171875
2 0.39765625 0.38359375 0.0734375 0.07421875
2 0.503125 0.20546875 0.06171875 0.06171875
2 0.6734375 0.646875 0.0734375 0.0734375
2 0.590625 0.38203125 0.06171875 0.06171875
2 0.5953125 0.47578125 0.0609375 0.06171875
2 0.590625 0.07265625 0.0609375 0.06171875
2 0.5953125 0.16875 0.0609375 0.06171875
2 0.76875 0.7421875 0.0859375 0.0859375
2 0.7765625 0.134375 0.06171875 0.06171875
2 0.7765625 0.03203125 0.0609375 0.06171875
2 0.69296875 0.11953125 0.06171875 0.06171875
2 0.67890625 0.7765625 0.0734375 0.0734375
2 0.69921875 0.196875 0.0484375 0.05
2 0.7828125 0.2171875 0.0484375 0.05
2 0.7703125 0.6140625 0.0734375 0.07421875
2 0.771875 0.83671875 0.08515625 0.0859375
2 0.6765625 0.88359375 0.0734375 0.07421875
2 0.85234375 0.18359375 0.0484375 0.0484375
2 0.86953125 0.7734375 0.0734375 0.07421875
2 0.8625 0.08125 0.0484375 0.0484375
2 0.86796875 0.678125 0.0609375 0.06171875
1 0.7609375 0.93828125 0.09765625 0.09765625
1 0.865625 0.88984375 0.109375 0.11015625
3 0.58671875 0.59921875 0.06171875 0.06171875
1 0.58359375 0.840625 0.08515625 0.0859375
1 0.58515625 0.93046875 0.0859375 0.0859375
1 0.4984375 0.7609375 0.08515625 0.08671875
1 0.49296875 0.8890625 0.0859375 0.0859375
1 0.39140625 0.5984375 0.09765625 0.09765625
1 0.39765625 0.71953125 0.09765625 0.0984375
1 0.3953125 0.8234375 0.11015625 0.11015625
1 0.3890625 0.9265625 0.09765625 0.0984375
1 0.29609375 0.8625 0.08515625 0.0859375
1 0.3046875 0.75859375 0.0859375 0.0859375
1 0.2953125 0.634375 0.08515625 0.0859375
1 0.2125 0.57890625 0.0859375 0.0859375
1 0.20625 0.71171875 0.121875 0.121875
1 0.21015625 0.8140625 0.121875 0.1234375
1 0.20234375 0.9234375 0.121875 0.1234375
1 0.1125 0.86640625 0.121875 0.1234375
1 0.11328125 0.75703125 0.09765625 0.09765625
1 0.1140625 0.6 0.121875 0.1234375
2 0.7765625 0.38671875 0.0484375 0.0484375
2 0.77265625 0.49140625 0.0484375 0.0484375
1 0.68125 0.53203125 0.0734375 0.07421875
1 0.5015625 0.421875 0.08515625 0.0859375
1 0.39921875 0.47734375 0.08515625 0.0859375
1 0.30703125 0.53046875 0.08515625 0.08671875
1 0.315625 0.43828125 0.09765625 0.09765625
1 0.2203125 0.36796875 0.0859375 0.0859375
1 0.2125 0.4703125 0.09765625 0.09765625
1 0.103125 0.42265625 0.08515625 0.0859375
1 0.1046875 0.5203125 0.0859375 0.0859375