2 0.103125 0.515625 0.08515625 0.0859375
2 0.41484375 0.67109375 0.08515625 0.0859375
1 0.86171875 0.8515625 0.121875 0.1234375
1 0.87421875 0.4125 0.121875 0.1234375
1 0.86953125 0.53046875 0.121875 0.1234375
1 0.8703125 0.63984375 0.121875 0.1234375
1 0.87421875 0.7515625 0.121875 0.1234375
1 0.7859375 0.4671875 0.121875 0.1234375
1 0.78046875 0.5890625 0.121875 0.1234375
1 0.77421875 0.6890625 0.121875 0.1234375
1 0.775 0.8 0.121875 0.1234375
1 0.77109375 0.90546875 0.121875 0.1234375
1 0.68046875 0.8421875 0.109375 0.11015625
1 0.68046875 0.74375 0.109375 0.11015625
1 0.68515625 0.63671875 0.121875 0.1234375
1 0.6828125 0.525 0.09765625 0.0984375
1 0.678125 0.40546875 0.08515625 0.0859375
1 0.60078125 0.4609375 0.0859375 0.0859375
1 0.59453125 0.57734375 0.08515625 0.0859375
1 0.5859375 0.6828125 0.09765625 0.09765625
1 0.58125 0.79921875 0.09765625 0.0984375
1 0.5796875 0.90390625 0.09765625 0.0984375
1 0.48359375 0.9515625 0.08515625 0.08671875
1 0.49609375 0.51484375 0.0859375 0.0859375
1 0.49296875 0.625 0.0859375 0.0859375
1 0.48515625 0.7453125 0.0859375 0.0859375
1 0.4125 0.5484375 0.09765625 0.0984375
1 0.4078125 0.4578125 0.09765625 0.0984375
1 0.3 0.47578125 0.0859375 0.0859375
1 0.103125 0.71484375 0.121875 0.1234375
3 0.09921875 0.834375 0.11015625 0.11015625
1 0.196875 0.7859375 0.109375 0.1109375
1 0.196875 0.88671875 0.121875 0.1234375
1 0.28984375 0.940625 0.09765625 0.0984375
1 0.29140625 0.83671875 0.08515625 0.0859375
1 0.28671875 0.734375 0.08515625 0.0859375
0 0.40859375 0.8828125 0.0734375 0.07421875