2 0.70546875 0.065625 0.08515625 0.0859375
2 0.78828125 0.2328125 0.0734375 0.0734375
2 0.50078125 0.721875 0.0734375 0.07421875
1 0.33046875 0.17265625 0.121875 0.1234375
1 0.33046875 0.28203125 0.121875 0.1234375
1 0.325 0.38984375 0.121875 0.1234375
1 0.31484375 0.48515625 0.121875 0.121875
1 0.31875 0.59765625 0.121875 0.1234375
1 0.228125 0.6640625 0.08515625 0.0859375
1 0.23125 0.55 0.121875 0.1234375
1 0.22734375 0.4484375 0.121875 0.1234375
1 0.23125 0.32109375 0.121875 0.121875
1 0.23359375 0.2203125 0.121875 0.1234375
1 0.2390625 0.115625 0.121875 0.1234375
1 0.15 0.16484375 0.121875 0.121875
1 0.13828125 0.28046875 0.121875 0.1234375
1 0.134375 0.3828125 0.121875 0.1234375
1 0.13125 0.49765625 0.11015625 0.11015625
1 0.1359375 0.5984375 0.11015625 0.11015625
1 0.13203125 0.7078125 0.121875 0.1234375
1 0.04453125 0.53046875 0.08515625 0.0859375
1 0.05234375 0.3296875 0.08515625 0.0859375
1 0.053125 0.21484375 0.0859375 0.0859375
1 0.059375 0.09453125 0.08515625 0.0859375
1 0.128125 0.8234375 0.08515625 0.0859375
1 0.23125 0.8734375 0.09765625 0.0984375
1 0.32109375 0.8328125 0.11015625 0.11015625
1 0.3140625 0.92734375 0.11015625 0.11015625
1 0.4140625 0.86875 0.09765625 0.0984375
1 0.515625 0.93671875 0.109375 0.1109375
1 0.41328125 0.1171875 0.121875 0.1234375
1 0.4203125 0.2203125 0.0859375 0.0859375
1 0.41328125 0.3375 0.121875 0.1234375
1 0.4109375 0.4421875 0.121875 0.1234375
1 0.41171875 0.5484375 0.121875 0.1234375
1 0.503125 0.5046875 0.121875 0.1234375
1 0.5109375 0.6140625 0.121875 0.1234375
1 0.50625 0.38203125 0.121875 0.121875
1 0.5109375 0.28203125 0.121875 0.1234375
1 0.50859375 0.16875 0.121875 0.1234375
1 0.5171875 0.05703125 0.08515625 0.08671875
1 0.6234375 0.1171875 0.0859375 0.0859375
1 0.6109375 0.2265625 0.0859375 0.0859375
1 0.615625 0.340625 0.0859375 0.0859375
1 0.6140625 0.45703125 0.08515625 0.0859375
0 0.60859375 0.55546875 0.0609375 0.06171875
1 0.6015625 0.6734375 0.09765625 0.09765625
1 0.6859375 0.590625 0.121875 0.1234375
1 0.6921875 0.50078125 0.109375 0.1109375
3 0.69921875 0.3875 0.0859375 0.0859375
1 0.70390625 0.265625 0.09765625 0.09765625
1 0.70078125 0.14453125 0.08515625 0.0859375
1 0.78984375 0.12578125 0.08515625 0.0859375
2 0.87578125 0.37578125 0.0484375 0.0484375
1 0.7828125 0.346875 0.0859375 0.0859375
1 0.78984375 0.45 0.121875 0.1234375
1 0.78671875 0.56328125 0.121875 0.1234375
1 0.7859375 0.6703125 0.09765625 0.0984375
1 0.8765625 0.61640625 0.09765625 0.0984375
1 0.8796875 0.5046875 0.121875 0.1234375
1 0.8953125 0.07109375 0.09765625 0.0984375
1 0.59375 0.7875 0.09765625 0.09765625
1 0.5984375 0.884375 0.09765625 0.09765625
1 0.69375 0.83515625 0.09765625 0.0984375
1 0.68671875 0.7234375 0.121875 0.1234375
1 0.78515625 0.790625 0.09765625 0.09765625
1 0.78515625 0.88984375 0.09765625 0.0984375
1 0.8703125 0.94609375 0.09765625 0.0984375
1 0.8765625 0.8390625 0.121875 0.121875
1 0.87578125 0.7296875 0.09765625 0.0984375
1 0.88125 0.27265625 0.08515625 0.0859375