2 0.471875 0.37734375 0.0734375 0.0734375
2 0.5671875 0.43984375 0.0734375 0.0734375
2 0.47578125 0.26171875 0.0609375 0.0609375
2 0.659375 0.159375 0.0734375 0.07421875
2 0.3765625 0.10546875 0.0734375 0.07421875
2 0.6515625 0.36875 0.0734375 0.0734375
2 0.56875 0.10390625 0.06171875 0.06171875
2 0.57421875 0.19765625 0.0609375 0.06171875
2 0.746875 0.4640625 0.0859375 0.0859375
2 0.6578125 0.4984375 0.0734375 0.0734375
2 0.7484375 0.3359375 0.0734375 0.07421875
2 0.75078125 0.55859375 0.08515625 0.0859375
2 0.65390625 0.8 0.0734375 0.07421875
2 0.65078125 0.93203125 0.0734375 0.0734375
2 0.64921875 0.69140625 0.0734375 0.07421875
2 0.75703125 0.85390625 0.0734375 0.0734375
2 0.6546875 0.60546875 0.0734375 0.07421875
2 0.8484375 0.4953125 0.0734375 0.07421875
2 0.846875 0.4 0.0609375 0.06171875
1 0.7390625 0.66015625 0.09765625 0.09765625
1 0.74140625 0.7421875 0.08515625 0.0859375
1 0.83671875 0.9109375 0.0859375 0.0859375
1 0.84453125 0.82578125 0.09765625 0.0984375
1 0.84296875 0.715625 0.121875 0.1234375
1 0.84375 0.61171875 0.109375 0.11015625
3 0.56484375 0.32109375 0.06171875 0.06171875
1 0.56171875 0.5625 0.08515625 0.0859375
1 0.56328125 0.65234375 0.0859375 0.0859375
1 0.55390625 0.7515625 0.08515625 0.0859375
1 0.5609375 0.8640625 0.0859375 0.0859375
1 0.47734375 0.4828125 0.08515625 0.08671875
1 0.471875 0.61015625 0.0859375 0.0859375
1 0.46875 0.696875 0.0859375 0.0859375
1 0.4625 0.80546875 0.08515625 0.0859375
1 0.465625 0.9203125 0.0859375 0.0859375
1 0.3703125 0.3203125 0.09765625 0.09765625
1 0.37578125 0.440625 0.09765625 0.0984375
1 0.3734375 0.5453125 0.11015625 0.11015625
1 0.3671875 0.64765625 0.09765625 0.0984375
1 0.365625 0.759375 0.109375 0.1109375
1 0.35859375 0.871875 0.11015625 0.11015625
1 0.265625 0.9203125 0.09765625 0.09765625
1 0.2734375 0.8171875 0.0859375 0.0859375
1 0.2703125 0.69609375 0.08515625 0.0859375
1 0.275 0.584375 0.08515625 0.0859375
1 0.2828125 0.48046875 0.0859375 0.0859375
1 0.27421875 0.35625 0.08515625 0.0859375
1 0.19140625 0.30078125 0.0859375 0.0859375
1 0.18515625 0.4328125 0.121875 0.121875
1 0.1890625 0.5359375 0.121875 0.1234375
1 0.18125 0.6453125 0.121875 0.1234375
1 0.18046875 0.75703125 0.121875 0.1234375
1 0.175 0.87578125 0.11015625 0.11015625
1 0.075 0.91328125 0.121875 0.1234375
1 0.075 0.8 0.121875 0.1234375
1 0.07578125 0.696875 0.121875 0.1234375
1 0.09140625 0.5875 0.121875 0.1234375
1 0.0921875 0.478125 0.09765625 0.09765625
1 0.0921875 0.32109375 0.121875 0.1234375
2 0.7546875 0.10859375 0.0484375 0.0484375
2 0.75078125 0.2125 0.0484375 0.0484375
1 0.659375 0.25390625 0.0734375 0.07421875
1 0.4796875 0.14375 0.08515625 0.0859375
1 0.37734375 0.19921875 0.08515625 0.0859375
1 0.2859375 0.25234375 0.08515625 0.08671875
1 0.29375 0.16015625 0.09765625 0.09765625
1 0.19921875 0.08984375 0.0859375 0.0859375
1 0.19140625 0.1921875 0.09765625 0.09765625
1 0.08125 0.14453125 0.08515625 0.0859375
1 0.0828125 0.2421875 0.0859375 0.0859375
1 0.9328125 0.68125 0.121875 0.121875
1 0.93828125 0.88359375 0.121875 0.1234375