2 0.31328125 0.51171875 0.0484375 0.0484375
2 0.2171875 0.68046875 0.06171875 0.06171875
2 0.31171875 0.61796875 0.06171875 0.06171875
2 0.3125 0.71640625 0.0484375 0.05
2 0.31171875 0.8171875 0.0484375 0.05
2 0.5078125 0.8984375 0.0484375 0.0484375
2 0.60859375 0.9296875 0.0375 0.0375
2 0.425 0.940625 0.0375 0.0375
2 0.803125 0.53203125 0.0484375 0.0484375
2 0.80078125 0.6390625 0.0484375 0.0484375
2 0.79375 0.73515625 0.0375 0.0375
2 0.7953125 0.82421875 0.0375 0.0375
2 0.8875 0.5734375 0.0484375 0.0484375
2 0.88984375 0.68671875 0.0609375 0.06171875
2 0.8796875 0.8078125 0.0375 0.0375
2 0.9546875 0.7046875 0.06171875 0.06171875
2 0.94609375 0.80390625 0.0484375 0.0484375
2 0.4234375 0.57421875 0.0484375 0.0484375
2 0.421875 0.6625 0.0484375 0.0484375
2 0.4265625 0.76640625 0.0359375 0.0359375
2 0.4203125 0.8484375 0.0484375 0.05
2 0.51484375 0.78515625 0.0375 0.0375
2 0.5765625 0.7484375 0.0359375 0.0375
2 0.52421875 0.675 0.0375 0.0375
2 0.53046875 0.553125 0.0375 0.0375
2 0.975 0.37578125 0.0375 0.0359375
2 0.90625 0.10625 0.0484375 0.0484375
2 0.90546875 0.221875 0.02421875 0.02421875
2 0.89921875 0.34921875 0.02421875 0.02421875
2 0.8921875 0.46328125 0.0484375 0.05
2 0.81328125 0.159375 0.0359375 0.0359375
2 0.81328125 0.28984375 0.02421875 0.02421875
2 0.80703125 0.39921875 0.02421875 0.02421875
2 0.7390625 0.0890625 0.0375 0.0359375
2 0.7421875 0.20859375 0.0484375 0.05
2 0.7359375 0.33984375 0.0375 0.0375
2 0.73828125 0.4421875 0.0484375 0.0484375
2 0.7359375 0.571875 0.0359375 0.0375
2 0.64921875 0.13203125 0.0359375 0.0359375
1 0.41484375 0.46171875 0.0484375 0.0484375
2 0.4125 0.05390625 0.0359375 0.0375
2 0.6484375 0.03671875 0.0375 0.0359375
2 0.8171875 0.0390625 0.0359375 0.0375
1 0.0328125 0.03515625 0.0484375 0.0484375
2 0.2375 0.07734375 0.02421875 0.025
2 0.31875 0.07734375 0.0359375 0.0375
2 0.03984375 0.2640625 0.0375 0.0375
2 0.03046875 0.35625 0.0375 0.0359375
2 0.0390625 0.46953125 0.0375 0.0359375
2 0.0359375 0.5515625 0.0375 0.0359375
2 0.034375 0.640625 0.0375 0.0375
2 0.028125 0.71875 0.0375 0.0375
2 0.12890625 0.67109375 0.0484375 0.05
2 0.140625 0.55546875 0.0484375 0.05
2 0.1453125 0.45625 0.0375 0.0359375
2 0.14921875 0.375 0.0375 0.0375
2 0.159375 0.2578125 0.0359375 0.0375
2 0.24296875 0.29375 0.0359375 0.0375
2 0.24765625 0.38359375 0.0359375 0.0375
2 0.2375 0.47734375 0.0359375 0.0375
2 0.22890625 0.57890625 0.0359375 0.0359375
2 0.31328125 0.415625 0.0375 0.0375
2 0.31328125 0.33125 0.0375 0.0375
2 0.3125 0.2578125 0.0375 0.0375
2 0.21953125 0.7875 0.0359375 0.0375
2 0.12578125 0.78125 0.0375 0.0375
2 0.025 0.8125 0.0359375 0.0375
2 0.740625 0.6875 0.0484375 0.0484375