2 0.69921875 0.93203125 0.0609375 0.06171875
2 0.5046875 0.93359375 0.0484375 0.0484375
2 0.88515625 0.82578125 0.06171875 0.06171875
2 0.79375 0.78046875 0.06171875 0.06171875
1 0.13125 0.0578125 0.0859375 0.0859375
1 0.13359375 0.15703125 0.09765625 0.0984375
1 0.1296875 0.27890625 0.09765625 0.0984375
1 0.22421875 0.21796875 0.121875 0.1234375
1 0.22109375 0.11328125 0.121875 0.1234375
1 0.31953125 0.065625 0.121875 0.1234375
1 0.31171875 0.16953125 0.11015625 0.11015625
1 0.31328125 0.28046875 0.121875 0.1234375
1 0.415625 0.21796875 0.109375 0.11015625
1 0.421875 0.109375 0.09765625 0.09765625
1 0.5046875 0.16484375 0.121875 0.1234375
1 0.503125 0.2828125 0.109375 0.11015625
1 0.61015625 0.209375 0.121875 0.1234375
1 0.603125 0.11328125 0.121875 0.1234375
1 0.690625 0.16015625 0.121875 0.1234375
1 0.68671875 0.278125 0.121875 0.1234375
1 0.78671875 0.2296875 0.121875 0.1234375
1 0.78671875 0.115625 0.121875 0.1234375
1 0.88984375 0.1609375 0.121875 0.1234375
1 0.8890625 0.27421875 0.121875 0.1234375
1 0.8875 0.38515625 0.09765625 0.0984375
1 0.8859375 0.4890625 0.121875 0.1234375
1 0.88671875 0.60703125 0.09765625 0.0984375
1 0.79140625 0.675 0.11015625 0.1109375
1 0.778125 0.33359375 0.09765625 0.0984375
1 0.78984375 0.446875 0.09765625 0.0984375
1 0.78203125 0.553125 0.09765625 0.09765625
1 0.69453125 0.38125 0.09765625 0.0984375
1 0.696875 0.49296875 0.09765625 0.09765625
1 0.69453125 0.60625 0.109375 0.1109375
1 0.7 0.70234375 0.0859375 0.0859375
1 0.61796875 0.38671875 0.121875 0.1234375
1 0.60625 0.528125 0.109375 0.1109375
1 0.603125 0.65 0.121875 0.1234375
1 0.6109375 0.75859375 0.121875 0.1234375
1 0.5015625 0.37578125 0.09765625 0.09765625
1 0.5109375 0.48125 0.09765625 0.09765625
1 0.5046875 0.60859375 0.09765625 0.0984375
1 0.50703125 0.71171875 0.11015625 0.11015625
1 0.415625 0.32109375 0.09765625 0.09765625
1 0.41484375 0.45234375 0.11015625 0.11015625
1 0.4109375 0.55625 0.09765625 0.0984375
1 0.40625 0.6625 0.09765625 0.0984375
1 0.4109375 0.7828125 0.0859375 0.08671875
1 0.3140625 0.38515625 0.11015625 0.11015625
1 0.3109375 0.50078125 0.11015625 0.11015625
1 0.3109375 0.60859375 0.121875 0.121875
1 0.3109375 0.725 0.121875 0.121875
1 0.21796875 0.33125 0.109375 0.11015625
1 0.2140625 0.42890625 0.09765625 0.0984375
1 0.225 0.54375 0.09765625 0.0984375
1 0.221875 0.659375 0.09765625 0.0984375
1 0.21875 0.784375 0.09765625 0.0984375
1 0.11875 0.38515625 0.09765625 0.0984375
1 0.12109375 0.4890625 0.09765625 0.0984375
1 0.12578125 0.60703125 0.09765625 0.0984375
1 0.4046875 0.87578125 0.08515625 0.0859375
1 0.3109375 0.9421875 0.0859375 0.0859375
1 0.3171875 0.83203125 0.0859375 0.0859375
1 0.2265625 0.884375 0.09765625 0.0984375
2 0.028125 0.8859375 0.0484375 0.05
2 0.9796875 0.8875 0.0375 0.0375
2 0.88671875 0.73125 0.0484375 0.0484375
2 0.88203125 0.9390625 0.0484375 0.05
1 0.80390625 0.8953125 0.06171875 0.06171875
2 0.690625 0.81953125 0.0484375 0.05
2 0.60546875 0.88203125 0.0609375 0.06171875
3 0.50625 0.8359375 0.0484375 0.0484375
2 0.1140625 0.834375 0.0359375 0.0375
2 0.03359375 0.76875 0.0359375 0.0375
2 0.115625 0.93125 0.0484375 0.0484375
2 0.025 0.4484375 0.0375 0.0375
2 0.1203125 0.71953125 0.0375 0.0375