2 0.3515625 0.93828125 0.0859375 0.0859375
2 0.19609375 0.4671875 0.08515625 0.0859375
1 0.9265625 0.15625 0.11015625 0.1109375
1 0.92734375 0.2734375 0.121875 0.1234375
1 0.93828125 0.38125 0.121875 0.121875
1 0.9265625 0.496875 0.121875 0.1234375
1 0.92265625 0.6 0.121875 0.1234375
1 0.91953125 0.7140625 0.11015625 0.11015625
1 0.92421875 0.81484375 0.11015625 0.11015625
1 0.9203125 0.925 0.121875 0.1234375
1 0.8296875 0.8796875 0.121875 0.1234375
1 0.8328125 0.746875 0.08515625 0.0859375
1 0.8296875 0.6453125 0.0859375 0.0859375
1 0.840625 0.546875 0.08515625 0.0859375
1 0.840625 0.43125 0.0859375 0.0859375
1 0.846875 0.31171875 0.08515625 0.0859375
1 0.84609375 0.21484375 0.08515625 0.0859375
1 0.74375 0.2625 0.09765625 0.09765625
1 0.74296875 0.3828125 0.08515625 0.0859375
1 0.7421875 0.48671875 0.09765625 0.0984375
1 0.7375 0.59453125 0.09765625 0.0984375
1 0.734375 0.6921875 0.09765625 0.0984375
1 0.740625 0.81875 0.121875 0.1234375
1 0.72578125 0.93125 0.121875 0.1234375
1 0.6375 0.86796875 0.121875 0.121875
1 0.6453125 0.75859375 0.121875 0.121875
1 0.64296875 0.64765625 0.121875 0.1234375
1 0.65546875 0.2078125 0.121875 0.1234375
1 0.65078125 0.3265625 0.121875 0.1234375
1 0.6515625 0.4359375 0.121875 0.1234375
1 0.65546875 0.54765625 0.121875 0.1234375
1 0.5671875 0.2625 0.121875 0.1234375
1 0.56171875 0.384375 0.121875 0.1234375
1 0.55546875 0.48515625 0.121875 0.1234375
1 0.55625 0.5953125 0.121875 0.1234375
1 0.55234375 0.7015625 0.121875 0.1234375
1 0.540625 0.8140625 0.11015625 0.11015625
1 0.54140625 0.93359375 0.121875 0.1234375
1 0.45 0.8765625 0.0734375 0.0734375
1 0.4578125 0.74296875 0.109375 0.11015625
1 0.46171875 0.63828125 0.109375 0.11015625
1 0.46171875 0.53984375 0.109375 0.11015625
1 0.46640625 0.4328125 0.121875 0.1234375
1 0.4640625 0.32109375 0.09765625 0.0984375
1 0.459375 0.2015625 0.08515625 0.0859375
1 0.38203125 0.25703125 0.0859375 0.0859375
1 0.37578125 0.3734375 0.08515625 0.0859375
1 0.3671875 0.478125 0.09765625 0.09765625
1 0.3625 0.5953125 0.09765625 0.0984375
1 0.3609375 0.7 0.09765625 0.0984375
1 0.26484375 0.74765625 0.08515625 0.08671875
1 0.27734375 0.3109375 0.0859375 0.0859375
1 0.27421875 0.42109375 0.0859375 0.0859375
1 0.26640625 0.540625 0.0859375 0.0859375
1 0.19375 0.34453125 0.09765625 0.0984375
1 0.1890625 0.253125 0.09765625 0.0984375
1 0.08125 0.271875 0.0859375 0.0859375
1 0.07109375 0.73671875 0.09765625 0.0984375
1 0.07265625 0.6328125 0.08515625 0.0859375
1 0.06796875 0.53046875 0.08515625 0.0859375
1 0.1625 0.91484375 0.121875 0.1234375
1 0.171875 0.81015625 0.09765625 0.0984375
1 0.2609375 0.87734375 0.11015625 0.11015625
0 0.18984375 0.67890625 0.0734375 0.07421875