2 0.0328125 0.51015625 0.0484375 0.05
2 0.03203125 0.6046875 0.0359375 0.0359375
2 0.028125 0.84375 0.0484375 0.0484375
2 0.1125 0.8609375 0.0359375 0.0375
2 0.4875 0.66953125 0.06171875 0.06171875
1 0.32109375 0.10703125 0.09765625 0.0984375
1 0.21875 0.17421875 0.09765625 0.0984375
1 0.2328125 0.05546875 0.0859375 0.0859375
1 0.125 0.1125 0.09765625 0.0984375
1 0.13203125 0.21953125 0.08515625 0.08671875
1 0.03828125 0.175 0.0609375 0.06171875
1 0.4203125 0.17265625 0.09765625 0.0984375
1 0.3171875 0.221875 0.0859375 0.0859375
1 0.41875 0.284375 0.11015625 0.11015625
1 0.5109375 0.22265625 0.08515625 0.0859375
1 0.51484375 0.121875 0.09765625 0.0984375
1 0.61328125 0.059375 0.0859375 0.0859375
1 0.61640625 0.15859375 0.09765625 0.0984375
1 0.6125 0.28046875 0.09765625 0.0984375
1 0.70625 0.21953125 0.121875 0.1234375
1 0.70390625 0.115625 0.121875 0.1234375
1 0.80234375 0.0671875 0.121875 0.1234375
1 0.79453125 0.17109375 0.11015625 0.11015625
1 0.7953125 0.28203125 0.121875 0.1234375
1 0.8984375 0.2203125 0.109375 0.11015625
1 0.9046875 0.1109375 0.09765625 0.09765625
1 0.8984375 0.3234375 0.09765625 0.09765625
1 0.896875 0.4546875 0.11015625 0.11015625
1 0.89375 0.5578125 0.09765625 0.0984375
1 0.8890625 0.66484375 0.09765625 0.0984375
1 0.89375 0.784375 0.0859375 0.08671875
1 0.79609375 0.3875 0.11015625 0.11015625
1 0.79375 0.50234375 0.11015625 0.11015625
1 0.79375 0.6109375 0.121875 0.121875
1 0.79375 0.72734375 0.121875 0.121875
1 0.7 0.33359375 0.109375 0.11015625
1 0.69609375 0.43125 0.09765625 0.0984375
1 0.70703125 0.5453125 0.09765625 0.0984375
1 0.70390625 0.66171875 0.09765625 0.0984375
1 0.7015625 0.78671875 0.09765625 0.0984375
1 0.6015625 0.3875 0.09765625 0.0984375
1 0.603125 0.490625 0.09765625 0.0984375
1 0.60859375 0.60859375 0.09765625 0.0984375
1 0.5125 0.32734375 0.08515625 0.08671875
2 0.40234375 0.384375 0.0484375 0.05
1 0.32109375 0.3421875 0.09765625 0.0984375
1 0.8875 0.878125 0.08515625 0.0859375
1 0.79296875 0.94453125 0.0859375 0.0859375
1 0.8 0.834375 0.0859375 0.0859375
1 0.709375 0.8859375 0.09765625 0.0984375
2 0.5109375 0.88828125 0.0484375 0.05
2 0.59609375 0.8359375 0.0359375 0.0375
2 0.51640625 0.7703125 0.0359375 0.0375
2 0.41328125 0.825 0.0375 0.0375
2 0.315625 0.878125 0.0375 0.0359375
2 0.215625 0.925 0.0359375 0.0359375
2 0.42890625 0.94375 0.0484375 0.05
2 0.59765625 0.93359375 0.0484375 0.0484375
1 0.04765625 0.278125 0.0359375 0.0375
2 0.134375 0.6765625 0.0359375 0.0359375
1 0.115625 0.45625 0.0484375 0.0484375
1 0.128125 0.3359375 0.0484375 0.0484375
1 0.21015625 0.3640625 0.0375 0.0375
2 0.2015625 0.51171875 0.0375 0.0375
2 0.35 0.46875 0.0375 0.0375
2 0.4 0.59453125 0.0359375 0.0375
2 0.5078125 0.45 0.0375 0.0375
2 0.31875 0.6546875 0.0375 0.0375
2 0.4125 0.69609375 0.02421875 0.02421875
2 0.10390625 0.55625 0.0359375 0.0375
2 0.2625 0.771875 0.0359375 0.0359375
2 0.60234375 0.721875 0.0375 0.0375
1 0.2265625 0.2828125 0.09765625 0.09765625