2 0.86875 0.52109375 0.06171875 0.06171875
2 0.9609375 0.6 0.0484375 0.0484375
2 0.965625 0.48125 0.0484375 0.05
2 0.7078125 0.503125 0.0609375 0.06171875
2 0.35 0.51171875 0.0484375 0.0484375
2 0.42890625 0.57734375 0.0484375 0.0484375
2 0.61171875 0.5609375 0.06171875 0.06171875
2 0.43125 0.45234375 0.0609375 0.06171875
2 0.35625 0.30078125 0.0484375 0.0484375
2 0.359375 0.1 0.0484375 0.0484375
2 0.35546875 0.20703125 0.0484375 0.0484375
2 0.3515625 0.41640625 0.0609375 0.06171875
2 0.625 0.26484375 0.0609375 0.06171875
2 0.540625 0.0828125 0.0484375 0.0484375
2 0.4296875 0.1484375 0.0375 0.0375
2 0.71796875 0.1171875 0.0484375 0.0484375
2 0.6296875 0.1546875 0.0609375 0.0609375
2 0.63359375 0.07734375 0.06171875 0.06171875
2 0.42890625 0.36484375 0.0609375 0.06171875
2 0.7859375 0.1484375 0.0484375 0.0484375
2 0.7015625 0.40546875 0.0484375 0.0484375
2 0.42109375 0.26171875 0.0484375 0.0484375
2 0.6203125 0.35234375 0.0734375 0.07421875
2 0.2375 0.5453125 0.0484375 0.05
2 0.24140625 0.4484375 0.0484375 0.05
2 0.14140625 0.3875 0.0484375 0.05
2 0.15234375 0.08046875 0.0484375 0.05
2 0.14765625 0.4859375 0.06171875 0.06171875
2 0.040625 0.1234375 0.0609375 0.06171875
2 0.146875 0.2796875 0.0484375 0.0484375
2 0.03828125 0.37265625 0.0484375 0.05
2 0.0484375 0.45390625 0.0484375 0.05
2 0.0484375 0.54921875 0.0484375 0.05
2 0.146875 0.5875 0.0484375 0.05
2 0.240625 0.2625 0.0609375 0.06171875
2 0.14921875 0.17890625 0.0484375 0.05
2 0.0453125 0.04375 0.0609375 0.06171875
2 0.23828125 0.14375 0.0484375 0.05
2 0.70625 0.73359375 0.06171875 0.06171875
2 0.6078125 0.6671875 0.06171875 0.06171875
2 0.959375 0.80390625 0.0734375 0.07421875
2 0.86953125 0.73515625 0.06171875 0.06171875
2 0.7125 0.6375 0.0609375 0.0609375
2 0.70546875 0.82890625 0.06171875 0.06171875
2 0.778125 0.790625 0.0734375 0.07421875
2 0.8671875 0.621875 0.0484375 0.0484375
2 0.778125 0.66484375 0.0609375 0.0609375
2 0.965625 0.69453125 0.0609375 0.06171875
2 0.871875 0.44140625 0.0359375 0.0375
2 0.8859375 0.31953125 0.0375 0.0359375
2 0.78515625 0.4515625 0.0484375 0.0484375
2 0.7953125 0.56328125 0.0375 0.0375
2 0.71015625 0.3125 0.0375 0.0375
2 0.6203125 0.46015625 0.0484375 0.0484375
2 0.5375 0.515625 0.0484375 0.0484375
2 0.53203125 0.6140625 0.0609375 0.06171875
2 0.5453125 0.30390625 0.0484375 0.0484375
2 0.34296875 0.61640625 0.02421875 0.02421875
2 0.240625 0.36015625 0.0359375 0.0375
2 0.05078125 0.64765625 0.0484375 0.0484375
2 0.78515625 0.03046875 0.0375 0.0375
2 0.978125 0.11484375 0.0359375 0.0359375
2 0.88125 0.209375 0.0375 0.0375
2 0.7125 0.21875 0.0484375 0.0484375
2 0.7890625 0.25 0.0375 0.0375
2 0.54140625 0.16953125 0.02421875 0.02421875
2 0.5484375 0.39921875 0.02421875 0.02421875
2 0.25078125 0.65 0.02421875 0.02421875