2 0.12578125 0.12890625 0.0484375 0.0484375
2 0.11328125 0.87578125 0.0609375 0.06171875
2 0.221875 0.7921875 0.0609375 0.06171875
2 0.2984375 0.84453125 0.06171875 0.06171875
2 0.4109375 0.82109375 0.06171875 0.06171875
2 0.025 0.8515625 0.0484375 0.0484375
2 0.503125 0.81328125 0.0484375 0.0484375
2 0.1234375 0.69296875 0.0609375 0.06171875
2 0.03203125 0.73984375 0.06171875 0.06171875
2 0.12421875 0.23515625 0.06171875 0.06171875
2 0.3140625 0.6484375 0.0484375 0.0484375
2 0.234375 0.67265625 0.0484375 0.0484375
2 0.125 0.33359375 0.0484375 0.05
2 0.12421875 0.434375 0.0484375 0.05
2 0.41875 0.64375 0.0484375 0.0484375
2 0.3203125 0.515625 0.0484375 0.0484375
2 0.41484375 0.7265625 0.0484375 0.0484375
2 0.49921875 0.72578125 0.0484375 0.0484375
2 0.40859375 0.915625 0.06171875 0.06171875
2 0.1125 0.959375 0.06171875 0.06171875
2 0.2203125 0.9109375 0.0609375 0.06171875
2 0.3078125 0.94765625 0.0609375 0.06171875
2 0.49296875 0.90703125 0.0609375 0.06171875
2 0.78984375 0.08671875 0.0484375 0.05
2 0.90234375 0.8796875 0.0484375 0.0484375
2 0.57890625 0.95625 0.0484375 0.0484375
2 0.90546875 0.778125 0.0484375 0.0484375
2 0.81640625 0.8328125 0.0484375 0.0484375
2 0.42109375 0.546875 0.0375 0.0375
2 0.31171875 0.75 0.0484375 0.0484375
2 0.2375 0.5578125 0.0375 0.0375
1 0.11875 0.790625 0.0609375 0.06171875
2 0.615625 0.14921875 0.0484375 0.0484375
2 0.61328125 0.25625 0.0484375 0.0484375
2 0.60625 0.35234375 0.0375 0.0375
2 0.6078125 0.44140625 0.0375 0.0375
2 0.7 0.190625 0.0484375 0.0484375
2 0.70234375 0.30390625 0.0609375 0.06171875
2 0.6921875 0.425 0.0375 0.0375
2 0.7671875 0.321875 0.06171875 0.06171875
2 0.75859375 0.42109375 0.0484375 0.0484375
2 0.90546875 0.25625 0.02421875 0.02421875
2 0.90546875 0.36328125 0.0359375 0.0375
2 0.2359375 0.19140625 0.0484375 0.0484375
2 0.234375 0.2796875 0.0484375 0.0484375
2 0.2390625 0.38359375 0.0359375 0.0359375
2 0.2328125 0.465625 0.0484375 0.05
2 0.32734375 0.40234375 0.0375 0.0375
2 0.3890625 0.365625 0.0359375 0.0375
2 0.33671875 0.2921875 0.0375 0.0375
2 0.34296875 0.1703125 0.0375 0.0375
2 0.91015625 0.14375 0.0375 0.0359375
2 0.91484375 0.02734375 0.0484375 0.0484375
2 0.7046875 0.08046875 0.0484375 0.05
2 0.61953125 0.01640625 0.02421875 0.02421875
2 0.55078125 0.059375 0.0484375 0.0484375
2 0.5484375 0.1890625 0.0359375 0.0375
1 0.22734375 0.07890625 0.0484375 0.0484375
2 0.05 0.09453125 0.0359375 0.0375
2 0.04140625 0.19609375 0.0359375 0.0359375
2 0.12578125 0.0328125 0.0375 0.0375
2 0.03203125 0.4046875 0.0359375 0.0375
2 0.553125 0.3046875 0.0484375 0.0484375