2 0.77265625 0.6640625 0.0484375 0.0484375
2 0.8515625 0.7296875 0.0484375 0.0484375
2 0.8546875 0.6046875 0.0609375 0.06171875
2 0.7796875 0.453125 0.0484375 0.0484375
2 0.78203125 0.2515625 0.0484375 0.0484375
2 0.778125 0.359375 0.0484375 0.0484375
2 0.77421875 0.56875 0.0609375 0.06171875
2 0.778125 0.1359375 0.06171875 0.06171875
2 0.9640625 0.23515625 0.0484375 0.0484375
2 0.85234375 0.30078125 0.0375 0.0375
2 0.9625 0.14140625 0.0484375 0.0484375
2 0.853125 0.18671875 0.0734375 0.07421875
2 0.8515625 0.5171875 0.0609375 0.06171875
2 0.84375 0.4140625 0.0484375 0.0484375
2 0.853125 0.08515625 0.0734375 0.07421875
2 0.66015625 0.69765625 0.0484375 0.05
2 0.6640625 0.60078125 0.0484375 0.05
2 0.5640625 0.53984375 0.0484375 0.05
2 0.575 0.2328125 0.0484375 0.05
2 0.57109375 0.63828125 0.06171875 0.06171875
2 0.665625 0.18125 0.06171875 0.06171875
2 0.4640625 0.27578125 0.0609375 0.06171875
2 0.56953125 0.43125 0.0484375 0.0484375
2 0.4609375 0.525 0.0484375 0.05
2 0.471875 0.60625 0.0484375 0.05
2 0.471875 0.7015625 0.0484375 0.05
2 0.365625 0.740625 0.0484375 0.0484375
2 0.56953125 0.73984375 0.0484375 0.05
2 0.66328125 0.41484375 0.0609375 0.06171875
2 0.571875 0.33125 0.0484375 0.05
2 0.46796875 0.19609375 0.0609375 0.06171875
2 0.571875 0.134375 0.0375 0.0375
2 0.6609375 0.29609375 0.0484375 0.05
2 0.46796875 0.0734375 0.0484375 0.05
2 0.67421875 0.07890625 0.0359375 0.0375
2 0.03203125 0.91875 0.0484375 0.0484375
2 0.0421875 0.81640625 0.0484375 0.0484375
2 0.96015625 0.66796875 0.0484375 0.0484375
2 0.9546875 0.76640625 0.0609375 0.06171875
2 0.96796875 0.45625 0.0484375 0.0484375
2 0.76640625 0.76875 0.02421875 0.02421875
2 0.66328125 0.5125 0.0359375 0.0375
2 0.4734375 0.8 0.0484375 0.0484375
2 0.36796875 0.6390625 0.0484375 0.0484375
2 0.2796875 0.69375 0.0484375 0.0484375
2 0.96484375 0.03046875 0.0484375 0.0484375
2 0.7875 0.03828125 0.02421875 0.025
2 0.9640625 0.321875 0.02421875 0.02421875
2 0.97109375 0.5515625 0.02421875 0.02421875
2 0.0765625 0.11640625 0.0484375 0.0484375
2 0.06953125 0.2125 0.0375 0.0375
2 0.0703125 0.3015625 0.0375 0.0375
2 0.16328125 0.05078125 0.0484375 0.0484375
2 0.16484375 0.16484375 0.0609375 0.06171875
2 0.15546875 0.28515625 0.0375 0.0375
2 0.2296875 0.18203125 0.06171875 0.06171875
2 0.221875 0.28125 0.0484375 0.0484375
2 0.36875 0.11640625 0.02421875 0.02421875
2 0.36875 0.2234375 0.0359375 0.0375
2 0.6734375 0.80234375 0.02421875 0.02421875