2 0.39375 0.96171875 0.0484375 0.05
2 0.68046875 0.45234375 0.0484375 0.0484375
2 0.675 0.55703125 0.06171875 0.06171875
2 0.68046875 0.3546875 0.06171875 0.06171875
2 0.67890625 0.24140625 0.0609375 0.06171875
2 0.678125 0.67109375 0.06171875 0.06171875
2 0.671875 0.8859375 0.0609375 0.06171875
2 0.67578125 0.771875 0.0609375 0.06171875
2 0.75078125 0.8515625 0.0484375 0.0484375
2 0.7703125 0.18828125 0.0484375 0.0484375
2 0.759375 0.5125 0.04765625 0.05
2 0.85859375 0.565625 0.0734375 0.07421875
2 0.97265625 0.30625 0.0484375 0.0484375
2 0.76640625 0.3 0.0609375 0.06171875
2 0.8640625 0.45390625 0.0609375 0.06171875
2 0.75625 0.740625 0.0734375 0.0734375
2 0.86484375 0.7859375 0.06171875 0.06171875
2 0.86640625 0.365625 0.06171875 0.0609375
2 0.871875 0.246875 0.0609375 0.06171875
2 0.14921875 0.86953125 0.06171875 0.06171875
2 0.134375 0.2265625 0.0484375 0.0484375
2 0.03671875 0.315625 0.06171875 0.06171875
2 0.303125 0.74375 0.06171875 0.06171875
2 0.228125 0.55 0.0609375 0.06171875
2 0.0328125 0.87578125 0.0484375 0.0484375
2 0.13671875 0.6765625 0.0484375 0.05
2 0.3203125 0.64921875 0.0609375 0.06171875
2 0.5953125 0.396875 0.06171875 0.06171875
2 0.50390625 0.26171875 0.0375 0.0375
2 0.23359375 0.2171875 0.0359375 0.0375
2 0.4890625 0.9078125 0.06171875 0.06171875
2 0.03828125 0.54609375 0.06171875 0.06171875
2 0.59375 0.29765625 0.0484375 0.05
2 0.315625 0.19140625 0.0375 0.0375
2 0.2265625 0.321875 0.0484375 0.0484375
2 0.134375 0.5609375 0.0484375 0.05
2 0.59140625 0.52421875 0.06171875 0.06171875
2 0.5875 0.61640625 0.0484375 0.0484375
2 0.59609375 0.2015625 0.06171875 0.06171875
2 0.415625 0.0828125 0.0734375 0.0734375
2 0.67734375 0.1453125 0.0734375 0.07421875
2 0.68046875 0.04375 0.0484375 0.0484375
2 0.86953125 0.034375 0.06171875 0.06171875
2 0.77109375 0.08828125 0.06171875 0.06171875
1 0.31875 0.09140625 0.121875 0.121875
1 0.21953125 0.103125 0.09765625 0.0984375
1 0.1265625 0.146875 0.109375 0.11015625
2 0.97421875 0.1984375 0.02421875 0.02421875
2 0.97421875 0.08515625 0.02421875 0.02421875
2 0.871875 0.13828125 0.02421875 0.02421875
1 0.76328125 0.4171875 0.0359375 0.0375
1 0.759375 0.61875 0.08515625 0.0859375
2 0.85859375 0.9015625 0.0375 0.0375
2 0.86171875 0.653125 0.02421875 0.02421875
2 0.7515625 0.9625 0.0484375 0.0484375
2 0.9734375 0.9796875 0.0375 0.0375
2 0.49453125 0.02890625 0.0359375 0.0359375
1 0.60078125 0.09609375 0.0484375 0.05
2 0.4984375 0.1359375 0.0359375 0.0359375
2 0.496875 0.36015625 0.0375 0.0375
2 0.4953125 0.4765625 0.0375 0.0375
2 0.496875 0.58125 0.0375 0.0375
2 0.49296875 0.67890625 0.0375 0.0375
2 0.41796875 0.3015625 0.0484375 0.0484375
2 0.309375 0.3125 0.0359375 0.0375
2 0.32109375 0.43828125 0.0359375 0.0375
2 0.3203125 0.521875 0.0484375 0.0484375
2 0.4140625 0.41484375 0.0609375 0.06171875
2 0.22578125 0.43125 0.0375 0.0375
2 0.128125 0.4828125 0.0484375 0.0484375
2 0.13125 0.378125 0.0375 0.0375
2 0.03828125 0.221875 0.0484375 0.0484375
2 0.0328125 0.42890625 0.0484375 0.05
2 0.034375 0.64765625 0.0484375 0.05
2 0.22734375 0.64765625 0.0484375 0.05
2 0.4015625 0.7296875 0.0359375 0.0375
2 0.39765625 0.8578125 0.0484375 0.05
2 0.58203125 0.94375 0.0375 0.0375
2 0.31171875 0.85625 0.0484375 0.05
2 0.23125 0.83359375 0.0484375 0.05
2 0.22578125 0.93671875 0.06171875 0.06171875
2 0.14453125 0.94453125 0.0484375 0.0484375
2 0.14140625 0.7765625 0.0484375 0.05
2 0.0296875 0.76171875 0.0484375 0.0484375