1 0.9078125 0.496875 0.11015625 0.11015625
1 0.9078125 0.3875 0.121875 0.1234375
1 0.91484375 0.2625 0.121875 0.1234375
1 0.90703125 0.16796875 0.121875 0.1234375
1 0.82109375 0.10234375 0.11015625 0.1109375
1 0.8140625 0.2234375 0.121875 0.1234375
1 0.8234375 0.3265625 0.11015625 0.11015625
1 0.821875 0.43828125 0.11015625 0.11015625
1 0.8109375 0.53046875 0.09765625 0.0984375
3 0.72109375 0.4859375 0.121875 0.121875
1 0.7140625 0.39140625 0.121875 0.1234375
1 0.70859375 0.2734375 0.121875 0.1234375
1 0.73203125 0.171875 0.121875 0.1234375
1 0.628125 0.09921875 0.109375 0.11015625
1 0.6234375 0.21796875 0.109375 0.11015625
1 0.62578125 0.3203125 0.121875 0.1234375
1 0.62578125 0.42890625 0.121875 0.121875
1 0.625 0.53046875 0.09765625 0.0984375
1 0.52265625 0.49140625 0.09765625 0.0984375
1 0.51484375 0.3875 0.09765625 0.0984375
1 0.52421875 0.27265625 0.09765625 0.0984375
1 0.52734375 0.165625 0.109375 0.11015625
1 0.42890625 0.1203125 0.11015625 0.11015625
1 0.4328125 0.21953125 0.09765625 0.0984375
1 0.43203125 0.3234375 0.11015625 0.11015625
1 0.4359375 0.4421875 0.109375 0.11015625
1 0.334375 0.4859375 0.121875 0.1234375
1 0.33203125 0.3609375 0.109375 0.11015625
1 0.34921875 0.24609375 0.121875 0.1234375
1 0.33984375 0.1453125 0.09765625 0.0984375
1 0.2453125 0.10859375 0.109375 0.11015625
1 0.2453125 0.21796875 0.109375 0.11015625
1 0.24296875 0.32265625 0.09765625 0.0984375
1 0.24765625 0.45 0.121875 0.1234375
1 0.90703125 0.621875 0.121875 0.1234375
1 0.815625 0.65703125 0.121875 0.1234375
1 0.1375 0.06015625 0.09765625 0.0984375
1 0.1640625 0.16484375 0.09765625 0.0984375
1 0.15390625 0.28203125 0.11015625 0.11015625
1 0.1453125 0.3828125 0.11015625 0.1109375
1 0.1578125 0.503125 0.11015625 0.1109375
1 0.06328125 0.64375 0.121875 0.1234375
1 0.15625 0.93359375 0.09765625 0.09765625
1 0.146875 0.82890625 0.121875 0.1234375
1 0.14765625 0.721875 0.121875 0.1234375
1 0.146875 0.60859375 0.09765625 0.0984375
1 0.24765625 0.54765625 0.11015625 0.11015625
1 0.3375 0.5890625 0.109375 0.11015625
1 0.33828125 0.7078125 0.11015625 0.11015625
1 0.24296875 0.66328125 0.11015625 0.11015625
1 0.24921875 0.759375 0.11015625 0.11015625
1 0.24296875 0.88125 0.121875 0.1234375
1 0.3375 0.9375 0.121875 0.1234375
1 0.33984375 0.80546875 0.09765625 0.0984375
1 0.43125 0.55234375 0.109375 0.11015625
1 0.428125 0.66640625 0.121875 0.121875
1 0.42734375 0.778125 0.121875 0.1234375
1 0.42890625 0.8796875 0.121875 0.1234375
1 0.5265625 0.825 0.121875 0.121875
1 0.5265625 0.715625 0.121875 0.121875
1 0.5171875 0.61171875 0.09765625 0.0984375
1 0.62578125 0.64921875 0.121875 0.1234375
1 0.628125 0.76484375 0.121875 0.1234375
1 0.62421875 0.87421875 0.121875 0.121875
1 0.7296875 0.94765625 0.09765625 0.0984375
1 0.71953125 0.84453125 0.121875 0.1234375
1 0.72578125 0.715625 0.121875 0.1234375
1 0.73125 0.590625 0.121875 0.1234375
1 0.81328125 0.77734375 0.121875 0.1234375
1 0.80703125 0.878125 0.121875 0.1234375
1 0.9078125 0.9359375 0.121875 0.1234375
1 0.903125 0.8171875 0.121875 0.1234375
1 0.90625 0.71484375 0.09765625 0.09765625