2 0.03359375 0.596875 0.06171875 0.06171875
2 0.0359375 0.4921875 0.0484375 0.0484375
2 0.03984375 0.328125 0.0484375 0.0484375
2 0.0421875 0.4078125 0.0484375 0.0484375
2 0.0390625 0.22734375 0.0484375 0.0484375
2 0.0296875 0.715625 0.0484375 0.0484375
2 0.14765625 0.5796875 0.06171875 0.0609375
2 0.51953125 0.61171875 0.0609375 0.06171875
2 0.24296875 0.6 0.0484375 0.0484375
2 0.628125 0.52890625 0.0609375 0.06171875
2 0.34296875 0.5328125 0.0484375 0.0484375
2 0.7046875 0.58046875 0.06171875 0.06171875
2 0.35078125 0.62421875 0.0484375 0.0484375
2 0.8171875 0.55703125 0.06171875 0.06171875
2 0.43125 0.5875 0.0484375 0.0484375
2 0.2390625 0.475 0.0484375 0.0484375
2 0.909375 0.55 0.0484375 0.0484375
2 0.5296875 0.42890625 0.0609375 0.06171875
2 0.4359375 0.03359375 0.06171875 0.06171875
2 0.434375 0.378125 0.06171875 0.06171875
2 0.43828125 0.47578125 0.06171875 0.06171875
2 0.7203125 0.384375 0.0484375 0.0484375
2 0.640625 0.409375 0.0484375 0.0484375
2 0.53125 0.06953125 0.0484375 0.05
2 0.53046875 0.1703125 0.0484375 0.05
2 0.159375 0.4546875 0.0484375 0.0484375
2 0.825 0.3796875 0.0484375 0.0484375
2 0.7265625 0.2515625 0.0484375 0.0484375
2 0.82109375 0.4625 0.0484375 0.0484375
2 0.90546875 0.46171875 0.0484375 0.0484375
2 0.425 0.7953125 0.06171875 0.06171875
2 0.81484375 0.6515625 0.06171875 0.06171875
2 0.2390625 0.77890625 0.06171875 0.06171875
2 0.34375 0.7953125 0.0609375 0.0609375
2 0.6296875 0.740625 0.0609375 0.06171875
2 0.3484375 0.715625 0.0609375 0.06171875
2 0.1515625 0.68828125 0.06171875 0.06171875
2 0.1421875 0.79609375 0.06171875 0.06171875
2 0.51875 0.69609375 0.06171875 0.06171875
2 0.5171875 0.8 0.06171875 0.06171875
2 0.2421875 0.70234375 0.0609375 0.0609375
2 0.6265625 0.646875 0.0609375 0.06171875
2 0.43515625 0.70234375 0.06171875 0.06171875
2 0.6265625 0.8171875 0.06171875 0.06171875
2 0.7140625 0.684375 0.0609375 0.06171875
2 0.71875 0.7796875 0.0609375 0.06171875
2 0.9 0.7453125 0.06171875 0.06171875
2 0.89921875 0.64296875 0.0609375 0.06171875
2 0.815625 0.73125 0.06171875 0.06171875
2 0.821875 0.8078125 0.0484375 0.05
2 0.90625 0.82890625 0.0484375 0.05
1 0.35 0.3546875 0.06171875 0.06171875
1 0.3515625 0.4421875 0.0609375 0.06171875
2 0.82734375 0.2828125 0.0375 0.0375
2 0.71796875 0.4859375 0.0484375 0.0484375
2 0.64375 0.29375 0.0375 0.0375
1 0.525 0.5265625 0.0609375 0.06171875
2 0.24296875 0.2703125 0.0484375 0.05
2 0.24296875 0.36875 0.0484375 0.0484375
2 0.15 0.2609375 0.0375 0.0375
2 0.1578125 0.365625 0.0484375 0.0484375
2 0.6453125 0.11953125 0.0359375 0.0359375
2 0.6390625 0.2015625 0.0484375 0.05
2 0.73359375 0.1390625 0.0375 0.0375
2 0.7953125 0.1015625 0.0359375 0.0375
2 0.74296875 0.028125 0.0375 0.0375
2 0.246875 0.071875 0.0375 0.0375
2 0.16171875 0.05 0.0359375 0.0375
2 0.43828125 0.140625 0.0359375 0.0375
2 0.34453125 0.134375 0.0375 0.0375
2 0.24375 0.165625 0.0359375 0.0375
2 0.15390625 0.1640625 0.0359375 0.0375
2 0.0421875 0.15234375 0.0484375 0.0484375
2 0.959375 0.040625 0.0484375 0.0484375