1 0.0640625 0.11796875 0.121875 0.1234375
1 0.1515625 0.075 0.121875 0.1234375
1 0.428125 0.1046875 0.11015625 0.11015625
1 0.6234375 0.11796875 0.121875 0.1234375
1 0.71796875 0.0640625 0.121875 0.1234375
1 0.825 0.11796875 0.121875 0.1234375
1 0.9078125 0.06171875 0.11015625 0.11015625
2 0.340625 0.253125 0.0375 0.0375
1 0.90546875 0.17109375 0.121875 0.1234375
1 0.9015625 0.271875 0.121875 0.1234375
1 0.9015625 0.3875 0.121875 0.1234375
1 0.9 0.5046875 0.121875 0.1234375
1 0.88984375 0.6171875 0.121875 0.1234375
1 0.81015625 0.221875 0.11015625 0.1109375
1 0.81015625 0.32734375 0.11015625 0.1109375
3 0.80390625 0.44609375 0.109375 0.11015625
1 0.803125 0.559375 0.109375 0.11015625
1 0.71171875 0.6109375 0.109375 0.11015625
1 0.71171875 0.48984375 0.109375 0.11015625
1 0.71875 0.38984375 0.109375 0.11015625
1 0.71484375 0.28046875 0.109375 0.1109375
1 0.71875 0.171875 0.109375 0.1109375
1 0.61328125 0.228125 0.109375 0.11015625
1 0.6125 0.3265625 0.109375 0.11015625
1 0.61015625 0.45 0.11015625 0.11015625
1 0.60390625 0.553125 0.11015625 0.11015625
1 0.51796875 0.6125 0.11015625 0.11015625
1 0.50859375 0.49921875 0.11015625 0.11015625
1 0.51796875 0.3859375 0.11015625 0.11015625
1 0.52265625 0.27109375 0.11015625 0.11015625
1 0.5203125 0.16328125 0.121875 0.1234375
1 0.44453125 0.21171875 0.109375 0.11015625
1 0.43125 0.33125 0.09765625 0.0984375
1 0.4234375 0.45078125 0.0734375 0.0734375
1 0.4234375 0.55703125 0.09765625 0.0984375
1 0.3296875 0.61796875 0.09765625 0.09765625
2 0.25078125 0.565625 0.0359375 0.0375
1 0.3328125 0.37578125 0.0859375 0.0859375
1 0.33125 0.50078125 0.0859375 0.0859375
1 0.2515625 0.21796875 0.121875 0.121875
1 0.15390625 0.165625 0.121875 0.1234375
1 0.14765625 0.4203125 0.11015625 0.11015625
1 0.05546875 0.22421875 0.109375 0.11015625
1 0.05546875 0.434375 0.109375 0.1109375
1 0.34296875 0.15703125 0.0859375 0.0859375
1 0.8109375 0.665625 0.109375 0.11015625
1 0.6140625 0.66171875 0.11015625 0.11015625
1 0.515625 0.72578125 0.109375 0.11015625
1 0.41171875 0.675 0.121875 0.1234375
1 0.3234375 0.7375 0.0734375 0.07421875
1 0.41875 0.77578125 0.109375 0.11015625
1 0.71953125 0.7296875 0.11015625 0.11015625
1 0.41875 0.875 0.08515625 0.0859375
1 0.51171875 0.83046875 0.109375 0.11015625
1 0.5140625 0.94296875 0.09765625 0.0984375
1 0.60859375 0.77421875 0.11015625 0.11015625
1 0.60859375 0.884375 0.11015625 0.11015625
1 0.7046875 0.8234375 0.11015625 0.11015625
1 0.696875 0.94296875 0.09765625 0.0984375
1 0.79609375 0.7765625 0.109375 0.1109375
1 0.79765625 0.8859375 0.109375 0.11015625
1 0.90546875 0.72265625 0.121875 0.1234375
1 0.90390625 0.8140625 0.121875 0.1234375