2 0.18125 0.18671875 0.06171875 0.06171875
2 0.875 0.4515625 0.0609375 0.06171875
2 0.58125 0.6015625 0.0859375 0.0859375
2 0.77734375 0.52890625 0.0609375 0.06171875
2 0.77578125 0.63125 0.0734375 0.07421875
2 0.68046875 0.453125 0.0484375 0.0484375
1 0.8703125 0.12578125 0.109375 0.1109375
1 0.87578125 0.221875 0.0859375 0.0859375
1 0.77890625 0.1703125 0.121875 0.1234375
1 0.78671875 0.278125 0.121875 0.1234375
1 0.68046875 0.128125 0.09765625 0.0984375
1 0.6828125 0.23125 0.11015625 0.11015625
1 0.58671875 0.07578125 0.09765625 0.0984375
1 0.58203125 0.18203125 0.09765625 0.0984375
1 0.58671875 0.30234375 0.0859375 0.08671875
1 0.48671875 0.128125 0.121875 0.121875
1 0.48671875 0.24453125 0.121875 0.121875
1 0.4 0.06328125 0.09765625 0.0984375
1 0.39765625 0.17890625 0.09765625 0.0984375
1 0.39453125 0.30390625 0.09765625 0.0984375
1 0.3015625 0.1265625 0.09765625 0.0984375
1 0.58046875 0.3953125 0.08515625 0.0859375
1 0.5796875 0.509375 0.09765625 0.0984375
1 0.475 0.5515625 0.0859375 0.0859375
1 0.4859375 0.46171875 0.0859375 0.0859375
1 0.49296875 0.3515625 0.0859375 0.0859375
1 0.40234375 0.40390625 0.09765625 0.0984375
2 0.20703125 0.50625 0.0609375 0.06171875
2 0.20390625 0.40546875 0.0484375 0.05
2 0.86640625 0.3390625 0.0484375 0.05
2 0.78125 0.4015625 0.0609375 0.06171875
2 0.7796875 0.7265625 0.02421875 0.025
2 0.88125 0.67109375 0.0484375 0.0484375
2 0.875 0.553125 0.0484375 0.05
2 0.9796875 0.834375 0.02421875 0.02421875
2 0.98515625 0.959375 0.02421875 0.02421875
2 0.8703125 0.76328125 0.02421875 0.02421875
2 0.675 0.6765625 0.0484375 0.0484375
2 0.678125 0.78828125 0.0484375 0.0484375
2 0.57734375 0.9234375 0.0484375 0.0484375
2 0.57734375 0.81953125 0.0484375 0.0484375
2 0.584375 0.7078125 0.0484375 0.0484375
2 0.465625 0.6734375 0.0234375 0.02421875
2 0.46015625 0.7765625 0.0484375 0.0484375
2 0.44921875 0.8890625 0.0375 0.0359375
2 0.38125 0.6203125 0.0484375 0.0484375
2 0.38046875 0.7359375 0.02421875 0.02421875
2 0.3734375 0.8625 0.02421875 0.02421875
2 0.2875 0.6734375 0.0359375 0.0359375
2 0.2875 0.803125 0.02421875 0.02421875
2 0.28203125 0.9125 0.02421875 0.02421875
2 0.2140625 0.603125 0.0375 0.0359375
2 0.2171875 0.721875 0.0484375 0.05
2 0.2109375 0.853125 0.0375 0.0375
2 0.2125 0.95625 0.0484375 0.0484375
2 0.1234375 0.64609375 0.0359375 0.0359375
3 0.68125 0.35546875 0.0484375 0.0484375
2 0.6828125 0.565625 0.02421875 0.02421875
2 0.28984375 0.353125 0.0359375 0.0375
2 0.209375 0.28828125 0.0359375 0.0375
2 0.10625 0.34296875 0.0375 0.0375
2 0.121875 0.46171875 0.0484375 0.05
2 0.1234375 0.55 0.0375 0.0359375
2 0.38359375 0.5140625 0.0484375 0.0484375
2 0.290625 0.4515625 0.0484375 0.0484375
2 0.29140625 0.553125 0.0359375 0.0375
2 0.09296875 0.1125 0.0359375 0.0375
2 0.10625 0.21328125 0.02421875 0.02421875
2 0.29609375 0.2390625 0.0375 0.0375
2 0.77890625 0.94765625 0.02421875 0.02421875