2 0.1578125 0.53203125 0.0609375 0.06171875
2 0.0609375 0.60859375 0.0609375 0.06171875
2 0.059375 0.7109375 0.0734375 0.07421875
2 0.4421875 0.3359375 0.0484375 0.0484375
2 0.34453125 0.425 0.06171875 0.06171875
2 0.25234375 0.38046875 0.06171875 0.06171875
2 0.6109375 0.853125 0.06171875 0.06171875
2 0.5359375 0.659375 0.0609375 0.06171875
2 0.44453125 0.7859375 0.0484375 0.05
2 0.628125 0.75859375 0.0609375 0.06171875
2 0.903125 0.50625 0.06171875 0.06171875
2 0.81171875 0.37109375 0.0375 0.0375
2 0.54140625 0.3265625 0.0359375 0.0375
2 0.34609375 0.65546875 0.06171875 0.06171875
2 0.9015625 0.40703125 0.0484375 0.05
2 0.6234375 0.30078125 0.0375 0.0375
2 0.534375 0.43125 0.0484375 0.0484375
2 0.4421875 0.6703125 0.0484375 0.05
2 0.89921875 0.63359375 0.06171875 0.06171875
2 0.8953125 0.72578125 0.0484375 0.0484375
2 0.26640625 0.59453125 0.0484375 0.05
2 0.90390625 0.3109375 0.06171875 0.06171875
2 0.7234375 0.1921875 0.0734375 0.0734375
2 0.725 0.09921875 0.0484375 0.05
1 0.6265625 0.20078125 0.121875 0.121875
1 0.52734375 0.2125 0.09765625 0.0984375
1 0.52421875 0.11015625 0.11015625 0.11015625
1 0.43515625 0.121875 0.121875 0.1234375
1 0.434375 0.25625 0.109375 0.11015625
1 0.3453125 0.0890625 0.121875 0.1234375
1 0.3453125 0.20625 0.09765625 0.0984375
1 0.25078125 0.27421875 0.11015625 0.1109375
1 0.24140625 0.15234375 0.09765625 0.09765625
1 0.15625 0.09296875 0.09765625 0.09765625
1 0.153125 0.20625 0.109375 0.1109375
1 0.159375 0.3015625 0.0859375 0.0859375
1 0.065625 0.128125 0.109375 0.1109375
1 0.06171875 0.25 0.121875 0.1234375
1 0.06953125 0.35859375 0.121875 0.1234375
2 0.80234375 0.13828125 0.0359375 0.0359375
2 0.909375 0.09453125 0.0375 0.0375
1 0.9078125 0.20546875 0.0484375 0.05
2 0.80625 0.2453125 0.0359375 0.0359375
2 0.8046875 0.46953125 0.0375 0.0375
2 0.803125 0.5859375 0.0375 0.0375
2 0.8046875 0.690625 0.0375 0.0375
2 0.80078125 0.78828125 0.0375 0.0375
2 0.72578125 0.4109375 0.0484375 0.0484375
2 0.61640625 0.421875 0.0359375 0.0375
2 0.628125 0.54765625 0.0359375 0.0375
2 0.628125 0.63125 0.0484375 0.0484375
2 0.721875 0.52421875 0.0609375 0.06171875
2 0.5328125 0.540625 0.0375 0.0375
2 0.4359375 0.5921875 0.0484375 0.0484375
2 0.43828125 0.4875 0.0375 0.0375
2 0.3453125 0.33125 0.0484375 0.0484375
2 0.340625 0.53828125 0.0484375 0.05
2 0.2671875 0.6859375 0.0484375 0.05
1 0.26328125 0.49453125 0.06171875 0.06171875
2 0.14921875 0.41953125 0.0484375 0.05
2 0.0640625 0.48203125 0.0609375 0.06171875
2 0.06328125 0.80625 0.02421875 0.025
2 0.1640625 0.75078125 0.0484375 0.0484375
2 0.1578125 0.63359375 0.0484375 0.05
2 0.3421875 0.75703125 0.0484375 0.05
2 0.53515625 0.75703125 0.0484375 0.05
2 0.709375 0.8390625 0.0359375 0.0375
2 0.7046875 0.9671875 0.0484375 0.05
2 0.61875 0.965625 0.0484375 0.05
2 0.5390625 0.94296875 0.0484375 0.05
2 0.44921875 0.8859375 0.0484375 0.05
2 0.33671875 0.87109375 0.0484375 0.0484375
2 0.26328125 0.91484375 0.02421875 0.02421875
2 0.15390625 0.84296875 0.02421875 0.02421875