2 0.26484375 0.90703125 0.0484375 0.05
2 0.17890625 0.91953125 0.0609375 0.06171875
2 0.54296875 0.94375 0.0484375 0.05
2 0.5515625 0.39765625 0.0484375 0.0484375
2 0.54609375 0.50234375 0.06171875 0.06171875
2 0.5515625 0.3 0.06171875 0.06171875
2 0.55 0.18671875 0.0609375 0.06171875
2 0.54921875 0.61640625 0.06171875 0.06171875
2 0.54296875 0.83125 0.0609375 0.06171875
2 0.546875 0.7171875 0.0609375 0.06171875
2 0.621875 0.796875 0.0484375 0.0484375
2 0.934375 0.21015625 0.0484375 0.0484375
2 0.64140625 0.13359375 0.0484375 0.0484375
2 0.63046875 0.4578125 0.04765625 0.05
2 0.7296875 0.5109375 0.0734375 0.07421875
2 0.84375 0.2515625 0.0484375 0.0484375
2 0.85 0.371875 0.06171875 0.06171875
2 0.9296875 0.42265625 0.0484375 0.0484375
2 0.6375 0.2453125 0.0609375 0.06171875
2 0.73515625 0.39921875 0.0609375 0.06171875
2 0.62734375 0.6859375 0.0734375 0.0734375
2 0.7359375 0.73125 0.06171875 0.06171875
2 0.7375 0.3109375 0.06171875 0.0609375
2 0.74296875 0.1921875 0.0609375 0.06171875
2 0.17421875 0.6890625 0.06171875 0.06171875
2 0.1 0.4953125 0.0609375 0.06171875
2 0.19140625 0.59453125 0.0609375 0.06171875
2 0.46640625 0.3421875 0.06171875 0.06171875
2 0.375 0.20703125 0.0375 0.0375
2 0.1046875 0.1625 0.0359375 0.0375
2 0.36015625 0.853125 0.06171875 0.06171875
2 0.46484375 0.24296875 0.0484375 0.05
2 0.18671875 0.13671875 0.0375 0.0375
2 0.09765625 0.2671875 0.0484375 0.0484375
2 0.4625 0.46953125 0.06171875 0.06171875
2 0.459375 0.56171875 0.0484375 0.0484375
2 0.4671875 0.146875 0.06171875 0.06171875
2 0.5484375 0.090625 0.0734375 0.07421875
2 0.6421875 0.03359375 0.06171875 0.06171875
2 0.93671875 0.09296875 0.0484375 0.0484375
2 0.8640625 0.4890625 0.0484375 0.05
2 0.8453125 0.14375 0.02421875 0.02421875
2 0.8453125 0.03046875 0.02421875 0.02421875
2 0.74296875 0.08359375 0.02421875 0.02421875
1 0.634375 0.3625 0.0359375 0.0375
1 0.63046875 0.5640625 0.08515625 0.0859375
2 0.925 0.52265625 0.0484375 0.05
2 0.93046875 0.85390625 0.02421875 0.02421875
2 0.92734375 0.65 0.02421875 0.02421875
2 0.7296875 0.846875 0.0375 0.0375
2 0.853125 0.82109375 0.0359375 0.0375
2 0.7328125 0.5984375 0.02421875 0.02421875
2 0.73125 0.965625 0.0375 0.0375
2 0.6234375 0.9078125 0.0484375 0.0484375
2 0.84453125 0.925 0.0375 0.0375
1 0.471875 0.04140625 0.0484375 0.05
2 0.36953125 0.08125 0.0359375 0.0359375
2 0.36796875 0.30546875 0.0375 0.0375
2 0.36640625 0.421875 0.0375 0.0375
2 0.36796875 0.5265625 0.0375 0.0375
2 0.3640625 0.62421875 0.0375 0.0375
2 0.2890625 0.246875 0.0484375 0.0484375
2 0.18046875 0.2578125 0.0359375 0.0375
2 0.1921875 0.38359375 0.0359375 0.0375
2 0.19140625 0.4671875 0.0484375 0.0484375
2 0.28515625 0.36015625 0.0609375 0.06171875
2 0.096875 0.3765625 0.0375 0.0375
2 0.0984375 0.59296875 0.0484375 0.05
2 0.27265625 0.675 0.0359375 0.0375
2 0.26875 0.803125 0.0484375 0.05
2 0.453125 0.8890625 0.0375 0.0375
2 0.1828125 0.8015625 0.0484375 0.05
2 0.10234375 0.77890625 0.0484375 0.05
2 0.096875 0.88203125 0.06171875 0.06171875
2 0.10078125 0.9625 0.0484375 0.0484375