2 0.225 0.91484375 0.0734375 0.0734375
2 0.30390625 0.73984375 0.06171875 0.06171875
2 0.2265625 0.821875 0.0484375 0.05
2 0.3140625 0.64375 0.06171875 0.06171875
2 0.4890625 0.7828125 0.0609375 0.06171875
2 0.490625 0.87578125 0.0484375 0.0484375
2 0.58203125 0.81875 0.0484375 0.0484375
2 0.67890625 0.86640625 0.06171875 0.06171875
2 0.58046875 0.9203125 0.06171875 0.06171875
2 0.590625 0.715625 0.06171875 0.06171875
2 0.778125 0.81171875 0.0484375 0.05
2 0.87578125 0.76328125 0.0734375 0.0734375
2 0.778125 0.69765625 0.0609375 0.06171875
2 0.67890625 0.759375 0.0609375 0.06171875
1 0.6875 0.10703125 0.109375 0.11015625
1 0.4953125 0.11796875 0.0734375 0.07421875
1 0.590625 0.15703125 0.109375 0.11015625
1 0.89140625 0.1109375 0.11015625 0.11015625
1 0.13359375 0.1203125 0.121875 0.1234375
1 0.225 0.15703125 0.121875 0.1234375
1 0.1265625 0.5453125 0.121875 0.1234375
1 0.134375 0.43359375 0.121875 0.1234375
1 0.1296875 0.315625 0.121875 0.1234375
1 0.1328125 0.2125 0.09765625 0.09765625
1 0.22890625 0.2546875 0.121875 0.1234375
1 0.225 0.396875 0.121875 0.1234375
1 0.2234375 0.496875 0.09765625 0.0984375
1 0.2359375 0.6109375 0.121875 0.1234375
1 0.590625 0.25625 0.08515625 0.0859375
1 0.5765625 0.36796875 0.121875 0.1234375
1 0.58515625 0.49140625 0.09765625 0.0984375
1 0.68359375 0.21171875 0.109375 0.11015625
1 0.6859375 0.3234375 0.09765625 0.0984375
1 0.6859375 0.4390625 0.109375 0.11015625
1 0.67890625 0.540625 0.11015625 0.11015625
1 0.78046875 0.1546875 0.11015625 0.11015625
1 0.78046875 0.26484375 0.11015625 0.11015625
1 0.78359375 0.38203125 0.121875 0.121875
1 0.78125 0.49140625 0.09765625 0.0984375
1 0.8765625 0.2046875 0.11015625 0.11015625
1 0.86875 0.3234375 0.09765625 0.0984375
1 0.87109375 0.43828125 0.09765625 0.0984375
1 0.86875 0.5484375 0.09765625 0.0984375
1 0.7765625 0.6234375 0.09765625 0.0984375
1 0.68515625 0.64921875 0.08515625 0.0859375
1 0.228125 0.709375 0.109375 0.11015625
1 0.134375 0.64609375 0.109375 0.11015625
1 0.134375 0.7484375 0.11015625 0.11015625
1 0.128125 0.9234375 0.121875 0.121875
1 0.875 0.653125 0.0375 0.0359375
2 0.8765625 0.871875 0.0375 0.0375
2 0.58984375 0.5921875 0.0375 0.0359375
2 0.78359375 0.9171875 0.02421875 0.02421875
2 0.68125 0.9703125 0.02421875 0.02421875
2 0.4875 0.5734375 0.0359375 0.0375
2 0.5125 0.71328125 0.02421875 0.02421875
2 0.4046875 0.69453125 0.0375 0.0375
2 0.4078125 0.5984375 0.0375 0.0375
2 0.409375 0.4828125 0.0375 0.0375
2 0.30390625 0.8609375 0.0359375 0.0359375
2 0.4109375 0.8171875 0.0375 0.0375
1 0.41015625 0.928125 0.0484375 0.05
2 0.3078125 0.96796875 0.0359375 0.0359375