2 0.13203125 0.1234375 0.06171875 0.06171875
2 0.225 0.20234375 0.0484375 0.0484375
2 0.2296875 0.08359375 0.0484375 0.05
2 0.321875 0.13359375 0.0484375 0.05
2 0.8953125 0.1453125 0.0609375 0.06171875
2 0.715625 0.140625 0.0734375 0.07421875
2 0.40703125 0.08671875 0.06171875 0.06171875
2 0.6203125 0.06171875 0.0734375 0.07421875
2 0.790625 0.1921875 0.0484375 0.0484375
2 0.89453125 0.04765625 0.0609375 0.06171875
2 0.51640625 0.1265625 0.0484375 0.0484375
2 0.61875 0.18984375 0.0734375 0.0734375
2 0.8015625 0.0921875 0.06171875 0.0609375
2 0.41171875 0.190625 0.06171875 0.06171875
2 0.2234375 0.40625 0.0734375 0.07421875
2 0.13359375 0.3375 0.06171875 0.06171875
2 0.32109375 0.3515625 0.0484375 0.0484375
2 0.3265625 0.24375 0.0484375 0.05
2 0.04140625 0.39375 0.0734375 0.07421875
2 0.13125 0.225 0.0484375 0.0484375
2 0.0421875 0.2671875 0.0609375 0.0609375
2 0.2296875 0.29765625 0.0609375 0.06171875
2 0.6078125 0.68828125 0.08515625 0.0859375
2 0.78984375 0.40703125 0.06171875 0.06171875
2 0.88984375 0.3515625 0.0484375 0.0484375
2 0.69296875 0.8390625 0.08515625 0.0859375
2 0.6203125 0.29921875 0.06171875 0.06171875
2 0.78828125 0.30390625 0.06171875 0.06171875
2 0.51484375 0.2484375 0.06171875 0.06171875
1 0.32109375 0.715625 0.121875 0.1234375
1 0.31328125 0.82109375 0.121875 0.1234375
1 0.22578125 0.8890625 0.121875 0.1234375
1 0.2203125 0.8109375 0.121875 0.1234375
1 0.12578125 0.7125 0.11015625 0.1109375
1 0.1265625 0.8296875 0.121875 0.1234375
1 0.1375 0.93828125 0.121875 0.121875
1 0.04609375 0.86796875 0.08515625 0.0859375
1 0.0453125 0.771875 0.08515625 0.0859375
1 0.40390625 0.67890625 0.08515625 0.0859375
1 0.4046875 0.771875 0.121875 0.121875
1 0.40078125 0.890625 0.121875 0.1234375
1 0.5046875 0.83046875 0.08515625 0.08671875
1 0.49921875 0.70390625 0.08515625 0.0859375
1 0.60546875 0.778125 0.0859375 0.0859375
1 0.61015625 0.890625 0.0859375 0.0859375
1 0.68828125 0.91796875 0.08515625 0.0859375
1 0.69609375 0.73359375 0.08515625 0.0859375
1 0.7796875 0.678125 0.08515625 0.0859375
1 0.771875 0.79453125 0.08515625 0.08671875
1 0.7765625 0.89921875 0.08515625 0.0859375
1 0.88359375 0.74140625 0.121875 0.1234375
1 0.8828125 0.84453125 0.09765625 0.0984375
2 0.8875 0.2609375 0.0359375 0.0375
1 0.7078125 0.240625 0.0734375 0.07421875
2 0.70625 0.3609375 0.0375 0.0375
2 0.61875 0.3890625 0.0484375 0.05
2 0.515625 0.43046875 0.0484375 0.05
2 0.4171875 0.3 0.0484375 0.05
2 0.32734375 0.43046875 0.0484375 0.0484375
2 0.13515625 0.04375 0.0359375 0.0375
2 0.0484375 0.05390625 0.0484375 0.0484375
2 0.05859375 0.165625 0.0375 0.0375