2 0.20078125 0.38203125 0.0734375 0.07421875
2 0.196875 0.590625 0.06171875 0.06171875
2 0.11953125 0.84921875 0.06171875 0.06171875
2 0.56171875 0.7046875 0.06171875 0.06171875
2 0.28359375 0.85859375 0.08515625 0.0859375
1 0.9484375 0.9265625 0.0734375 0.0734375
1 0.85625 0.87421875 0.0734375 0.07421875
1 0.75859375 0.9109375 0.121875 0.1234375
1 0.6671875 0.8609375 0.0734375 0.07421875
1 0.57109375 0.9078125 0.0734375 0.07421875
1 0.47734375 0.85703125 0.09765625 0.0984375
1 0.38125 0.91015625 0.121875 0.1234375
1 0.19453125 0.90390625 0.0859375 0.08671875
1 0.87109375 0.665625 0.09765625 0.0984375
1 0.86328125 0.57265625 0.109375 0.11015625
1 0.86796875 0.4578125 0.121875 0.1234375
1 0.86640625 0.33671875 0.121875 0.1234375
1 0.86640625 0.22578125 0.121875 0.1234375
1 0.86796875 0.1078125 0.0734375 0.07421875
1 0.775 0.16796875 0.09765625 0.09765625
1 0.771875 0.296875 0.121875 0.1234375
1 0.77265625 0.39296875 0.109375 0.11015625
1 0.771875 0.50546875 0.109375 0.11015625
1 0.77421875 0.61796875 0.109375 0.11015625
1 0.675 0.64921875 0.11015625 0.11015625
1 0.67734375 0.5484375 0.11015625 0.11015625
1 0.68125 0.4390625 0.11015625 0.11015625
1 0.68125 0.32578125 0.109375 0.11015625
1 0.678125 0.215625 0.109375 0.11015625
1 0.68046875 0.11015625 0.09765625 0.09765625
1 0.5828125 0.16640625 0.11015625 0.11015625
1 0.5890625 0.2765625 0.09765625 0.0984375
1 0.5796875 0.39765625 0.09765625 0.0984375
1 0.58125 0.503125 0.11015625 0.11015625
1 0.58125 0.61484375 0.09765625 0.0984375
1 0.49375 0.11796875 0.11015625 0.11015625
1 0.48359375 0.2203125 0.11015625 0.11015625
1 0.48125 0.33515625 0.11015625 0.11015625
1 0.4890625 0.43671875 0.109375 0.11015625
1 0.48515625 0.5796875 0.109375 0.11015625
1 0.48125 0.6765625 0.0859375 0.0859375
1 0.39453125 0.1703125 0.109375 0.11015625
1 0.3921875 0.2765625 0.109375 0.11015625
1 0.390625 0.39296875 0.109375 0.11015625
1 0.38671875 0.50546875 0.109375 0.11015625
1 0.39609375 0.603125 0.11015625 0.11015625
1 0.2984375 0.225 0.09765625 0.0984375
1 0.290625 0.33125 0.109375 0.11015625
1 0.28828125 0.4390625 0.11015625 0.11015625
1 0.290625 0.5609375 0.08515625 0.0859375
1 0.2921875 0.66796875 0.0734375 0.07421875
1 0.20390625 0.1671875 0.08515625 0.0859375
1 0.19375 0.2828125 0.11015625 0.11015625
1 0.20234375 0.49375 0.0734375 0.07421875
1 0.20546875 0.671875 0.0734375 0.07421875
1 0.1140625 0.11484375 0.11015625 0.11015625
1 0.1 0.21328125 0.11015625 0.11015625
1 0.10078125 0.31640625 0.0734375 0.07421875
1 0.1015625 0.4171875 0.0859375 0.0859375
1 0.109375 0.50859375 0.0859375 0.0859375
1 0.1125 0.62734375 0.09765625 0.0984375
2 0.0234375 0.396875 0.0375 0.0375
1 0.7671875 0.0609375 0.109375 0.1109375
1 0.2953125 0.11015625 0.109375 0.11015625
1 0.20859375 0.06796875 0.11015625 0.11015625