1 0.11640625 0.11484375 0.109375 0.11015625
1 0.1125 0.215625 0.109375 0.1109375
1 0.11015625 0.3359375 0.109375 0.1109375
1 0.1140625 0.4421875 0.121875 0.1234375
1 0.209375 0.05625 0.09765625 0.0984375
1 0.20703125 0.1609375 0.09765625 0.0984375
3 0.2046875 0.28828125 0.109375 0.1109375
1 0.2125 0.38359375 0.09765625 0.09765625
1 0.3015625 0.11484375 0.11015625 0.11015625
1 0.30625 0.22734375 0.09765625 0.0984375
1 0.30078125 0.3390625 0.09765625 0.09765625
1 0.303125 0.4515625 0.109375 0.1109375
1 0.4046875 0.06328125 0.09765625 0.0984375
1 0.4015625 0.15703125 0.109375 0.11015625
1 0.39609375 0.2703125 0.121875 0.1234375
1 0.3921875 0.384375 0.121875 0.1234375
1 0.50625 0.32734375 0.121875 0.1234375
1 0.50703125 0.1921875 0.109375 0.11015625
1 0.5140625 0.09296875 0.121875 0.121875
1 0.50625 0.4359375 0.121875 0.1234375
1 0.3953125 0.50703125 0.09765625 0.09765625
1 0.403125 0.6125 0.09765625 0.09765625
1 0.39140625 0.73515625 0.09765625 0.09765625
1 0.3953125 0.8234375 0.09765625 0.0984375
1 0.29296875 0.89140625 0.09765625 0.0984375
1 0.30625 0.77265625 0.0859375 0.0859375
1 0.3 0.6671875 0.0859375 0.0859375
1 0.3046875 0.55546875 0.09765625 0.09765625
1 0.20390625 0.5015625 0.09765625 0.09765625
1 0.20625 0.621875 0.09765625 0.0984375
1 0.20625 0.71328125 0.09765625 0.0984375
1 0.19921875 0.8296875 0.09765625 0.0984375
1 0.20625 0.9359375 0.08515625 0.08671875
1 0.1109375 0.77890625 0.11015625 0.11015625
1 0.109375 0.6609375 0.09765625 0.0984375
1 0.10859375 0.55390625 0.11015625 0.11015625
1 0.1125 0.8921875 0.0609375 0.06171875
1 0.60390625 0.1609375 0.121875 0.1234375
1 0.590625 0.28203125 0.11015625 0.11015625
1 0.59921875 0.38828125 0.121875 0.121875
1 0.68828125 0.3265625 0.11015625 0.11015625
1 0.6890625 0.2171875 0.11015625 0.11015625
1 0.68828125 0.11015625 0.109375 0.1109375
1 0.78671875 0.1671875 0.121875 0.1234375
1 0.77578125 0.2703125 0.121875 0.1234375
1 0.78359375 0.396875 0.121875 0.1234375
1 0.87421875 0.334375 0.121875 0.1234375
1 0.87421875 0.21875 0.121875 0.1234375
1 0.88125 0.10546875 0.121875 0.1234375
1 0.503125 0.5421875 0.121875 0.1234375
1 0.4984375 0.65546875 0.121875 0.121875
1 0.5015625 0.75859375 0.11015625 0.11015625
1 0.49375 0.8890625 0.09765625 0.0984375
1 0.39140625 0.93828125 0.0859375 0.0859375
1 0.58515625 0.9390625 0.08515625 0.0859375
1 0.5890625 0.83828125 0.09765625 0.0984375
1 0.58671875 0.7203125 0.09765625 0.0984375
1 0.5921875 0.6109375 0.09765625 0.0984375
1 0.5921875 0.5078125 0.121875 0.1234375
1 0.68828125 0.43671875 0.096875 0.09765625
1 0.67890625 0.546875 0.09765625 0.09765625
1 0.696875 0.6515625 0.09765625 0.0984375
1 0.6875 0.7765625 0.0859375 0.0859375
1 0.690625 0.87578125 0.09765625 0.0984375
1 0.78046875 0.93671875 0.121875 0.1234375
1 0.778125 0.83203125 0.121875 0.1234375
1 0.778125 0.7125 0.121875 0.1234375
1 0.775 0.61328125 0.11015625 0.1109375
1 0.7796875 0.4984375 0.121875 0.1234375
1 0.8765625 0.44375 0.109375 0.11015625
1 0.88515625 0.53828125 0.121875 0.1234375
1 0.87578125 0.6578125 0.121875 0.1234375
1 0.8765625 0.784375 0.121875 0.1234375
1 0.86875 0.88828125 0.11015625 0.11015625