2 0.05703125 0.74453125 0.06171875 0.06171875
2 0.14921875 0.8234375 0.0484375 0.0484375
2 0.1546875 0.7046875 0.0484375 0.05
2 0.246875 0.7546875 0.0484375 0.05
2 0.25703125 0.5203125 0.0734375 0.0734375
2 0.259375 0.63125 0.0734375 0.0734375
2 0.25703125 0.28359375 0.06171875 0.06171875
2 0.1578125 0.58671875 0.0609375 0.06171875
2 0.2625 0.06328125 0.0484375 0.05
2 0.2578125 0.4078125 0.0609375 0.06171875
1 0.17109375 0.4484375 0.0359375 0.0375
2 0.07265625 0.0921875 0.06171875 0.06171875
2 0.8203125 0.76640625 0.0609375 0.06171875
2 0.63984375 0.76171875 0.0734375 0.07421875
2 0.73671875 0.6078125 0.06171875 0.06171875
2 0.33125 0.7078125 0.06171875 0.06171875
2 0.5453125 0.6828125 0.0734375 0.07421875
2 0.715625 0.81328125 0.0484375 0.0484375
2 0.3390625 0.365625 0.0609375 0.06171875
2 0.81953125 0.66875 0.0609375 0.06171875
2 0.6359375 0.5390625 0.0734375 0.07421875
2 0.44140625 0.7484375 0.0484375 0.0484375
2 0.54375 0.8109375 0.0734375 0.0734375
2 0.44609375 0.6390625 0.0609375 0.06171875
2 0.72578125 0.7125 0.06171875 0.0609375
2 0.546875 0.5828125 0.0609375 0.06171875
2 0.44609375 0.3109375 0.0609375 0.06171875
2 0.56328125 0.34296875 0.0609375 0.06171875
2 0.44453125 0.428125 0.0609375 0.06171875
2 0.4484375 0.53671875 0.0609375 0.06171875
2 0.64375 0.6390625 0.0734375 0.07421875
2 0.3375 0.13125 0.0484375 0.05
2 0.340625 0.49140625 0.0609375 0.06171875
2 0.33671875 0.81171875 0.06171875 0.06171875
2 0.0578125 0.95859375 0.06171875 0.06171875
2 0.24609375 0.97265625 0.0484375 0.0484375
2 0.25078125 0.86484375 0.0484375 0.05
2 0.05546875 0.8453125 0.0484375 0.0484375
2 0.1546875 0.91875 0.0609375 0.06171875
2 0.8140625 0.97265625 0.0484375 0.0484375
2 0.5453125 0.9203125 0.06171875 0.06171875
2 0.71328125 0.925 0.06171875 0.06171875
2 0.43984375 0.86953125 0.06171875 0.06171875
2 0.9125 0.940625 0.0484375 0.0484375
2 0.925 0.6 0.0375 0.0375
2 0.9140625 0.7046875 0.0484375 0.0484375
2 0.91484375 0.83203125 0.0375 0.0375
2 0.81171875 0.88203125 0.0359375 0.0375
1 0.63203125 0.8609375 0.0734375 0.07421875
2 0.55390625 0.471875 0.0484375 0.0484375
2 0.3421875 0.59375 0.0359375 0.0375
2 0.3421875 0.92109375 0.0484375 0.05
2 0.06015625 0.66484375 0.0359375 0.0375
2 0.07421875 0.54375 0.0375 0.0359375
2 0.7484375 0.3765625 0.0484375 0.0484375
2 0.82421875 0.540625 0.0375 0.0375
2 0.73984375 0.48984375 0.02421875 0.02421875
2 0.63671875 0.428125 0.0484375 0.05
2 0.63828125 0.3046875 0.02421875 0.025
2 0.6421875 0.196875 0.0375 0.0375
2 0.56875 0.15 0.0375 0.0375
2 0.5625 0.246875 0.0609375 0.06171875
2 0.4515625 0.08515625 0.0375 0.0375
2 0.45 0.20234375 0.0375 0.0375
2 0.3390625 0.2703125 0.0484375 0.0484375
2 0.2609375 0.18671875 0.0359375 0.0375
2 0.34296875 0.02734375 0.0484375 0.0484375
2 0.5640625 0.04375 0.0375 0.0375
2 0.0734375 0.1921875 0.0359375 0.0359375
2 0.16640625 0.33828125 0.0359375 0.0359375
2 0.06953125 0.4328125 0.0375 0.0375