3 0.23359375 0.91953125 0.09765625 0.0984375
1 0.90625 0.09296875 0.09765625 0.0984375
1 0.903125 0.1984375 0.11015625 0.1109375
1 0.9171875 0.309375 0.09765625 0.09765625
1 0.80859375 0.146875 0.09765625 0.09765625
1 0.809375 0.2625 0.09765625 0.09765625
1 0.7265625 0.090625 0.09765625 0.09765625
1 0.71875 0.32109375 0.109375 0.11015625
1 0.715625 0.20390625 0.109375 0.11015625
1 0.61640625 0.14296875 0.109375 0.11015625
1 0.61484375 0.26875 0.121875 0.1234375
1 0.52265625 0.08046875 0.11015625 0.11015625
1 0.51484375 0.190625 0.11015625 0.11015625
1 0.525 0.27421875 0.0734375 0.0734375
1 0.43046875 0.1421875 0.09765625 0.0984375
1 0.4265625 0.2546875 0.11015625 0.11015625
1 0.328125 0.090625 0.109375 0.11015625
1 0.33515625 0.20546875 0.109375 0.11015625
1 0.2421875 0.1421875 0.109375 0.11015625
1 0.1515625 0.0921875 0.11015625 0.11015625
1 0.14609375 0.20234375 0.11015625 0.11015625
1 0.1453125 0.3078125 0.11015625 0.11015625
1 0.23671875 0.25234375 0.11015625 0.11015625
1 0.3375 0.315625 0.109375 0.11015625
1 0.90546875 0.42734375 0.09765625 0.0984375
1 0.8078125 0.36875 0.09765625 0.0984375
1 0.81328125 0.47578125 0.09765625 0.0984375
1 0.90703125 0.53671875 0.11015625 0.11015625
1 0.71796875 0.5453125 0.09765625 0.09765625
1 0.7125 0.42734375 0.109375 0.11015625
1 0.61640625 0.37109375 0.109375 0.1109375
1 0.61875 0.4796875 0.11015625 0.1109375
1 0.525 0.403125 0.11015625 0.1109375
1 0.521875 0.534375 0.11015625 0.11015625
1 0.61171875 0.58984375 0.11015625 0.1109375
1 0.3296875 0.43046875 0.109375 0.11015625
1 0.4234375 0.48984375 0.109375 0.11015625
1 0.4328125 0.359375 0.109375 0.1109375
1 0.428125 0.5890625 0.109375 0.11015625
1 0.3390625 0.53984375 0.11015625 0.11015625
1 0.23515625 0.584375 0.11015625 0.11015625
1 0.2359375 0.4734375 0.09765625 0.0984375
1 0.240625 0.36484375 0.11015625 0.11015625
1 0.1390625 0.40859375 0.11015625 0.11015625
1 0.14765625 0.51484375 0.109375 0.11015625
1 0.05546875 0.36796875 0.109375 0.11015625
1 0.903125 0.653125 0.109375 0.11015625
1 0.9 0.7609375 0.09765625 0.0984375
1 0.90625 0.853125 0.09765625 0.0984375
1 0.803125 0.5953125 0.09765625 0.0984375
1 0.81328125 0.709375 0.09765625 0.0984375
1 0.80625 0.81875 0.11015625 0.11015625
1 0.8015625 0.93828125 0.11015625 0.11015625
1 0.71015625 0.653125 0.11015625 0.11015625
1 0.71171875 0.76328125 0.11015625 0.11015625
1 0.709375 0.878125 0.109375 0.11015625
1 0.6109375 0.71015625 0.121875 0.1234375
1 0.6125 0.815625 0.109375 0.11015625
1 0.6109375 0.92421875 0.109375 0.11015625
1 0.521875 0.86875 0.0734375 0.07421875
1 0.5265625 0.765625 0.121875 0.1234375
1 0.52265625 0.6421875 0.109375 0.11015625
1 0.1390625 0.86171875 0.11015625 0.11015625
1 0.13359375 0.76640625 0.11015625 0.11015625
1 0.1390625 0.6390625 0.109375 0.1109375
1 0.2359375 0.696875 0.109375 0.1109375
1 0.23828125 0.80625 0.109375 0.11015625
1 0.32890625 0.8703125 0.109375 0.1109375
1 0.3265625 0.75 0.09765625 0.09765625
1 0.33046875 0.6375 0.11015625 0.1109375
1 0.4265625 0.69609375 0.11015625 0.11015625
1 0.42265625 0.80625 0.09765625 0.09765625
1 0.4234375 0.92109375 0.11015625 0.1109375