2 0.45859375 0.39140625 0.0734375 0.07421875
2 0.828125 0.37265625 0.0484375 0.05
2 0.7421875 0.38515625 0.0609375 0.06171875
2 0.3890625 0.87109375 0.0484375 0.0484375
2 0.39140625 0.6703125 0.0484375 0.0484375
2 0.3875 0.77734375 0.0484375 0.0484375
2 0.65703125 0.83515625 0.0609375 0.06171875
2 0.74296875 0.59296875 0.0609375 0.06171875
2 0.828125 0.496875 0.0609375 0.06171875
2 0.74609375 0.4796875 0.0609375 0.06171875
2 0.3875 0.55390625 0.06171875 0.06171875
2 0.5734375 0.653125 0.0484375 0.0484375
2 0.46171875 0.71875 0.0375 0.0375
2 0.571875 0.559375 0.0484375 0.0484375
2 0.75 0.6875 0.0484375 0.0484375
2 0.6625 0.725 0.0609375 0.0609375
2 0.91640625 0.4390625 0.06171875 0.06171875
2 0.4625 0.6046875 0.0734375 0.07421875
2 0.665625 0.64765625 0.06171875 0.06171875
2 0.4609375 0.93515625 0.0609375 0.06171875
2 0.81875 0.71875 0.0484375 0.0484375
2 0.453125 0.83203125 0.0484375 0.0484375
2 0.653125 0.92265625 0.0734375 0.07421875
2 0.4625 0.503125 0.0734375 0.07421875
2 0.1734375 0.9578125 0.0484375 0.05
2 0.184375 0.65078125 0.0484375 0.05
2 0.275 0.59921875 0.06171875 0.06171875
2 0.0734375 0.69375 0.0609375 0.06171875
2 0.17890625 0.85 0.0484375 0.0484375
2 0.0703125 0.94296875 0.0484375 0.05
2 0.27265625 0.8328125 0.0609375 0.06171875
2 0.18125 0.74921875 0.0484375 0.05
2 0.07734375 0.6140625 0.0609375 0.06171875
2 0.18125 0.553125 0.0375 0.0375
2 0.2703125 0.7140625 0.0484375 0.05
2 0.07734375 0.49140625 0.0484375 0.05
2 0.28359375 0.496875 0.0359375 0.0375
2 0.58359375 0.28046875 0.06171875 0.06171875
2 0.7375 0.1546875 0.06171875 0.06171875
2 0.46796875 0.2875 0.0484375 0.0484375
2 0.57109375 0.0875 0.0484375 0.05
2 0.7546875 0.06015625 0.0609375 0.06171875
2 0.9234375 0.31875 0.06171875 0.06171875
2 0.91796875 0.88984375 0.0375 0.0359375
2 0.7421875 0.8828125 0.0375 0.0375
2 0.57734375 0.87421875 0.0484375 0.0484375
2 0.27265625 0.93046875 0.0359375 0.0375
2 0.928125 0.08984375 0.0375 0.0375
2 0.18984375 0.10859375 0.02421875 0.025
2 0.290625 0.053125 0.0484375 0.0484375
2 0.46875 0.059375 0.0484375 0.05
2 0.6625 0.059375 0.0484375 0.05
2 0.83671875 0.140625 0.0359375 0.0375
2 0.83203125 0.26875 0.0484375 0.05
2 0.9171875 0.53828125 0.0359375 0.0359375
2 0.74609375 0.2671875 0.0484375 0.05
2 0.8171875 0.60078125 0.0375 0.0375
2 0.665625 0.24453125 0.0484375 0.05
2 0.6609375 0.3484375 0.06171875 0.06171875
2 0.6640625 0.42890625 0.0484375 0.0484375
2 0.665625 0.5109375 0.0484375 0.0484375
2 0.57421875 0.4484375 0.0484375 0.0484375
2 0.57890625 0.35546875 0.0484375 0.0484375
2 0.5765625 0.18828125 0.0484375 0.05
2 0.4640625 0.17265625 0.0484375 0.0484375
2 0.38984375 0.21640625 0.02421875 0.02421875
2 0.3953125 0.34140625 0.02421875 0.02421875
2 0.396875 0.45625 0.02421875 0.025
2 0.28046875 0.38359375 0.02421875 0.02421875
2 0.28046875 0.1453125 0.02421875 0.02421875
2 0.91328125 0.7796875 0.0375 0.0375
2 0.7453125 0.7890625 0.0484375 0.0484375
2 0.82109375 0.8203125 0.0375 0.0375
2 0.5734375 0.73984375 0.02421875 0.02421875
2 0.58046875 0.96953125 0.02421875 0.02421875
2 0.08515625 0.05859375 0.0484375 0.0484375
2 0.0875 0.1703125 0.0484375 0.0484375
2 0.1890625 0.3296875 0.02421875 0.02421875
2 0.07265625 0.4171875 0.0359375 0.0375