2 0.20234375 0.65546875 0.0484375 0.0484375
2 0.121875 0.075 0.0484375 0.0484375
2 0.10625 0.8234375 0.06171875 0.06171875
2 0.20078125 0.7609375 0.06171875 0.06171875
2 0.2015625 0.86015625 0.0484375 0.05
2 0.2 0.96015625 0.0484375 0.05
2 0.86640625 0.6125 0.0484375 0.05
1 0.8890625 0.18125 0.0859375 0.0859375
1 0.9 0.0921875 0.0859375 0.0859375
2 0.62109375 0.1359375 0.0609375 0.06171875
2 0.61796875 0.0359375 0.0484375 0.05
2 0.69140625 0.67578125 0.0484375 0.0484375
2 0.6890625 0.78203125 0.0484375 0.0484375
2 0.6828125 0.87890625 0.0375 0.0375
2 0.68359375 0.96796875 0.0375 0.0375
2 0.7765625 0.7171875 0.0484375 0.0484375
2 0.778125 0.83046875 0.0609375 0.06171875
2 0.76875 0.9515625 0.0375 0.0375
2 0.84296875 0.8484375 0.06171875 0.06171875
2 0.83515625 0.946875 0.0484375 0.0484375
2 0.98203125 0.7828125 0.02421875 0.02421875
2 0.3125 0.71796875 0.0484375 0.0484375
2 0.3109375 0.80546875 0.0484375 0.0484375
2 0.31484375 0.909375 0.0359375 0.0359375
2 0.403125 0.92890625 0.0375 0.0375
2 0.465625 0.89140625 0.0359375 0.0375
2 0.41328125 0.81875 0.0375 0.0375
2 0.41875 0.69609375 0.0375 0.0375
2 0.8796875 0.303125 0.0234375 0.02421875
2 0.87421875 0.40625 0.0484375 0.0484375
2 0.86328125 0.51875 0.0375 0.0359375
2 0.7953125 0.25 0.0484375 0.0484375
2 0.79453125 0.365625 0.02421875 0.02421875
2 0.7875 0.49296875 0.02421875 0.02421875
2 0.78125 0.60703125 0.0484375 0.05
2 0.7015625 0.303125 0.0359375 0.0359375
2 0.7015625 0.4328125 0.02421875 0.02421875
2 0.69609375 0.5421875 0.02421875 0.02421875
2 0.628125 0.2328125 0.0375 0.0359375
2 0.63125 0.35234375 0.0484375 0.05
2 0.625 0.48359375 0.0375 0.0375
2 0.6265625 0.5859375 0.0484375 0.0484375
2 0.62421875 0.715625 0.0359375 0.0375
2 0.5375 0.27578125 0.0359375 0.0359375
1 0.30390625 0.60546875 0.0484375 0.0484375
2 0.42265625 0.02578125 0.0375 0.0359375
2 0.32265625 0.07265625 0.0359375 0.0359375
2 0.3015625 0.196875 0.0359375 0.0375
2 0.4171875 0.14921875 0.0359375 0.0359375
2 0.5359375 0.09140625 0.0484375 0.05
2 0.5375 0.18046875 0.0375 0.0359375
2 0.79765625 0.14375 0.0484375 0.0484375
2 0.7046875 0.08125 0.0484375 0.0484375
2 0.70546875 0.1828125 0.0359375 0.0375
2 0.0375 0.040625 0.0375 0.0375
2 0.1265625 0.2203125 0.02421875 0.025
2 0.2078125 0.2203125 0.0359375 0.0375
2 0.0296875 0.6984375 0.0484375 0.05
2 0.034375 0.6 0.0375 0.0359375
2 0.03828125 0.51875 0.0375 0.0375
2 0.0484375 0.4015625 0.0359375 0.0375
2 0.13125 0.4375 0.0359375 0.0375
2 0.1359375 0.52734375 0.0359375 0.0375
2 0.1265625 0.62109375 0.0359375 0.0375
2 0.11796875 0.721875 0.0359375 0.0359375
2 0.20234375 0.559375 0.0375 0.0375
2 0.20234375 0.475 0.0375 0.0375
2 0.2015625 0.4015625 0.0375 0.0375
2 0.1078125 0.93046875 0.0359375 0.0375
2 0.62890625 0.83125 0.0484375 0.0484375