2 0.6234375 0.36015625 0.0734375 0.07421875
2 0.35546875 0.0375 0.0484375 0.05
2 0.553125 0.209375 0.06171875 0.06171875
2 0.61953125 0.8 0.06171875 0.06171875
2 0.3453125 0.7421875 0.0859375 0.0859375
2 0.7171875 0.21875 0.08515625 0.0859375
1 0.8921875 0.8765625 0.121875 0.1234375
1 0.90546875 0.74921875 0.0734375 0.0734375
1 0.9109375 0.64765625 0.11015625 0.11015625
1 0.91328125 0.52421875 0.121875 0.1234375
1 0.9125 0.4203125 0.109375 0.11015625
1 0.91328125 0.32578125 0.09765625 0.0984375
1 0.9109375 0.2171875 0.09765625 0.0984375
1 0.81484375 0.2703125 0.121875 0.1234375
1 0.81875 0.36171875 0.121875 0.121875
1 0.8140625 0.46640625 0.11015625 0.11015625
1 0.803125 0.57890625 0.11015625 0.1109375
1 0.8046875 0.6984375 0.109375 0.11015625
1 0.80703125 0.80703125 0.11015625 0.11015625
1 0.80703125 0.915625 0.11015625 0.1109375
1 0.7125 0.8609375 0.0859375 0.0859375
1 0.71640625 0.759375 0.0734375 0.07421875
1 0.71953125 0.6421875 0.08515625 0.0859375
1 0.71796875 0.51953125 0.08515625 0.0859375
1 0.7171875 0.41796875 0.0859375 0.0859375
1 0.7296875 0.31796875 0.11015625 0.11015625
1 0.628125 0.2640625 0.0859375 0.08671875
1 0.62890625 0.4703125 0.0859375 0.0859375
1 0.62421875 0.584375 0.09765625 0.09765625
1 0.62265625 0.69609375 0.08515625 0.0859375
1 0.61953125 0.91875 0.11015625 0.11015625
1 0.5265625 0.853125 0.109375 0.11015625
1 0.528125 0.7375 0.11015625 0.11015625
1 0.5375 0.621875 0.09765625 0.0984375
1 0.5453125 0.52265625 0.109375 0.11015625
1 0.53984375 0.43828125 0.109375 0.11015625
1 0.5453125 0.31328125 0.11015625 0.1109375
1 0.45390625 0.265625 0.121875 0.1234375
1 0.45078125 0.37421875 0.11015625 0.11015625
1 0.4421875 0.4734375 0.11015625 0.11015625
1 0.4390625 0.590625 0.11015625 0.11015625
1 0.4328125 0.6890625 0.0859375 0.0859375
1 0.44609375 0.80390625 0.109375 0.1109375
1 0.44375 0.89765625 0.09765625 0.09765625
1 0.3390625 0.95078125 0.0859375 0.08671875
1 0.3375 0.8515625 0.0859375 0.0859375
1 0.3390625 0.64921875 0.11015625 0.11015625
1 0.34609375 0.521875 0.11015625 0.1109375
1 0.3609375 0.4109375 0.09765625 0.0984375
1 0.35625 0.3109375 0.09765625 0.09765625
1 0.2484375 0.25859375 0.09765625 0.0984375
1 0.24921875 0.365625 0.0859375 0.0859375
1 0.2609375 0.4625 0.09765625 0.09765625
1 0.2578125 0.57578125 0.109375 0.11015625
1 0.253125 0.6828125 0.109375 0.1109375
1 0.25 0.79609375 0.109375 0.1109375
3 0.25234375 0.92578125 0.08515625 0.0859375
1 0.153125 0.84765625 0.0859375 0.0859375
1 0.15 0.7390625 0.09765625 0.0984375
1 0.1546875 0.628125 0.09765625 0.09765625
1 0.1609375 0.51875 0.109375 0.1109375
1 0.159375 0.4171875 0.09765625 0.09765625
1 0.1703125 0.32109375 0.08515625 0.0859375
1 0.15859375 0.240625 0.08515625 0.0859375
2 0.25078125 0.04609375 0.0484375 0.05