2 0.45625 0.7515625 0.0734375 0.07421875
2 0.8265625 0.7328125 0.0484375 0.05
2 0.740625 0.7453125 0.0609375 0.06171875
2 0.74140625 0.95390625 0.0609375 0.06171875
2 0.8265625 0.85703125 0.0609375 0.06171875
2 0.74375 0.840625 0.0609375 0.06171875
2 0.38515625 0.91484375 0.06171875 0.06171875
2 0.5703125 0.9203125 0.0484375 0.0484375
2 0.91484375 0.79921875 0.06171875 0.06171875
2 0.46015625 0.86328125 0.0734375 0.07421875
2 0.2828125 0.19375 0.0609375 0.06171875
2 0.1859375 0.27109375 0.0609375 0.06171875
2 0.184375 0.3734375 0.0734375 0.07421875
2 0.0890625 0.1953125 0.0484375 0.0484375
2 0.27265625 0.959375 0.06171875 0.06171875
2 0.1796875 0.91328125 0.0375 0.0375
2 0.075 0.85234375 0.0484375 0.05
2 0.28203125 0.8578125 0.0359375 0.0375
2 0.58125 0.64140625 0.06171875 0.06171875
2 0.46953125 0.0875 0.06171875 0.06171875
2 0.37734375 0.0421875 0.06171875 0.06171875
2 0.7359375 0.51484375 0.06171875 0.06171875
2 0.6609375 0.321875 0.0609375 0.06171875
2 0.465625 0.64765625 0.0484375 0.0484375
2 0.56953125 0.44765625 0.0484375 0.05
2 0.753125 0.4203125 0.0609375 0.06171875
2 0.93671875 0.0328125 0.0375 0.0375
2 0.92109375 0.67890625 0.06171875 0.06171875
2 0.47109375 0.31796875 0.06171875 0.06171875
2 0.659375 0.09375 0.0484375 0.0484375
2 0.5671875 0.3328125 0.0484375 0.05
2 0.39140625 0.25625 0.0484375 0.05
2 0.9296875 0.13203125 0.0375 0.0375
2 0.928125 0.2484375 0.0375 0.0375
2 0.9296875 0.35234375 0.0375 0.0375
2 0.92578125 0.45 0.0375 0.0375
2 0.85078125 0.0734375 0.0484375 0.0484375
2 0.74140625 0.084375 0.0359375 0.0375
2 0.753125 0.21015625 0.0359375 0.0375
2 0.753125 0.29296875 0.0484375 0.0484375
2 0.846875 0.1859375 0.0609375 0.06171875
2 0.6578125 0.203125 0.0375 0.0375
2 0.5609375 0.25390625 0.0484375 0.0484375
2 0.56328125 0.14921875 0.0375 0.0375
2 0.465625 0.20078125 0.0484375 0.05
2 0.3921875 0.3484375 0.0484375 0.05
1 0.38828125 0.15703125 0.06171875 0.06171875
2 0.27421875 0.08125 0.0484375 0.05
2 0.1890625 0.14375 0.0609375 0.06171875
2 0.18828125 0.46875 0.02421875 0.025
2 0.2890625 0.41328125 0.0484375 0.0484375
2 0.2828125 0.2953125 0.0484375 0.05
2 0.4671875 0.41953125 0.0484375 0.05
2 0.66015625 0.41953125 0.0484375 0.05
2 0.834375 0.50078125 0.0359375 0.0375
2 0.8296875 0.6296875 0.0484375 0.05
2 0.915625 0.89921875 0.0359375 0.0359375
2 0.74375 0.62734375 0.0484375 0.05
2 0.815625 0.9609375 0.0375 0.0375
2 0.6640625 0.6046875 0.0484375 0.05
2 0.65859375 0.70859375 0.06171875 0.06171875
2 0.6625 0.7890625 0.0484375 0.0484375
2 0.6640625 0.87109375 0.0484375 0.0484375
2 0.571875 0.80859375 0.0484375 0.0484375
2 0.57734375 0.715625 0.0484375 0.0484375
2 0.57421875 0.5484375 0.0484375 0.05
2 0.46171875 0.5328125 0.0484375 0.0484375
2 0.38828125 0.5765625 0.02421875 0.02421875
2 0.39296875 0.7015625 0.02421875 0.02421875
2 0.3953125 0.81640625 0.02421875 0.025
2 0.27890625 0.74375 0.02421875 0.02421875
2 0.27890625 0.50546875 0.02421875 0.02421875
2 0.0828125 0.41875 0.0484375 0.0484375
2 0.0859375 0.53046875 0.0484375 0.0484375
3 0.08984375 0.09765625 0.0484375 0.0484375
2 0.09140625 0.3078125 0.02421875 0.02421875
2 0.18671875 0.68984375 0.02421875 0.02421875
2 0.07109375 0.77734375 0.0359375 0.0375