1 0.0953125 0.08984375 0.121875 0.1234375
1 0.09140625 0.20390625 0.121875 0.1234375
1 0.20546875 0.146875 0.121875 0.1234375
1 0.20546875 0.2546875 0.121875 0.1234375
1 0.09453125 0.3265625 0.09765625 0.09765625
1 0.10234375 0.43125 0.09765625 0.09765625
1 0.090625 0.5546875 0.09765625 0.09765625
1 0.09453125 0.64296875 0.09765625 0.0984375
1 0.85625 0.2 0.121875 0.1234375
1 0.853125 0.075 0.109375 0.11015625
1 0.76875 0.1640625 0.121875 0.1234375
1 0.28984375 0.10078125 0.11015625 0.11015625
1 0.2984375 0.2078125 0.121875 0.121875
1 0.3875 0.14609375 0.11015625 0.11015625
1 0.475 0.08984375 0.121875 0.1234375
1 0.4828125 0.215625 0.121875 0.1234375
1 0.5734375 0.153125 0.121875 0.1234375
1 0.66640625 0.096875 0.11015625 0.1109375
1 0.67890625 0.2171875 0.11015625 0.1109375
1 0.20234375 0.3609375 0.121875 0.1234375
1 0.19765625 0.475 0.121875 0.121875
1 0.20078125 0.57734375 0.11015625 0.11015625
1 0.19375 0.70859375 0.09765625 0.0984375
1 0.090625 0.7578125 0.0859375 0.0859375
1 0.1921875 0.82109375 0.11015625 0.11015625
1 0.284375 0.75859375 0.08515625 0.0859375
1 0.28828125 0.6578125 0.09765625 0.0984375
1 0.2859375 0.53984375 0.09765625 0.0984375
1 0.290625 0.43046875 0.09765625 0.0984375
1 0.29140625 0.32734375 0.121875 0.1234375
1 0.3875 0.25625 0.096875 0.09765625
1 0.378125 0.36640625 0.09765625 0.09765625
1 0.396875 0.47109375 0.09765625 0.0984375
1 0.38671875 0.5953125 0.0859375 0.0859375
1 0.38984375 0.69453125 0.09765625 0.0984375
1 0.3859375 0.8171875 0.09765625 0.0984375
1 0.4796875 0.75625 0.121875 0.1234375
1 0.47734375 0.6515625 0.121875 0.1234375
1 0.47734375 0.53203125 0.121875 0.1234375
1 0.47421875 0.4328125 0.11015625 0.1109375
1 0.47890625 0.3171875 0.121875 0.1234375
1 0.5765625 0.26328125 0.109375 0.11015625
1 0.584375 0.3578125 0.121875 0.1234375
1 0.575 0.47734375 0.121875 0.1234375
1 0.57578125 0.603125 0.121875 0.1234375
1 0.56796875 0.7078125 0.11015625 0.11015625
1 0.56875 0.81875 0.121875 0.1234375
1 0.671875 0.75625 0.109375 0.11015625
1 0.678125 0.64765625 0.09765625 0.09765625
1 0.66875 0.54296875 0.121875 0.1234375
1 0.66953125 0.4359375 0.121875 0.1234375
1 0.66796875 0.32265625 0.09765625 0.0984375
1 0.76875 0.2609375 0.11015625 0.11015625
1 0.859375 0.303125 0.109375 0.11015625
1 0.86015625 0.42109375 0.11015625 0.11015625
1 0.7640625 0.37734375 0.11015625 0.11015625
1 0.77109375 0.4734375 0.11015625 0.11015625
1 0.7640625 0.59453125 0.121875 0.1234375
1 0.76015625 0.703125 0.121875 0.1234375
1 0.75859375 0.82109375 0.109375 0.11015625
1 0.865625 0.746875 0.121875 0.1234375
1 0.85859375 0.6515625 0.121875 0.1234375
1 0.8609375 0.51875 0.09765625 0.0984375
1 0.95 0.91953125 0.09765625 0.0984375
1 0.8734375 0.925 0.121875 0.1234375
1 0.7578125 0.9140625 0.09765625 0.09765625
1 0.671875 0.859375 0.09765625 0.09765625
1 0.56953125 0.9234375 0.11015625 0.11015625
1 0.4734375 0.86953125 0.109375 0.11015625
1 0.375 0.9234375 0.09765625 0.0984375
1 0.2859375 0.8640625 0.08515625 0.08671875
2 0.17578125 0.9203125 0.0484375 0.05
1 0.09453125 0.878125 0.09765625 0.0984375