2 0.72265625 0.17890625 0.0859375 0.0859375
2 0.91875 0.10625 0.0609375 0.06171875
2 0.9171875 0.2078125 0.0734375 0.07421875
2 0.821875 0.03046875 0.0484375 0.0484375
2 0.59375 0.56015625 0.0484375 0.05
2 0.915625 0.84609375 0.0484375 0.05
2 0.8046875 0.8890625 0.0609375 0.06171875
2 0.91328125 0.94453125 0.0484375 0.05
2 0.80859375 0.809375 0.0609375 0.06171875
2 0.91328125 0.7484375 0.0375 0.0375
2 0.80859375 0.68671875 0.0484375 0.05
1 0.721875 0.08671875 0.09765625 0.0984375
1 0.61640625 0.12890625 0.0859375 0.0859375
2 0.3484375 0.08359375 0.0609375 0.06171875
2 0.92109375 0.30390625 0.02421875 0.025
2 0.41875 0.6234375 0.0484375 0.0484375
2 0.4171875 0.7296875 0.0484375 0.0484375
2 0.41015625 0.8265625 0.0375 0.0375
2 0.4109375 0.91484375 0.0375 0.0375
2 0.50390625 0.6640625 0.0484375 0.0484375
2 0.50625 0.778125 0.0609375 0.06171875
2 0.49609375 0.8984375 0.0375 0.0375
2 0.57109375 0.7953125 0.06171875 0.06171875
2 0.5625 0.89453125 0.0484375 0.0484375
2 0.709375 0.7296875 0.02421875 0.02421875
2 0.709375 0.83671875 0.0359375 0.0375
2 0.03984375 0.66484375 0.0484375 0.0484375
2 0.03828125 0.753125 0.0484375 0.0484375
2 0.0421875 0.85703125 0.0359375 0.0359375
2 0.0359375 0.9390625 0.0484375 0.05
2 0.13125 0.87578125 0.0375 0.0375
2 0.19296875 0.8390625 0.0359375 0.0375
2 0.140625 0.765625 0.0375 0.0375
2 0.146875 0.64375 0.0375 0.0375
2 0.81640625 0.25390625 0.0484375 0.0484375
2 0.81953125 0.365625 0.0484375 0.0484375
2 0.7140625 0.61796875 0.0375 0.0359375
2 0.71875 0.50078125 0.0484375 0.0484375
2 0.71875 0.396875 0.0484375 0.0484375
2 0.72578125 0.28515625 0.0484375 0.0484375
2 0.6078125 0.25078125 0.0234375 0.02421875
2 0.6015625 0.353125 0.0484375 0.0484375
2 0.590625 0.46640625 0.0375 0.0359375
2 0.52265625 0.196875 0.0484375 0.0484375
2 0.521875 0.31328125 0.02421875 0.02421875
2 0.51484375 0.43984375 0.02421875 0.02421875
2 0.50859375 0.55390625 0.0484375 0.05
2 0.42890625 0.25078125 0.0359375 0.0359375
2 0.42890625 0.38046875 0.02421875 0.02421875
2 0.4234375 0.48984375 0.02421875 0.02421875
2 0.35546875 0.18046875 0.0375 0.0359375
2 0.35859375 0.29921875 0.0484375 0.05
2 0.35234375 0.43046875 0.0375 0.0375
2 0.3546875 0.5328125 0.0484375 0.0484375
2 0.35234375 0.66328125 0.0359375 0.0375
2 0.26484375 0.2234375 0.0359375 0.0359375
1 0.03125 0.553125 0.0484375 0.0484375
2 0.825 0.14296875 0.02421875 0.02421875
2 0.05 0.0203125 0.0359375 0.0359375
2 0.02890625 0.14453125 0.0359375 0.0375
2 0.1453125 0.09609375 0.0359375 0.0359375
2 0.2640625 0.03828125 0.0484375 0.05
2 0.26484375 0.12734375 0.0375 0.0359375
2 0.525 0.090625 0.0484375 0.0484375
2 0.4328125 0.028125 0.0484375 0.0484375
2 0.4328125 0.1296875 0.0359375 0.0375
2 0.35625 0.778125 0.0484375 0.0484375
2 0.9203125 0.525 0.02421875 0.02421875
2 0.80390625 0.6125 0.0359375 0.0375