2 0.17421875 0.75234375 0.06171875 0.06171875
2 0.1796875 0.53203125 0.0484375 0.05
2 0.175 0.8765625 0.0609375 0.06171875
1 0.08828125 0.9171875 0.0359375 0.0375
2 0.1828125 0.090625 0.06171875 0.06171875
2 0.1859375 0.2046875 0.06171875 0.06171875
2 0.1796875 0.41953125 0.0609375 0.06171875
2 0.18359375 0.30546875 0.0609375 0.06171875
2 0.25859375 0.384375 0.0484375 0.0484375
2 0.8578125 0.0640625 0.0609375 0.06171875
2 0.9390625 0.1328125 0.08515625 0.0859375
2 0.8640625 0.28125 0.0484375 0.0484375
2 0.93828125 0.34375 0.0484375 0.0484375
2 0.8640625 0.17109375 0.06171875 0.06171875
2 0.2671875 0.0453125 0.04765625 0.05
2 0.36640625 0.0984375 0.0734375 0.07421875
2 0.7609375 0.13125 0.06171875 0.06171875
2 0.2640625 0.27421875 0.0734375 0.0734375
2 0.37265625 0.31875 0.06171875 0.06171875
2 0.25625 0.834375 0.0609375 0.06171875
2 0.36328125 0.7796875 0.0609375 0.06171875
2 0.48046875 0.81171875 0.0609375 0.06171875
2 0.3609375 0.896875 0.0609375 0.06171875
2 0.2546875 0.6 0.0484375 0.05
2 0.2578125 0.96015625 0.0609375 0.06171875
2 0.09921875 0.05703125 0.06171875 0.06171875
2 0.0953125 0.14921875 0.0484375 0.0484375
2 0.4703125 0.940625 0.0484375 0.0484375
2 0.50078125 0.0765625 0.0484375 0.05
1 0.2671875 0.15234375 0.08515625 0.0859375
2 0.94921875 0.221875 0.0609375 0.06171875
2 0.94921875 0.44921875 0.0375 0.0375
2 0.56171875 0.1109375 0.0484375 0.05
2 0.5671875 0.4421875 0.02421875 0.02421875
2 0.5640625 0.2375 0.02421875 0.02421875
2 0.36640625 0.434375 0.0375 0.0375
2 0.48984375 0.409375 0.0359375 0.0375
2 0.36953125 0.1859375 0.02421875 0.02421875
2 0.66484375 0.8453125 0.0484375 0.0484375
2 0.65703125 0.95859375 0.02421875 0.02421875
2 0.55390625 0.896875 0.0484375 0.05
2 0.55546875 0.7734375 0.02421875 0.025
2 0.559375 0.665625 0.0375 0.0375
2 0.48515625 0.61875 0.0375 0.0375
2 0.4796875 0.715625 0.0609375 0.06171875
2 0.36796875 0.55390625 0.0375 0.0375
2 0.3671875 0.67109375 0.0375 0.0375
2 0.25625 0.7390625 0.0484375 0.0484375
2 0.178125 0.65546875 0.0359375 0.0375
2 0.259375 0.49609375 0.0484375 0.0484375
2 0.48125 0.5125 0.0375 0.0375
2 0.08984375 0.4765625 0.0375 0.0375
2 0.08359375 0.80703125 0.0359375 0.0359375