2 0.07109375 0.134375 0.0609375 0.06171875
2 0.153125 0.203125 0.08515625 0.0859375
2 0.078125 0.3515625 0.0484375 0.0484375
2 0.15234375 0.4140625 0.0484375 0.0484375
2 0.07734375 0.24140625 0.06171875 0.06171875
3 0.821875 0.4734375 0.09765625 0.0984375
2 0.2515625 0.46875 0.0484375 0.0484375
2 0.2515625 0.5875 0.0609375 0.06171875
2 0.253125 0.3625 0.0484375 0.0484375
2 0.25234375 0.91953125 0.06171875 0.06171875
2 0.3453125 0.6375 0.0484375 0.05
2 0.25078125 0.68203125 0.0609375 0.06171875
2 0.2625 0.8015625 0.0734375 0.0734375
1 0.928125 0.09296875 0.11015625 0.11015625
1 0.8234375 0.13828125 0.11015625 0.11015625
1 0.7359375 0.06875 0.109375 0.11015625
1 0.64375 0.14140625 0.121875 0.1234375
1 0.5390625 0.09296875 0.09765625 0.0984375
1 0.45625 0.1375 0.11015625 0.1109375
1 0.35078125 0.0828125 0.109375 0.1109375
1 0.2609375 0.1375 0.109375 0.1109375
1 0.15703125 0.0890625 0.09765625 0.09765625
1 0.25078125 0.2296875 0.08515625 0.0859375
1 0.3453125 0.1921875 0.11015625 0.11015625
1 0.44453125 0.25625 0.109375 0.11015625
1 0.44453125 0.365625 0.109375 0.11015625
1 0.446875 0.47421875 0.11015625 0.11015625
1 0.44765625 0.5734375 0.11015625 0.11015625
1 0.44765625 0.6859375 0.11015625 0.11015625
1 0.5484375 0.63359375 0.09765625 0.0984375
1 0.5453125 0.521875 0.09765625 0.0984375
1 0.5390625 0.41328125 0.109375 0.11015625
1 0.54609375 0.3015625 0.109375 0.11015625
1 0.5328125 0.1921875 0.11015625 0.11015625
1 0.6296875 0.246875 0.121875 0.1234375
1 0.6390625 0.34921875 0.11015625 0.11015625
1 0.64140625 0.4703125 0.109375 0.11015625
1 0.6375 0.575 0.109375 0.11015625
1 0.64375 0.6859375 0.09765625 0.0984375
1 0.72421875 0.63515625 0.11015625 0.11015625
1 0.73203125 0.5296875 0.11015625 0.11015625
1 0.728125 0.415625 0.11015625 0.11015625
1 0.721875 0.31953125 0.11015625 0.11015625
1 0.72734375 0.1921875 0.109375 0.1109375
1 0.825 0.25078125 0.109375 0.1109375
1 0.82734375 0.36015625 0.109375 0.11015625
1 0.82578125 0.5890625 0.11015625 0.11015625
1 0.91015625 0.6375 0.109375 0.11015625
1 0.9109375 0.51796875 0.109375 0.11015625
1 0.91796875 0.4234375 0.109375 0.1109375
1 0.91484375 0.30390625 0.09765625 0.09765625
1 0.91953125 0.19140625 0.11015625 0.1109375
3 0.9171875 0.75078125 0.11015625 0.11015625
1 0.92265625 0.85078125 0.08515625 0.08671875
1 0.821875 0.7046875 0.11015625 0.11015625
1 0.81796875 0.80703125 0.11015625 0.11015625
1 0.82109375 0.91875 0.09765625 0.0984375
1 0.73125 0.7484375 0.109375 0.11015625
1 0.73046875 0.86484375 0.09765625 0.0984375
1 0.640625 0.81484375 0.09765625 0.0984375
1 0.64140625 0.90546875 0.09765625 0.09765625
1 0.5375 0.753125 0.11015625 0.11015625
1 0.54765625 0.86015625 0.09765625 0.09765625
1 0.4421875 0.9234375 0.109375 0.1109375
1 0.45 0.8078125 0.11015625 0.1109375
2 0.16328125 0.2921875 0.0609375 0.06171875
2 0.16328125 0.51953125 0.0375 0.0375
2 0.3421875 0.528125 0.0375 0.0375
2 0.3421875 0.75859375 0.0484375 0.05
2 0.3453125 0.86328125 0.0484375 0.0484375
2 0.340625 0.96796875 0.06171875 0.06171875
2 0.34765625 0.3046875 0.0484375 0.0484375
2 0.3484375 0.40546875 0.0484375 0.0484375