2 0.734375 0.1703125 0.0859375 0.0859375
2 0.93046875 0.096875 0.0609375 0.06171875
2 0.92890625 0.19921875 0.0734375 0.07421875
2 0.60546875 0.5515625 0.0484375 0.05
2 0.928125 0.8375 0.0484375 0.05
2 0.81640625 0.88046875 0.0609375 0.06171875
2 0.925 0.9359375 0.0484375 0.05
2 0.8203125 0.8 0.0609375 0.06171875
2 0.925 0.7390625 0.0375 0.0375
2 0.8203125 0.678125 0.0484375 0.05
1 0.73359375 0.07734375 0.09765625 0.0984375
1 0.628125 0.1203125 0.0859375 0.0859375
2 0.36015625 0.075 0.0609375 0.06171875
2 0.9328125 0.2953125 0.02421875 0.025
2 0.43046875 0.6140625 0.0484375 0.0484375
2 0.42890625 0.7203125 0.0484375 0.0484375
2 0.421875 0.8171875 0.0375 0.0375
2 0.42265625 0.90625 0.0375 0.0375
2 0.515625 0.65546875 0.0484375 0.0484375
2 0.5171875 0.76875 0.0609375 0.06171875
2 0.5078125 0.88984375 0.0375 0.0375
2 0.5828125 0.78671875 0.06171875 0.06171875
2 0.57421875 0.8859375 0.0484375 0.0484375
2 0.72109375 0.72109375 0.02421875 0.02421875
2 0.72109375 0.828125 0.0359375 0.0375
2 0.0515625 0.65625 0.0484375 0.0484375
2 0.05 0.74375 0.0484375 0.0484375
2 0.05390625 0.8484375 0.0359375 0.0359375
2 0.04765625 0.93046875 0.0484375 0.05
2 0.1421875 0.8671875 0.0375 0.0375
2 0.2046875 0.8296875 0.0359375 0.0375
2 0.15234375 0.75703125 0.0375 0.0375
2 0.1578125 0.634375 0.0375 0.0375
2 0.828125 0.2453125 0.0484375 0.0484375
2 0.83125 0.35625 0.0484375 0.0484375
2 0.72578125 0.60859375 0.0375 0.0359375
2 0.73046875 0.4921875 0.0484375 0.0484375
2 0.73046875 0.3875 0.0484375 0.0484375
2 0.7375 0.2765625 0.0484375 0.0484375
2 0.61875 0.24140625 0.0234375 0.02421875
2 0.61328125 0.34453125 0.0484375 0.0484375
2 0.60234375 0.4578125 0.0375 0.0359375
2 0.534375 0.18828125 0.0484375 0.0484375
2 0.53359375 0.30390625 0.02421875 0.02421875
2 0.5265625 0.43125 0.02421875 0.02421875
2 0.5203125 0.5453125 0.0484375 0.05
2 0.440625 0.24140625 0.0359375 0.0359375
2 0.440625 0.371875 0.02421875 0.02421875
2 0.43515625 0.48125 0.02421875 0.02421875
2 0.3671875 0.17109375 0.0375 0.0359375
2 0.3703125 0.290625 0.0484375 0.05
2 0.3640625 0.421875 0.0375 0.0375
2 0.36640625 0.52421875 0.0484375 0.0484375
2 0.3640625 0.6546875 0.0359375 0.0375
2 0.2765625 0.2140625 0.0359375 0.0359375
1 0.04296875 0.54375 0.0484375 0.0484375
2 0.83671875 0.134375 0.02421875 0.02421875
2 0.040625 0.1359375 0.0359375 0.0375
2 0.15703125 0.0875 0.0359375 0.0359375
2 0.275 0.0296875 0.0484375 0.05
2 0.2765625 0.11875 0.0375 0.0359375
2 0.5375 0.08203125 0.0484375 0.0484375
2 0.44453125 0.12109375 0.0359375 0.0375
2 0.36796875 0.76953125 0.0484375 0.0484375
2 0.93203125 0.51640625 0.02421875 0.02421875
2 0.815625 0.603125 0.0359375 0.0375