2 0.06484375 0.659375 0.0359375 0.0375
2 0.43984375 0.4671875 0.06171875 0.06171875
2 0.83984375 0.88203125 0.0859375 0.0859375
2 0.9390625 0.73359375 0.0484375 0.0484375
1 0.3703125 0.0828125 0.11015625 0.11015625
1 0.5640625 0.07890625 0.09765625 0.0984375
1 0.74765625 0.0796875 0.121875 0.1234375
1 0.9375 0.0828125 0.109375 0.11015625
1 0.93671875 0.17578125 0.09765625 0.09765625
1 0.9453125 0.28125 0.09765625 0.09765625
1 0.9390625 0.40859375 0.09765625 0.0984375
1 0.9421875 0.5109375 0.11015625 0.11015625
1 0.85078125 0.12109375 0.09765625 0.09765625
1 0.84921875 0.25234375 0.11015625 0.11015625
1 0.8453125 0.35625 0.09765625 0.0984375
1 0.840625 0.4625 0.09765625 0.0984375
1 0.8453125 0.5828125 0.0859375 0.08671875
1 0.7484375 0.18515625 0.11015625 0.11015625
1 0.7453125 0.3 0.11015625 0.11015625
1 0.7453125 0.40859375 0.121875 0.121875
1 0.7453125 0.525 0.121875 0.121875
1 0.65234375 0.13125 0.109375 0.11015625
1 0.6484375 0.22890625 0.09765625 0.0984375
1 0.659375 0.34296875 0.09765625 0.0984375
1 0.65625 0.459375 0.09765625 0.0984375
1 0.653125 0.584375 0.09765625 0.0984375
1 0.55390625 0.18515625 0.09765625 0.0984375
1 0.55546875 0.28828125 0.09765625 0.0984375
1 0.5609375 0.40703125 0.09765625 0.0984375
1 0.4640625 0.12578125 0.08515625 0.08671875
2 0.3546875 0.18203125 0.0484375 0.05
1 0.2734375 0.13984375 0.09765625 0.0984375
1 0.8390625 0.67578125 0.08515625 0.0859375
1 0.8390625 0.78984375 0.09765625 0.0984375
1 0.73359375 0.83203125 0.0859375 0.0859375
1 0.7453125 0.7421875 0.0859375 0.0859375
1 0.7515625 0.63203125 0.0859375 0.0859375
1 0.6609375 0.684375 0.09765625 0.0984375
2 0.465625 0.78671875 0.0609375 0.06171875
2 0.4625 0.6859375 0.0484375 0.05
2 0.93359375 0.95703125 0.0484375 0.0484375
2 0.725 0.95390625 0.0234375 0.02421875
2 0.63984375 0.9 0.0484375 0.0484375
2 0.54609375 0.95390625 0.0359375 0.0359375
2 0.47265625 0.88359375 0.0375 0.0359375
2 0.38203125 0.9265625 0.0359375 0.0359375
3 0.940625 0.6359375 0.0484375 0.0484375
2 0.9421875 0.84609375 0.02421875 0.02421875
2 0.5484375 0.63359375 0.0359375 0.0375
2 0.46796875 0.56875 0.0359375 0.0375
2 0.365625 0.6234375 0.0375 0.0375
2 0.2671875 0.6765625 0.0375 0.0359375
2 0.1671875 0.7234375 0.0359375 0.0359375
2 0.14609375 0.84765625 0.0359375 0.0375
2 0.2625 0.79921875 0.0359375 0.0359375
2 0.38125 0.74140625 0.0484375 0.05
2 0.38203125 0.83046875 0.0375 0.0359375
2 0.6421875 0.79375 0.0484375 0.0484375
2 0.55 0.73125 0.0484375 0.0484375
2 0.55 0.8328125 0.0359375 0.0375
2 0.08671875 0.47421875 0.0359375 0.0359375
1 0.0671875 0.25390625 0.0484375 0.0484375
1 0.0796875 0.13359375 0.0484375 0.0484375
1 0.1625 0.1625 0.0375 0.0375
2 0.153125 0.309375 0.0375 0.0375
2 0.3015625 0.26640625 0.0375 0.0375
2 0.35234375 0.3921875 0.0359375 0.0375
2 0.46015625 0.2484375 0.0375 0.0375
2 0.2703125 0.45234375 0.0375 0.0375
2 0.36484375 0.49375 0.02421875 0.02421875
2 0.05625 0.3546875 0.0359375 0.0375
2 0.05234375 0.87109375 0.0359375 0.0375
2 0.2140625 0.56953125 0.0359375 0.0359375
2 0.5546875 0.51953125 0.0375 0.0375
1 0.17890625 0.08125 0.09765625 0.09765625