2 0.0515625 0.92265625 0.0609375 0.06171875
2 0.240625 0.95078125 0.06171875 0.06171875
2 0.3328125 0.94375 0.0484375 0.0484375
2 0.14453125 0.778125 0.0484375 0.0484375
2 0.0640625 0.803125 0.0484375 0.0484375
2 0.24921875 0.7734375 0.0484375 0.0484375
2 0.15 0.6453125 0.0484375 0.0484375
2 0.2453125 0.85625 0.0484375 0.0484375
2 0.32890625 0.85546875 0.0484375 0.0484375
2 0.6203125 0.21640625 0.0484375 0.05
2 0.93125 0.809375 0.0484375 0.05
2 0.9421875 0.50234375 0.0484375 0.05
2 0.93828125 0.9078125 0.06171875 0.06171875
2 0.83125 0.5453125 0.0609375 0.06171875
2 0.93671875 0.7015625 0.0484375 0.0484375
2 0.828125 0.79453125 0.0484375 0.05
2 0.8390625 0.87578125 0.0484375 0.05
2 0.8390625 0.97109375 0.0484375 0.05
2 0.9390625 0.60078125 0.0484375 0.05
2 0.83515625 0.465625 0.0609375 0.06171875
2 0.9390625 0.4046875 0.0375 0.0375
2 0.83515625 0.34296875 0.0484375 0.05
2 0.73515625 0.9078125 0.0484375 0.0484375
2 0.646875 0.9625 0.0484375 0.0484375
2 0.25078125 0.6765625 0.0375 0.0375
2 0.14140625 0.8796875 0.0484375 0.0484375
2 0.0671875 0.6875 0.0375 0.0375
2 0.4453125 0.2796875 0.0484375 0.0484375
2 0.44375 0.3859375 0.0484375 0.0484375
2 0.43671875 0.4828125 0.0375 0.0375
2 0.4375 0.57109375 0.0375 0.0375
2 0.53046875 0.3203125 0.0484375 0.0484375
2 0.53203125 0.434375 0.0609375 0.06171875
2 0.52265625 0.5546875 0.0375 0.0375
2 0.596875 0.4515625 0.06171875 0.06171875
2 0.5890625 0.55078125 0.0484375 0.0484375
2 0.7359375 0.3859375 0.02421875 0.02421875
2 0.7359375 0.49296875 0.0359375 0.0375
2 0.06640625 0.32109375 0.0484375 0.0484375
2 0.0640625 0.409375 0.0484375 0.0484375
2 0.06875 0.51328125 0.0359375 0.0359375
2 0.0625 0.5953125 0.0484375 0.05
2 0.15703125 0.53203125 0.0375 0.0375
2 0.21953125 0.4953125 0.0359375 0.0375
2 0.1671875 0.421875 0.0375 0.0375
2 0.17265625 0.3 0.0375 0.0375
2 0.740625 0.27421875 0.0375 0.0359375
2 0.7453125 0.15703125 0.0484375 0.0484375
2 0.7453125 0.053125 0.0484375 0.0484375
2 0.6171875 0.12265625 0.0375 0.0359375
2 0.54140625 0.09609375 0.02421875 0.02421875
2 0.53515625 0.21015625 0.0484375 0.05
2 0.45546875 0.03671875 0.02421875 0.02421875
2 0.45 0.14609375 0.02421875 0.02421875
2 0.37890625 0.08671875 0.0375 0.0375
2 0.38125 0.1890625 0.0484375 0.0484375
2 0.378125 0.31953125 0.0359375 0.0375
1 0.0578125 0.209375 0.0484375 0.0484375
2 0.3828125 0.434375 0.0484375 0.0484375
2 0.946875 0.18125 0.02421875 0.02421875
2 0.83046875 0.26875 0.0359375 0.0375