2 0.2796875 0.065625 0.0734375 0.07421875
2 0.0921875 0.03984375 0.0484375 0.0484375
2 0.38125 0.11796875 0.06171875 0.06171875
2 0.77421875 0.115625 0.0484375 0.05
2 0.56171875 0.05546875 0.0734375 0.0734375
2 0.87734375 0.04609375 0.06171875 0.06171875
2 0.675 0.0375 0.0734375 0.0734375
2 0.76484375 0.8203125 0.0859375 0.0859375
1 0.87265625 0.34375 0.121875 0.1234375
1 0.86953125 0.45234375 0.11015625 0.11015625
1 0.8609375 0.5515625 0.11015625 0.11015625
1 0.8578125 0.66875 0.11015625 0.11015625
1 0.8515625 0.7671875 0.0859375 0.0859375
1 0.865625 0.88203125 0.109375 0.1109375
1 0.75703125 0.9296875 0.0859375 0.0859375
1 0.75859375 0.72734375 0.11015625 0.11015625
1 0.76484375 0.6 0.11015625 0.1109375
1 0.78046875 0.4890625 0.09765625 0.0984375
1 0.775 0.3890625 0.09765625 0.09765625
1 0.6671875 0.33671875 0.09765625 0.0984375
1 0.66796875 0.44375 0.0859375 0.0859375
1 0.6796875 0.540625 0.09765625 0.09765625
1 0.6765625 0.65390625 0.109375 0.11015625
1 0.671875 0.7609375 0.109375 0.1109375
1 0.66875 0.87421875 0.109375 0.1109375
1 0.571875 0.92578125 0.0859375 0.0859375
1 0.56953125 0.8171875 0.09765625 0.0984375
1 0.5734375 0.70625 0.09765625 0.09765625
1 0.5796875 0.596875 0.109375 0.1109375
1 0.578125 0.4953125 0.09765625 0.09765625
1 0.5890625 0.39921875 0.08515625 0.0859375
1 0.57734375 0.31875 0.08515625 0.0859375
1 0.4546875 0.315625 0.0859375 0.0859375
1 0.4484375 0.5515625 0.09765625 0.0984375
1 0.45703125 0.66328125 0.09765625 0.09765625
1 0.453125 0.7671875 0.09765625 0.0984375
1 0.45390625 0.85390625 0.09765625 0.0984375
1 0.36640625 0.91640625 0.11015625 0.11015625
1 0.365625 0.80703125 0.09765625 0.0984375
1 0.3578125 0.7015625 0.09765625 0.0984375
1 0.36015625 0.61171875 0.109375 0.11015625
1 0.36015625 0.4828125 0.0859375 0.0859375
1 0.36953125 0.37421875 0.08515625 0.0859375
1 0.275 0.43046875 0.09765625 0.0984375
1 0.2796875 0.54140625 0.109375 0.11015625
1 0.271875 0.64453125 0.09765625 0.09765625
1 0.27265625 0.75546875 0.109375 0.11015625
1 0.2671875 0.8453125 0.11015625 0.11015625
2 0.065625 0.8375 0.0484375 0.0484375
1 0.1703125 0.8859375 0.09765625 0.0984375
1 0.1703125 0.784375 0.09765625 0.0984375
1 0.16484375 0.68125 0.09765625 0.0984375
1 0.1796875 0.58046875 0.09765625 0.0984375
1 0.18359375 0.4609375 0.09765625 0.09765625
1 0.178125 0.3703125 0.08515625 0.0859375
1 0.08515625 0.4296875 0.121875 0.1234375
1 0.08515625 0.5328125 0.09765625 0.0984375
1 0.07109375 0.734375 0.08515625 0.0859375
2 0.6703125 0.12421875 0.0484375 0.05
2 0.4765625 0.04765625 0.0484375 0.0484375