2 0.321875 0.934375 0.06171875 0.06171875
2 0.3203125 0.82109375 0.0609375 0.06171875
2 0.8140625 0.89765625 0.0484375 0.0484375
2 0.7046875 0.84375 0.0484375 0.0484375
2 0.4125 0.7671875 0.0484375 0.0484375
2 0.6140625 0.8859375 0.0484375 0.0484375
2 0.4078125 0.8796875 0.0609375 0.06171875
2 0.50859375 0.94453125 0.06171875 0.0609375
2 0.5140625 0.82578125 0.0609375 0.06171875
2 0.1453125 0.840625 0.0375 0.0375
2 0.23515625 0.8765625 0.0484375 0.05
2 0.2375 0.78046875 0.06171875 0.06171875
2 0.05703125 0.66171875 0.0734375 0.0734375
2 0.31875 0.725 0.0734375 0.07421875
2 0.1359375 0.48671875 0.06171875 0.06171875
2 0.05859375 0.56875 0.0484375 0.05
2 0.14609375 0.39140625 0.06171875 0.06171875
2 0.32109375 0.5296875 0.0609375 0.06171875
2 0.321875 0.6234375 0.0484375 0.0484375
2 0.4140625 0.565625 0.0484375 0.0484375
2 0.5109375 0.6140625 0.06171875 0.06171875
2 0.8140625 0.45390625 0.0609375 0.06171875
2 0.4125 0.6671875 0.06171875 0.06171875
2 0.42265625 0.4625 0.06171875 0.06171875
2 0.61015625 0.559375 0.0484375 0.05
2 0.8125 0.68125 0.0484375 0.05
2 0.7078125 0.51015625 0.0734375 0.0734375
2 0.8953125 0.61875 0.06171875 0.06171875
2 0.61015625 0.44453125 0.0609375 0.06171875
2 0.5109375 0.50625 0.0609375 0.06171875
2 0.9015625 0.4 0.0484375 0.0484375
2 0.70703125 0.7265625 0.0484375 0.0484375
1 0.05546875 0.24375 0.09765625 0.0984375
1 0.06796875 0.35859375 0.121875 0.1234375
1 0.40859375 0.115625 0.121875 0.1234375
1 0.4171875 0.2390625 0.09765625 0.0984375
1 0.5171875 0.07109375 0.09765625 0.0984375
1 0.5171875 0.1859375 0.109375 0.11015625
1 0.5109375 0.2875 0.11015625 0.11015625
1 0.615625 0.1296875 0.121875 0.121875
1 0.61328125 0.2390625 0.09765625 0.0984375
1 0.7015625 0.07109375 0.09765625 0.0984375
1 0.703125 0.18515625 0.09765625 0.0984375
1 0.7015625 0.2953125 0.09765625 0.0984375
1 0.809375 0.12890625 0.121875 0.1234375
1 0.81953125 0.23515625 0.11015625 0.11015625
1 0.903125 0.07421875 0.121875 0.1234375
1 0.903125 0.18671875 0.121875 0.1234375
1 0.60859375 0.3703125 0.09765625 0.0984375
1 0.5171875 0.396875 0.08515625 0.0859375
1 0.0609375 0.45625 0.109375 0.11015625
2 0.903125 0.50703125 0.0484375 0.05
2 0.82265625 0.54765625 0.02421875 0.02421875
2 0.80859375 0.353125 0.0484375 0.0484375
2 0.909375 0.2859375 0.0484375 0.0484375
1 0.70703125 0.4 0.0375 0.0359375
2 0.709375 0.61875 0.0375 0.0375
2 0.8984375 0.7296875 0.0484375 0.0484375
2 0.421875 0.3390625 0.0375 0.0359375
2 0.98515625 0.77109375 0.02421875 0.02421875
2 0.8953125 0.9671875 0.0375 0.0375
2 0.89765625 0.840625 0.0484375 0.0484375
2 0.81171875 0.784375 0.02421875 0.02421875
2 0.615625 0.778125 0.02421875 0.02421875
2 0.615625 0.66484375 0.02421875 0.02421875
2 0.51328125 0.7171875 0.02421875 0.02421875
2 0.31953125 0.3203125 0.0359375 0.0375
2 0.34453125 0.46015625 0.02421875 0.02421875
2 0.2359375 0.44140625 0.0375 0.0375
2 0.240625 0.3453125 0.0375 0.0375
2 0.24140625 0.2296875 0.0375 0.0375
2 0.1359375 0.6078125 0.0359375 0.0359375
2 0.24296875 0.5640625 0.0375 0.0375
1 0.2421875 0.675 0.0484375 0.05
2 0.13984375 0.715625 0.0359375 0.0359375
2 0.1390625 0.9390625 0.0375 0.0375
2 0.059375 0.88125 0.0484375 0.0484375