2 0.2515625 0.65625 0.0484375 0.0484375
2 0.0765625 0.13203125 0.0609375 0.0609375
2 0.171875 0.0765625 0.0484375 0.0484375
2 0.15546875 0.825 0.06171875 0.06171875
2 0.25078125 0.7625 0.06171875 0.06171875
2 0.25078125 0.8609375 0.0484375 0.05
2 0.25 0.96171875 0.0484375 0.05
2 0.915625 0.6140625 0.0484375 0.05
1 0.93828125 0.1828125 0.0859375 0.0859375
1 0.95 0.09296875 0.0859375 0.0859375
2 0.67109375 0.1375 0.0609375 0.06171875
2 0.66796875 0.03671875 0.0484375 0.05
2 0.74140625 0.6765625 0.0484375 0.0484375
2 0.7390625 0.7828125 0.0484375 0.0484375
2 0.7328125 0.8796875 0.0375 0.0375
2 0.73359375 0.96875 0.0375 0.0375
2 0.8265625 0.71796875 0.0484375 0.0484375
2 0.828125 0.83125 0.0609375 0.06171875
2 0.81875 0.95234375 0.0375 0.0375
2 0.89296875 0.84921875 0.06171875 0.06171875
2 0.884375 0.9484375 0.0484375 0.0484375
2 0.3625 0.71875 0.0484375 0.0484375
2 0.36015625 0.80625 0.0484375 0.0484375
2 0.36484375 0.9109375 0.0359375 0.0359375
2 0.453125 0.9296875 0.0375 0.0375
2 0.51484375 0.8921875 0.0359375 0.0375
2 0.4625 0.81953125 0.0375 0.0375
2 0.46875 0.696875 0.0375 0.0375
2 0.9296875 0.30390625 0.0234375 0.02421875
2 0.9234375 0.40703125 0.0484375 0.0484375
2 0.91328125 0.5203125 0.0375 0.0359375
2 0.84453125 0.25078125 0.0484375 0.0484375
2 0.84453125 0.36640625 0.02421875 0.02421875
2 0.8375 0.49375 0.02421875 0.02421875
2 0.83125 0.6078125 0.0484375 0.05
2 0.7515625 0.30390625 0.0359375 0.0359375
2 0.7515625 0.434375 0.02421875 0.02421875
2 0.7453125 0.54375 0.02421875 0.02421875
2 0.678125 0.23359375 0.0375 0.0359375
2 0.68046875 0.353125 0.0484375 0.05
2 0.675 0.484375 0.0375 0.0375
2 0.6765625 0.58671875 0.0484375 0.0484375
2 0.67421875 0.7171875 0.0359375 0.0375
2 0.5875 0.2765625 0.0359375 0.0359375
1 0.353125 0.60625 0.0484375 0.0484375
2 0.47265625 0.0265625 0.0375 0.0359375
2 0.37265625 0.0734375 0.0359375 0.0359375
2 0.35078125 0.1984375 0.0359375 0.0375
2 0.4671875 0.15 0.0359375 0.0359375
2 0.5859375 0.0921875 0.0484375 0.05
2 0.58671875 0.18125 0.0375 0.0359375
2 0.84765625 0.14453125 0.0484375 0.0484375
2 0.7546875 0.08203125 0.0484375 0.0484375
2 0.75546875 0.18359375 0.0359375 0.0375
2 0.08671875 0.0421875 0.0375 0.0375
2 0.1765625 0.221875 0.02421875 0.025
2 0.25703125 0.221875 0.0359375 0.0375
2 0.0671875 0.815625 0.0484375 0.05
2 0.07890625 0.7 0.0484375 0.05
2 0.084375 0.60078125 0.0375 0.0359375
2 0.0875 0.51953125 0.0375 0.0375
2 0.0984375 0.40234375 0.0359375 0.0375
2 0.18125 0.43828125 0.0359375 0.0375
2 0.1859375 0.528125 0.0359375 0.0375
2 0.1765625 0.621875 0.0359375 0.0375
2 0.1671875 0.7234375 0.0359375 0.0359375
2 0.2515625 0.5609375 0.0375 0.0375
2 0.2515625 0.47578125 0.0375 0.0375
2 0.25078125 0.40234375 0.0375 0.0375
2 0.1578125 0.93125 0.0359375 0.0375
2 0.0640625 0.92578125 0.0375 0.0375
2 0.67890625 0.83203125 0.0484375 0.0484375