1 0.1296875 0.13203125 0.109375 0.11015625
1 0.1296875 0.23125 0.109375 0.11015625
1 0.1296875 0.346875 0.09765625 0.0984375
1 0.22734375 0.0734375 0.09765625 0.09765625
1 0.21953125 0.17734375 0.09765625 0.0984375
1 0.21796875 0.29765625 0.09765625 0.0984375
1 0.31796875 0.1234375 0.11015625 0.1109375
1 0.309375 0.24140625 0.11015625 0.11015625
1 0.31171875 0.35234375 0.11015625 0.11015625
1 0.4171875 0.075 0.109375 0.11015625
1 0.41328125 0.17578125 0.109375 0.1109375
1 0.4109375 0.29609375 0.109375 0.1109375
1 0.41484375 0.40234375 0.121875 0.1234375
1 0.5078125 0.1203125 0.09765625 0.0984375
3 0.50625 0.2484375 0.109375 0.1109375
1 0.5140625 0.34375 0.09765625 0.09765625
1 0.60234375 0.075 0.11015625 0.11015625
1 0.6078125 0.18671875 0.09765625 0.0984375
1 0.6015625 0.2984375 0.09765625 0.09765625
1 0.603125 0.4109375 0.109375 0.1109375
1 0.70234375 0.11640625 0.109375 0.11015625
1 0.696875 0.23046875 0.121875 0.1234375
1 0.69296875 0.34453125 0.121875 0.1234375
1 0.80703125 0.2875 0.121875 0.1234375
1 0.8078125 0.1515625 0.109375 0.11015625
1 0.80703125 0.3953125 0.121875 0.1234375
1 0.69609375 0.4671875 0.09765625 0.09765625
1 0.70390625 0.571875 0.09765625 0.09765625
1 0.6921875 0.6953125 0.09765625 0.09765625
1 0.69609375 0.78359375 0.09765625 0.0984375
1 0.59375 0.85078125 0.09765625 0.0984375
1 0.6078125 0.7328125 0.0859375 0.0859375
1 0.60078125 0.6265625 0.0859375 0.0859375
1 0.60546875 0.515625 0.09765625 0.09765625
1 0.5046875 0.46171875 0.09765625 0.09765625
1 0.50703125 0.58125 0.09765625 0.0984375
1 0.50703125 0.6734375 0.09765625 0.0984375
1 0.5 0.78984375 0.09765625 0.0984375
1 0.50703125 0.89609375 0.08515625 0.08671875
1 0.41171875 0.7390625 0.11015625 0.11015625
1 0.41015625 0.6203125 0.09765625 0.0984375
1 0.409375 0.5140625 0.11015625 0.11015625
1 0.31640625 0.46015625 0.09765625 0.0984375
1 0.309375 0.55546875 0.09765625 0.0984375
1 0.3125 0.684375 0.109375 0.11015625
1 0.30859375 0.78984375 0.109375 0.11015625
1 0.2125 0.73359375 0.09765625 0.0984375
1 0.21953125 0.62421875 0.09765625 0.0984375
1 0.228125 0.49296875 0.09765625 0.0984375
1 0.215625 0.40703125 0.09765625 0.0984375
1 0.121875 0.446875 0.09765625 0.0984375
1 0.121875 0.57578125 0.09765625 0.0984375
1 0.12578125 0.66953125 0.09765625 0.0984375
1 0.11796875 0.7859375 0.09765625 0.09765625
2 0.21171875 0.84453125 0.0484375 0.0484375
2 0.11015625 0.9078125 0.0484375 0.0484375
1 0.41328125 0.85234375 0.0609375 0.06171875
1 0.3203125 0.90234375 0.0484375 0.0484375
1 0.9046875 0.12109375 0.121875 0.1234375
1 0.89140625 0.24140625 0.11015625 0.11015625
1 0.9 0.3484375 0.121875 0.121875
1 0.80390625 0.5015625 0.121875 0.1234375
1 0.79921875 0.615625 0.121875 0.121875
1 0.80234375 0.71796875 0.11015625 0.11015625
1 0.7953125 0.84921875 0.09765625 0.0984375
1 0.6921875 0.8984375 0.0859375 0.0859375
1 0.8859375 0.89921875 0.08515625 0.0859375
1 0.88984375 0.7984375 0.09765625 0.0984375
1 0.8875 0.68046875 0.09765625 0.0984375
1 0.8921875 0.57109375 0.09765625 0.0984375
1 0.89296875 0.46796875 0.121875 0.1234375
1 0.42265625 0.9546875 0.0359375 0.0375