2 0.81171875 0.57578125 0.0609375 0.06171875
2 0.453125 0.584375 0.0484375 0.0484375
2 0.53203125 0.64921875 0.0484375 0.0484375
2 0.715625 0.63359375 0.06171875 0.06171875
2 0.53515625 0.525 0.0609375 0.06171875
2 0.46015625 0.3734375 0.0484375 0.0484375
2 0.4625 0.171875 0.0484375 0.0484375
2 0.459375 0.2796875 0.0484375 0.0484375
2 0.4546875 0.4890625 0.0609375 0.06171875
2 0.728125 0.3375 0.0609375 0.06171875
2 0.8140625 0.0953125 0.0609375 0.06171875
2 0.45859375 0.05625 0.06171875 0.06171875
2 0.64453125 0.15546875 0.0484375 0.0484375
2 0.5328125 0.2203125 0.0375 0.0375
2 0.64375 0.06171875 0.0484375 0.0484375
2 0.82109375 0.1890625 0.0484375 0.0484375
2 0.73359375 0.2265625 0.0609375 0.0609375
2 0.53359375 0.10625 0.0734375 0.07421875
2 0.73671875 0.15 0.06171875 0.06171875
2 0.53203125 0.43671875 0.0609375 0.06171875
2 0.88984375 0.2203125 0.0484375 0.0484375
2 0.8046875 0.47734375 0.0484375 0.0484375
2 0.52421875 0.334375 0.0484375 0.0484375
2 0.72421875 0.425 0.0734375 0.07421875
2 0.340625 0.61796875 0.0484375 0.05
2 0.34453125 0.52109375 0.0484375 0.05
2 0.2453125 0.459375 0.0484375 0.05
2 0.25625 0.153125 0.0484375 0.05
2 0.2515625 0.5578125 0.06171875 0.06171875
2 0.34609375 0.10078125 0.06171875 0.06171875
2 0.14453125 0.19609375 0.0609375 0.06171875
2 0.25 0.3515625 0.0484375 0.0484375
2 0.14140625 0.44453125 0.0484375 0.05
2 0.15234375 0.52578125 0.0484375 0.05
2 0.15234375 0.621875 0.0484375 0.05
2 0.04609375 0.66015625 0.0484375 0.0484375
2 0.25 0.659375 0.0484375 0.05
2 0.34375 0.334375 0.0609375 0.06171875
2 0.253125 0.2515625 0.0484375 0.05
2 0.1484375 0.115625 0.0609375 0.06171875
2 0.253125 0.0546875 0.0375 0.0375
2 0.3421875 0.21640625 0.0484375 0.05
2 0.81015625 0.80625 0.06171875 0.06171875
2 0.71171875 0.73984375 0.06171875 0.06171875
2 0.81640625 0.71015625 0.0609375 0.0609375
2 0.809375 0.90078125 0.06171875 0.06171875
2 0.88125 0.86328125 0.0734375 0.07421875
2 0.9703125 0.69453125 0.0484375 0.0484375
2 0.88203125 0.7375 0.0609375 0.0609375
2 0.975 0.5140625 0.0359375 0.0375
2 0.8890625 0.5234375 0.0484375 0.0484375
2 0.8984375 0.6359375 0.0375 0.0375
2 0.81328125 0.384375 0.0375 0.0375
2 0.7234375 0.53203125 0.0484375 0.0484375
2 0.640625 0.5875 0.0484375 0.0484375
2 0.6359375 0.6859375 0.0609375 0.06171875
2 0.6484375 0.37578125 0.0484375 0.0484375
2 0.446875 0.6890625 0.02421875 0.02421875
2 0.34453125 0.4328125 0.0359375 0.0375
2 0.1546875 0.71953125 0.0484375 0.0484375
2 0.0484375 0.55859375 0.0484375 0.0484375
2 0.8890625 0.10234375 0.0375 0.0375
2 0.81640625 0.290625 0.0484375 0.0484375
2 0.8921875 0.321875 0.0375 0.0375
2 0.6453125 0.24140625 0.02421875 0.02421875
2 0.6515625 0.47109375 0.02421875 0.02421875
2 0.04921875 0.03671875 0.02421875 0.02421875
2 0.04921875 0.14375 0.0359375 0.0375
2 0.35390625 0.721875 0.02421875 0.02421875