2 0.278125 0.79453125 0.0484375 0.05
2 0.3734375 0.87265625 0.0484375 0.05
2 0.16484375 0.8625 0.0375 0.0359375
2 0.075 0.95 0.0484375 0.0484375
2 0.371875 0.9671875 0.0359375 0.0359375
1 0.3796875 0.0875 0.121875 0.1234375
1 0.56875 0.096875 0.109375 0.1109375
1 0.771875 0.08125 0.121875 0.1234375
1 0.6609375 0.15234375 0.09765625 0.09765625
1 0.66875 0.2578125 0.09765625 0.09765625
1 0.65703125 0.38125 0.09765625 0.09765625
1 0.6609375 0.46953125 0.09765625 0.0984375
1 0.55859375 0.53671875 0.09765625 0.0984375
1 0.571875 0.41796875 0.0859375 0.0859375
1 0.565625 0.3125 0.0859375 0.0859375
1 0.5703125 0.2015625 0.09765625 0.09765625
1 0.46953125 0.14765625 0.09765625 0.09765625
1 0.471875 0.2671875 0.09765625 0.0984375
1 0.471875 0.35859375 0.09765625 0.0984375
1 0.46484375 0.475 0.09765625 0.0984375
1 0.471875 0.58125 0.08515625 0.08671875
1 0.3765625 0.42421875 0.11015625 0.11015625
1 0.375 0.30625 0.09765625 0.0984375
1 0.37421875 0.2 0.11015625 0.11015625
1 0.28125 0.14609375 0.09765625 0.0984375
1 0.27421875 0.240625 0.09765625 0.0984375
1 0.27734375 0.36953125 0.109375 0.11015625
1 0.2734375 0.475 0.109375 0.11015625
1 0.178125 0.41953125 0.09765625 0.0984375
1 0.184375 0.31015625 0.09765625 0.0984375
1 0.19375 0.178125 0.09765625 0.0984375
1 0.18046875 0.0921875 0.09765625 0.0984375
1 0.08671875 0.13203125 0.09765625 0.0984375
1 0.08671875 0.2609375 0.09765625 0.0984375
1 0.090625 0.3546875 0.09765625 0.0984375
1 0.0828125 0.471875 0.09765625 0.09765625
2 0.1765625 0.53046875 0.0484375 0.0484375
2 0.075 0.59375 0.0484375 0.0484375
1 0.378125 0.5375 0.0609375 0.06171875
1 0.28515625 0.5875 0.0484375 0.0484375
1 0.76875 0.1875 0.121875 0.1234375
1 0.7640625 0.3015625 0.121875 0.121875
1 0.7671875 0.40390625 0.11015625 0.11015625
1 0.759375 0.534375 0.09765625 0.0984375
1 0.65703125 0.584375 0.0859375 0.0859375
1 0.75859375 0.646875 0.11015625 0.11015625
1 0.85078125 0.58515625 0.08515625 0.0859375
1 0.8546875 0.48359375 0.09765625 0.0984375
1 0.85234375 0.365625 0.09765625 0.0984375
1 0.8578125 0.25625 0.09765625 0.0984375
1 0.8578125 0.153125 0.121875 0.1234375
1 0.94453125 0.1921875 0.09765625 0.09765625
1 0.953125 0.421875 0.0859375 0.0859375
1 0.94140625 0.74921875 0.09765625 0.0984375
1 0.94375 0.853125 0.09765625 0.0984375
1 0.85234375 0.68984375 0.08515625 0.08671875
2 0.7421875 0.746875 0.0484375 0.05
1 0.6609375 0.7046875 0.09765625 0.0984375
1 0.07890625 0.8109375 0.06171875 0.06171875
1 0.0765625 0.6984375 0.0484375 0.05
1 0.1734375 0.74140625 0.0484375 0.05
1 0.284375 0.69453125 0.0359375 0.0375
1 0.3875 0.640625 0.0359375 0.0375
2 0.2828125 0.90078125 0.0484375 0.05
1 0.4546875 0.81875 0.0484375 0.0484375
1 0.46796875 0.6984375 0.0484375 0.0484375
1 0.55 0.7265625 0.0375 0.0375
2 0.540625 0.87421875 0.0375 0.0375
2 0.6890625 0.83125 0.0375 0.0375
2 0.73984375 0.95703125 0.0359375 0.0375
2 0.84765625 0.8125 0.0375 0.0375
2 0.44375 0.91875 0.0359375 0.0375
1 0.56640625 0.6453125 0.09765625 0.09765625