2 0.65390625 0.0453125 0.08515625 0.0859375
2 0.57890625 0.19375 0.0484375 0.0484375
2 0.653125 0.25625 0.0484375 0.0484375
2 0.57890625 0.08359375 0.06171875 0.06171875
2 0.47578125 0.04375 0.06171875 0.06171875
2 0.0875 0.23125 0.06171875 0.06171875
2 0.646875 0.91875 0.06171875 0.06171875
2 0.26796875 0.9203125 0.0734375 0.07421875
2 0.17890625 0.96328125 0.0609375 0.06171875
2 0.078125 0.6921875 0.0609375 0.06171875
2 0.1953125 0.72421875 0.0609375 0.06171875
2 0.0765625 0.809375 0.0609375 0.06171875
2 0.0796875 0.9171875 0.0609375 0.06171875
2 0.753125 0.3109375 0.0484375 0.0484375
2 0.753125 0.42890625 0.0609375 0.06171875
2 0.75390625 0.20390625 0.0484375 0.0484375
2 0.753125 0.7609375 0.06171875 0.06171875
2 0.846875 0.47890625 0.0484375 0.05
2 0.7515625 0.52421875 0.0609375 0.06171875
2 0.75390625 0.86953125 0.0609375 0.06171875
2 0.76328125 0.64296875 0.0734375 0.0734375
2 0.8375 0.91953125 0.0609375 0.06171875
2 0.55625 0.98046875 0.0375 0.0375
2 0.1859375 0.85234375 0.0484375 0.0484375
1 0.7515625 0.07109375 0.08515625 0.0859375
1 0.94375 0.8546875 0.09765625 0.0984375
1 0.94375 0.765625 0.109375 0.1109375
2 0.6640625 0.134375 0.0609375 0.06171875
2 0.6640625 0.3609375 0.0375 0.0375
2 0.28203125 0.35390625 0.02421875 0.02421875
2 0.27890625 0.15 0.02421875 0.02421875
2 0.08125 0.346875 0.0375 0.0375
2 0.2046875 0.32109375 0.0359375 0.0375
2 0.084375 0.0984375 0.02421875 0.02421875
2 0.84296875 0.3703125 0.0375 0.0375
2 0.84296875 0.6 0.0484375 0.05
2 0.846875 0.7046875 0.0484375 0.0484375
2 0.84140625 0.81015625 0.06171875 0.06171875
2 0.8484375 0.146875 0.0484375 0.0484375
2 0.85 0.246875 0.0484375 0.0484375
2 0.3796875 0.7578125 0.0484375 0.0484375
2 0.45625 0.921875 0.0375 0.0375
2 0.371875 0.8703125 0.02421875 0.02421875
2 0.26875 0.809375 0.0484375 0.05
2 0.2703125 0.6859375 0.02421875 0.025
2 0.27421875 0.578125 0.0375 0.0375
2 0.2 0.53125 0.0375 0.0375
2 0.19453125 0.62734375 0.0609375 0.06171875
2 0.0828125 0.465625 0.0375 0.0375
2 0.08203125 0.5828125 0.0375 0.0375
2 0.19609375 0.425 0.0375 0.0375