2 0.13359375 0.10234375 0.0609375 0.06171875
2 0.21015625 0.15390625 0.06171875 0.06171875
2 0.32265625 0.13046875 0.06171875 0.06171875
2 0.41484375 0.1234375 0.0484375 0.0484375
2 0.32734375 0.0359375 0.0484375 0.0484375
2 0.4109375 0.03515625 0.0484375 0.0484375
2 0.12265625 0.840625 0.0734375 0.0734375
2 0.32109375 0.225 0.06171875 0.06171875
2 0.1359375 0.3140625 0.0609375 0.06171875
2 0.2171875 0.903125 0.0734375 0.0734375
2 0.12578125 0.725 0.0609375 0.0609375
2 0.31015625 0.621875 0.0734375 0.07421875
2 0.1328125 0.2203125 0.0609375 0.06171875
2 0.13203125 0.38984375 0.06171875 0.06171875
2 0.30234375 0.83125 0.0734375 0.0734375
2 0.21953125 0.5671875 0.06171875 0.06171875
2 0.225 0.6609375 0.0609375 0.06171875
2 0.21953125 0.25703125 0.0609375 0.06171875
2 0.225 0.353125 0.0609375 0.06171875
2 0.39765625 0.9265625 0.0859375 0.0859375
2 0.40546875 0.31875 0.06171875 0.06171875
2 0.40546875 0.21640625 0.0609375 0.06171875
2 0.321875 0.30390625 0.06171875 0.06171875
2 0.3078125 0.96171875 0.0734375 0.0734375
2 0.328125 0.38125 0.0484375 0.05
2 0.4125 0.4015625 0.0484375 0.05
2 0.39921875 0.7984375 0.0734375 0.07421875
2 0.92109375 0.05546875 0.0484375 0.05
2 0.92109375 0.15078125 0.0484375 0.05
2 0.8140625 0.1890625 0.0484375 0.0484375
2 0.48125 0.36796875 0.0484375 0.0484375
2 0.4984375 0.9578125 0.0734375 0.07421875
2 0.49140625 0.265625 0.0484375 0.0484375
2 0.496875 0.8625 0.0609375 0.06171875
2 0.6921875 0.8671875 0.08515625 0.0859375
3 0.215625 0.78359375 0.06171875 0.06171875
1 0.12734375 0.94609375 0.08515625 0.08671875
2 0.40546875 0.57109375 0.0484375 0.0484375
2 0.4015625 0.67578125 0.0484375 0.0484375
1 0.31015625 0.7171875 0.0734375 0.07421875
1 0.13046875 0.60625 0.08515625 0.0859375
1 0.8890625 0.82734375 0.0859375 0.0859375
2 0.92265625 0.24921875 0.0484375 0.0484375
2 0.8171875 0.0875 0.0484375 0.0484375
2 0.728125 0.1421875 0.0484375 0.0484375
2 0.2234375 0.059375 0.0484375 0.0484375
1 0.03125 0.1 0.0609375 0.06171875