2 0.12109375 0.16875 0.0484375 0.0484375
2 0.1953125 0.23125 0.0484375 0.0484375
2 0.1203125 0.059375 0.06171875 0.06171875
2 0.1890625 0.89375 0.06171875 0.06171875
3 0.865625 0.290625 0.09765625 0.0984375
2 0.2953125 0.2859375 0.0484375 0.0484375
2 0.2953125 0.4046875 0.0609375 0.06171875
2 0.29609375 0.1796875 0.0484375 0.0484375
2 0.2953125 0.73671875 0.06171875 0.06171875
2 0.3890625 0.4546875 0.0484375 0.05
2 0.29375 0.49921875 0.0609375 0.06171875
2 0.29609375 0.8453125 0.0609375 0.06171875
2 0.30546875 0.61875 0.0734375 0.0734375
1 0.95234375 0.89453125 0.08515625 0.0859375
1 0.8625 0.8421875 0.11015625 0.11015625
1 0.84921875 0.940625 0.11015625 0.11015625
2 0.3796875 0.8953125 0.0609375 0.06171875
2 0.296875 0.96640625 0.0484375 0.05
2 0.0984375 0.95625 0.0375 0.0375
1 0.775 0.9 0.109375 0.11015625
1 0.68671875 0.85546875 0.121875 0.1234375
1 0.58828125 0.9015625 0.11015625 0.1109375
1 0.4890625 0.93828125 0.0859375 0.0859375
1 0.29375 0.046875 0.08515625 0.0859375
1 0.4875 0.0734375 0.109375 0.11015625
1 0.4875 0.1828125 0.109375 0.11015625
1 0.48984375 0.29140625 0.11015625 0.11015625
1 0.490625 0.39140625 0.11015625 0.11015625
1 0.490625 0.503125 0.11015625 0.11015625
1 0.5921875 0.45078125 0.09765625 0.0984375
1 0.5875 0.3390625 0.09765625 0.0984375
1 0.58203125 0.23125 0.109375 0.11015625
1 0.5890625 0.11875 0.109375 0.11015625
1 0.67265625 0.0640625 0.121875 0.1234375
1 0.68203125 0.16640625 0.11015625 0.11015625
1 0.684375 0.2875 0.109375 0.11015625
1 0.68046875 0.3921875 0.109375 0.11015625
1 0.68671875 0.503125 0.09765625 0.0984375
1 0.7671875 0.45234375 0.11015625 0.11015625
1 0.775 0.346875 0.11015625 0.11015625
1 0.77109375 0.2328125 0.11015625 0.11015625
1 0.76484375 0.1375 0.11015625 0.11015625
1 0.86796875 0.06875 0.109375 0.1109375
1 0.8703125 0.17734375 0.109375 0.11015625
1 0.86875 0.40703125 0.11015625 0.11015625
1 0.86484375 0.521875 0.11015625 0.11015625
1 0.8609375 0.62421875 0.11015625 0.11015625
1 0.8640625 0.7359375 0.09765625 0.0984375
1 0.77421875 0.565625 0.109375 0.11015625
1 0.7734375 0.68203125 0.09765625 0.0984375
1 0.7703125 0.7921875 0.109375 0.11015625
1 0.68359375 0.63203125 0.09765625 0.0984375
1 0.684375 0.72265625 0.09765625 0.09765625
1 0.58046875 0.57109375 0.11015625 0.11015625
1 0.590625 0.678125 0.09765625 0.09765625
1 0.58671875 0.7890625 0.11015625 0.1109375
1 0.48515625 0.83046875 0.09765625 0.0984375
1 0.48515625 0.74140625 0.109375 0.1109375
1 0.49296875 0.625 0.11015625 0.1109375
2 0.20625 0.11015625 0.0609375 0.06171875
2 0.20625 0.33671875 0.0375 0.0375
2 0.384375 0.3453125 0.0375 0.0375
2 0.384375 0.57578125 0.0484375 0.05
2 0.3890625 0.68046875 0.0484375 0.0484375
2 0.38359375 0.7859375 0.06171875 0.06171875
2 0.390625 0.121875 0.0484375 0.0484375
2 0.39140625 0.22265625 0.0484375 0.0484375