2 0.0453125 0.9515625 0.06171875 0.06171875
2 0.05546875 0.85625 0.06171875 0.06171875
2 0.7234375 0.91875 0.0609375 0.06171875
2 0.33125 0.92734375 0.06171875 0.06171875
2 0.51953125 0.909375 0.0609375 0.06171875
2 0.8109375 0.865625 0.0484375 0.0484375
1 0.9046875 0.14140625 0.121875 0.1234375
1 0.81328125 0.09765625 0.121875 0.1234375
1 0.803125 0.21015625 0.121875 0.1234375
1 0.715625 0.1515625 0.109375 0.11015625
1 0.625 0.20390625 0.109375 0.11015625
1 0.625 0.0828125 0.109375 0.11015625
1 0.5171875 0.14609375 0.11015625 0.11015625
1 0.43125 0.20546875 0.11015625 0.11015625
1 0.42109375 0.0921875 0.11015625 0.11015625
1 0.33671875 0.04375 0.0734375 0.0734375
1 0.33671875 0.15 0.09765625 0.0984375
1 0.24296875 0.2109375 0.09765625 0.09765625
2 0.16328125 0.1578125 0.0359375 0.0375
1 0.24375 0.09375 0.0859375 0.0859375
1 0.7234375 0.25859375 0.109375 0.11015625
1 0.5265625 0.2546875 0.11015625 0.11015625
1 0.42890625 0.31875 0.109375 0.11015625
1 0.325 0.2671875 0.121875 0.1234375
1 0.23671875 0.3296875 0.0734375 0.07421875
1 0.33203125 0.36875 0.109375 0.11015625
1 0.63203125 0.32265625 0.11015625 0.11015625
1 0.33125 0.46796875 0.08515625 0.0859375
1 0.31796875 0.5796875 0.121875 0.1234375
1 0.3265625 0.70390625 0.09765625 0.0984375
1 0.425 0.4234375 0.109375 0.11015625
1 0.4265625 0.5359375 0.09765625 0.0984375
1 0.4265625 0.65078125 0.109375 0.11015625
1 0.4203125 0.75234375 0.11015625 0.11015625
1 0.521875 0.36640625 0.11015625 0.11015625
1 0.521875 0.47734375 0.11015625 0.11015625
1 0.525 0.59453125 0.121875 0.121875
1 0.52265625 0.70390625 0.09765625 0.0984375
1 0.61796875 0.41640625 0.11015625 0.11015625
1 0.61015625 0.5359375 0.09765625 0.0984375
1 0.6125 0.65 0.09765625 0.0984375
1 0.61015625 0.76015625 0.09765625 0.0984375
1 0.709375 0.36875 0.109375 0.1109375
1 0.7109375 0.47890625 0.109375 0.11015625
1 0.71796875 0.59375 0.121875 0.1234375
1 0.72890625 0.7 0.11015625 0.11015625
1 0.81875 0.315625 0.121875 0.1234375
1 0.8171875 0.40703125 0.121875 0.1234375
1 0.81171875 0.5390625 0.121875 0.1234375
1 0.81171875 0.6515625 0.121875 0.1234375
1 0.90703125 0.25625 0.121875 0.1234375
1 0.9109375 0.35234375 0.121875 0.1234375
1 0.90703125 0.4703125 0.121875 0.1234375
1 0.896875 0.58125 0.121875 0.1234375
1 0.903125 0.7 0.109375 0.11015625
1 0.5171875 0.83515625 0.09765625 0.0984375
1 0.4265625 0.8609375 0.08515625 0.0859375
2 0.89765625 0.80390625 0.0484375 0.0484375
2 0.89375 0.9125 0.0484375 0.0484375
2 0.8125 0.971875 0.0484375 0.05
2 0.71796875 0.81875 0.0484375 0.0484375
2 0.81875 0.75078125 0.0484375 0.0484375
1 0.61640625 0.86484375 0.0375 0.0359375
2 0.33125 0.80390625 0.0375 0.0359375
2 0.22890625 0.78515625 0.0359375 0.0375
2 0.253125 0.925 0.02421875 0.02421875
2 0.1453125 0.90625 0.0375 0.0375
2 0.14921875 0.8109375 0.0375 0.0375
2 0.15 0.69453125 0.0375 0.0375