2 0.4078125 0.06015625 0.06171875 0.06171875
2 0.20234375 0.175 0.0609375 0.06171875
2 0.09765625 0.22265625 0.0484375 0.0484375
2 0.2015625 0.07734375 0.0609375 0.06171875
2 0.1078125 0.121875 0.06171875 0.0609375
2 0.384375 0.40703125 0.0734375 0.07421875
2 0.09609375 0.43671875 0.06171875 0.06171875
2 0.19609375 0.38203125 0.0484375 0.0484375
2 0.0953125 0.334375 0.06171875 0.06171875
2 0.29375 0.35 0.0484375 0.0484375
2 0.49296875 0.13046875 0.06171875 0.06171875
2 0.49296875 0.2328125 0.06171875 0.06171875
2 0.6875 0.2203125 0.0609375 0.06171875
2 0.4859375 0.459375 0.06171875 0.06171875
2 0.87890625 0.4578125 0.0484375 0.05
2 0.66640625 0.396875 0.0734375 0.0734375
2 0.6875 0.290625 0.0484375 0.05
2 0.7890625 0.2875 0.0609375 0.06171875
2 0.8796875 0.34453125 0.06171875 0.06171875
2 0.7796875 0.3796875 0.0734375 0.0734375
1 0.86953125 0.94140625 0.11015625 0.1109375
1 0.884375 0.83046875 0.09765625 0.0984375
1 0.8796875 0.73046875 0.09765625 0.09765625
1 0.771875 0.678125 0.09765625 0.0984375
1 0.77265625 0.78515625 0.0859375 0.0859375
1 0.784375 0.8828125 0.09765625 0.09765625
1 0.684375 0.93828125 0.109375 0.1109375
1 0.6828125 0.83671875 0.09765625 0.09765625
1 0.69375 0.74140625 0.08515625 0.0859375
1 0.68203125 0.66015625 0.08515625 0.0859375
1 0.559375 0.65703125 0.0859375 0.0859375
1 0.553125 0.89296875 0.09765625 0.0984375
1 0.46484375 0.82421875 0.0859375 0.0859375
1 0.47421875 0.715625 0.08515625 0.0859375
1 0.3796875 0.771875 0.09765625 0.0984375
1 0.38359375 0.88359375 0.109375 0.11015625
1 0.08671875 0.7078125 0.08515625 0.0859375
1 0.07890625 0.825 0.08515625 0.08671875
1 0.08359375 0.9296875 0.08515625 0.0859375
1 0.284375 0.92265625 0.09765625 0.0984375
1 0.28828125 0.803125 0.09765625 0.09765625
1 0.2828125 0.71171875 0.08515625 0.0859375
1 0.18984375 0.771875 0.121875 0.1234375
1 0.1890625 0.87421875 0.09765625 0.0984375
2 0.98046875 0.1765625 0.0375 0.0375
2 0.8875 0.2375 0.0359375 0.0375
2 0.77421875 0.46640625 0.0484375 0.05
2 0.5875 0.05625 0.0484375 0.05
2 0.58671875 0.15078125 0.0484375 0.05
2 0.57734375 0.2765625 0.0484375 0.05
2 0.58125 0.38984375 0.0484375 0.0484375
2 0.4859375 0.34453125 0.06171875 0.06171875
2 0.29609375 0.1140625 0.0484375 0.0484375
2 0.296875 0.24140625 0.0375 0.0375
2 0.19375 0.290625 0.0359375 0.0375
1 0.88203125 0.1140625 0.11015625 0.11015625
1 0.79765625 0.05703125 0.11015625 0.11015625
1 0.78828125 0.16953125 0.11015625 0.11015625
1 0.69765625 0.09765625 0.121875 0.1234375