1 0.4828125 0.0921875 0.121875 0.1234375
1 0.85546875 0.1078125 0.109375 0.1109375
1 0.9515625 0.603125 0.0734375 0.07421875
1 0.9546875 0.496875 0.0859375 0.0859375
1 0.859375 0.2109375 0.109375 0.1109375
1 0.86015625 0.3265625 0.109375 0.1109375
1 0.8578125 0.43828125 0.109375 0.11015625
1 0.86015625 0.54375 0.09765625 0.0984375
1 0.7703125 0.1515625 0.109375 0.1109375
1 0.76875 0.2734375 0.109375 0.1109375
1 0.7671875 0.371875 0.09765625 0.0984375
1 0.77421875 0.49140625 0.121875 0.1234375
1 0.7703125 0.590625 0.11015625 0.11015625
1 0.66640625 0.5453125 0.11015625 0.11015625
1 0.66953125 0.43046875 0.11015625 0.11015625
1 0.67109375 0.21328125 0.11015625 0.11015625
1 0.66953125 0.11015625 0.121875 0.1234375
2 0.67109375 0.31875 0.0484375 0.0484375
1 0.57890625 0.14921875 0.09765625 0.0984375
1 0.5859375 0.2640625 0.09765625 0.0984375
1 0.575 0.37265625 0.109375 0.11015625
1 0.57890625 0.4953125 0.09765625 0.0984375
1 0.58515625 0.6125 0.109375 0.11015625
1 0.4796875 0.56328125 0.121875 0.1234375
1 0.478125 0.43828125 0.121875 0.121875
1 0.4796875 0.3234375 0.121875 0.121875
1 0.48359375 0.215625 0.109375 0.11015625
1 0.3875 0.17109375 0.109375 0.11015625
1 0.38203125 0.27265625 0.09765625 0.0984375
1 0.3890625 0.38671875 0.121875 0.1234375
1 0.38828125 0.50625 0.121875 0.1234375
1 0.38828125 0.615625 0.121875 0.1234375
1 0.278125 0.55 0.109375 0.11015625
1 0.29375 0.446875 0.109375 0.11015625
1 0.28828125 0.3375 0.09765625 0.0984375
1 0.28671875 0.228125 0.11015625 0.11015625
1 0.29140625 0.10859375 0.121875 0.121875
1 0.2 0.16796875 0.121875 0.1234375
1 0.19375 0.2859375 0.109375 0.11015625
1 0.1953125 0.3859375 0.09765625 0.0984375
1 0.18828125 0.496875 0.121875 0.1234375
1 0.19609375 0.60546875 0.121875 0.1234375
1 0.09453125 0.5421875 0.121875 0.1234375
1 0.1 0.42578125 0.09765625 0.09765625
1 0.0984375 0.3171875 0.121875 0.1234375
1 0.09453125 0.2125 0.121875 0.1234375
1 0.10078125 0.1078125 0.121875 0.1234375
1 0.09609375 0.65625 0.121875 0.1234375
1 0.1 0.753125 0.121875 0.1234375
1 0.09609375 0.87109375 0.121875 0.1234375
1 0.1921875 0.93046875 0.11015625 0.1109375
1 0.1859375 0.71015625 0.121875 0.1234375
1 0.278125 0.78984375 0.121875 0.1234375
1 0.28046875 0.6703125 0.121875 0.1234375
1 0.19453125 0.82109375 0.11015625 0.11015625
1 0.28203125 0.8890625 0.109375 0.11015625
1 0.38515625 0.73671875 0.121875 0.121875
1 0.38515625 0.82890625 0.121875 0.1234375
1 0.384375 0.934375 0.121875 0.1234375
1 0.56171875 0.721875 0.121875 0.1234375
1 0.5671875 0.8296875 0.121875 0.121875
1 0.471875 0.88515625 0.11015625 0.11015625
1 0.4734375 0.77421875 0.11015625 0.11015625
1 0.4859375 0.66171875 0.11015625 0.11015625
1 0.67109375 0.86875 0.109375 0.11015625
1 0.66328125 0.76796875 0.109375 0.11015625
1 0.66796875 0.6609375 0.109375 0.11015625
1 0.7671875 0.70703125 0.121875 0.1234375
1 0.76328125 0.81953125 0.121875 0.1234375
1 0.765625 0.92421875 0.109375 0.11015625
1 0.853125 0.88359375 0.11015625 0.11015625
1 0.86015625 0.765625 0.11015625 0.1109375
1 0.85703125 0.6609375 0.11015625 0.1109375
1 0.94453125 0.928125 0.09765625 0.09765625