2 0.0296875 0.65546875 0.0484375 0.0484375
2 0.034375 0.53671875 0.0484375 0.05
2 0.1265625 0.58671875 0.0484375 0.05
2 0.1375 0.35234375 0.0734375 0.0734375
2 0.1390625 0.46328125 0.0734375 0.0734375
2 0.1375 0.115625 0.06171875 0.06171875
2 0.03828125 0.41875 0.0609375 0.06171875
2 0.1375 0.23984375 0.0609375 0.06171875
1 0.0515625 0.28046875 0.0359375 0.0375
2 0.90546875 0.4828125 0.06171875 0.06171875
2 0.8953125 0.36953125 0.06171875 0.06171875
2 0.7 0.5984375 0.0609375 0.06171875
2 0.5203125 0.59375 0.0734375 0.07421875
2 0.61640625 0.43984375 0.06171875 0.06171875
2 0.21171875 0.53984375 0.06171875 0.06171875
2 0.425 0.51484375 0.0734375 0.07421875
2 0.5953125 0.6453125 0.0484375 0.0484375
2 0.21875 0.19765625 0.0609375 0.06171875
2 0.69921875 0.50078125 0.0609375 0.06171875
2 0.51640625 0.37109375 0.0734375 0.07421875
2 0.32109375 0.5796875 0.0484375 0.0484375
2 0.4234375 0.64296875 0.0734375 0.0734375
2 0.3265625 0.47109375 0.0609375 0.06171875
2 0.60625 0.5453125 0.06171875 0.0609375
2 0.4265625 0.41484375 0.0609375 0.06171875
2 0.3265625 0.14296875 0.0609375 0.06171875
2 0.44375 0.175 0.0609375 0.06171875
2 0.32421875 0.26015625 0.0609375 0.06171875
2 0.328125 0.36875 0.0609375 0.06171875
2 0.52421875 0.4703125 0.0734375 0.07421875
2 0.2203125 0.3234375 0.0609375 0.06171875
2 0.21640625 0.64375 0.06171875 0.06171875
2 0.12578125 0.8046875 0.0484375 0.0484375
2 0.13125 0.696875 0.0484375 0.05
2 0.034375 0.75078125 0.0609375 0.06171875
2 0.88203125 0.8296875 0.0734375 0.07421875
2 0.59453125 0.86015625 0.06171875 0.06171875
2 0.69453125 0.8046875 0.0484375 0.0484375
2 0.425 0.75234375 0.06171875 0.06171875
2 0.59296875 0.75703125 0.06171875 0.06171875
2 0.31953125 0.7015625 0.06171875 0.06171875
2 0.7921875 0.77265625 0.0484375 0.0484375
2 0.8046875 0.43125 0.0375 0.0375
2 0.79375 0.5375 0.0484375 0.0484375
2 0.7953125 0.6640625 0.0375 0.0375
2 0.6921875 0.7140625 0.0359375 0.0375
1 0.5125 0.69375 0.0734375 0.07421875
2 0.5109375 0.8140625 0.0375 0.0375
2 0.4234375 0.8421875 0.0484375 0.05
2 0.3203125 0.88359375 0.0484375 0.05
2 0.43359375 0.30390625 0.0484375 0.0484375
2 0.221875 0.42578125 0.0359375 0.0375
2 0.221875 0.753125 0.0484375 0.05
2 0.13203125 0.88359375 0.0484375 0.0484375
2 0.628125 0.209375 0.0484375 0.0484375
2 0.70390625 0.3734375 0.0375 0.0375
2 0.61953125 0.321875 0.02421875 0.02421875
2 0.51640625 0.26015625 0.0484375 0.05
2 0.51796875 0.13671875 0.02421875 0.025
2 0.52265625 0.0296875 0.0375 0.0375
2 0.4421875 0.07890625 0.0609375 0.06171875
2 0.3296875 0.034375 0.0375 0.0375
2 0.21875 0.10234375 0.0484375 0.0484375
2 0.04609375 0.1703125 0.0359375 0.0359375