2 0.16015625 0.91328125 0.0484375 0.05
1 0.0640625 0.10234375 0.09765625 0.0984375
1 0.15859375 0.15703125 0.11015625 0.11015625
1 0.2578125 0.10078125 0.109375 0.1109375
1 0.2609375 0.20703125 0.121875 0.1234375
1 0.36015625 0.1484375 0.09765625 0.09765625
1 0.4484375 0.103125 0.09765625 0.09765625
1 0.45 0.215625 0.109375 0.1109375
1 0.53984375 0.14921875 0.121875 0.1234375
1 0.65390625 0.0921875 0.121875 0.1234375
1 0.65390625 0.2 0.121875 0.1234375
1 0.54296875 0.271875 0.09765625 0.09765625
1 0.55078125 0.3765625 0.09765625 0.09765625
1 0.5390625 0.5 0.09765625 0.09765625
1 0.54296875 0.58828125 0.09765625 0.0984375
1 0.440625 0.65546875 0.09765625 0.0984375
1 0.45390625 0.5375 0.0859375 0.0859375
1 0.446875 0.43125 0.0859375 0.0859375
1 0.45234375 0.3203125 0.09765625 0.09765625
1 0.3515625 0.26640625 0.09765625 0.09765625
1 0.353125 0.3859375 0.09765625 0.0984375
1 0.353125 0.478125 0.09765625 0.0984375
1 0.346875 0.59453125 0.09765625 0.0984375
1 0.35390625 0.70078125 0.08515625 0.08671875
1 0.25859375 0.54375 0.11015625 0.11015625
1 0.25703125 0.425 0.09765625 0.0984375
1 0.25625 0.31875 0.11015625 0.11015625
1 0.16328125 0.26484375 0.09765625 0.0984375
1 0.15625 0.36015625 0.09765625 0.0984375
1 0.159375 0.4890625 0.109375 0.11015625
1 0.15546875 0.59453125 0.109375 0.11015625
1 0.059375 0.53828125 0.09765625 0.0984375
1 0.06640625 0.42890625 0.09765625 0.0984375
1 0.075 0.29765625 0.09765625 0.0984375
1 0.0625 0.21171875 0.09765625 0.0984375
2 0.05859375 0.64921875 0.0484375 0.0484375
1 0.259375 0.65703125 0.0609375 0.06171875
1 0.1671875 0.70703125 0.0484375 0.0484375
1 0.746875 0.153125 0.121875 0.121875
1 0.83515625 0.09140625 0.11015625 0.11015625
1 0.93125 0.1609375 0.121875 0.1234375
1 0.65078125 0.30625 0.121875 0.1234375
1 0.64609375 0.4203125 0.121875 0.121875
1 0.64921875 0.52265625 0.11015625 0.11015625
1 0.64140625 0.65390625 0.09765625 0.0984375
1 0.5390625 0.703125 0.0859375 0.0859375
1 0.63984375 0.76640625 0.11015625 0.11015625
1 0.7328125 0.70390625 0.08515625 0.0859375
1 0.7359375 0.603125 0.09765625 0.0984375
1 0.734375 0.48515625 0.09765625 0.0984375
1 0.7390625 0.37578125 0.09765625 0.0984375
1 0.73984375 0.27265625 0.121875 0.1234375
1 0.83515625 0.2015625 0.096875 0.09765625
1 0.8265625 0.31171875 0.09765625 0.09765625
1 0.84453125 0.41640625 0.09765625 0.0984375
1 0.83515625 0.540625 0.0859375 0.0859375
1 0.8375 0.63984375 0.09765625 0.0984375
1 0.834375 0.7625 0.09765625 0.0984375
1 0.928125 0.7015625 0.121875 0.1234375
1 0.925 0.596875 0.121875 0.1234375
1 0.925 0.47734375 0.121875 0.1234375
1 0.92265625 0.378125 0.11015625 0.1109375
1 0.92734375 0.2625 0.121875 0.1234375
1 0.921875 0.81484375 0.109375 0.11015625
1 0.91796875 0.9125 0.09765625 0.0984375
1 0.8234375 0.86875 0.09765625 0.0984375
1 0.73359375 0.809375 0.08515625 0.08671875
2 0.62421875 0.865625 0.0484375 0.05
1 0.54296875 0.8234375 0.09765625 0.0984375
1 0.05546875 0.8609375 0.0484375 0.05
1 0.16640625 0.81328125 0.0359375 0.0375
1 0.26875 0.759375 0.0359375 0.0375
1 0.33671875 0.9375 0.0484375 0.0484375
1 0.35 0.8171875 0.0484375 0.0484375
1 0.43125 0.8453125 0.0375 0.0375
2 0.57109375 0.95 0.0375 0.0375
2 0.7296875 0.93125 0.0375 0.0375
1 0.4484375 0.76484375 0.09765625 0.09765625