3 0.13671875 0.39765625 0.09765625 0.0984375
1 0.88828125 0.9421875 0.0734375 0.07421875
1 0.7015625 0.9453125 0.09765625 0.09765625
1 0.51484375 0.06875 0.11015625 0.1109375
1 0.33125 0.06796875 0.109375 0.11015625
1 0.13828125 0.06328125 0.11015625 0.11015625
1 0.89296875 0.0734375 0.11015625 0.11015625
1 0.896875 0.19140625 0.121875 0.1234375
1 0.89453125 0.29375 0.109375 0.11015625
1 0.89140625 0.40703125 0.121875 0.121875
1 0.89765625 0.5140625 0.109375 0.11015625
1 0.80625 0.13125 0.109375 0.11015625
1 0.80390625 0.23984375 0.09765625 0.0984375
1 0.809375 0.33125 0.09765625 0.0984375
1 0.80390625 0.4640625 0.11015625 0.11015625
1 0.79765625 0.57265625 0.09765625 0.0984375
1 0.70625 0.0734375 0.09765625 0.0984375
1 0.7171875 0.18828125 0.09765625 0.0984375
1 0.709375 0.29765625 0.11015625 0.11015625
1 0.7046875 0.41640625 0.11015625 0.11015625
1 0.7078125 0.5140625 0.09765625 0.0984375
1 0.6140625 0.13125 0.11015625 0.11015625
1 0.61484375 0.24140625 0.11015625 0.11015625
1 0.6125 0.35703125 0.109375 0.11015625
1 0.609375 0.4625 0.109375 0.11015625
1 0.60546875 0.56640625 0.09765625 0.09765625
1 0.5140625 0.18828125 0.121875 0.1234375
1 0.515625 0.29453125 0.109375 0.11015625
1 0.51484375 0.403125 0.109375 0.11015625
1 0.5171875 0.509375 0.11015625 0.1109375
1 0.425 0.4453125 0.11015625 0.1109375
1 0.425 0.34765625 0.0734375 0.07421875
1 0.43046875 0.24375 0.121875 0.1234375
1 0.42578125 0.1203125 0.109375 0.11015625
1 0.88828125 0.615625 0.11015625 0.11015625
1 0.88125 0.73828125 0.121875 0.1234375
1 0.89140625 0.83203125 0.121875 0.1234375
1 0.79921875 0.68984375 0.11015625 0.11015625
1 0.80078125 0.7890625 0.09765625 0.09765625
1 0.78828125 0.8953125 0.109375 0.1109375
1 0.7078125 0.63671875 0.09765625 0.09765625
1 0.70390625 0.74140625 0.09765625 0.09765625
1 0.6953125 0.84765625 0.109375 0.1109375
1 0.6109375 0.675 0.09765625 0.09765625
1 0.603125 0.78515625 0.109375 0.1109375
1 0.5984375 0.88125 0.11015625 0.11015625
1 0.509375 0.621875 0.11015625 0.1109375
1 0.5140625 0.84140625 0.11015625 0.11015625
1 0.51640625 0.725 0.11015625 0.11015625
1 0.41484375 0.675 0.121875 0.1234375
1 0.4203125 0.790625 0.121875 0.1234375
1 0.41484375 0.89140625 0.121875 0.121875
1 0.41171875 0.5671875 0.11015625 0.11015625
1 0.31484375 0.51328125 0.11015625 0.11015625
1 0.3265625 0.6203125 0.109375 0.11015625
1 0.31640625 0.72734375 0.109375 0.11015625
1 0.31640625 0.83515625 0.109375 0.11015625
1 0.13984375 0.17578125 0.109375 0.1109375
1 0.14140625 0.284375 0.109375 0.11015625
1 0.13984375 0.5140625 0.11015625 0.11015625
1 0.225 0.56171875 0.109375 0.11015625
1 0.22578125 0.44296875 0.109375 0.11015625
1 0.2328125 0.3484375 0.109375 0.1109375
1 0.2296875 0.228125 0.09765625 0.09765625
1 0.23359375 0.11640625 0.11015625 0.1109375
1 0.3296875 0.17421875 0.11015625 0.11015625
1 0.3265625 0.28515625 0.09765625 0.09765625
1 0.3265625 0.39921875 0.11015625 0.1109375
3 0.23203125 0.675 0.11015625 0.11015625
1 0.23671875 0.77578125 0.08515625 0.08671875
1 0.22890625 0.903125 0.11015625 0.11015625
1 0.1359375 0.6296875 0.11015625 0.11015625
1 0.13203125 0.73203125 0.11015625 0.11015625
1 0.1359375 0.84296875 0.09765625 0.0984375