2 0.08515625 0.3953125 0.06171875 0.06171875
2 0.075 0.28203125 0.06171875 0.06171875
2 0.06171875 0.7421875 0.0734375 0.07421875
2 0.83515625 0.496875 0.0734375 0.07421875
2 0.18125 0.12421875 0.06171875 0.06171875
2 0.18125 0.2328125 0.0609375 0.06171875
2 0.1703125 0.465625 0.06171875 0.06171875
2 0.1703125 0.56796875 0.06171875 0.06171875
2 0.365625 0.55546875 0.0609375 0.06171875
2 0.83125 0.70546875 0.06171875 0.06171875
2 0.16328125 0.79453125 0.06171875 0.06171875
2 0.55625 0.7921875 0.0484375 0.05
2 0.65625 0.6046875 0.0484375 0.0484375
2 0.34453125 0.73203125 0.0734375 0.0734375
2 0.365625 0.62578125 0.0484375 0.05
2 0.659375 0.7234375 0.06171875 0.06171875
2 0.4671875 0.62265625 0.0609375 0.06171875
2 0.7546875 0.9640625 0.06171875 0.06171875
2 0.55703125 0.67890625 0.06171875 0.06171875
2 0.4578125 0.7140625 0.0734375 0.0734375
1 0.93359375 0.340625 0.09765625 0.0984375
1 0.92578125 0.446875 0.109375 0.11015625
1 0.9234375 0.55390625 0.11015625 0.11015625
1 0.925 0.67578125 0.08515625 0.0859375
1 0.92734375 0.7828125 0.0734375 0.07421875
1 0.83828125 0.28203125 0.08515625 0.0859375
1 0.82890625 0.39765625 0.11015625 0.11015625
1 0.8375 0.609375 0.0734375 0.07421875
1 0.840625 0.7875 0.0734375 0.07421875
1 0.7484375 0.2296875 0.11015625 0.11015625
1 0.73515625 0.32890625 0.11015625 0.11015625
1 0.7359375 0.43125 0.0734375 0.07421875
1 0.7359375 0.53203125 0.0859375 0.0859375
1 0.74375 0.62421875 0.0859375 0.0859375
1 0.746875 0.74296875 0.09765625 0.0984375
2 0.6578125 0.51171875 0.0375 0.0375
2 0.56484375 0.571875 0.0359375 0.0375
2 0.45234375 0.8015625 0.0484375 0.05
2 0.265625 0.2828125 0.0609375 0.06171875
2 0.265625 0.39140625 0.0484375 0.05
2 0.26484375 0.4859375 0.0484375 0.05
2 0.2546875 0.61171875 0.0484375 0.05
2 0.25859375 0.725 0.0484375 0.0484375
2 0.16328125 0.67890625 0.06171875 0.06171875
2 0.1828125 0.35390625 0.0484375 0.05
1 0.6609375 0.2875 0.109375 0.11015625
1 0.65 0.3875 0.109375 0.1109375
1 0.57265625 0.24296875 0.121875 0.1234375
1 0.56171875 0.34296875 0.11015625 0.1109375
1 0.56015625 0.4484375 0.11015625 0.11015625
1 0.47421875 0.2890625 0.11015625 0.1109375
1 0.475 0.3921875 0.11015625 0.11015625
1 0.46640625 0.5046875 0.11015625 0.11015625
1 0.375 0.3265625 0.0859375 0.0859375
1 0.37578125 0.4328125 0.121875 0.1234375
1 0.93046875 0.115625 0.109375 0.11015625
1 0.9296875 0.225 0.109375 0.11015625
1 0.85078125 0.05625 0.08515625 0.08671875
1 0.84296875 0.1828125 0.11015625 0.11015625
1 0.75 0.1234375 0.09765625 0.0984375
1 0.659375 0.06953125 0.09765625 0.0984375
1 0.65625 0.18046875 0.109375 0.11015625
1 0.5703125 0.11015625 0.09765625 0.09765625
1 0.4765625 0.065625 0.09765625 0.09765625
1 0.471875 0.1765625 0.11015625 0.1109375
1 0.37109375 0.21796875 0.09765625 0.0984375
1 0.37109375 0.12890625 0.109375 0.1109375
2 0.27421875 0.06875 0.0484375 0.0484375
2 0.26875 0.1734375 0.06171875 0.06171875