2 0.821875 0.13984375 0.06171875 0.06171875
2 0.9140625 0.21875 0.0484375 0.0484375
2 0.91875 0.1 0.0484375 0.05
2 0.6609375 0.12265625 0.0609375 0.06171875
2 0.303125 0.13125 0.0484375 0.0484375
2 0.38203125 0.19609375 0.0484375 0.0484375
2 0.56484375 0.18046875 0.06171875 0.06171875
2 0.384375 0.071875 0.0609375 0.06171875
2 0.3046875 0.0359375 0.0609375 0.06171875
2 0.190625 0.16484375 0.0484375 0.05
2 0.19453125 0.06796875 0.0484375 0.05
2 0.10078125 0.1046875 0.06171875 0.06171875
2 0.1 0.20625 0.0484375 0.05
2 0.659375 0.353125 0.06171875 0.06171875
2 0.5609375 0.28671875 0.06171875 0.06171875
2 0.9125 0.42265625 0.0734375 0.07421875
2 0.82265625 0.35390625 0.06171875 0.06171875
2 0.665625 0.25703125 0.0609375 0.0609375
2 0.65859375 0.44765625 0.06171875 0.06171875
2 0.73125 0.41015625 0.0734375 0.07421875
2 0.8203125 0.24140625 0.0484375 0.0484375
2 0.73125 0.284375 0.0609375 0.0609375
2 0.91875 0.3140625 0.0609375 0.06171875
1 0.915625 0.90546875 0.121875 0.1234375
1 0.909375 0.82734375 0.121875 0.1234375
1 0.81484375 0.7296875 0.11015625 0.1109375
1 0.815625 0.846875 0.121875 0.1234375
1 0.7359375 0.884375 0.08515625 0.0859375
1 0.73515625 0.78828125 0.08515625 0.0859375
1 0.6328125 0.8359375 0.09765625 0.09765625
1 0.63125 0.95625 0.08515625 0.0859375
1 0.54453125 0.78125 0.121875 0.1234375
1 0.53984375 0.89921875 0.121875 0.1234375
1 0.45546875 0.8359375 0.121875 0.1234375
1 0.35234375 0.89375 0.09765625 0.0984375
1 0.3484375 0.77421875 0.08515625 0.0859375
1 0.2703125 0.8296875 0.0859375 0.0859375
1 0.2640625 0.94609375 0.08515625 0.0859375
1 0.165625 0.88359375 0.0859375 0.0859375
1 0.08203125 0.9171875 0.09765625 0.0984375
1 0.078125 0.8265625 0.09765625 0.0984375
2 0.825 0.0609375 0.0359375 0.0375
2 0.73828125 0.0703125 0.0484375 0.0484375
2 0.7484375 0.1828125 0.0375 0.0375
2 0.5734375 0.07890625 0.0484375 0.0484375
2 0.490625 0.134375 0.0484375 0.0484375
2 0.48515625 0.2328125 0.0609375 0.06171875
2 0.29609375 0.2359375 0.02421875 0.02421875
2 0.5015625 0.01796875 0.02421875 0.02421875
2 0.20390625 0.26875 0.02421875 0.02421875