2 0.575 0.06953125 0.0484375 0.0484375
2 0.5796875 0.8453125 0.06171875 0.06171875
2 0.56875 0.73203125 0.06171875 0.06171875
2 0.37421875 0.96015625 0.0609375 0.06171875
2 0.19375 0.95625 0.0734375 0.07421875
2 0.290625 0.80234375 0.06171875 0.06171875
2 0.09921875 0.8765625 0.0734375 0.07421875
2 0.3734375 0.8625 0.0609375 0.06171875
2 0.18984375 0.73359375 0.0734375 0.07421875
2 0.2796875 0.90703125 0.06171875 0.0609375
2 0.10078125 0.7765625 0.0609375 0.06171875
2 0.1171875 0.5375 0.0609375 0.06171875
2 0.19765625 0.8328125 0.0734375 0.07421875
2 0.675 0.12421875 0.0484375 0.0484375
2 0.675 0.24296875 0.0609375 0.06171875
2 0.675 0.575 0.06171875 0.06171875
2 0.76875 0.2921875 0.0484375 0.05
2 0.6734375 0.3375 0.0609375 0.06171875
2 0.67578125 0.6828125 0.0609375 0.06171875
2 0.66484375 0.915625 0.06171875 0.06171875
2 0.68515625 0.45625 0.0734375 0.0734375
2 0.759375 0.7328125 0.0609375 0.06171875
2 0.759375 0.84140625 0.0484375 0.05
2 0.75859375 0.9359375 0.0484375 0.05
2 0.6765625 0.80390625 0.0484375 0.05
2 0.478125 0.79375 0.0375 0.0375
2 0.46796875 0.89921875 0.0484375 0.0484375
1 0.86875 0.7765625 0.0859375 0.0859375
1 0.86953125 0.8828125 0.121875 0.1234375
2 0.1078125 0.665625 0.0484375 0.0484375
1 0.86953125 0.1296875 0.11015625 0.11015625
1 0.8703125 0.22890625 0.11015625 0.11015625
1 0.8703125 0.34140625 0.11015625 0.11015625
1 0.865625 0.66875 0.09765625 0.0984375
1 0.865625 0.57890625 0.109375 0.1109375
1 0.87265625 0.4625 0.11015625 0.1109375
2 0.5859375 0.175 0.0375 0.0375
2 0.20390625 0.1671875 0.02421875 0.02421875
2 0.1265625 0.134375 0.0359375 0.0375
2 0.76484375 0.18359375 0.0375 0.0375
2 0.76484375 0.41328125 0.0484375 0.05
2 0.76875 0.51875 0.0484375 0.0484375
2 0.76328125 0.6234375 0.06171875 0.06171875
2 0.771875 0.0609375 0.0484375 0.0484375
2 0.3015625 0.57109375 0.0484375 0.0484375
2 0.378125 0.73515625 0.0375 0.0375
2 0.29375 0.684375 0.02421875 0.02421875
2 0.190625 0.62265625 0.0484375 0.05
2 0.1921875 0.49921875 0.02421875 0.025
2 0.19609375 0.39140625 0.0375 0.0375
2 0.121875 0.34453125 0.0375 0.0375
2 0.11640625 0.440625 0.0609375 0.06171875
2 0.11796875 0.23828125 0.0375 0.0375