2 0.06015625 0.29296875 0.0734375 0.07421875
2 0.26640625 0.05703125 0.0484375 0.05
2 0.3609375 0.13515625 0.0484375 0.05
2 0.25859375 0.28828125 0.0484375 0.05
2 0.153125 0.12578125 0.0375 0.0359375
2 0.06328125 0.2125 0.0484375 0.0484375
2 0.36015625 0.2296875 0.0359375 0.0359375
2 0.059375 0.3953125 0.06171875 0.0609375
2 0.14921875 0.55859375 0.06171875 0.0609375
2 0.3515625 0.3875 0.0484375 0.05
2 0.246875 0.60859375 0.0609375 0.0609375
2 0.2515625 0.425 0.0484375 0.0484375
2 0.35625 0.46875 0.0484375 0.0484375
2 0.34296875 0.553125 0.0484375 0.0484375
2 0.440625 0.4859375 0.0359375 0.0375
2 0.815625 0.29453125 0.06171875 0.06171875
1 0.93125 0.115625 0.09765625 0.0984375
1 0.93671875 0.23359375 0.09765625 0.0984375
1 0.0671875 0.0734375 0.06171875 0.06171875
2 0.8421875 0.6140625 0.0609375 0.06171875
2 0.8390625 0.51328125 0.0484375 0.05
2 0.92265625 0.78046875 0.0359375 0.0359375
2 0.92265625 0.9109375 0.02421875 0.02421875
2 0.8484375 0.71015625 0.0375 0.0359375
2 0.8515625 0.8296875 0.0484375 0.05
2 0.8453125 0.9609375 0.0375 0.0375
2 0.75859375 0.753125 0.0359375 0.0359375
2 0.92421875 0.4609375 0.0359375 0.0375
2 0.84453125 0.3953125 0.0359375 0.0375
2 0.74140625 0.45 0.0375 0.0375
2 0.64375 0.503125 0.0375 0.0359375
2 0.54375 0.55 0.0359375 0.0359375
2 0.521875 0.675 0.0359375 0.0375
2 0.63828125 0.6265625 0.0359375 0.0359375
2 0.75703125 0.56875 0.0484375 0.05
2 0.7578125 0.6578125 0.0375 0.0359375
2 0.92578125 0.55859375 0.0484375 0.0484375
2 0.9265625 0.66015625 0.0359375 0.0375
2 0.14921875 0.334375 0.0375 0.0375
2 0.271875 0.16328125 0.0484375 0.05
2 0.4625 0.3015625 0.0359375 0.0359375
1 0.44375 0.08125 0.0484375 0.0484375
2 0.5296875 0.13671875 0.0375 0.0375
2 0.678125 0.09375 0.0375 0.0375
2 0.728125 0.21953125 0.0359375 0.0375
2 0.8359375 0.075 0.0375 0.0375
2 0.646875 0.2796875 0.0375 0.0375
2 0.740625 0.32109375 0.02421875 0.02421875
2 0.43203125 0.18125 0.0359375 0.0375
1 0.05625 0.61640625 0.0609375 0.06171875
2 0.05625 0.6921875 0.0484375 0.0484375
2 0.15 0.4453125 0.0359375 0.0375
1 0.1421875 0.65625 0.0484375 0.0484375
2 0.2578125 0.51875 0.0375 0.0375
2 0.346875 0.6984375 0.02421875 0.025
2 0.428125 0.6984375 0.0359375 0.0375
2 0.590625 0.396875 0.0359375 0.0359375
2 0.93046875 0.346875 0.0375 0.0375
2 0.14921875 0.884375 0.0375 0.0375
2 0.13984375 0.97734375 0.0375 0.0359375
2 0.26875 0.87890625 0.0359375 0.0375
2 0.35234375 0.91484375 0.0359375 0.0375
2 0.42265625 0.95234375 0.0375 0.0375
2 0.421875 0.87890625 0.0375 0.0375