1 0.08515625 0.14765625 0.121875 0.1234375
1 0.16875 0.09140625 0.11015625 0.11015625
1 0.3625 0.0953125 0.121875 0.1234375
1 0.5359375 0.09453125 0.121875 0.121875
1 0.64140625 0.128125 0.121875 0.1234375
1 0.73984375 0.0859375 0.121875 0.1234375
1 0.925 0.0890625 0.109375 0.1109375
1 0.92890625 0.1875 0.109375 0.1109375
1 0.9265625 0.309375 0.109375 0.1109375
1 0.92578125 0.4078125 0.09765625 0.0984375
1 0.93203125 0.52734375 0.121875 0.1234375
1 0.928125 0.6265625 0.11015625 0.11015625
1 0.825 0.58125 0.11015625 0.11015625
1 0.82734375 0.46640625 0.11015625 0.11015625
1 0.8296875 0.24921875 0.11015625 0.11015625
1 0.82734375 0.146875 0.121875 0.1234375
2 0.82890625 0.3546875 0.0484375 0.0484375
1 0.7375 0.18515625 0.09765625 0.0984375
1 0.74375 0.3 0.09765625 0.0984375
1 0.73359375 0.40859375 0.109375 0.11015625
1 0.7375 0.53203125 0.09765625 0.0984375
1 0.74296875 0.64921875 0.109375 0.11015625
1 0.63828125 0.6 0.121875 0.1234375
1 0.6359375 0.47421875 0.121875 0.121875
1 0.63828125 0.36015625 0.121875 0.121875
1 0.64140625 0.2515625 0.109375 0.11015625
1 0.54609375 0.2078125 0.109375 0.11015625
1 0.53984375 0.309375 0.09765625 0.0984375
1 0.54765625 0.42265625 0.121875 0.1234375
1 0.54609375 0.5421875 0.121875 0.1234375
1 0.54609375 0.6515625 0.121875 0.1234375
1 0.43671875 0.58671875 0.109375 0.11015625
1 0.45234375 0.4828125 0.109375 0.11015625
1 0.44609375 0.3734375 0.09765625 0.0984375
1 0.44453125 0.2640625 0.11015625 0.11015625
1 0.45 0.1453125 0.121875 0.121875
1 0.3578125 0.20390625 0.121875 0.1234375
1 0.3515625 0.321875 0.109375 0.11015625
1 0.353125 0.42265625 0.09765625 0.0984375
1 0.34609375 0.5328125 0.121875 0.1234375
1 0.35390625 0.64140625 0.121875 0.1234375
1 0.25234375 0.578125 0.121875 0.1234375
1 0.2578125 0.46171875 0.09765625 0.09765625
1 0.25625 0.353125 0.121875 0.1234375
1 0.25234375 0.24921875 0.121875 0.1234375
1 0.259375 0.14375 0.121875 0.1234375
1 0.16640625 0.2 0.121875 0.1234375
1 0.1625 0.30078125 0.121875 0.1234375
1 0.1625 0.4171875 0.121875 0.1234375
1 0.1609375 0.534375 0.121875 0.1234375
1 0.15078125 0.646875 0.121875 0.1234375
1 0.07109375 0.25078125 0.11015625 0.1109375
1 0.07109375 0.35625 0.11015625 0.1109375
3 0.0640625 0.475 0.109375 0.11015625
1 0.06328125 0.58828125 0.109375 0.11015625
1 0.07109375 0.69453125 0.109375 0.11015625
1 0.05625 0.80546875 0.109375 0.1109375
1 0.05859375 0.915625 0.109375 0.11015625
1 0.16640625 0.7515625 0.121875 0.1234375
1 0.16484375 0.84375 0.121875 0.1234375
1 0.2546875 0.6921875 0.121875 0.1234375
1 0.25859375 0.7890625 0.121875 0.1234375
1 0.2546875 0.90703125 0.121875 0.1234375
1 0.34453125 0.74609375 0.121875 0.1234375
1 0.4359375 0.8265625 0.121875 0.1234375
1 0.4390625 0.70625 0.121875 0.1234375
1 0.353125 0.85703125 0.11015625 0.11015625
1 0.440625 0.925 0.109375 0.11015625
1 0.54375 0.77265625 0.121875 0.121875
1 0.54375 0.865625 0.121875 0.1234375
1 0.7203125 0.7578125 0.121875 0.1234375
1 0.725 0.865625 0.121875 0.121875
1 0.63046875 0.92109375 0.11015625 0.11015625
1 0.63125 0.81015625 0.11015625 0.11015625
1 0.64375 0.69765625 0.11015625 0.11015625
1 0.82890625 0.9046875 0.109375 0.11015625
1 0.82109375 0.80390625 0.109375 0.11015625
1 0.8265625 0.696875 0.109375 0.11015625
1 0.925 0.74296875 0.121875 0.1234375
1 0.92109375 0.85546875 0.121875 0.1234375