2 0.690625 0.7171875 0.06171875 0.06171875
2 0.7828125 0.79609375 0.0484375 0.0484375
2 0.78828125 0.67734375 0.0484375 0.05
2 0.53046875 0.7 0.0609375 0.06171875
2 0.171875 0.7078125 0.0484375 0.0484375
2 0.25078125 0.7734375 0.0484375 0.0484375
2 0.434375 0.75703125 0.06171875 0.06171875
2 0.88125 0.72734375 0.0484375 0.05
2 0.25390625 0.64921875 0.0609375 0.06171875
2 0.89140625 0.49296875 0.0734375 0.0734375
2 0.89296875 0.60390625 0.0734375 0.0734375
2 0.89140625 0.25625 0.06171875 0.06171875
2 0.7921875 0.559375 0.0609375 0.06171875
2 0.896875 0.0359375 0.0484375 0.05
2 0.89140625 0.38046875 0.0609375 0.06171875
1 0.80546875 0.42109375 0.0359375 0.0375
2 0.17890625 0.496875 0.0484375 0.0484375
2 0.18125 0.29609375 0.0484375 0.0484375
2 0.178125 0.403125 0.0484375 0.0484375
2 0.1734375 0.6125 0.0609375 0.06171875
2 0.446875 0.46171875 0.0609375 0.06171875
2 0.5328125 0.21953125 0.0609375 0.06171875
2 0.61796875 0.12265625 0.0609375 0.06171875
2 0.5359375 0.10625 0.0609375 0.06171875
2 0.17734375 0.18046875 0.06171875 0.06171875
2 0.36328125 0.2796875 0.0484375 0.0484375
2 0.2515625 0.34453125 0.0375 0.0375
2 0.3625 0.1859375 0.0484375 0.0484375
2 0.53984375 0.31328125 0.0484375 0.0484375
2 0.45234375 0.35078125 0.0609375 0.0609375
2 0.70625 0.06484375 0.06171875 0.06171875
2 0.25234375 0.23046875 0.0734375 0.07421875
2 0.45546875 0.27421875 0.06171875 0.06171875
2 0.25078125 0.5609375 0.0609375 0.06171875
2 0.60859375 0.34453125 0.0484375 0.0484375
2 0.5234375 0.6015625 0.0484375 0.0484375
2 0.24296875 0.4578125 0.0484375 0.0484375
2 0.44296875 0.5484375 0.0734375 0.07421875
2 0.25234375 0.12890625 0.0734375 0.07421875
2 0.059375 0.74140625 0.0484375 0.05
2 0.06328125 0.6453125 0.0484375 0.05
2 0.06484375 0.225 0.06171875 0.06171875
2 0.0625 0.45859375 0.0609375 0.06171875
2 0.0609375 0.340625 0.0484375 0.05
2 0.0734375 0.1234375 0.0359375 0.0375
2 0.965625 0.68046875 0.06171875 0.06171875
2 0.971875 0.10390625 0.0484375 0.05
2 0.52890625 0.93046875 0.06171875 0.06171875
2 0.43046875 0.8640625 0.06171875 0.06171875
2 0.6921875 0.93125 0.06171875 0.06171875
2 0.53515625 0.834375 0.0609375 0.0609375
2 0.8796875 0.9453125 0.0484375 0.0484375
2 0.884375 0.8375 0.0484375 0.05
2 0.6890625 0.81875 0.0484375 0.0484375
2 0.60078125 0.8609375 0.0609375 0.0609375
2 0.78828125 0.89140625 0.0609375 0.06171875
2 0.97578125 0.56640625 0.0359375 0.0375
2 0.69375 0.6375 0.0359375 0.0375
2 0.7078125 0.51640625 0.0375 0.0359375
2 0.6078125 0.64765625 0.0484375 0.0484375
2 0.6171875 0.759375 0.0375 0.0375
2 0.53203125 0.50859375 0.0375 0.0375
2 0.4421875 0.65625 0.0484375 0.0484375
2 0.359375 0.71171875 0.0484375 0.0484375
2 0.3546875 0.81015625 0.0609375 0.06171875
2 0.3671875 0.5 0.0484375 0.0484375
2 0.165625 0.81328125 0.02421875 0.02421875
2 0.06328125 0.55625 0.0359375 0.0375
2 0.97265625 0.24296875 0.0484375 0.0484375
2 0.8953125 0.159375 0.0359375 0.0375
2 0.7078125 0.16484375 0.0359375 0.0359375
2 0.6078125 0.2265625 0.0375 0.0375
2 0.45390625 0.0546875 0.0484375 0.0484375
2 0.45625 0.13671875 0.0484375 0.0484375
2 0.3640625 0.07421875 0.0484375 0.0484375
2 0.18671875 0.08203125 0.02421875 0.025
2 0.8 0.3109375 0.0359375 0.0359375
2 0.703125 0.40546875 0.0375 0.0375
2 0.53515625 0.41484375 0.0484375 0.0484375
2 0.6109375 0.44609375 0.0375 0.0375
2 0.3640625 0.365625 0.02421875 0.02421875
2 0.3703125 0.5953125 0.02421875 0.02421875
2 0.07265625 0.84609375 0.02421875 0.02421875