2 0.7390625 0.8453125 0.0734375 0.07421875
2 0.74296875 0.95703125 0.0734375 0.07421875
2 0.565625 0.2875 0.0609375 0.06171875
2 0.271875 0.4375 0.0859375 0.0859375
2 0.46796875 0.36484375 0.0609375 0.06171875
2 0.46640625 0.4671875 0.0734375 0.07421875
2 0.37109375 0.2890625 0.0484375 0.0484375
2 0.1421875 0.81875 0.0484375 0.05
2 0.3578125 0.94609375 0.0484375 0.05
2 0.5640625 0.9515625 0.0359375 0.0375
2 0.8640625 0.73515625 0.06171875 0.06171875
2 0.85 0.0921875 0.0484375 0.0484375
2 0.7515625 0.18125 0.06171875 0.06171875
2 0.659375 0.1359375 0.06171875 0.06171875
2 0.94375 0.415625 0.0609375 0.06171875
2 0.7484375 0.74140625 0.0484375 0.0484375
2 0.8515625 0.54140625 0.0484375 0.05
2 0.9484375 0.08203125 0.0359375 0.0375
2 0.753125 0.41171875 0.06171875 0.06171875
2 0.94140625 0.1875 0.0484375 0.0484375
2 0.85 0.4265625 0.0484375 0.05
2 0.6734375 0.35 0.0484375 0.05
1 0.56640625 0.0578125 0.0859375 0.0859375
1 0.47734375 0.1140625 0.121875 0.1234375
1 0.3734375 0.0671875 0.11015625 0.11015625
1 0.27734375 0.13828125 0.0859375 0.08671875
1 0.17734375 0.08046875 0.121875 0.121875
1 0.08515625 0.13984375 0.09765625 0.0984375
1 0.27109375 0.23125 0.08515625 0.0859375
1 0.2703125 0.3453125 0.09765625 0.0984375
1 0.16484375 0.3875 0.0859375 0.0859375
1 0.1765625 0.29765625 0.0859375 0.0859375
1 0.18359375 0.1875 0.0859375 0.0859375
1 0.09296875 0.23984375 0.09765625 0.0984375
2 0.940625 0.296875 0.0375 0.0375
2 0.84296875 0.34765625 0.0484375 0.0484375
2 0.8453125 0.24296875 0.0375 0.0375
2 0.753125 0.08671875 0.0484375 0.0484375
2 0.7484375 0.29453125 0.0484375 0.05
2 0.675 0.4421875 0.0484375 0.05
1 0.6703125 0.25078125 0.06171875 0.06171875
2 0.55625 0.175 0.0484375 0.05
2 0.471875 0.2375 0.0609375 0.06171875
2 0.4703125 0.5625 0.02421875 0.025
2 0.57109375 0.50703125 0.0484375 0.0484375
2 0.565625 0.3890625 0.0484375 0.05
2 0.74921875 0.51328125 0.0484375 0.05
2 0.9421875 0.51328125 0.0484375 0.05
2 0.94609375 0.6984375 0.0484375 0.05
2 0.940625 0.80234375 0.06171875 0.06171875
2 0.94453125 0.8828125 0.0484375 0.0484375
2 0.94609375 0.96484375 0.0484375 0.0484375
2 0.8546875 0.90234375 0.0484375 0.0484375
2 0.859375 0.809375 0.0484375 0.0484375
2 0.85625 0.6421875 0.0484375 0.05
2 0.74375 0.6265625 0.0484375 0.0484375
2 0.6703125 0.6703125 0.02421875 0.02421875
2 0.675 0.7953125 0.02421875 0.02421875
2 0.67734375 0.91015625 0.02421875 0.025
2 0.5609375 0.8375 0.02421875 0.02421875
2 0.5609375 0.59921875 0.02421875 0.02421875
2 0.053125 0.92265625 0.0484375 0.0484375
2 0.365625 0.5125 0.0484375 0.0484375
2 0.36796875 0.62421875 0.0484375 0.0484375
2 0.2625 0.8765625 0.0375 0.0359375
2 0.2671875 0.759375 0.0484375 0.0484375
2 0.2671875 0.65546875 0.0484375 0.0484375
2 0.27421875 0.54375 0.0484375 0.0484375
2 0.15625 0.509375 0.0234375 0.02421875
2 0.15 0.6125 0.0484375 0.0484375
2 0.13984375 0.725 0.0375 0.0359375
2 0.07109375 0.45625 0.0484375 0.0484375
2 0.07109375 0.571875 0.02421875 0.02421875
2 0.0640625 0.6984375 0.02421875 0.02421875
2 0.0578125 0.81328125 0.0484375 0.05
3 0.371875 0.19140625 0.0484375 0.0484375
2 0.3734375 0.4015625 0.02421875 0.02421875
2 0.07421875 0.35 0.0484375 0.0484375
2 0.46953125 0.78359375 0.02421875 0.02421875
2 0.353125 0.87109375 0.0359375 0.0375