2 0.1 0.80546875 0.0484375 0.0484375
2 0.028125 0.06015625 0.0484375 0.05
2 0.0328125 0.14140625 0.0484375 0.0484375
2 0.11796875 0.159375 0.0359375 0.0375
2 0.0984375 0.91171875 0.06171875 0.06171875
2 0.8921875 0.38203125 0.0859375 0.0859375
2 0.7640625 0.76328125 0.0484375 0.05
1 0.8984375 0.0828125 0.0859375 0.08671875
1 0.70625 0.084375 0.09765625 0.0984375
1 0.8921875 0.17578125 0.08515625 0.0859375
1 0.89140625 0.28984375 0.09765625 0.0984375
1 0.7859375 0.33203125 0.0859375 0.0859375
1 0.79765625 0.2421875 0.0859375 0.0859375
1 0.8046875 0.13203125 0.0859375 0.0859375
1 0.7140625 0.184375 0.09765625 0.0984375
2 0.51875 0.28671875 0.0609375 0.06171875
2 0.515625 0.1859375 0.0484375 0.05
2 0.5890625 0.8265625 0.0484375 0.0484375
2 0.58671875 0.9328125 0.0484375 0.0484375
2 0.6734375 0.8671875 0.0484375 0.0484375
2 0.8796875 0.9328125 0.02421875 0.02421875
2 0.21015625 0.86796875 0.0484375 0.0484375
2 0.2078125 0.95625 0.0484375 0.0484375
2 0.3109375 0.96875 0.0375 0.0375
2 0.31640625 0.846875 0.0375 0.0375
2 0.88359375 0.82109375 0.0375 0.0359375
2 0.8890625 0.70390625 0.0484375 0.0484375
2 0.8890625 0.6 0.0484375 0.0484375
2 0.8953125 0.48828125 0.0484375 0.0484375
2 0.77734375 0.45390625 0.0234375 0.02421875
2 0.771875 0.55625 0.0484375 0.0484375
2 0.7609375 0.66953125 0.0375 0.0359375
2 0.6921875 0.4 0.0484375 0.0484375
2 0.6921875 0.51640625 0.02421875 0.02421875
2 0.68515625 0.64296875 0.02421875 0.02421875
2 0.67890625 0.75703125 0.0484375 0.05
2 0.59921875 0.45390625 0.0359375 0.0359375
2 0.59921875 0.58359375 0.02421875 0.02421875
2 0.59296875 0.69296875 0.02421875 0.02421875
2 0.525 0.38359375 0.0375 0.0359375
2 0.528125 0.50234375 0.0484375 0.05
2 0.52265625 0.63359375 0.0375 0.0375
2 0.52421875 0.7359375 0.0484375 0.0484375
2 0.521875 0.86640625 0.0359375 0.0375
2 0.43515625 0.4265625 0.0359375 0.0359375
1 0.2015625 0.75625 0.0484375 0.0484375
2 0.60078125 0.13359375 0.0359375 0.0375
2 0.52109375 0.06875 0.0359375 0.0375
2 0.41796875 0.1234375 0.0375 0.0375
2 0.3203125 0.1765625 0.0375 0.0359375
2 0.2203125 0.2234375 0.0359375 0.0359375
2 0.1984375 0.34765625 0.0359375 0.0375
2 0.31484375 0.29921875 0.0359375 0.0359375
2 0.43359375 0.24140625 0.0484375 0.05
2 0.434375 0.33046875 0.0375 0.0359375
2 0.6953125 0.29375 0.0484375 0.0484375
2 0.60234375 0.23125 0.0484375 0.0484375
2 0.603125 0.3328125 0.0359375 0.0375
2 0.02421875 0.37109375 0.02421875 0.025
2 0.1046875 0.37109375 0.0359375 0.0375
2 0.2671875 0.06953125 0.0359375 0.0359375
2 0.6078125 0.01953125 0.0375 0.0375
2 0.02890625 0.5875 0.0359375 0.0375
2 0.03359375 0.678125 0.0359375 0.0375
2 0.02421875 0.771875 0.0359375 0.0375
2 0.1 0.71015625 0.0375 0.0375
2 0.1 0.625 0.0375 0.0375
2 0.0984375 0.5515625 0.0375 0.0375
2 0.97421875 0.815625 0.0359375 0.0375