2 0.08125 0.56484375 0.06171875 0.06171875
2 0.084375 0.46015625 0.0484375 0.0484375
2 0.0875 0.29609375 0.0484375 0.0484375
2 0.08984375 0.37578125 0.0484375 0.0484375
2 0.08671875 0.1953125 0.0484375 0.0484375
2 0.07734375 0.68359375 0.0484375 0.0484375
2 0.19609375 0.54765625 0.06171875 0.0609375
2 0.5671875 0.5796875 0.0609375 0.06171875
2 0.290625 0.5671875 0.0484375 0.0484375
2 0.67578125 0.496875 0.0609375 0.06171875
2 0.390625 0.50078125 0.0484375 0.0484375
2 0.75234375 0.5484375 0.06171875 0.06171875
2 0.3984375 0.5921875 0.0484375 0.0484375
2 0.86484375 0.525 0.06171875 0.06171875
2 0.4796875 0.55546875 0.0484375 0.0484375
2 0.2875 0.4421875 0.0484375 0.0484375
2 0.95703125 0.5171875 0.0484375 0.0484375
2 0.57734375 0.396875 0.0609375 0.06171875
2 0.48203125 0.34609375 0.06171875 0.06171875
2 0.4859375 0.44375 0.06171875 0.06171875
2 0.76875 0.35234375 0.0484375 0.0484375
2 0.68828125 0.3765625 0.0484375 0.0484375
2 0.57890625 0.0375 0.0484375 0.05
2 0.578125 0.13828125 0.0484375 0.05
2 0.20703125 0.42265625 0.0484375 0.0484375
2 0.8734375 0.34765625 0.0484375 0.0484375
2 0.77421875 0.21953125 0.0484375 0.0484375
2 0.86875 0.43046875 0.0484375 0.0484375
2 0.953125 0.4296875 0.0484375 0.0484375
2 0.4734375 0.76328125 0.06171875 0.06171875
2 0.8625 0.61953125 0.06171875 0.06171875
2 0.28671875 0.746875 0.06171875 0.06171875
2 0.39140625 0.7625 0.0609375 0.0609375
2 0.678125 0.70859375 0.0609375 0.06171875
2 0.396875 0.6828125 0.0609375 0.06171875
2 0.2 0.65546875 0.06171875 0.06171875
2 0.184375 0.96171875 0.0734375 0.0734375
2 0.18984375 0.7640625 0.06171875 0.06171875
2 0.5671875 0.66328125 0.06171875 0.06171875
2 0.56484375 0.76796875 0.06171875 0.06171875
2 0.28984375 0.6703125 0.0609375 0.0609375
2 0.675 0.61484375 0.0609375 0.06171875
2 0.4828125 0.6703125 0.06171875 0.06171875
2 0.67421875 0.784375 0.06171875 0.06171875
2 0.7609375 0.96171875 0.06171875 0.06171875
2 0.76171875 0.6515625 0.0609375 0.06171875
2 0.76640625 0.74765625 0.0609375 0.06171875
2 0.94765625 0.71328125 0.06171875 0.06171875
2 0.946875 0.6109375 0.0609375 0.06171875
2 0.8640625 0.6984375 0.06171875 0.06171875
2 0.8703125 0.77578125 0.0484375 0.05
2 0.95390625 0.79609375 0.0484375 0.05
2 0.946875 0.965625 0.0484375 0.0484375
1 0.39140625 0.946875 0.0859375 0.0859375
1 0.39765625 0.32265625 0.06171875 0.06171875
1 0.39921875 0.409375 0.0609375 0.06171875
2 0.875 0.25078125 0.0375 0.0375
2 0.765625 0.45390625 0.0484375 0.0484375
2 0.69140625 0.26171875 0.0375 0.0375
1 0.5734375 0.49453125 0.0609375 0.06171875
2 0.290625 0.2375 0.0484375 0.05
2 0.290625 0.33671875 0.0484375 0.0484375
2 0.1984375 0.228125 0.0375 0.0375
2 0.20625 0.3328125 0.0484375 0.0484375
2 0.69296875 0.0875 0.0359375 0.0359375
2 0.68671875 0.16953125 0.0484375 0.05
2 0.78125 0.10625 0.0375 0.0375
2 0.84296875 0.06953125 0.0359375 0.0375
2 0.2953125 0.03984375 0.0375 0.0375
2 0.4859375 0.10859375 0.0359375 0.0375
2 0.3921875 0.10234375 0.0375 0.0375
2 0.29140625 0.13359375 0.0359375 0.0375
2 0.2015625 0.13203125 0.0359375 0.0375
2 0.08984375 0.1203125 0.0484375 0.0484375