2 0.90703125 0.69921875 0.0484375 0.0484375
2 0.9015625 0.80390625 0.06171875 0.06171875
2 0.90703125 0.60234375 0.06171875 0.06171875
2 0.90546875 0.4890625 0.0609375 0.06171875
2 0.9046875 0.91875 0.06171875 0.06171875
2 0.07734375 0.66953125 0.0609375 0.06171875
2 0.3609375 0.4734375 0.0484375 0.0484375
2 0.26328125 0.56328125 0.06171875 0.06171875
2 0.17109375 0.51796875 0.06171875 0.06171875
2 0.4546875 0.79765625 0.0609375 0.06171875
2 0.36328125 0.9234375 0.0484375 0.05
2 0.546875 0.89609375 0.0609375 0.06171875
2 0.821875 0.64375 0.06171875 0.06171875
2 0.73046875 0.50859375 0.0375 0.0375
2 0.46015625 0.4640625 0.0359375 0.0375
2 0.26484375 0.79375 0.06171875 0.06171875
2 0.8203125 0.54453125 0.0484375 0.05
2 0.5421875 0.43828125 0.0375 0.0375
2 0.453125 0.56953125 0.0484375 0.0484375
2 0.3609375 0.8078125 0.0484375 0.05
2 0.81796875 0.77109375 0.06171875 0.06171875
2 0.8140625 0.86328125 0.0484375 0.0484375
2 0.1859375 0.73203125 0.0484375 0.05
2 0.82265625 0.4484375 0.06171875 0.06171875
2 0.6421875 0.3296875 0.0734375 0.0734375
2 0.90390625 0.3921875 0.0734375 0.07421875
2 0.72109375 0.1546875 0.06171875 0.06171875
2 0.64375 0.23671875 0.0484375 0.05
2 0.73125 0.059375 0.06171875 0.06171875
2 0.90625 0.19765625 0.0609375 0.06171875
2 0.90703125 0.290625 0.0484375 0.0484375
1 0.6453125 0.12421875 0.109375 0.11015625
1 0.5515625 0.0609375 0.109375 0.11015625
1 0.5515625 0.16328125 0.11015625 0.11015625
1 0.5453125 0.33828125 0.121875 0.121875
1 0.44609375 0.35 0.09765625 0.0984375
1 0.44296875 0.24765625 0.11015625 0.11015625
1 0.45234375 0.1203125 0.09765625 0.0984375
1 0.353125 0.11953125 0.09765625 0.0984375
1 0.35390625 0.259375 0.121875 0.1234375
1 0.353125 0.39375 0.109375 0.11015625
1 0.265625 0.12265625 0.09765625 0.0984375
1 0.2640625 0.2265625 0.121875 0.1234375
1 0.26484375 0.34453125 0.09765625 0.0984375
1 0.16953125 0.4125 0.11015625 0.1109375
1 0.15625 0.07109375 0.09765625 0.0984375
1 0.16796875 0.184375 0.09765625 0.0984375
1 0.16015625 0.28984375 0.09765625 0.09765625
1 0.071875 0.11875 0.09765625 0.0984375
1 0.075 0.23046875 0.09765625 0.09765625
1 0.071875 0.34375 0.109375 0.1109375
1 0.078125 0.4390625 0.0859375 0.0859375
2 0.92890625 0.128125 0.02421875 0.02421875
2 0.82109375 0.109375 0.0375 0.0375
2 0.72109375 0.27578125 0.0359375 0.0359375
2 0.828125 0.2328125 0.0375 0.0375
1 0.82734375 0.34296875 0.0484375 0.05
2 0.725 0.38359375 0.0359375 0.0359375
2 0.7234375 0.6078125 0.0375 0.0375
2 0.721875 0.7234375 0.0375 0.0375
2 0.7234375 0.828125 0.0375 0.0375
2 0.71953125 0.92578125 0.0375 0.0375
2 0.64453125 0.5484375 0.0484375 0.0484375
2 0.5359375 0.559375 0.0359375 0.0375
2 0.54765625 0.6859375 0.0359375 0.0375
2 0.546875 0.76875 0.0484375 0.0484375
2 0.640625 0.66171875 0.0609375 0.06171875
2 0.45234375 0.67890625 0.0375 0.0375
2 0.3546875 0.7296875 0.0484375 0.0484375
2 0.3578125 0.625 0.0375 0.0375
2 0.26484375 0.46875 0.0484375 0.0484375
2 0.259375 0.6765625 0.0484375 0.05
2 0.18671875 0.8234375 0.0484375 0.05
1 0.18203125 0.63203125 0.06171875 0.06171875
2 0.06875 0.55703125 0.0484375 0.05
2 0.0828125 0.8890625 0.0484375 0.0484375
2 0.07734375 0.77109375 0.0484375 0.05
2 0.2609375 0.8953125 0.0484375 0.05
2 0.45390625 0.8953125 0.0484375 0.05
2 0.628125 0.9765625 0.0359375 0.0375
2 0.07265625 0.98125 0.02421875 0.02421875