2 0.27734375 0.9046875 0.0609375 0.06171875
2 0.0828125 0.90625 0.0484375 0.0484375
2 0.56171875 0.709375 0.0484375 0.0484375
2 0.46328125 0.7984375 0.06171875 0.06171875
2 0.371875 0.753125 0.06171875 0.06171875
2 0.93046875 0.74375 0.0375 0.0375
2 0.6609375 0.69921875 0.0359375 0.0375
2 0.7421875 0.6734375 0.0375 0.0375
2 0.653125 0.8046875 0.0484375 0.0484375
2 0.3859375 0.9671875 0.0484375 0.05
2 0.8421875 0.56484375 0.0734375 0.0734375
2 0.92109375 0.38984375 0.06171875 0.06171875
2 0.84375 0.471875 0.0484375 0.05
2 0.93125 0.29453125 0.06171875 0.06171875
1 0.0828125 0.1375 0.121875 0.1234375
1 0.08125 0.25546875 0.109375 0.11015625
1 0.18828125 0.18125 0.121875 0.1234375
1 0.18125 0.0859375 0.121875 0.1234375
1 0.26875 0.1328125 0.121875 0.1234375
1 0.26484375 0.25078125 0.121875 0.1234375
1 0.36484375 0.20234375 0.121875 0.1234375
1 0.36484375 0.0875 0.121875 0.1234375
1 0.46796875 0.13359375 0.121875 0.1234375
1 0.4671875 0.246875 0.121875 0.1234375
1 0.5609375 0.2140625 0.121875 0.121875
1 0.5734375 0.09609375 0.09765625 0.0984375
1 0.65859375 0.1453125 0.121875 0.1234375
1 0.74375 0.1953125 0.121875 0.1234375
1 0.7515625 0.084375 0.121875 0.1234375
1 0.840625 0.146875 0.09765625 0.0984375
1 0.853125 0.26171875 0.121875 0.1234375
1 0.65 0.23515625 0.08515625 0.08671875
1 0.8453125 0.36015625 0.109375 0.11015625
1 0.7515625 0.29609375 0.109375 0.11015625
1 0.7515625 0.39921875 0.11015625 0.11015625
1 0.7453125 0.5734375 0.121875 0.121875
1 0.646875 0.58515625 0.09765625 0.0984375
1 0.64296875 0.4828125 0.11015625 0.11015625
1 0.65234375 0.35625 0.09765625 0.0984375
1 0.55390625 0.3546875 0.09765625 0.0984375
1 0.55390625 0.4953125 0.121875 0.1234375
1 0.55390625 0.6296875 0.109375 0.11015625
1 0.465625 0.3578125 0.09765625 0.0984375
1 0.4640625 0.46171875 0.121875 0.1234375
1 0.46484375 0.5796875 0.09765625 0.0984375
1 0.36953125 0.64765625 0.11015625 0.1109375
1 0.35625 0.30625 0.09765625 0.0984375
1 0.36796875 0.41953125 0.09765625 0.0984375
1 0.36015625 0.525 0.09765625 0.09765625
1 0.27265625 0.35390625 0.09765625 0.0984375
1 0.275 0.465625 0.09765625 0.09765625
1 0.27265625 0.57890625 0.109375 0.1109375
1 0.278125 0.675 0.0859375 0.0859375
1 0.19609375 0.359375 0.121875 0.1234375
1 0.184375 0.50078125 0.109375 0.1109375
1 0.18125 0.6234375 0.121875 0.1234375
1 0.1890625 0.73125 0.121875 0.1234375
1 0.0796875 0.3484375 0.09765625 0.09765625
1 0.0890625 0.45390625 0.09765625 0.09765625
1 0.0828125 0.58125 0.09765625 0.0984375
1 0.08515625 0.684375 0.11015625 0.11015625
2 0.92109375 0.5109375 0.0359375 0.0359375
2 0.925 0.61875 0.0359375 0.0359375
2 0.9234375 0.84296875 0.0375 0.0375
2 0.921875 0.959375 0.0375 0.0375
2 0.84453125 0.784375 0.0484375 0.0484375
2 0.7359375 0.7953125 0.0359375 0.0375
2 0.74765625 0.92109375 0.0359375 0.0375
2 0.840625 0.896875 0.0609375 0.06171875
2 0.65234375 0.9140625 0.0375 0.0375
2 0.5546875 0.96484375 0.0484375 0.0484375
2 0.5578125 0.86015625 0.0375 0.0375
2 0.46484375 0.70390625 0.0484375 0.0484375
2 0.46015625 0.91171875 0.0484375 0.05
1 0.38203125 0.86796875 0.06171875 0.06171875
2 0.26875 0.7921875 0.0484375 0.05
2 0.18359375 0.8546875 0.0609375 0.06171875
3 0.084375 0.80859375 0.0484375 0.0484375