2 0.721875 0.2140625 0.0734375 0.07421875
2 0.6453125 0.9046875 0.0484375 0.0484375
2 0.725 0.96953125 0.0484375 0.0484375
2 0.9078125 0.95390625 0.06171875 0.06171875
2 0.72734375 0.8453125 0.0609375 0.06171875
2 0.65234375 0.69375 0.0484375 0.0484375
2 0.65546875 0.4921875 0.0484375 0.0484375
2 0.6515625 0.6 0.0484375 0.0484375
2 0.64765625 0.809375 0.0609375 0.06171875
2 0.92109375 0.6578125 0.0609375 0.06171875
2 0.65078125 0.3765625 0.06171875 0.06171875
2 0.83671875 0.47578125 0.0484375 0.0484375
2 0.72578125 0.540625 0.0375 0.0375
2 0.8359375 0.38203125 0.0484375 0.0484375
2 0.92578125 0.546875 0.0609375 0.0609375
2 0.72578125 0.4265625 0.0734375 0.07421875
2 0.92890625 0.4703125 0.06171875 0.06171875
2 0.725 0.75703125 0.0609375 0.06171875
2 0.7171875 0.6546875 0.0484375 0.0484375
2 0.91640625 0.7453125 0.0734375 0.07421875
2 0.72578125 0.325 0.0734375 0.07421875
2 0.12578125 0.18671875 0.0484375 0.05
2 0.5328125 0.93828125 0.0484375 0.05
2 0.5375 0.84140625 0.0484375 0.05
2 0.4375 0.7796875 0.0484375 0.05
2 0.4484375 0.4734375 0.0484375 0.05
2 0.44375 0.878125 0.06171875 0.06171875
2 0.53828125 0.42109375 0.06171875 0.06171875
2 0.33671875 0.51640625 0.0609375 0.06171875
2 0.4421875 0.671875 0.0484375 0.0484375
2 0.334375 0.76484375 0.0484375 0.05
2 0.34453125 0.84609375 0.0484375 0.05
2 0.34453125 0.9421875 0.0484375 0.05
2 0.5359375 0.6546875 0.0609375 0.06171875
2 0.4453125 0.571875 0.0484375 0.05
2 0.340625 0.4359375 0.0609375 0.06171875
2 0.4453125 0.375 0.0375 0.0375
2 0.534375 0.53671875 0.0484375 0.05
2 0.340625 0.3140625 0.0484375 0.05
2 0.54765625 0.31953125 0.0359375 0.0375
2 0.846875 0.103125 0.06171875 0.06171875
2 0.73125 0.109375 0.0484375 0.0484375
2 0.915625 0.85234375 0.0484375 0.0484375
2 0.8328125 0.9078125 0.0484375 0.0484375
2 0.840625 0.69609375 0.0484375 0.0484375
2 0.53671875 0.753125 0.0359375 0.0375
2 0.24140625 0.87890625 0.0484375 0.0484375
2 0.15234375 0.93359375 0.0484375 0.0484375
2 0.9296875 0.0671875 0.0484375 0.05
2 0.92421875 0.1703125 0.06171875 0.06171875
2 0.928125 0.25078125 0.0484375 0.0484375
2 0.9296875 0.3328125 0.0484375 0.0484375
2 0.8375 0.2703125 0.0484375 0.0484375
2 0.84296875 0.178125 0.0484375 0.0484375
2 0.65390625 0.03828125 0.02421875 0.02421875
2 0.65859375 0.16328125 0.02421875 0.02421875
2 0.6609375 0.278125 0.02421875 0.025
2 0.54453125 0.20546875 0.02421875 0.02421875
2 0.8375 0.56171875 0.02421875 0.02421875
2 0.84453125 0.79140625 0.02421875 0.02421875
2 0.0359375 0.290625 0.0484375 0.0484375
2 0.03828125 0.4046875 0.0609375 0.06171875
2 0.028125 0.525 0.0375 0.0375
2 0.103125 0.42265625 0.06171875 0.06171875
2 0.09453125 0.521875 0.0484375 0.0484375
2 0.24140625 0.35703125 0.02421875 0.02421875
2 0.24140625 0.4640625 0.0359375 0.0375
2 0.24609375 0.24453125 0.0375 0.0359375
2 0.25078125 0.128125 0.0484375 0.0484375
2 0.1234375 0.09296875 0.0375 0.0359375
2 0.04765625 0.0671875 0.02421875 0.02421875
2 0.040625 0.18125 0.0484375 0.05
2 0.45234375 0.1515625 0.02421875 0.02421875
2 0.33671875 0.2390625 0.0359375 0.0375