2 0.65390625 0.1078125 0.08515625 0.0859375
2 0.7390625 0.2578125 0.08515625 0.0859375
2 0.821875 0.425 0.0734375 0.0734375
2 0.53359375 0.9140625 0.0734375 0.07421875
1 0.36640625 0.134375 0.121875 0.1234375
1 0.35859375 0.240625 0.121875 0.1234375
1 0.3640625 0.365625 0.121875 0.1234375
1 0.3640625 0.475 0.121875 0.1234375
1 0.3578125 0.58203125 0.121875 0.1234375
1 0.3484375 0.67734375 0.121875 0.121875
1 0.35234375 0.78984375 0.121875 0.1234375
1 0.2609375 0.85625 0.08515625 0.0859375
1 0.2640625 0.7421875 0.121875 0.1234375
1 0.26015625 0.640625 0.121875 0.1234375
1 0.2640625 0.51328125 0.121875 0.121875
1 0.2671875 0.41328125 0.121875 0.1234375
1 0.271875 0.3078125 0.121875 0.1234375
1 0.26640625 0.2296875 0.121875 0.1234375
1 0.17109375 0.13203125 0.11015625 0.1109375
1 0.17265625 0.24921875 0.121875 0.1234375
1 0.1828125 0.35703125 0.121875 0.121875
1 0.17109375 0.47265625 0.121875 0.1234375
1 0.1671875 0.575 0.121875 0.1234375
1 0.16484375 0.68984375 0.11015625 0.11015625
1 0.16953125 0.790625 0.11015625 0.11015625
1 0.165625 0.9 0.121875 0.1234375
1 0.075 0.85546875 0.121875 0.1234375
1 0.07734375 0.72265625 0.08515625 0.0859375
1 0.075 0.62109375 0.0859375 0.0859375
1 0.08515625 0.52265625 0.08515625 0.0859375
1 0.0859375 0.40703125 0.0859375 0.0859375
1 0.0921875 0.2875 0.08515625 0.0859375
1 0.09140625 0.190625 0.08515625 0.0859375
1 0.45 0.09765625 0.08515625 0.0859375
1 0.45078125 0.190625 0.121875 0.121875
1 0.446875 0.309375 0.121875 0.1234375
1 0.453125 0.41328125 0.0859375 0.0859375
1 0.446875 0.53046875 0.121875 0.1234375
1 0.44375 0.634375 0.121875 0.1234375
1 0.44453125 0.74140625 0.121875 0.1234375
1 0.53671875 0.696875 0.121875 0.1234375
1 0.54453125 0.80625 0.121875 0.1234375
1 0.53984375 0.575 0.121875 0.121875
1 0.54453125 0.475 0.121875 0.1234375
1 0.54140625 0.3609375 0.121875 0.1234375
1 0.55 0.24921875 0.08515625 0.08671875
1 0.5453125 0.1234375 0.08515625 0.0859375
1 0.6515625 0.196875 0.0859375 0.0859375
1 0.65625 0.309375 0.0859375 0.0859375
1 0.64453125 0.41875 0.0859375 0.0859375
1 0.6484375 0.5328125 0.0859375 0.0859375
1 0.646875 0.64921875 0.08515625 0.0859375
0 0.64140625 0.74765625 0.0609375 0.06171875
1 0.634375 0.86640625 0.09765625 0.09765625
1 0.71953125 0.7828125 0.121875 0.1234375
1 0.72578125 0.69375 0.109375 0.1109375
3 0.7328125 0.5796875 0.0859375 0.0859375
1 0.7375 0.4578125 0.09765625 0.09765625
1 0.73359375 0.33671875 0.08515625 0.0859375
1 0.74140625 0.15234375 0.08515625 0.0859375
1 0.82578125 0.096875 0.08515625 0.0859375
1 0.81796875 0.21328125 0.08515625 0.08671875
1 0.82265625 0.31875 0.08515625 0.0859375
2 0.909375 0.56875 0.0484375 0.0484375
1 0.81640625 0.5390625 0.0859375 0.0859375
1 0.82265625 0.6421875 0.121875 0.1234375
1 0.81953125 0.75625 0.121875 0.1234375
1 0.81953125 0.8625 0.09765625 0.0984375
1 0.91015625 0.809375 0.09765625 0.0984375
1 0.9125 0.696875 0.121875 0.1234375
1 0.92890625 0.16015625 0.121875 0.1234375
1 0.92890625 0.26328125 0.09765625 0.0984375
1 0.7203125 0.915625 0.121875 0.1234375
1 0.909375 0.92265625 0.09765625 0.0984375
1 0.91484375 0.46484375 0.08515625 0.0859375