2 0.16484375 0.81328125 0.0484375 0.05
2 0.07890625 0.82578125 0.0609375 0.06171875
2 0.44375 0.85 0.0484375 0.05
2 0.16484375 0.93671875 0.0609375 0.06171875
2 0.0828125 0.9203125 0.0609375 0.06171875
2 0.253125 0.8796875 0.06171875 0.06171875
2 0.45234375 0.30390625 0.0484375 0.0484375
2 0.446875 0.40859375 0.06171875 0.06171875
2 0.4515625 0.20625 0.06171875 0.06171875
2 0.45 0.09296875 0.0609375 0.06171875
2 0.45 0.52265625 0.06171875 0.06171875
2 0.44375 0.7375 0.0609375 0.06171875
2 0.446875 0.6234375 0.0609375 0.06171875
2 0.52265625 0.703125 0.0484375 0.0484375
2 0.94453125 0.1703125 0.0484375 0.0484375
2 0.83515625 0.11640625 0.0484375 0.0484375
2 0.5421875 0.03984375 0.0484375 0.0484375
2 0.53046875 0.3640625 0.04765625 0.05
2 0.9421875 0.284375 0.0484375 0.05
2 0.63046875 0.4171875 0.0734375 0.07421875
2 0.74375 0.1578125 0.0484375 0.0484375
2 0.75078125 0.278125 0.06171875 0.06171875
2 0.8296875 0.32890625 0.0484375 0.0484375
2 0.53828125 0.1515625 0.0609375 0.06171875
2 0.6359375 0.30546875 0.0609375 0.06171875
2 0.528125 0.5921875 0.0734375 0.0734375
2 0.6359375 0.6375 0.06171875 0.06171875
2 0.63828125 0.2171875 0.06171875 0.0609375
2 0.64375 0.0984375 0.0609375 0.06171875
2 0.51875 0.91875 0.0484375 0.05
2 0.075 0.5953125 0.06171875 0.06171875
2 0.0921875 0.50078125 0.0609375 0.06171875
2 0.36640625 0.2484375 0.06171875 0.06171875
2 0.275 0.11328125 0.0375 0.0375
2 0.26015625 0.759375 0.06171875 0.06171875
2 0.365625 0.14921875 0.0484375 0.05
2 0.08671875 0.04296875 0.0375 0.0375
2 0.3625 0.37578125 0.06171875 0.06171875
2 0.359375 0.46796875 0.0484375 0.0484375
2 0.36796875 0.053125 0.06171875 0.06171875
2 0.9421875 0.05703125 0.02421875 0.02421875
2 0.76484375 0.3953125 0.0484375 0.05
2 0.7453125 0.05 0.02421875 0.02421875
1 0.534375 0.26875 0.0359375 0.0375
1 0.53046875 0.4703125 0.08515625 0.0859375
2 0.825 0.42890625 0.0484375 0.05
2 0.83046875 0.76015625 0.02421875 0.02421875
2 0.82734375 0.55625 0.02421875 0.02421875
2 0.6296875 0.753125 0.0375 0.0375
2 0.753125 0.72734375 0.0359375 0.0375
2 0.63359375 0.5046875 0.02421875 0.02421875
2 0.74921875 0.9375 0.0375 0.0375
2 0.63203125 0.871875 0.0375 0.0375
2 0.4421875 0.9734375 0.0359375 0.0375
2 0.5234375 0.8140625 0.0484375 0.0484375
2 0.7453125 0.83125 0.0375 0.0375
2 0.26875 0.21171875 0.0375 0.0375
2 0.26640625 0.328125 0.0375 0.0375
2 0.26875 0.4328125 0.0375 0.0375
2 0.26484375 0.53046875 0.0375 0.0375
2 0.1890625 0.153125 0.0484375 0.0484375
2 0.08046875 0.1640625 0.0359375 0.0375
2 0.0921875 0.28984375 0.0359375 0.0375
2 0.0921875 0.3734375 0.0484375 0.0484375
2 0.1859375 0.26640625 0.0609375 0.06171875
2 0.1734375 0.58125 0.0359375 0.0375
2 0.16875 0.709375 0.0484375 0.05
2 0.2546875 0.97890625 0.0359375 0.0359375
2 0.353125 0.7953125 0.0375 0.0375
2 0.0828125 0.7078125 0.0484375 0.05