2 0.03828125 0.1171875 0.0609375 0.0609375
2 0.10234375 0.865625 0.0484375 0.0484375
2 0.11015625 0.53984375 0.0609375 0.06171875
2 0.1 0.771875 0.0484375 0.05
2 0.1125 0.3375 0.0484375 0.0484375
2 0.1 0.68046875 0.0484375 0.05
2 0.0421875 0.31875 0.0484375 0.0484375
2 0.22109375 0.1625 0.0734375 0.07421875
2 0.4203125 0.1578125 0.0484375 0.05
2 0.225 0.08203125 0.0484375 0.0484375
2 0.52109375 0.09921875 0.0359375 0.0359375
2 0.2203125 0.26484375 0.06171875 0.0609375
2 0.31015625 0.428125 0.06171875 0.0609375
2 0.5125 0.25625 0.0484375 0.05
2 0.4078125 0.47734375 0.0609375 0.0609375
2 0.41328125 0.29375 0.0484375 0.0484375
2 0.5171875 0.3375 0.0484375 0.0484375
2 0.50390625 0.421875 0.0484375 0.0484375
2 0.60234375 0.35546875 0.0359375 0.0375
2 0.91953125 0.62265625 0.0359375 0.0359375
1 0.6859375 0.95234375 0.0484375 0.0484375
2 0.90234375 0.31953125 0.0375 0.0375
2 0.8046875 0.37265625 0.0375 0.0359375
2 0.7046875 0.41953125 0.0359375 0.0359375
2 0.6828125 0.54375 0.0359375 0.0375
2 0.79921875 0.4953125 0.0359375 0.0359375
2 0.91796875 0.43828125 0.0484375 0.05
2 0.91875 0.5265625 0.0375 0.0359375
2 0.3109375 0.203125 0.0375 0.0375
2 0.1265625 0.12578125 0.0359375 0.0375
2 0.4328125 0.0328125 0.0484375 0.05
2 0.6234375 0.1703125 0.0359375 0.0359375
2 0.8890625 0.0890625 0.0359375 0.0375
2 0.8078125 0.1484375 0.0375 0.0375
2 0.9015625 0.18984375 0.02421875 0.02421875
2 0.59296875 0.05078125 0.0359375 0.0375
1 0.21796875 0.4859375 0.0609375 0.06171875
2 0.21796875 0.56171875 0.0484375 0.0484375
2 0.3109375 0.3140625 0.0359375 0.0375
1 0.30390625 0.525 0.0484375 0.0484375
2 0.41875 0.3875 0.0375 0.0375
2 0.50859375 0.5671875 0.02421875 0.025
2 0.5890625 0.5671875 0.0359375 0.0375
2 0.7515625 0.26640625 0.0359375 0.0359375
2 0.3109375 0.75390625 0.0375 0.0375
2 0.30078125 0.84609375 0.0375 0.0359375
2 0.309375 0.959375 0.0375 0.0359375
2 0.415625 0.946875 0.0375 0.0359375
2 0.4203125 0.865625 0.0375 0.0375
2 0.43046875 0.7484375 0.0359375 0.0375
2 0.51328125 0.784375 0.0359375 0.0375
2 0.51796875 0.87421875 0.0359375 0.0375
2 0.50859375 0.96796875 0.0359375 0.0375
2 0.584375 0.90625 0.0375 0.0375
2 0.584375 0.82109375 0.0375 0.0375
2 0.5828125 0.7484375 0.0375 0.0375