2 0.1265625 0.47734375 0.0734375 0.07421875
2 0.49609375 0.45859375 0.0484375 0.05
2 0.41015625 0.47109375 0.0609375 0.06171875
2 0.76875 0.95234375 0.0734375 0.0734375
2 0.76875 0.71640625 0.06171875 0.06171875
2 0.77421875 0.4953125 0.0484375 0.05
2 0.76953125 0.840625 0.0609375 0.06171875
1 0.6828125 0.88125 0.0359375 0.0375
2 0.05625 0.95703125 0.0484375 0.0484375
2 0.059375 0.75625 0.0484375 0.0484375
2 0.05546875 0.86328125 0.0484375 0.0484375
2 0.325 0.92109375 0.0609375 0.06171875
2 0.4109375 0.67890625 0.0609375 0.06171875
2 0.49609375 0.5828125 0.0609375 0.06171875
2 0.4140625 0.565625 0.0609375 0.06171875
2 0.05546875 0.63984375 0.06171875 0.06171875
2 0.24140625 0.7390625 0.0484375 0.0484375
2 0.1296875 0.8046875 0.0375 0.0375
2 0.240625 0.6453125 0.0484375 0.0484375
2 0.41796875 0.7734375 0.0484375 0.0484375
2 0.3296875 0.8109375 0.0609375 0.0609375
2 0.584375 0.525 0.06171875 0.06171875
2 0.13046875 0.690625 0.0734375 0.07421875
2 0.33359375 0.73359375 0.06171875 0.06171875
2 0.4859375 0.8046875 0.0484375 0.0484375
2 0.12109375 0.91796875 0.0484375 0.0484375
2 0.13046875 0.5890625 0.0734375 0.07421875
2 0.778125 0.05390625 0.06171875 0.06171875
2 0.78046875 0.16875 0.06171875 0.06171875
2 0.77421875 0.38359375 0.0609375 0.06171875
2 0.778125 0.26875 0.0609375 0.06171875
2 0.853125 0.3484375 0.0484375 0.0484375
2 0.96171875 0.0625 0.0734375 0.07421875
2 0.85859375 0.2375 0.0734375 0.0734375
2 0.9671875 0.2828125 0.06171875 0.06171875
2 0.85078125 0.7984375 0.0609375 0.06171875
2 0.9578125 0.74375 0.0609375 0.06171875
2 0.95625 0.8609375 0.0609375 0.06171875
2 0.85 0.5640625 0.0484375 0.05
2 0.85234375 0.92421875 0.0609375 0.06171875
2 0.2515625 0.36640625 0.06171875 0.06171875
2 0.40546875 0.240625 0.06171875 0.06171875
2 0.33125 0.04765625 0.0609375 0.06171875
2 0.1359375 0.3734375 0.0484375 0.0484375
2 0.2390625 0.1734375 0.0484375 0.05
2 0.42265625 0.14609375 0.0609375 0.06171875
2 0.59140625 0.4046875 0.06171875 0.06171875
2 0.14140625 0.04375 0.06171875 0.06171875
2 0.2375 0.0578125 0.0484375 0.05
2 0.690625 0.11328125 0.0484375 0.0484375
2 0.5859375 0.97578125 0.0375 0.0359375
2 0.41015625 0.96875 0.0375 0.0375
2 0.2453125 0.96015625 0.0484375 0.0484375
1 0.86171875 0.11640625 0.08515625 0.0859375
2 0.9609375 0.3984375 0.0375 0.0375
2 0.9640625 0.15 0.02421875 0.02421875
2 0.9625 0.5171875 0.0375 0.0375
2 0.96171875 0.634375 0.0375 0.0375
2 0.85078125 0.703125 0.0484375 0.0484375
2 0.77265625 0.61875 0.0359375 0.0375
2 0.8546875 0.46015625 0.0484375 0.0484375
2 0.6 0.078125 0.0375 0.0375
2 0.5953125 0.17578125 0.0375 0.0375
2 0.0625 0.0734375 0.0484375 0.05
2 0.13671875 0.1453125 0.0484375 0.05
2 0.3296875 0.1453125 0.0484375 0.05
2 0.5046875 0.2265625 0.0359375 0.0375
2 0.5 0.3546875 0.0484375 0.05
2 0.58515625 0.62421875 0.0359375 0.0359375
2 0.684375 0.440625 0.0375 0.0375
2 0.4140625 0.353125 0.0484375 0.05
2 0.48515625 0.68671875 0.0375 0.0375
2 0.334375 0.33046875 0.0484375 0.05
2 0.32890625 0.434375 0.06171875 0.06171875
2 0.33203125 0.51484375 0.0484375 0.0484375
2 0.334375 0.596875 0.0484375 0.0484375
2 0.2421875 0.534375 0.0484375 0.0484375
2 0.246875 0.44140625 0.0484375 0.0484375
2 0.24375 0.27421875 0.0484375 0.05
2 0.13203125 0.25859375 0.0484375 0.0484375
2 0.0578125 0.30234375 0.02421875 0.02421875
2 0.06328125 0.42734375 0.02421875 0.02421875
2 0.06484375 0.5421875 0.02421875 0.025
2 0.678125 0.77109375 0.0359375 0.0359375
2 0.58125 0.865625 0.0375 0.0375
2 0.41328125 0.875 0.0484375 0.0484375
2 0.4890625 0.90625 0.0375 0.0375
2 0.24140625 0.82578125 0.02421875 0.02421875