2 0.38203125 0.0453125 0.0484375 0.0484375
2 0.45625 0.1078125 0.0484375 0.0484375
2 0.46015625 0.88359375 0.06171875 0.06171875
2 0.45 0.7703125 0.06171875 0.06171875
2 0.17109375 0.840625 0.06171875 0.06171875
2 0.25390625 0.90078125 0.0609375 0.06171875
2 0.07109375 0.771875 0.0734375 0.07421875
2 0.1609375 0.9453125 0.06171875 0.0609375
2 0.07890625 0.87109375 0.0734375 0.07421875
2 0.55546875 0.1625 0.0484375 0.0484375
2 0.55546875 0.28046875 0.0609375 0.06171875
2 0.55625 0.05546875 0.0484375 0.0484375
2 0.55625 0.6125 0.06171875 0.06171875
2 0.64921875 0.33046875 0.0484375 0.05
2 0.5546875 0.37578125 0.0609375 0.06171875
2 0.55625 0.72109375 0.0609375 0.06171875
2 0.5453125 0.95390625 0.06171875 0.06171875
2 0.565625 0.49453125 0.0734375 0.0734375
2 0.640625 0.77109375 0.0609375 0.06171875
2 0.640625 0.8796875 0.0484375 0.05
2 0.63984375 0.97421875 0.0484375 0.05
2 0.5578125 0.8421875 0.0484375 0.05
2 0.359375 0.83203125 0.0375 0.0375
2 0.3484375 0.9375 0.0484375 0.0484375
1 0.93671875 0.83125 0.11015625 0.1109375
1 0.93515625 0.93671875 0.11015625 0.11015625
1 0.84921875 0.77734375 0.11015625 0.1109375
1 0.85 0.88046875 0.11015625 0.11015625
1 0.75 0.8140625 0.0859375 0.0859375
1 0.75078125 0.92109375 0.121875 0.1234375
1 0.7484375 0.059375 0.109375 0.11015625
1 0.75078125 0.1671875 0.11015625 0.11015625
1 0.7515625 0.2671875 0.11015625 0.11015625
1 0.7515625 0.3796875 0.11015625 0.11015625
1 0.85234375 0.3265625 0.09765625 0.0984375
1 0.8484375 0.215625 0.09765625 0.0984375
1 0.84296875 0.10703125 0.109375 0.11015625
1 0.94140625 0.26796875 0.109375 0.11015625
1 0.946875 0.3796875 0.09765625 0.0984375
1 0.94453125 0.50859375 0.09765625 0.0984375
1 0.9453125 0.5984375 0.09765625 0.09765625
1 0.84140625 0.446875 0.11015625 0.11015625
1 0.8515625 0.55390625 0.09765625 0.09765625
1 0.846875 0.66484375 0.11015625 0.1109375
1 0.74609375 0.70625 0.09765625 0.0984375
1 0.74609375 0.6171875 0.109375 0.1109375
1 0.753125 0.50078125 0.11015625 0.1109375
2 0.4671875 0.2125 0.0375 0.0375
2 0.084375 0.20546875 0.02421875 0.02421875
2 0.6453125 0.221875 0.0375 0.0375
2 0.6453125 0.4515625 0.0484375 0.05
2 0.64921875 0.55625 0.0484375 0.0484375
2 0.64375 0.66171875 0.06171875 0.06171875
2 0.65234375 0.0984375 0.0484375 0.0484375
2 0.1828125 0.609375 0.0484375 0.0484375
2 0.25859375 0.7734375 0.0375 0.0375
2 0.17421875 0.721875 0.02421875 0.02421875
2 0.07109375 0.6609375 0.0484375 0.05
2 0.07265625 0.5375 0.02421875 0.025
2 0.07734375 0.4296875 0.0375 0.0375