2 0.19609375 0.4625 0.0484375 0.05
2 0.290625 0.540625 0.0484375 0.05
2 0.18828125 0.69375 0.0484375 0.05
2 0.0828125 0.53046875 0.0375 0.0359375
2 0.28984375 0.63515625 0.0359375 0.0359375
2 0.07890625 0.9640625 0.06171875 0.0609375
2 0.28125 0.7921875 0.0484375 0.05
2 0.18125 0.8296875 0.0484375 0.0484375
2 0.2859375 0.87421875 0.0484375 0.0484375
2 0.27265625 0.9578125 0.0484375 0.0484375
2 0.3703125 0.89140625 0.0359375 0.0375
2 0.7453125 0.7 0.06171875 0.06171875
1 0.57890625 0.1375 0.09765625 0.0984375
1 0.4765625 0.2046875 0.09765625 0.0984375
1 0.490625 0.0859375 0.0859375 0.0859375
1 0.3828125 0.14296875 0.09765625 0.0984375
1 0.38984375 0.24921875 0.08515625 0.08671875
1 0.29453125 0.0921875 0.11015625 0.11015625
1 0.19140625 0.14296875 0.109375 0.11015625
1 0.0953125 0.0875 0.09765625 0.0984375
2 0.09453125 0.1984375 0.0484375 0.0484375
1 0.29609375 0.20546875 0.0609375 0.06171875
1 0.203125 0.25625 0.0484375 0.0484375
1 0.68515625 0.071875 0.11015625 0.11015625
1 0.678125 0.20234375 0.09765625 0.0984375
1 0.575 0.2515625 0.0859375 0.0859375
1 0.6765625 0.31484375 0.11015625 0.11015625
1 0.76875 0.253125 0.08515625 0.0859375
1 0.77265625 0.1515625 0.09765625 0.0984375
1 0.87109375 0.08984375 0.0859375 0.0859375
1 0.87421875 0.1890625 0.09765625 0.0984375
1 0.8703125 0.3109375 0.09765625 0.0984375
1 0.859375 0.4171875 0.09765625 0.0984375
1 0.8609375 0.52109375 0.09765625 0.0984375
1 0.86640625 0.6390625 0.09765625 0.0984375
1 0.7703125 0.3578125 0.08515625 0.08671875
2 0.66015625 0.41484375 0.0484375 0.05
1 0.57890625 0.37265625 0.09765625 0.0984375
2 0.76875 0.91875 0.0484375 0.05
2 0.85390625 0.86640625 0.0359375 0.0375
2 0.77421875 0.80078125 0.0359375 0.0375
2 0.67109375 0.85546875 0.0375 0.0375
2 0.5734375 0.90859375 0.0375 0.0359375
2 0.4734375 0.95546875 0.0359375 0.0359375
2 0.68671875 0.97421875 0.0484375 0.05
2 0.85546875 0.9640625 0.0484375 0.0484375
2 0.07890625 0.7390625 0.0375 0.0375
1 0.0921875 0.409375 0.0484375 0.05
1 0.20234375 0.3625 0.0359375 0.0375
1 0.30546875 0.30859375 0.0359375 0.0375
2 0.2015625 0.56875 0.0484375 0.05
2 0.3921875 0.70625 0.0359375 0.0359375
1 0.3734375 0.4859375 0.0484375 0.0484375
1 0.3859375 0.36640625 0.0484375 0.0484375
1 0.46796875 0.39453125 0.0375 0.0375
2 0.459375 0.5421875 0.0375 0.0375
2 0.6078125 0.49921875 0.0375 0.0375
2 0.6578125 0.625 0.0359375 0.0375
2 0.765625 0.48046875 0.0375 0.0375
2 0.5765625 0.684375 0.0375 0.0375
2 0.6703125 0.72578125 0.02421875 0.02421875
2 0.36171875 0.58671875 0.0359375 0.0375
2 0.0796875 0.85078125 0.0359375 0.0375
2 0.1875 0.9234375 0.0375 0.0375
2 0.5203125 0.80234375 0.0359375 0.0359375
2 0.86015625 0.7515625 0.0375 0.0375
1 0.484375 0.31328125 0.09765625 0.09765625