2 0.3015625 0.08984375 0.0484375 0.0484375
2 0.37578125 0.15234375 0.0484375 0.0484375
2 0.38046875 0.928125 0.06171875 0.06171875
2 0.36953125 0.81484375 0.06171875 0.06171875
2 0.09140625 0.88515625 0.06171875 0.06171875
2 0.1734375 0.94609375 0.0609375 0.06171875
2 0.47578125 0.20703125 0.0484375 0.0484375
2 0.47578125 0.32578125 0.0609375 0.06171875
2 0.4765625 0.10078125 0.0484375 0.0484375
2 0.47578125 0.6578125 0.06171875 0.06171875
2 0.56953125 0.37578125 0.0484375 0.05
2 0.475 0.4203125 0.0609375 0.06171875
2 0.4765625 0.76640625 0.0609375 0.06171875
2 0.4859375 0.53984375 0.0734375 0.0734375
2 0.5609375 0.815625 0.0609375 0.06171875
2 0.5609375 0.92421875 0.0484375 0.05
2 0.47734375 0.8875 0.0484375 0.05
2 0.2796875 0.8765625 0.0375 0.0375
1 0.86796875 0.7765625 0.121875 0.1234375
1 0.85703125 0.87578125 0.11015625 0.1109375
1 0.76875 0.821875 0.11015625 0.1109375
1 0.7703125 0.925 0.11015625 0.11015625
1 0.6703125 0.859375 0.0859375 0.0859375
1 0.66796875 0.10390625 0.109375 0.11015625
1 0.6703125 0.2125 0.11015625 0.11015625
1 0.67109375 0.31171875 0.11015625 0.11015625
1 0.67109375 0.42421875 0.11015625 0.11015625
1 0.77265625 0.371875 0.09765625 0.0984375
1 0.76875 0.26015625 0.09765625 0.0984375
1 0.7625 0.1515625 0.109375 0.11015625
1 0.8625 0.0875 0.11015625 0.11015625
1 0.865625 0.20859375 0.109375 0.11015625
1 0.8609375 0.31328125 0.109375 0.11015625
1 0.8671875 0.42421875 0.09765625 0.0984375
1 0.8640625 0.553125 0.09765625 0.0984375
1 0.865625 0.64375 0.09765625 0.09765625
1 0.7609375 0.49140625 0.11015625 0.11015625
1 0.771875 0.5984375 0.09765625 0.09765625
1 0.7671875 0.71015625 0.11015625 0.1109375
1 0.665625 0.7515625 0.09765625 0.0984375
1 0.665625 0.6625 0.109375 0.1109375
1 0.6734375 0.54609375 0.11015625 0.1109375
2 0.38671875 0.2578125 0.0375 0.0375
2 0.565625 0.26640625 0.0375 0.0375
2 0.565625 0.496875 0.0484375 0.05
2 0.56953125 0.6015625 0.0484375 0.0484375
2 0.5640625 0.70625 0.06171875 0.06171875
2 0.57109375 0.04296875 0.0484375 0.0484375
2 0.571875 0.14375 0.0484375 0.0484375
2 0.10234375 0.6546875 0.0484375 0.0484375
2 0.17890625 0.81875 0.0375 0.0375
2 0.09453125 0.7671875 0.02421875 0.02421875