2 0.67109375 0.9625 0.0609375 0.06171875
2 0.4671875 0.95390625 0.0609375 0.06171875
2 0.7578125 0.909375 0.0484375 0.0484375
1 0.85234375 0.1859375 0.121875 0.1234375
1 0.8578125 0.06953125 0.09765625 0.09765625
1 0.76015625 0.14140625 0.121875 0.1234375
1 0.75078125 0.25390625 0.121875 0.1234375
3 0.6640625 0.0828125 0.109375 0.11015625
1 0.66328125 0.19609375 0.109375 0.11015625
1 0.571875 0.24765625 0.109375 0.11015625
1 0.571875 0.1265625 0.109375 0.11015625
1 0.4703125 0.08671875 0.11015625 0.11015625
1 0.4640625 0.18984375 0.11015625 0.11015625
1 0.378125 0.24921875 0.11015625 0.11015625
1 0.36875 0.1359375 0.11015625 0.11015625
1 0.28359375 0.0875 0.0734375 0.0734375
1 0.284375 0.19375 0.09765625 0.0984375
1 0.190625 0.2546875 0.09765625 0.09765625
2 0.1109375 0.20234375 0.0359375 0.0375
1 0.19140625 0.1375 0.0859375 0.0859375
1 0.67109375 0.30234375 0.109375 0.11015625
1 0.47421875 0.2984375 0.11015625 0.11015625
1 0.37578125 0.3625 0.109375 0.11015625
1 0.271875 0.31171875 0.121875 0.1234375
1 0.184375 0.37421875 0.0734375 0.07421875
1 0.2796875 0.4125 0.109375 0.11015625
1 0.5796875 0.36640625 0.11015625 0.11015625
1 0.27890625 0.51171875 0.08515625 0.0859375
1 0.26484375 0.62421875 0.121875 0.1234375
1 0.2734375 0.74765625 0.09765625 0.0984375
1 0.371875 0.4671875 0.109375 0.11015625
1 0.37421875 0.5796875 0.09765625 0.0984375
1 0.37421875 0.69453125 0.109375 0.11015625
1 0.36796875 0.79609375 0.11015625 0.11015625
1 0.46953125 0.4109375 0.11015625 0.11015625
1 0.46953125 0.52109375 0.11015625 0.11015625
1 0.471875 0.63828125 0.121875 0.121875
1 0.46953125 0.74765625 0.09765625 0.0984375
1 0.56484375 0.46015625 0.11015625 0.11015625
1 0.5578125 0.5796875 0.09765625 0.0984375
1 0.559375 0.69375 0.09765625 0.0984375
1 0.5578125 0.80390625 0.09765625 0.0984375
1 0.65625 0.41328125 0.109375 0.1109375
1 0.6578125 0.52265625 0.109375 0.11015625
1 0.665625 0.6375 0.121875 0.1234375
1 0.6765625 0.74375 0.11015625 0.11015625
1 0.76640625 0.359375 0.121875 0.1234375
1 0.7640625 0.4515625 0.121875 0.1234375
1 0.759375 0.5828125 0.121875 0.1234375
1 0.759375 0.6953125 0.121875 0.1234375
1 0.85390625 0.3 0.121875 0.1234375
1 0.8578125 0.396875 0.121875 0.1234375
1 0.85390625 0.51484375 0.121875 0.1234375
1 0.84453125 0.625 0.121875 0.1234375
1 0.85078125 0.74375 0.109375 0.11015625
1 0.9421875 0.79453125 0.11015625 0.11015625
1 0.93828125 0.67890625 0.11015625 0.1109375
1 0.46484375 0.8796875 0.09765625 0.0984375
1 0.3734375 0.90546875 0.08515625 0.0859375
2 0.84453125 0.84765625 0.0484375 0.0484375
2 0.840625 0.95625 0.0484375 0.0484375
2 0.66484375 0.8625 0.0484375 0.0484375
2 0.765625 0.7953125 0.0484375 0.0484375
1 0.56328125 0.90859375 0.0375 0.0359375
2 0.278125 0.8484375 0.0375 0.0359375
2 0.1765625 0.82890625 0.0359375 0.0375
2 0.20078125 0.96953125 0.02421875 0.02421875
2 0.09296875 0.95 0.0375 0.0375
2 0.096875 0.8546875 0.0375 0.0375
2 0.09765625 0.73828125 0.0375 0.0375