1 0.1125 0.06171875 0.109375 0.1109375
1 0.19765625 0.125 0.11015625 0.1109375
1 0.109375 0.175 0.09765625 0.0984375
1 0.39453125 0.11640625 0.109375 0.11015625
1 0.30703125 0.18046875 0.11015625 0.1109375
1 0.29375 0.0625 0.121875 0.1234375
1 0.49140625 0.18046875 0.121875 0.1234375
1 0.5796875 0.1375 0.121875 0.1234375
1 0.8625 0.07578125 0.09765625 0.0984375
1 0.85625 0.1671875 0.11015625 0.11015625
1 0.7765625 0.0921875 0.0734375 0.0734375
2 0.76875 0.315625 0.0375 0.0375
1 0.9359375 0.56171875 0.11015625 0.11015625
1 0.871875 0.27421875 0.109375 0.11015625
1 0.859375 0.39375 0.09765625 0.0984375
1 0.85078125 0.51328125 0.0734375 0.0734375
1 0.8515625 0.61953125 0.09765625 0.0984375
1 0.7578125 0.68046875 0.09765625 0.09765625
2 0.678125 0.628125 0.0359375 0.0375
1 0.7609375 0.43828125 0.0859375 0.0859375
1 0.75859375 0.56328125 0.0859375 0.0859375
1 0.67890625 0.28046875 0.121875 0.121875
1 0.58125 0.228125 0.121875 0.1234375
1 0.57578125 0.4828125 0.11015625 0.11015625
1 0.48125 0.40234375 0.121875 0.1234375
1 0.48359375 0.28671875 0.109375 0.11015625
1 0.48359375 0.496875 0.109375 0.1109375
1 0.48671875 0.61796875 0.121875 0.1234375
1 0.4859375 0.71171875 0.121875 0.1234375
1 0.38984375 0.6765625 0.11015625 0.11015625
1 0.38984375 0.5671875 0.121875 0.1234375
1 0.396875 0.4421875 0.121875 0.1234375
1 0.3890625 0.34765625 0.121875 0.1234375
1 0.3921875 0.23125 0.109375 0.11015625
1 0.303125 0.28203125 0.11015625 0.1109375
1 0.29609375 0.403125 0.121875 0.1234375
1 0.30625 0.50625 0.11015625 0.11015625
1 0.30390625 0.61796875 0.11015625 0.11015625
1 0.29296875 0.71015625 0.09765625 0.0984375
3 0.20390625 0.665625 0.121875 0.121875
1 0.196875 0.57109375 0.121875 0.1234375
1 0.190625 0.453125 0.121875 0.1234375
1 0.2140625 0.3515625 0.121875 0.1234375
1 0.20390625 0.2375 0.121875 0.1234375
1 0.11015625 0.27890625 0.109375 0.11015625
1 0.10546875 0.39765625 0.109375 0.11015625
1 0.1078125 0.5 0.121875 0.1234375
1 0.1078125 0.60859375 0.121875 0.121875
1 0.1078125 0.71015625 0.09765625 0.0984375
1 0.7703125 0.21953125 0.0859375 0.0859375
1 0.94375 0.78828125 0.109375 0.11015625
1 0.8390625 0.7375 0.121875 0.1234375
1 0.7515625 0.8 0.0734375 0.07421875
1 0.846875 0.83828125 0.109375 0.11015625
1 0.3890625 0.8015625 0.121875 0.1234375
1 0.2984375 0.83671875 0.121875 0.1234375
1 0.48125 0.8390625 0.121875 0.1234375
1 0.1078125 0.82890625 0.121875 0.1234375
1 0.20859375 0.8953125 0.121875 0.1234375
1 0.21328125 0.7703125 0.121875 0.1234375
1 0.3890625 0.89453125 0.09765625 0.09765625
1 0.48515625 0.93671875 0.121875 0.1234375
1 0.84609375 0.9375 0.08515625 0.0859375
1 0.9390625 0.89296875 0.109375 0.11015625