2 0.2421875 0.78203125 0.0484375 0.05
2 0.07109375 0.5671875 0.0609375 0.06171875
2 0.06953125 0.79453125 0.0484375 0.05
2 0.1515625 0.73203125 0.06171875 0.06171875
2 0.1578125 0.5140625 0.0484375 0.0484375
1 0.05859375 0.12734375 0.109375 0.11015625
1 0.065625 0.2421875 0.121875 0.1234375
1 0.0765625 0.3484375 0.11015625 0.11015625
1 0.159375 0.1875 0.121875 0.1234375
1 0.159375 0.3 0.121875 0.1234375
1 0.2546875 0.11875 0.121875 0.1234375
1 0.24453125 0.2296875 0.121875 0.1234375
1 0.25078125 0.3484375 0.109375 0.11015625
1 0.3421875 0.39921875 0.11015625 0.11015625
1 0.33828125 0.2828125 0.11015625 0.1109375
1 0.35 0.17890625 0.11015625 0.1109375
1 0.353125 0.06875 0.11015625 0.11015625
1 0.440625 0.1375 0.109375 0.11015625
1 0.440625 0.253125 0.121875 0.1234375
1 0.4484375 0.34375 0.11015625 0.1109375
1 0.54375 0.07734375 0.121875 0.1234375
1 0.5421875 0.1828125 0.121875 0.1234375
1 0.53046875 0.28984375 0.109375 0.11015625
1 0.53828125 0.3859375 0.121875 0.1234375
1 0.725 0.07734375 0.121875 0.121875
1 0.63046875 0.13359375 0.11015625 0.11015625
1 0.7140625 0.19296875 0.121875 0.121875
1 0.63515625 0.2734375 0.121875 0.1234375
1 0.6390625 0.375 0.121875 0.1234375
1 0.73359375 0.275 0.11015625 0.11015625
1 0.821875 0.2390625 0.109375 0.11015625
1 0.82890625 0.11640625 0.109375 0.11015625
1 0.92109375 0.0671875 0.121875 0.1234375
1 0.9234375 0.17265625 0.109375 0.11015625
1 0.93046875 0.26796875 0.109375 0.11015625
3 0.9125 0.403125 0.121875 0.121875
3 0.91796875 0.50234375 0.09765625 0.0984375
1 0.9203125 0.6109375 0.11015625 0.11015625
1 0.9171875 0.73515625 0.11015625 0.11015625
1 0.91171875 0.8453125 0.11015625 0.11015625
1 0.8296875 0.465625 0.09765625 0.0984375
1 0.81875 0.5609375 0.09765625 0.0984375
1 0.8140625 0.67890625 0.09765625 0.0984375
1 0.72421875 0.525 0.121875 0.1234375
1 0.72265625 0.6125 0.09765625 0.0984375
1 0.7203125 0.725 0.09765625 0.09765625
1 0.71875 0.83125 0.09765625 0.09765625
1 0.81328125 0.78046875 0.11015625 0.11015625
1 0.81328125 0.9 0.109375 0.1109375
1 0.6203125 0.57734375 0.121875 0.1234375
1 0.5359375 0.609375 0.11015625 0.1109375
1 0.4421875 0.66015625 0.121875 0.1234375
1 0.3390625 0.725 0.109375 0.11015625
1 0.4328125 0.76796875 0.09765625 0.0984375
1 0.5296875 0.71796875 0.09765625 0.09765625
1 0.34765625 0.82890625 0.109375 0.11015625
1 0.34453125 0.946875 0.08515625 0.0859375
1 0.43828125 0.89296875 0.09765625 0.0984375
1 0.52578125 0.83046875 0.11015625 0.11015625
1 0.62734375 0.8875 0.121875 0.1234375
1 0.6296875 0.78046875 0.121875 0.1234375
2 0.2421875 0.65703125 0.0484375 0.0484375
2 0.2453125 0.45234375 0.0484375 0.0484375
2 0.24140625 0.5609375 0.0484375 0.0484375
2 0.16015625 0.6203125 0.0484375 0.05
2 0.0796875 0.6609375 0.02421875 0.02421875
2 0.065625 0.4671875 0.0484375 0.0484375
2 0.165625 0.39921875 0.0484375 0.0484375
2 0.15546875 0.84296875 0.0484375 0.0484375
2 0.24140625 0.884375 0.02421875 0.02421875
2 0.1546875 0.95390625 0.0484375 0.0484375
2 0.06875 0.89765625 0.02421875 0.02421875