2 0.16875 0.159375 0.08515625 0.0859375
2 0.253125 0.309375 0.08515625 0.0859375
2 0.33671875 0.47734375 0.0734375 0.0734375
1 0.93671875 0.81328125 0.09765625 0.09765625
1 0.93046875 0.7078125 0.0859375 0.0859375
1 0.928125 0.59921875 0.09765625 0.0984375
1 0.93125 0.48828125 0.09765625 0.09765625
1 0.93828125 0.37890625 0.109375 0.1109375
1 0.93671875 0.27734375 0.09765625 0.09765625
1 0.94765625 0.18125 0.08515625 0.0859375
1 0.9359375 0.10078125 0.08515625 0.0859375
1 0.81328125 0.09765625 0.0859375 0.0859375
1 0.80625 0.33359375 0.09765625 0.0984375
1 0.815625 0.4453125 0.09765625 0.09765625
1 0.81171875 0.54921875 0.09765625 0.0984375
1 0.8125 0.6359375 0.09765625 0.0984375
1 0.81015625 0.765625 0.08515625 0.0859375
1 0.71953125 0.81953125 0.0859375 0.0859375
1 0.725 0.6984375 0.11015625 0.11015625
1 0.7234375 0.5890625 0.09765625 0.0984375
1 0.715625 0.48359375 0.09765625 0.0984375
1 0.71875 0.39375 0.109375 0.11015625
1 0.71875 0.26484375 0.0859375 0.0859375
1 0.728125 0.15625 0.08515625 0.0859375
1 0.63359375 0.2125 0.09765625 0.0984375
1 0.6375 0.3234375 0.109375 0.11015625
1 0.6296875 0.4265625 0.09765625 0.09765625
1 0.63125 0.5375 0.109375 0.11015625
1 0.62578125 0.62734375 0.11015625 0.11015625
1 0.62109375 0.74296875 0.09765625 0.0984375
1 0.06484375 0.3015625 0.08515625 0.08671875
1 0.06015625 0.175 0.08515625 0.0859375
1 0.165625 0.24921875 0.0859375 0.0859375
1 0.17109375 0.3609375 0.0859375 0.0859375
1 0.159375 0.4703125 0.0859375 0.0859375
1 0.16328125 0.58515625 0.0859375 0.0859375
1 0.16171875 0.7015625 0.08515625 0.0859375
0 0.15625 0.79921875 0.0609375 0.06171875
1 0.14921875 0.91796875 0.09765625 0.09765625
1 0.23359375 0.83515625 0.121875 0.1234375
1 0.240625 0.7453125 0.109375 0.1109375
3 0.246875 0.63203125 0.0859375 0.0859375
1 0.2515625 0.509375 0.09765625 0.09765625
1 0.2484375 0.3890625 0.08515625 0.0859375
1 0.25625 0.20390625 0.08515625 0.0859375
1 0.340625 0.1484375 0.08515625 0.0859375
1 0.3328125 0.26484375 0.08515625 0.08671875
1 0.3375 0.3703125 0.08515625 0.0859375
2 0.4234375 0.6203125 0.0484375 0.0484375
1 0.33125 0.590625 0.0859375 0.0859375
1 0.3375 0.69453125 0.121875 0.1234375
1 0.334375 0.8078125 0.121875 0.1234375
1 0.334375 0.91484375 0.09765625 0.0984375
1 0.425 0.8609375 0.09765625 0.0984375
1 0.42734375 0.74921875 0.121875 0.1234375
1 0.5171875 0.8 0.09765625 0.0984375
1 0.52421875 0.90546875 0.0859375 0.0859375
1 0.528125 0.66875 0.09765625 0.0984375
1 0.528125 0.5671875 0.09765625 0.0984375
1 0.5234375 0.46328125 0.09765625 0.0984375
1 0.53828125 0.3625 0.09765625 0.0984375
1 0.5421875 0.24296875 0.09765625 0.09765625
1 0.53671875 0.15234375 0.08515625 0.0859375
1 0.44375 0.21171875 0.121875 0.1234375
1 0.44375 0.31484375 0.09765625 0.0984375
1 0.6265625 0.8609375 0.09765625 0.09765625
1 0.721875 0.925 0.08515625 0.0859375
2 0.92265625 0.93046875 0.0484375 0.0484375
1 0.8140625 0.8703125 0.08515625 0.08671875
1 0.42890625 0.51640625 0.08515625 0.0859375