2 0.93671875 0.9140625 0.0734375 0.07421875
2 0.06953125 0.09140625 0.06171875 0.06171875
2 0.7640625 0.35625 0.0609375 0.06171875
2 0.46953125 0.50625 0.0859375 0.0859375
2 0.665625 0.4328125 0.0609375 0.06171875
2 0.66484375 0.53515625 0.0734375 0.07421875
2 0.56953125 0.3578125 0.0484375 0.0484375
2 0.340625 0.8875 0.0484375 0.05
2 0.95 0.24921875 0.06171875 0.06171875
2 0.8578125 0.2046875 0.06171875 0.06171875
2 0.94609375 0.809375 0.0484375 0.0484375
2 0.9515625 0.4796875 0.06171875 0.06171875
2 0.871875 0.41875 0.0484375 0.05
1 0.85625 0.0984375 0.11015625 0.1109375
1 0.76484375 0.12578125 0.0859375 0.0859375
1 0.6671875 0.07421875 0.121875 0.1234375
1 0.675 0.1828125 0.121875 0.1234375
1 0.571875 0.13515625 0.11015625 0.11015625
1 0.4703125 0.08671875 0.09765625 0.0984375
1 0.47578125 0.20625 0.0859375 0.08671875
1 0.37578125 0.14921875 0.121875 0.121875
1 0.2859375 0.08359375 0.09765625 0.0984375
1 0.2828125 0.20859375 0.09765625 0.0984375
1 0.46953125 0.3 0.08515625 0.0859375
1 0.46875 0.41328125 0.09765625 0.0984375
1 0.36328125 0.45625 0.0859375 0.0859375
1 0.375 0.36640625 0.0859375 0.0859375
1 0.38203125 0.25625 0.0859375 0.0859375
1 0.290625 0.3078125 0.09765625 0.0984375
2 0.0953125 0.4109375 0.0609375 0.06171875
2 0.09296875 0.31015625 0.0484375 0.05
2 0.9515625 0.15546875 0.0484375 0.0484375
2 0.94609375 0.3625 0.0484375 0.05
2 0.8734375 0.51015625 0.0484375 0.05
1 0.86875 0.31875 0.06171875 0.06171875
2 0.7546875 0.24375 0.0484375 0.05
2 0.6703125 0.30625 0.0609375 0.06171875
2 0.66875 0.63125 0.02421875 0.025
2 0.76953125 0.575 0.0484375 0.0484375
2 0.7640625 0.4578125 0.0484375 0.05
2 0.946875 0.58125 0.0484375 0.05
2 0.9421875 0.6953125 0.0484375 0.0484375
2 0.86875 0.7390625 0.02421875 0.02421875
2 0.8734375 0.8640625 0.02421875 0.02421875
2 0.87578125 0.978125 0.02421875 0.025
2 0.759375 0.90546875 0.02421875 0.02421875
2 0.759375 0.6671875 0.02421875 0.02421875
2 0.165625 0.95 0.0484375 0.0484375
2 0.56328125 0.58125 0.0484375 0.0484375
2 0.56640625 0.6921875 0.0484375 0.0484375
2 0.4609375 0.94453125 0.0375 0.0359375
2 0.465625 0.828125 0.0484375 0.0484375
2 0.465625 0.7234375 0.0484375 0.0484375
2 0.47265625 0.6125 0.0484375 0.0484375
2 0.3546875 0.57734375 0.0234375 0.02421875
2 0.3484375 0.68046875 0.0484375 0.0484375
2 0.3375 0.79375 0.0375 0.0359375
2 0.26953125 0.52421875 0.0484375 0.0484375
2 0.26875 0.63984375 0.02421875 0.02421875
2 0.2625 0.7671875 0.02421875 0.02421875
2 0.25625 0.88125 0.0484375 0.05
2 0.1765625 0.57734375 0.0359375 0.0359375
2 0.1765625 0.7078125 0.02421875 0.02421875
2 0.1703125 0.8171875 0.02421875 0.02421875
2 0.10234375 0.50703125 0.0375 0.0359375
2 0.10546875 0.6265625 0.0484375 0.05
2 0.1 0.7578125 0.0375 0.0375
2 0.1015625 0.86015625 0.0484375 0.0484375
3 0.5703125 0.259375 0.0484375 0.0484375
2 0.571875 0.4703125 0.02421875 0.02421875
2 0.178125 0.2578125 0.0359375 0.0375
2 0.0984375 0.1921875 0.0359375 0.0375
2 0.27265625 0.41796875 0.0484375 0.0484375
2 0.1796875 0.35546875 0.0484375 0.0484375
2 0.18046875 0.45703125 0.0359375 0.0375
2 0.184375 0.14375 0.0375 0.0375
2 0.6671875 0.85234375 0.02421875 0.02421875
2 0.5515625 0.9390625 0.0359375 0.0375