2 0.57734375 0.2671875 0.0734375 0.07421875
2 0.946875 0.2484375 0.0484375 0.05
2 0.8609375 0.2609375 0.0609375 0.06171875
2 0.859375 0.95 0.0609375 0.06171875
2 0.50078125 0.9578125 0.0484375 0.0484375
2 0.5828125 0.89921875 0.0609375 0.06171875
2 0.5078125 0.746875 0.0484375 0.0484375
2 0.5109375 0.54609375 0.0484375 0.0484375
2 0.50703125 0.653125 0.0484375 0.0484375
2 0.503125 0.8625 0.0609375 0.06171875
2 0.7765625 0.71171875 0.0609375 0.06171875
2 0.8625 0.46953125 0.0609375 0.06171875
2 0.946875 0.37265625 0.0609375 0.06171875
2 0.865625 0.35625 0.0609375 0.06171875
2 0.50625 0.43046875 0.06171875 0.06171875
2 0.6921875 0.5296875 0.0484375 0.0484375
2 0.58125 0.59453125 0.0375 0.0375
2 0.69140625 0.4359375 0.0484375 0.0484375
2 0.86875 0.56328125 0.0484375 0.0484375
2 0.78125 0.60078125 0.0609375 0.0609375
2 0.58125 0.48046875 0.0734375 0.07421875
2 0.784375 0.52421875 0.06171875 0.06171875
2 0.5796875 0.8109375 0.0609375 0.06171875
2 0.9375 0.59453125 0.0484375 0.0484375
2 0.85234375 0.8515625 0.0484375 0.0484375
2 0.571875 0.7078125 0.0484375 0.0484375
2 0.771875 0.7984375 0.0734375 0.07421875
2 0.58125 0.37890625 0.0734375 0.07421875
2 0.3921875 0.8953125 0.0484375 0.05
2 0.29296875 0.83359375 0.0484375 0.05
2 0.30390625 0.5265625 0.0484375 0.05
2 0.29921875 0.93203125 0.06171875 0.06171875
2 0.39375 0.475 0.06171875 0.06171875
2 0.1921875 0.56953125 0.0609375 0.06171875
2 0.29765625 0.72578125 0.0484375 0.0484375
2 0.1890625 0.81875 0.0484375 0.05
2 0.2 0.9 0.0484375 0.05
2 0.39140625 0.70859375 0.0609375 0.06171875
2 0.30078125 0.62578125 0.0484375 0.05
2 0.19609375 0.48984375 0.0609375 0.06171875
2 0.30078125 0.42890625 0.0375 0.0375
2 0.38984375 0.590625 0.0484375 0.05
2 0.19609375 0.36796875 0.0484375 0.05
2 0.403125 0.3734375 0.0359375 0.0375
2 0.70234375 0.15703125 0.06171875 0.06171875
2 0.58671875 0.16328125 0.0484375 0.0484375
2 0.93671875 0.89765625 0.0484375 0.0484375
2 0.8609375 0.75859375 0.0375 0.0375
2 0.771875 0.90625 0.0484375 0.0484375
2 0.68828125 0.96171875 0.0484375 0.0484375
2 0.69609375 0.75 0.0484375 0.0484375
2 0.3921875 0.80625 0.0359375 0.0375
2 0.096875 0.9328125 0.0484375 0.0484375
2 0.9515625 0.1453125 0.0484375 0.05
2 0.865625 0.14296875 0.0484375 0.05
2 0.93671875 0.4765625 0.0375 0.0375
2 0.78515625 0.1203125 0.0484375 0.05
2 0.7796875 0.22421875 0.06171875 0.06171875
2 0.7828125 0.3046875 0.0484375 0.0484375
2 0.78515625 0.38671875 0.0484375 0.0484375
2 0.69375 0.32421875 0.0484375 0.0484375
2 0.6984375 0.23125 0.0484375 0.0484375
2 0.6953125 0.0640625 0.0484375 0.05
2 0.5828125 0.0484375 0.0484375 0.0484375
2 0.509375 0.0921875 0.02421875 0.02421875
2 0.5140625 0.2171875 0.02421875 0.02421875
2 0.51640625 0.33203125 0.02421875 0.025
2 0.4 0.259375 0.02421875 0.02421875
2 0.4 0.02109375 0.02421875 0.02421875
2 0.8640625 0.66484375 0.0484375 0.0484375
2 0.940625 0.69609375 0.0375 0.0375
2 0.69296875 0.615625 0.02421875 0.02421875
2 0.7 0.8453125 0.02421875 0.02421875
2 0.096875 0.4109375 0.02421875 0.02421875
2 0.096875 0.5171875 0.0359375 0.0375
2 0.20703125 0.04609375 0.0484375 0.0484375
2 0.1015625 0.2984375 0.0375 0.0359375
2 0.10625 0.18125 0.0484375 0.0484375
2 0.10625 0.07734375 0.0484375 0.0484375
2 0.3078125 0.20546875 0.02421875 0.02421875
2 0.1921875 0.29296875 0.0359375 0.0375