2 0.43671875 0.4171875 0.06171875 0.06171875
2 0.5296875 0.49609375 0.0484375 0.0484375
2 0.534375 0.37734375 0.0484375 0.05
2 0.2765625 0.4 0.0609375 0.06171875
2 0.18046875 0.4578125 0.06171875 0.06171875
2 0.6265625 0.42734375 0.0484375 0.05
2 0.6375 0.19296875 0.0734375 0.0734375
2 0.6390625 0.30390625 0.0734375 0.0734375
2 0.53828125 0.259375 0.0609375 0.06171875
2 0.6375 0.08046875 0.0609375 0.06171875
1 0.5515625 0.12109375 0.0359375 0.0375
2 0.19375 0.16171875 0.0609375 0.06171875
2 0.1984375 0.05078125 0.0609375 0.0609375
2 0.3546875 0.0453125 0.0484375 0.0484375
2 0.26953125 0.3015625 0.0484375 0.0484375
2 0.1890625 0.24921875 0.0734375 0.07421875
2 0.71171875 0.38046875 0.06171875 0.06171875
2 0.925 0.35546875 0.0734375 0.07421875
2 0.71875 0.03828125 0.0609375 0.06171875
2 0.82109375 0.42109375 0.0484375 0.0484375
2 0.9234375 0.48359375 0.0734375 0.0734375
2 0.8265625 0.31171875 0.0609375 0.06171875
2 0.9265625 0.25546875 0.0609375 0.06171875
2 0.82421875 0.10078125 0.0609375 0.06171875
2 0.828125 0.209375 0.0609375 0.06171875
2 0.7203125 0.16484375 0.0609375 0.06171875
2 0.71640625 0.48515625 0.06171875 0.06171875
2 0.275 0.63046875 0.06171875 0.06171875
2 0.1765625 0.5640625 0.06171875 0.06171875
2 0.528125 0.7 0.0734375 0.07421875
2 0.43828125 0.63125 0.06171875 0.06171875
2 0.28125 0.534375 0.0609375 0.0609375
2 0.27421875 0.725 0.06171875 0.06171875
2 0.62578125 0.6453125 0.0484375 0.0484375
2 0.63125 0.5375 0.0484375 0.05
2 0.34609375 0.6875 0.0734375 0.07421875
2 0.4359375 0.51875 0.0484375 0.0484375
2 0.346875 0.56171875 0.0609375 0.0609375
2 0.534375 0.59140625 0.0609375 0.06171875
2 0.925 0.59296875 0.06171875 0.06171875
2 0.81953125 0.5421875 0.06171875 0.06171875
2 0.9234375 0.6828125 0.0484375 0.05
2 0.8203125 0.72421875 0.0484375 0.05
2 0.93359375 0.14453125 0.0484375 0.0484375
2 0.721875 0.26640625 0.0359375 0.0375
2 0.721875 0.59453125 0.0484375 0.05
2 0.63203125 0.725 0.0484375 0.0484375
2 0.43984375 0.3375 0.0359375 0.0375
2 0.45390625 0.21640625 0.0375 0.0359375
2 0.353125 0.34765625 0.0484375 0.0484375
2 0.36328125 0.46015625 0.0375 0.0375
2 0.278125 0.209375 0.0375 0.0375
2 0.18828125 0.35625 0.0484375 0.0484375
2 0.10546875 0.4125 0.0484375 0.0484375
2 0.10078125 0.51015625 0.0609375 0.06171875
2 0.11328125 0.2 0.0484375 0.0484375
2 0.44921875 0.10546875 0.0375 0.0375
2 0.28125 0.115625 0.0484375 0.0484375
2 0.3578125 0.146875 0.0375 0.0375
2 0.11015625 0.065625 0.02421875 0.02421875
2 0.11640625 0.2953125 0.02421875 0.02421875