2 0.47265625 0.37421875 0.0609375 0.06171875
2 0.55390625 0.44375 0.08515625 0.0859375
2 0.4796875 0.5921875 0.0484375 0.0484375
2 0.55390625 0.6546875 0.0484375 0.0484375
2 0.47890625 0.48203125 0.06171875 0.06171875
2 0.471875 0.1453125 0.0484375 0.0484375
2 0.29609375 0.1625 0.0484375 0.0484375
2 0.18671875 0.10859375 0.0484375 0.0484375
2 0.29375 0.2765625 0.0484375 0.05
2 0.0953125 0.15 0.0484375 0.0484375
2 0.10234375 0.2703125 0.06171875 0.06171875
2 0.18125 0.32109375 0.0484375 0.0484375
2 0.3765625 0.4421875 0.06171875 0.06171875
2 0.37578125 0.3296875 0.0484375 0.05
2 0.653125 0.709375 0.0484375 0.0484375
2 0.653125 0.82734375 0.0609375 0.06171875
2 0.6546875 0.60234375 0.0484375 0.0484375
2 0.746875 0.87734375 0.0484375 0.05
2 0.65234375 0.92265625 0.0609375 0.06171875
1 0.92890625 0.10234375 0.09765625 0.09765625
1 0.56875 0.0984375 0.08515625 0.0859375
1 0.74921875 0.09609375 0.11015625 0.11015625
1 0.940625 0.33359375 0.09765625 0.0984375
1 0.94375 0.2140625 0.109375 0.11015625
1 0.7515625 0.203125 0.121875 0.1234375
1 0.8546875 0.275 0.09765625 0.0984375
1 0.85625 0.15234375 0.121875 0.1234375
1 0.8578125 0.378125 0.11015625 0.1109375
1 0.7515625 0.3234375 0.109375 0.1109375
1 0.6625 0.378125 0.109375 0.1109375
1 0.6578125 0.26484375 0.109375 0.1109375
1 0.6609375 0.15 0.109375 0.1109375
1 0.5703125 0.20625 0.09765625 0.09765625
1 0.55859375 0.32890625 0.09765625 0.09765625
1 0.6515625 0.46953125 0.08515625 0.0859375
1 0.746875 0.43203125 0.11015625 0.11015625
1 0.8453125 0.496875 0.109375 0.11015625
1 0.8453125 0.60625 0.109375 0.11015625
1 0.8484375 0.7140625 0.11015625 0.11015625
1 0.84921875 0.8140625 0.11015625 0.11015625
1 0.84921875 0.9265625 0.11015625 0.11015625
1 0.95 0.8734375 0.09765625 0.0984375
1 0.94609375 0.7625 0.09765625 0.0984375
1 0.940625 0.65390625 0.109375 0.11015625
1 0.934375 0.43203125 0.11015625 0.11015625
2 0.46640625 0.0359375 0.02421875 0.02421875
2 0.4609375 0.26171875 0.0484375 0.0484375
2 0.3765625 0.23125 0.0375 0.0375
2 0.37890625 0.10546875 0.0484375 0.0484375
2 0.29375 0.04921875 0.02421875 0.02421875
2 0.11640625 0.3875 0.0484375 0.05
2 0.096875 0.0421875 0.02421875 0.02421875
2 0.5640625 0.5328125 0.0609375 0.06171875
2 0.5640625 0.759375 0.0375 0.0375
2 0.1765625 0.42109375 0.0484375 0.05
2 0.18203125 0.75234375 0.02421875 0.02421875
2 0.17890625 0.5484375 0.02421875 0.02421875
2 0.1046875 0.71953125 0.0359375 0.0375
2 0.74296875 0.76875 0.0375 0.0375
2 0.74921875 0.5453125 0.0484375 0.0484375
2 0.75 0.6453125 0.0484375 0.0484375
2 0.175 0.9765625 0.0375 0.0375
2 0.10078125 0.9296875 0.0375 0.0375
2 0.096875 0.8234375 0.0375 0.0375