2 0.046875 0.5171875 0.0484375 0.05
2 0.14140625 0.5953125 0.0484375 0.05
2 0.0390625 0.7484375 0.0484375 0.05
2 0.13984375 0.68984375 0.0359375 0.0359375
2 0.13203125 0.846875 0.0484375 0.05
2 0.03203125 0.884375 0.0484375 0.0484375
2 0.13671875 0.92890625 0.0484375 0.0484375
2 0.22109375 0.94609375 0.0359375 0.0375
2 0.59609375 0.7546875 0.06171875 0.06171875
1 0.42578125 0.103125 0.09765625 0.09765625
1 0.4296875 0.1921875 0.09765625 0.0984375
1 0.32734375 0.259375 0.09765625 0.0984375
1 0.340625 0.140625 0.0859375 0.0859375
1 0.240625 0.08125 0.09765625 0.0984375
1 0.23359375 0.19765625 0.09765625 0.0984375
1 0.240625 0.30390625 0.08515625 0.08671875
1 0.1453125 0.146875 0.11015625 0.11015625
1 0.146875 0.26015625 0.0609375 0.06171875
1 0.05390625 0.3109375 0.0484375 0.0484375
1 0.5359375 0.1265625 0.11015625 0.11015625
1 0.528125 0.25703125 0.09765625 0.0984375
1 0.42578125 0.30625 0.0859375 0.0859375
1 0.5265625 0.36953125 0.11015625 0.11015625
1 0.61953125 0.3078125 0.08515625 0.0859375
1 0.6234375 0.20625 0.09765625 0.0984375
1 0.62109375 0.08828125 0.09765625 0.0984375
1 0.721875 0.14453125 0.0859375 0.0859375
1 0.725 0.24375 0.09765625 0.0984375
1 0.7203125 0.365625 0.09765625 0.0984375
1 0.81484375 0.3046875 0.121875 0.1234375
1 0.81171875 0.2 0.121875 0.1234375
1 0.81171875 0.08125 0.121875 0.1234375
1 0.9109375 0.15234375 0.121875 0.1234375
1 0.903125 0.25625 0.11015625 0.11015625
1 0.90390625 0.3671875 0.121875 0.1234375
1 0.9046875 0.471875 0.11015625 0.11015625
1 0.9015625 0.5875 0.11015625 0.11015625
1 0.9015625 0.69609375 0.121875 0.121875
1 0.9015625 0.81171875 0.121875 0.121875
1 0.80859375 0.41875 0.109375 0.11015625
1 0.8046875 0.51640625 0.09765625 0.0984375
1 0.815625 0.63046875 0.09765625 0.0984375
1 0.8125 0.746875 0.09765625 0.0984375
1 0.809375 0.871875 0.09765625 0.0984375
1 0.71015625 0.471875 0.09765625 0.0984375
1 0.71171875 0.57578125 0.09765625 0.0984375
1 0.7171875 0.69375 0.09765625 0.0984375
1 0.6203125 0.4125 0.08515625 0.08671875
2 0.5109375 0.46953125 0.0484375 0.05
1 0.4296875 0.42734375 0.09765625 0.0984375
1 0.9078125 0.91875 0.0859375 0.0859375
2 0.61875 0.9734375 0.0484375 0.05
2 0.7046875 0.92109375 0.0359375 0.0375
2 0.62421875 0.85546875 0.0359375 0.0375
2 0.521875 0.91015625 0.0375 0.0375
2 0.4234375 0.96328125 0.0375 0.0359375
1 0.053125 0.4171875 0.0359375 0.0375
1 0.15546875 0.36328125 0.0359375 0.0375
2 0.0515625 0.6234375 0.0484375 0.05
2 0.24296875 0.7609375 0.0359375 0.0359375
1 0.2234375 0.540625 0.0484375 0.0484375
1 0.2359375 0.42109375 0.0484375 0.0484375
1 0.31875 0.44921875 0.0375 0.0375
2 0.309375 0.596875 0.0375 0.0375
2 0.4578125 0.55390625 0.0375 0.0375
2 0.50859375 0.6796875 0.0359375 0.0375
2 0.61640625 0.53515625 0.0375 0.0375
2 0.4265625 0.7390625 0.0375 0.0375
2 0.52109375 0.78046875 0.02421875 0.02421875
2 0.2125 0.64140625 0.0359375 0.0375
2 0.03828125 0.978125 0.0375 0.0375
2 0.3703125 0.85703125 0.0359375 0.0359375
2 0.7109375 0.80625 0.0375 0.0375
1 0.33515625 0.36796875 0.09765625 0.09765625