2 0.6703125 0.203125 0.0734375 0.07421875
2 0.20078125 0.51484375 0.08515625 0.0859375
2 0.38203125 0.2328125 0.06171875 0.06171875
2 0.4828125 0.178125 0.0484375 0.0484375
2 0.2859375 0.66484375 0.08515625 0.0859375
2 0.21328125 0.12578125 0.06171875 0.06171875
2 0.38125 0.13046875 0.06171875 0.06171875
2 0.1078125 0.075 0.06171875 0.06171875
2 0.5796875 0.1453125 0.0484375 0.0484375
2 0.36875 0.8328125 0.0734375 0.0734375
2 0.771875 0.25546875 0.06171875 0.06171875
2 0.95234375 0.19296875 0.0734375 0.0734375
2 0.9734375 0.08671875 0.0484375 0.05
1 0.8453125 0.453125 0.0859375 0.0859375
1 0.8390625 0.6890625 0.09765625 0.0984375
1 0.84765625 0.80078125 0.09765625 0.09765625
1 0.84375 0.9046875 0.09765625 0.0984375
1 0.75625 0.94453125 0.09765625 0.0984375
1 0.7484375 0.8390625 0.09765625 0.0984375
1 0.75078125 0.74921875 0.109375 0.11015625
1 0.75078125 0.6203125 0.0859375 0.0859375
1 0.76015625 0.51171875 0.08515625 0.0859375
1 0.665625 0.56796875 0.09765625 0.0984375
1 0.6703125 0.67890625 0.109375 0.11015625
1 0.6625 0.78203125 0.09765625 0.09765625
1 0.66328125 0.89296875 0.109375 0.11015625
1 0.09140625 0.88203125 0.121875 0.1234375
1 0.08828125 0.76875 0.121875 0.1234375
1 0.096875 0.65703125 0.08515625 0.08671875
1 0.0921875 0.53046875 0.08515625 0.0859375
1 0.1984375 0.6046875 0.0859375 0.0859375
1 0.203125 0.7171875 0.0859375 0.0859375
1 0.19140625 0.8265625 0.0859375 0.0859375
1 0.1953125 0.940625 0.0859375 0.0859375
1 0.284375 0.865625 0.09765625 0.09765625
1 0.28046875 0.74375 0.08515625 0.0859375
1 0.28828125 0.559375 0.08515625 0.0859375
1 0.37265625 0.50390625 0.08515625 0.0859375
1 0.36484375 0.6203125 0.08515625 0.08671875
1 0.36953125 0.72578125 0.08515625 0.0859375
1 0.36328125 0.94609375 0.0859375 0.0859375
1 0.5609375 0.92265625 0.09765625 0.0984375
1 0.55546875 0.81875 0.09765625 0.0984375
1 0.5703125 0.71796875 0.09765625 0.0984375
1 0.57421875 0.5984375 0.09765625 0.09765625
1 0.56875 0.5078125 0.08515625 0.0859375
1 0.47578125 0.5671875 0.121875 0.1234375
1 0.47578125 0.6703125 0.09765625 0.0984375
1 0.46171875 0.871875 0.08515625 0.0859375
2 0.86328125 0.07265625 0.0484375 0.05
2 0.8671875 0.1859375 0.0484375 0.0484375
2 0.771875 0.13984375 0.06171875 0.06171875
2 0.5828125 0.0375 0.0375 0.0375
2 0.4796875 0.08671875 0.0359375 0.0375
1 0.3 0.06640625 0.0734375 0.07421875
2 0.2984375 0.1875 0.0375 0.0375
2 0.21171875 0.215625 0.0484375 0.05
2 0.10859375 0.25625 0.0484375 0.05