2 0.35 0.565625 0.0734375 0.07421875
2 0.35234375 0.6515625 0.0734375 0.07421875
2 0.553125 0.63359375 0.0734375 0.0734375
2 0.54609375 0.4171875 0.0734375 0.07421875
2 0.271875 0.61875 0.0734375 0.0734375
2 0.46484375 0.746875 0.0609375 0.06171875
2 0.2703125 0.71640625 0.0734375 0.0734375
1 0.93125 0.32890625 0.0859375 0.0859375
1 0.934375 0.42109375 0.11015625 0.11015625
1 0.9265625 0.53359375 0.09765625 0.0984375
3 0.834375 0.14453125 0.0859375 0.0859375
1 0.83671875 0.25 0.08515625 0.0859375
1 0.8375 0.36640625 0.11015625 0.11015625
1 0.84140625 0.475 0.11015625 0.11015625
1 0.83984375 0.584375 0.109375 0.11015625
1 0.83671875 0.70234375 0.09765625 0.0984375
1 0.75 0.0875 0.09765625 0.0984375
1 0.73515625 0.19140625 0.09765625 0.09765625
1 0.7359375 0.31875 0.09765625 0.0984375
1 0.73125 0.428125 0.09765625 0.0984375
1 0.72734375 0.53359375 0.09765625 0.0984375
1 0.7390625 0.6421875 0.08515625 0.0859375
1 0.64296875 0.690625 0.08515625 0.0859375
1 0.65546875 0.16796875 0.121875 0.1234375
1 0.64921875 0.2734375 0.08515625 0.0859375
1 0.63203125 0.390625 0.0859375 0.0859375
1 0.634375 0.47578125 0.08515625 0.08671875
1 0.640625 0.584375 0.09765625 0.09765625
1 0.56015625 0.10078125 0.11015625 0.11015625
1 0.5578125 0.21328125 0.09765625 0.0984375
1 0.559375 0.31171875 0.09765625 0.0984375
2 0.46796875 0.39921875 0.0609375 0.06171875
2 0.4671875 0.5015625 0.0734375 0.07421875
1 0.4703125 0.5875 0.08515625 0.0859375
1 0.4609375 0.6671875 0.0859375 0.0859375
2 0.33515625 0.75078125 0.06171875 0.06171875
1 0.0890625 0.70390625 0.0859375 0.0859375
1 0.46171875 0.0578125 0.109375 0.11015625
1 0.46953125 0.1546875 0.11015625 0.11015625
1 0.4671875 0.2703125 0.109375 0.11015625
1 0.36640625 0.1078125 0.109375 0.11015625
1 0.36875 0.2140625 0.11015625 0.11015625
1 0.36796875 0.3140625 0.109375 0.1109375
1 0.35625 0.45625 0.09765625 0.0984375
1 0.27265625 0.5046875 0.09765625 0.0984375
1 0.2875 0.38984375 0.0859375 0.0859375
1 0.27265625 0.04609375 0.08515625 0.08671875
1 0.2796875 0.15 0.09765625 0.09765625
1 0.27265625 0.28203125 0.09765625 0.0984375
1 0.17265625 0.103125 0.08515625 0.0859375
1 0.1796875 0.2171875 0.09765625 0.09765625
1 0.18359375 0.31953125 0.109375 0.11015625
1 0.19375 0.45703125 0.08515625 0.0859375
1 0.184375 0.5515625 0.09765625 0.0984375
1 0.17109375 0.671875 0.08515625 0.0859375
1 0.09453125 0.59921875 0.11015625 0.11015625
1 0.08671875 0.50546875 0.11015625 0.11015625
1 0.0890625 0.378125 0.11015625 0.1109375
1 0.0921875 0.2765625 0.109375 0.1109375
1 0.08984375 0.1609375 0.09765625 0.0984375
3 0.090625 0.0484375 0.0734375 0.07421875
1 0.55078125 0.52109375 0.09765625 0.0984375