1 0.34296875 0.08359375 0.109375 0.11015625
1 0.91171875 0.08125 0.11015625 0.11015625
1 0.81953125 0.1453125 0.109375 0.1109375
1 0.7265625 0.0921875 0.09765625 0.09765625
1 0.62734375 0.13125 0.11015625 0.1109375
1 0.534375 0.0828125 0.11015625 0.11015625
2 0.25 0.14140625 0.0484375 0.05
2 0.3421875 0.19609375 0.0484375 0.05
2 0.43671875 0.13359375 0.0484375 0.0484375
1 0.15703125 0.09453125 0.11015625 0.11015625
1 0.15546875 0.2 0.08515625 0.0859375
1 0.0515625 0.253125 0.0734375 0.0734375
1 0.15703125 0.30234375 0.11015625 0.11015625
1 0.246875 0.253125 0.109375 0.11015625
1 0.34375 0.303125 0.109375 0.1109375
1 0.44609375 0.3609375 0.0859375 0.0859375
1 0.43984375 0.24921875 0.08515625 0.0859375
2 0.53671875 0.2 0.08515625 0.0859375
1 0.53359375 0.30625 0.08515625 0.0859375
1 0.540625 0.4140625 0.09765625 0.09765625
1 0.5359375 0.51875 0.09765625 0.09765625
1 0.53125 0.63515625 0.09765625 0.0984375
2 0.63046875 0.2484375 0.0734375 0.0734375
1 0.63359375 0.36015625 0.08515625 0.0859375
1 0.63203125 0.57734375 0.0734375 0.07421875
1 0.71875 0.19453125 0.09765625 0.0984375
1 0.725 0.30390625 0.09765625 0.0984375
1 0.71953125 0.41953125 0.09765625 0.0984375
1 0.7296875 0.53046875 0.09765625 0.09765625
1 0.73125 0.640625 0.09765625 0.09765625
1 0.821875 0.24921875 0.11015625 0.11015625
1 0.82265625 0.3640625 0.11015625 0.11015625
1 0.8171875 0.4703125 0.109375 0.11015625
1 0.81640625 0.58828125 0.109375 0.11015625
1 0.8171875 0.69609375 0.109375 0.1109375
1 0.91640625 0.1984375 0.11015625 0.11015625
1 0.91328125 0.31015625 0.11015625 0.11015625
1 0.9078125 0.41875 0.11015625 0.11015625
1 0.915625 0.53046875 0.11015625 0.11015625
1 0.9171875 0.6390625 0.109375 0.11015625
1 0.90625 0.7515625 0.109375 0.11015625
1 0.909375 0.8625 0.109375 0.1109375
1 0.8203125 0.8 0.109375 0.1109375
1 0.82109375 0.90703125 0.08515625 0.0859375
1 0.7203125 0.76640625 0.11015625 0.1109375
1 0.7234375 0.875 0.08515625 0.0859375
1 0.63125 0.7078125 0.08515625 0.0859375
2 0.63828125 0.821875 0.02421875 0.02421875
2 0.63203125 0.940625 0.0375 0.0375
2 0.53671875 0.96796875 0.02421875 0.02421875
1 0.5390625 0.74375 0.09765625 0.0984375
1 0.5375 0.84921875 0.09765625 0.0984375
1 0.24609375 0.934375 0.09765625 0.0984375
1 0.06015625 0.92578125 0.11015625 0.1109375