1 0.15546875 0.53984375 0.109375 0.11015625
1 0.05546875 0.159375 0.109375 0.11015625
1 0.1546875 0.103125 0.11015625 0.1109375
1 0.3453125 0.10078125 0.109375 0.11015625
1 0.4421875 0.15703125 0.109375 0.11015625
1 0.540625 0.1 0.08515625 0.0859375
1 0.63359375 0.15703125 0.11015625 0.11015625
1 0.734375 0.10234375 0.109375 0.11015625
1 0.928125 0.084375 0.11015625 0.1109375
1 0.92265625 0.2125 0.11015625 0.11015625
1 0.92421875 0.31953125 0.11015625 0.11015625
1 0.92109375 0.43046875 0.0859375 0.0859375
1 0.92265625 0.53984375 0.09765625 0.0984375
1 0.82421875 0.15390625 0.09765625 0.0984375
1 0.82109375 0.26328125 0.09765625 0.0984375
1 0.8296875 0.3765625 0.09765625 0.0984375
1 0.83125 0.48359375 0.09765625 0.0984375
1 0.828125 0.5953125 0.09765625 0.0984375
1 0.72578125 0.215625 0.109375 0.11015625
1 0.725 0.32734375 0.109375 0.11015625
1 0.728125 0.43046875 0.11015625 0.11015625
1 0.72421875 0.5375 0.11015625 0.11015625
1 0.63515625 0.26796875 0.11015625 0.11015625
1 0.6265625 0.378125 0.11015625 0.11015625
1 0.63203125 0.49296875 0.11015625 0.11015625
1 0.63203125 0.6015625 0.109375 0.1109375
1 0.54296875 0.21015625 0.09765625 0.0984375
1 0.54609375 0.31875 0.0859375 0.0859375
1 0.53515625 0.43125 0.09765625 0.09765625
1 0.5390625 0.54765625 0.09765625 0.09765625
1 0.44140625 0.26875 0.109375 0.11015625
1 0.44375 0.3734375 0.109375 0.1109375
1 0.4453125 0.4875 0.109375 0.1109375
1 0.43984375 0.58671875 0.11015625 0.1109375
1 0.34375 0.21328125 0.109375 0.11015625
1 0.3453125 0.32421875 0.11015625 0.1109375
1 0.3421875 0.43125 0.11015625 0.1109375
1 0.346875 0.53828125 0.11015625 0.11015625
1 0.2453125 0.15703125 0.11015625 0.1109375
1 0.24765625 0.26484375 0.11015625 0.1109375
1 0.2515625 0.38203125 0.11015625 0.11015625
1 0.25625 0.48671875 0.109375 0.11015625
1 0.1578125 0.2203125 0.11015625 0.1109375
1 0.15625 0.32578125 0.09765625 0.0984375
1 0.153125 0.43203125 0.109375 0.11015625
1 0.0609375 0.26796875 0.09765625 0.0984375
1 0.05546875 0.3796875 0.109375 0.11015625
1 0.059375 0.48359375 0.109375 0.11015625
2 0.0625 0.596875 0.0484375 0.05
2 0.1546875 0.6515625 0.0484375 0.05
2 0.24921875 0.58984375 0.0484375 0.0484375
1 0.059375 0.709375 0.109375 0.11015625
1 0.15625 0.75859375 0.109375 0.1109375
1 0.25859375 0.8171875 0.0859375 0.0859375
1 0.25234375 0.7046875 0.08515625 0.0859375
2 0.34921875 0.65625 0.08515625 0.0859375
1 0.34609375 0.7625 0.08515625 0.0859375
1 0.353125 0.8703125 0.09765625 0.09765625
2 0.44296875 0.7046875 0.0734375 0.0734375
1 0.44609375 0.81640625 0.08515625 0.0859375
1 0.53125 0.65078125 0.09765625 0.0984375
1 0.5375 0.76015625 0.09765625 0.0984375
1 0.53203125 0.87578125 0.09765625 0.0984375
1 0.634375 0.70546875 0.11015625 0.11015625
1 0.63515625 0.81953125 0.11015625 0.11015625
1 0.6296875 0.9265625 0.109375 0.11015625
1 0.72890625 0.6546875 0.11015625 0.11015625
1 0.72578125 0.76640625 0.11015625 0.11015625
1 0.7203125 0.87421875 0.11015625 0.11015625
1 0.8296875 0.7078125 0.109375 0.11015625
1 0.8296875 0.815625 0.09765625 0.0984375
1 0.82578125 0.928125 0.11015625 0.11015625
1 0.92265625 0.64765625 0.109375 0.11015625
1 0.9296875 0.771875 0.109375 0.11015625
1 0.92265625 0.87578125 0.109375 0.11015625