2 0.240625 0.12890625 0.0734375 0.07421875
2 0.1421875 0.74296875 0.0734375 0.07421875
2 0.0484375 0.68203125 0.0609375 0.06171875
2 0.3375 0.61328125 0.0734375 0.07421875
1 0.896875 0.728125 0.09765625 0.09765625
1 0.89765625 0.83125 0.09765625 0.09765625
1 0.89765625 0.94140625 0.08515625 0.0859375
1 0.81015625 0.67890625 0.11015625 0.11015625
1 0.80390625 0.79375 0.09765625 0.0984375
1 0.8 0.903125 0.09765625 0.0984375
1 0.70546875 0.6421875 0.08515625 0.0859375
1 0.70234375 0.74921875 0.08515625 0.0859375
1 0.70546875 0.8453125 0.08515625 0.0859375
1 0.61875 0.9078125 0.09765625 0.0984375
3 0.61484375 0.8 0.08515625 0.0859375
1 0.6140625 0.6875 0.08515625 0.0859375
1 0.51953125 0.62890625 0.0859375 0.0859375
1 0.5203125 0.7421875 0.0859375 0.0859375
1 0.515625 0.8515625 0.09765625 0.09765625
1 0.425 0.90078125 0.109375 0.11015625
1 0.42890625 0.796875 0.109375 0.1109375
1 0.434375 0.67421875 0.09765625 0.0984375
1 0.33984375 0.7265625 0.0859375 0.0859375
1 0.33203125 0.834375 0.0859375 0.08671875
1 0.2390625 0.9 0.08515625 0.0859375
1 0.2359375 0.79765625 0.0859375 0.0859375
1 0.23359375 0.67421875 0.09765625 0.0984375
1 0.14921875 0.64140625 0.09765625 0.09765625
1 0.14375 0.85234375 0.09765625 0.09765625
1 0.05625 0.8015625 0.109375 0.1109375
1 0.053125 0.5828125 0.08515625 0.0859375
1 0.05546875 0.11953125 0.09765625 0.0984375
1 0.05078125 0.2453125 0.0859375 0.0859375
1 0.0546875 0.34375 0.0859375 0.0859375
1 0.046875 0.46953125 0.0859375 0.0859375
1 0.146875 0.103125 0.0859375 0.08671875
1 0.146875 0.20625 0.0859375 0.0859375
1 0.14921875 0.3171875 0.08515625 0.0859375
1 0.1484375 0.40859375 0.09765625 0.0984375
1 0.1515625 0.5453125 0.09765625 0.0984375
1 0.24140625 0.575 0.08515625 0.0859375
1 0.24140625 0.46015625 0.08515625 0.0859375
1 0.2484375 0.35859375 0.08515625 0.0859375
1 0.23671875 0.23828125 0.08515625 0.0859375
1 0.3484375 0.07109375 0.09765625 0.0984375
1 0.3375 0.1859375 0.0859375 0.0859375
1 0.33359375 0.3 0.08515625 0.0859375
1 0.3328125 0.40625 0.08515625 0.0859375
1 0.3296875 0.51171875 0.08515625 0.0859375
1 0.4265625 0.134375 0.0859375 0.0859375
1 0.42265625 0.24375 0.0859375 0.0859375
1 0.4203125 0.36015625 0.09765625 0.0984375
1 0.434375 0.48203125 0.09765625 0.0984375
1 0.42890625 0.578125 0.11015625 0.1109375
1 0.521875 0.0796875 0.0859375 0.0859375
1 0.52265625 0.20078125 0.09765625 0.0984375
1 0.51875 0.3078125 0.0859375 0.0859375
1 0.5171875 0.4125 0.08515625 0.0859375
1 0.5234375 0.51875 0.09765625 0.09765625
1 0.6140625 0.575 0.09765625 0.0984375
1 0.6125 0.46875 0.08515625 0.0859375
1 0.61796875 0.35078125 0.0859375 0.0859375
1 0.61171875 0.246875 0.08515625 0.08671875
1 0.615625 0.1359375 0.09765625 0.0984375
1 0.71015625 0.07109375 0.09765625 0.0984375
1 0.7125 0.17890625 0.09765625 0.0984375
1 0.7109375 0.3015625 0.0859375 0.0859375
1 0.71171875 0.41171875 0.09765625 0.0984375
1 0.71015625 0.51328125 0.09765625 0.0984375
1 0.803125 0.1265625 0.08515625 0.0859375
1 0.80078125 0.2359375 0.09765625 0.09765625
1 0.8109375 0.35234375 0.09765625 0.0984375
1 0.80390625 0.4640625 0.09765625 0.0984375
1 0.8078125 0.57109375 0.09765625 0.0984375
1 0.89921875 0.6125 0.09765625 0.0984375
1 0.90625 0.5015625 0.09765625 0.09765625
1 0.8984375 0.39375 0.09765625 0.0984375
1 0.9015625 0.2828125 0.09765625 0.09765625
1 0.9 0.1703125 0.09765625 0.0984375
1 0.9078125 0.059375 0.09765625 0.09765625