2 0.35703125 0.26015625 0.0734375 0.0734375
2 0.2640625 0.3328125 0.0734375 0.07421875
2 0.56015625 0.490625 0.0734375 0.0734375
2 0.4421875 0.534375 0.06171875 0.06171875
1 0.928125 0.83046875 0.109375 0.11015625
1 0.9234375 0.7125 0.109375 0.11015625
0 0.925 0.6140625 0.08515625 0.0859375
1 0.9296875 0.1484375 0.0859375 0.0859375
1 0.93125 0.2453125 0.09765625 0.09765625
1 0.8296875 0.103125 0.109375 0.11015625
1 0.92265625 0.4921875 0.09765625 0.09765625
1 0.8296875 0.4484375 0.08515625 0.0859375
1 0.82421875 0.55625 0.09765625 0.0984375
1 0.82421875 0.65703125 0.09765625 0.09765625
1 0.82421875 0.77265625 0.109375 0.11015625
1 0.82578125 0.8703125 0.11015625 0.11015625
1 0.72734375 0.82890625 0.109375 0.11015625
1 0.728125 0.7140625 0.09765625 0.0984375
1 0.7390625 0.5984375 0.109375 0.1109375
1 0.73046875 0.49765625 0.109375 0.11015625
1 0.740625 0.37265625 0.11015625 0.11015625
1 0.73359375 0.16796875 0.09765625 0.09765625
1 0.6453125 0.103125 0.109375 0.11015625
1 0.6375 0.44375 0.11015625 0.11015625
1 0.64765625 0.55625 0.0859375 0.0859375
1 0.5484375 0.16015625 0.11015625 0.1109375
1 0.4578125 0.13515625 0.109375 0.11015625
1 0.45 0.23125 0.09765625 0.09765625
1 0.3546875 0.15859375 0.09765625 0.0984375
1 0.3625 0.3875 0.09765625 0.09765625
1 0.5546875 0.36875 0.0859375 0.0859375
1 0.55546875 0.615625 0.09765625 0.09765625
1 0.5375 0.715625 0.11015625 0.11015625
1 0.534375 0.8015625 0.11015625 0.11015625
1 0.63984375 0.8109375 0.109375 0.1109375
1 0.63125 0.66640625 0.09765625 0.0984375
3 0.4390625 0.62578125 0.0734375 0.0734375
1 0.44375 0.73125 0.09765625 0.0984375
1 0.4390625 0.8390625 0.11015625 0.11015625
1 0.35546875 0.8 0.09765625 0.09765625
1 0.36015625 0.721875 0.09765625 0.0984375
1 0.2671875 0.10234375 0.09765625 0.09765625
1 0.25859375 0.2109375 0.0859375 0.0859375
1 0.2703125 0.4390625 0.09765625 0.09765625
1 0.171875 0.4015625 0.0859375 0.0859375
1 0.17421875 0.49375 0.11015625 0.11015625
1 0.1671875 0.60625 0.09765625 0.0984375
2 0.25859375 0.746875 0.0734375 0.0734375
1 0.26484375 0.8453125 0.09765625 0.0984375
1 0.08125 0.10234375 0.09765625 0.0984375
3 0.07421875 0.2171875 0.0859375 0.0859375
1 0.0765625 0.321875 0.08515625 0.0859375
1 0.07734375 0.4390625 0.11015625 0.11015625
1 0.08125 0.54765625 0.11015625 0.11015625
1 0.0796875 0.65703125 0.109375 0.11015625
1 0.07734375 0.775 0.09765625 0.0984375
1 0.5484375 0.06171875 0.09765625 0.0984375
1 0.36015625 0.0578125 0.11015625 0.11015625