1 0.79609375 0.16484375 0.0734375 0.07421875
1 0.7 0.10546875 0.11015625 0.1109375
1 0.609375 0.0578125 0.09765625 0.09765625
2 0.6109375 0.16171875 0.0609375 0.06171875
1 0.5078125 0.11015625 0.109375 0.11015625
1 0.41328125 0.0578125 0.109375 0.11015625
1 0.3140625 0.10078125 0.11015625 0.11015625
1 0.1203125 0.10390625 0.09765625 0.0984375
1 0.121875 0.21796875 0.109375 0.11015625
1 0.128125 0.32734375 0.109375 0.11015625
1 0.121875 0.43671875 0.109375 0.11015625
1 0.1171875 0.54765625 0.109375 0.11015625
1 0.2125 0.1609375 0.11015625 0.1109375
1 0.2171875 0.278125 0.09765625 0.09765625
1 0.21875 0.38125 0.109375 0.11015625
1 0.221875 0.4953125 0.09765625 0.0984375
1 0.215625 0.60625 0.109375 0.11015625
1 0.31484375 0.21796875 0.11015625 0.1109375
1 0.31484375 0.3328125 0.11015625 0.1109375
1 0.3109375 0.44296875 0.11015625 0.11015625
1 0.31796875 0.5578125 0.11015625 0.11015625
1 0.40703125 0.16484375 0.109375 0.11015625
1 0.41328125 0.28046875 0.109375 0.1109375
1 0.41171875 0.3875 0.11015625 0.1109375
1 0.4125 0.5 0.11015625 0.1109375
1 0.40859375 0.615625 0.11015625 0.11015625
1 0.50703125 0.221875 0.09765625 0.0984375
1 0.503125 0.33671875 0.109375 0.11015625
1 0.503125 0.44140625 0.109375 0.1109375
1 0.5015625 0.55546875 0.109375 0.1109375
1 0.6 0.26796875 0.11015625 0.11015625
1 0.596875 0.3875 0.11015625 0.11015625
1 0.6 0.4984375 0.09765625 0.09765625
1 0.60234375 0.615625 0.109375 0.1109375
1 0.69375 0.22578125 0.11015625 0.11015625
1 0.69765625 0.32734375 0.11015625 0.11015625
1 0.69765625 0.44765625 0.11015625 0.11015625
1 0.69296875 0.55703125 0.11015625 0.11015625
1 0.69609375 0.6671875 0.09765625 0.09765625
1 0.496875 0.66171875 0.109375 0.11015625
1 0.79375 0.26875 0.0859375 0.08671875
1 0.88046875 0.2140625 0.0734375 0.0734375
1 0.8890625 0.88671875 0.11015625 0.1109375
1 0.78984375 0.8390625 0.11015625 0.1109375
1 0.7890625 0.9421875 0.109375 0.1109375
1 0.69140625 0.88984375 0.109375 0.11015625
1 0.69453125 0.7796875 0.109375 0.1109375
1 0.59765625 0.83671875 0.109375 0.11015625
1 0.59453125 0.940625 0.08515625 0.0859375
1 0.5015625 0.77890625 0.11015625 0.11015625
1 0.50078125 0.88125 0.11015625 0.11015625
1 0.40546875 0.83125 0.11015625 0.11015625
1 0.4109375 0.9359375 0.109375 0.11015625
1 0.309375 0.778125 0.0859375 0.08671875
1 0.31171875 0.8859375 0.109375 0.11015625
1 0.2125 0.8265625 0.109375 0.11015625
1 0.21796875 0.93828125 0.09765625 0.0984375
1 0.1171875 0.7640625 0.09765625 0.0984375
1 0.115625 0.87890625 0.08515625 0.0859375
1 0.6 0.72421875 0.109375 0.11015625
1 0.4078125 0.721875 0.08515625 0.0859375
1 0.3109375 0.65859375 0.109375 0.11015625
1 0.2171875 0.71640625 0.109375 0.11015625
1 0.121875 0.65859375 0.11015625 0.11015625