2 0.721875 0.55390625 0.0734375 0.0734375
1 0.25 0.04609375 0.0859375 0.0859375
1 0.1546875 0.12890625 0.09765625 0.09765625
1 0.346875 0.0984375 0.09765625 0.0984375
1 0.534375 0.1 0.09765625 0.09765625
1 0.715625 0.10625 0.08515625 0.0859375
1 0.81328125 0.04375 0.0859375 0.0859375
1 0.9015625 0.1046875 0.09765625 0.0984375
3 0.90703125 0.6390625 0.0859375 0.08671875
1 0.90703125 0.528125 0.0859375 0.0859375
2 0.8140625 0.5828125 0.0734375 0.07421875
2 0.81796875 0.68828125 0.0734375 0.07421875
1 0.621875 0.58984375 0.08515625 0.0859375
1 0.05625 0.61796875 0.109375 0.11015625
1 0.05625 0.72109375 0.09765625 0.0984375
1 0.059375 0.8296875 0.09765625 0.0984375
1 0.0578125 0.95234375 0.0859375 0.0859375
1 0.1515625 0.559375 0.09765625 0.0984375
1 0.15625 0.675 0.09765625 0.09765625
1 0.15 0.77734375 0.08515625 0.0859375
1 0.14765625 0.88671875 0.09765625 0.09765625
1 0.2484375 0.93359375 0.09765625 0.09765625
1 0.246875 0.82109375 0.09765625 0.0984375
1 0.2546875 0.71015625 0.09765625 0.09765625
1 0.2484375 0.60234375 0.09765625 0.0984375
1 0.33671875 0.5453125 0.09765625 0.09765625
1 0.34296875 0.6515625 0.09765625 0.0984375
1 0.340625 0.759375 0.09765625 0.0984375
1 0.33984375 0.87421875 0.09765625 0.09765625
1 0.43515625 0.93046875 0.11015625 0.11015625
1 0.434375 0.8171875 0.11015625 0.11015625
1 0.43125 0.70234375 0.109375 0.11015625
1 0.43046875 0.5921875 0.11015625 0.1109375
1 0.528125 0.5484375 0.09765625 0.09765625
1 0.51953125 0.6515625 0.109375 0.11015625
1 0.53203125 0.75625 0.109375 0.1109375
1 0.52421875 0.86796875 0.109375 0.11015625
1 0.6203125 0.92265625 0.09765625 0.0984375
1 0.62578125 0.81875 0.08515625 0.0859375
1 0.6203125 0.6921875 0.109375 0.11015625
1 0.71796875 0.65234375 0.08515625 0.0859375
1 0.7171875 0.7515625 0.09765625 0.09765625
1 0.71953125 0.8875 0.09765625 0.0984375
1 0.8140625 0.92265625 0.08515625 0.0859375
1 0.80859375 0.7875 0.09765625 0.0984375
1 0.90546875 0.84453125 0.08515625 0.0859375
1 0.91015625 0.209375 0.109375 0.11015625
1 0.909375 0.3328125 0.09765625 0.0984375
1 0.90859375 0.42734375 0.08515625 0.08671875
1 0.81953125 0.49921875 0.08515625 0.0859375
1 0.8140625 0.37578125 0.11015625 0.11015625
1 0.81484375 0.26640625 0.11015625 0.11015625
1 0.815625 0.15546875 0.09765625 0.0984375
1 0.715625 0.2140625 0.09765625 0.0984375
1 0.71796875 0.325 0.09765625 0.0984375
1 0.7171875 0.42890625 0.0859375 0.0859375
1 0.61875 0.48671875 0.109375 0.11015625
1 0.621875 0.38203125 0.09765625 0.0984375
1 0.621875 0.26484375 0.0859375 0.0859375
1 0.62109375 0.1578125 0.0859375 0.0859375
1 0.53046875 0.2046875 0.09765625 0.0984375
1 0.52734375 0.31171875 0.09765625 0.0984375
1 0.5328125 0.41796875 0.09765625 0.09765625
1 0.440625 0.46953125 0.109375 0.1109375
1 0.4390625 0.36875 0.11015625 0.1109375
1 0.4328125 0.27890625 0.11015625 0.11015625
1 0.4390625 0.153125 0.11015625 0.11015625
1 0.3484375 0.2046875 0.09765625 0.09765625
1 0.3484375 0.31640625 0.09765625 0.09765625
1 0.3421875 0.4265625 0.0859375 0.0859375
1 0.25 0.49296875 0.09765625 0.0984375
1 0.24609375 0.38984375 0.0859375 0.0859375
1 0.25390625 0.26875 0.09765625 0.09765625
1 0.24609375 0.1625 0.09765625 0.09765625
1 0.15703125 0.23359375 0.09765625 0.09765625
1 0.1515625 0.3296875 0.09765625 0.0984375
1 0.14921875 0.45234375 0.09765625 0.0984375
1 0.0625 0.509375 0.109375 0.11015625
1 0.05625 0.39609375 0.11015625 0.11015625
1 0.06875 0.2828125 0.11015625 0.11015625
1 0.06015625 0.17109375 0.11015625 0.11015625