2 0.05 0.159375 0.0734375 0.07421875
2 0.134375 0.08828125 0.06171875 0.06171875
2 0.05625 0.06171875 0.06171875 0.06171875
1 0.14609375 0.228125 0.11015625 0.1109375
1 0.1421875 0.334375 0.11015625 0.1109375
1 0.23125 0.16484375 0.109375 0.11015625
1 0.23359375 0.2765625 0.09765625 0.09765625
1 0.334375 0.1125 0.109375 0.11015625
1 0.33515625 0.2171875 0.09765625 0.0984375
1 0.33125 0.32578125 0.109375 0.11015625
1 0.421875 0.065625 0.09765625 0.0984375
1 0.4203125 0.1609375 0.09765625 0.0984375
1 0.4328125 0.27890625 0.109375 0.11015625
1 0.51640625 0.10546875 0.08515625 0.0859375
1 0.51328125 0.21640625 0.08515625 0.08671875
1 0.51640625 0.3171875 0.09765625 0.0984375
1 0.6265625 0.15390625 0.109375 0.11015625
1 0.62734375 0.271875 0.11015625 0.11015625
1 0.62265625 0.38828125 0.11015625 0.11015625
1 0.71796875 0.10234375 0.109375 0.11015625
1 0.71796875 0.21328125 0.09765625 0.0984375
1 0.71484375 0.32734375 0.109375 0.11015625
1 0.8125 0.0546875 0.09765625 0.09765625
1 0.8125 0.165625 0.09765625 0.09765625
1 0.8109375 0.2734375 0.08515625 0.0859375
1 0.81171875 0.38671875 0.0859375 0.0859375
1 0.91171875 0.1109375 0.11015625 0.1109375
1 0.90390625 0.221875 0.11015625 0.1109375
1 0.909375 0.32734375 0.11015625 0.11015625
2 0.9078125 0.44609375 0.06171875 0.06171875
2 0.903125 0.55390625 0.06171875 0.06171875
1 0.9046875 0.66484375 0.109375 0.11015625
1 0.903125 0.78359375 0.109375 0.11015625
1 0.8140625 0.4953125 0.109375 0.11015625
1 0.80859375 0.62109375 0.0859375 0.0859375
1 0.80859375 0.72109375 0.109375 0.11015625
1 0.8109375 0.8296875 0.09765625 0.0984375
1 0.7171875 0.43828125 0.109375 0.11015625
1 0.71328125 0.55 0.11015625 0.11015625
1 0.7171875 0.6609375 0.11015625 0.11015625
1 0.71796875 0.77265625 0.11015625 0.11015625
1 0.6203125 0.48984375 0.11015625 0.11015625
1 0.62265625 0.60703125 0.11015625 0.11015625
1 0.6234375 0.70625 0.109375 0.11015625
1 0.61796875 0.82109375 0.109375 0.1109375
1 0.72109375 0.8796875 0.11015625 0.1109375
1 0.52265625 0.4234375 0.09765625 0.0984375
1 0.53125 0.5421875 0.109375 0.11015625
1 0.53046875 0.65625 0.109375 0.1109375
1 0.5265625 0.77421875 0.109375 0.1109375
1 0.4296875 0.38046875 0.109375 0.11015625
1 0.428125 0.48046875 0.09765625 0.09765625
1 0.42890625 0.6078125 0.09765625 0.09765625
1 0.4359375 0.709375 0.11015625 0.1109375
1 0.428125 0.8265625 0.11015625 0.11015625
1 0.33125 0.44609375 0.109375 0.1109375
1 0.32578125 0.55390625 0.08515625 0.0859375
1 0.3296875 0.64921875 0.09765625 0.09765625
1 0.3328125 0.7671875 0.08515625 0.0859375
1 0.2359375 0.38359375 0.11015625 0.1109375
1 0.2296875 0.4953125 0.09765625 0.09765625
1 0.22578125 0.6 0.08515625 0.0859375
1 0.23125 0.715625 0.11015625 0.11015625
1 0.23359375 0.82578125 0.109375 0.11015625
1 0.1390625 0.44921875 0.09765625 0.09765625
1 0.140625 0.5609375 0.0859375 0.0859375
1 0.13984375 0.6734375 0.109375 0.11015625
1 0.1359375 0.77265625 0.09765625 0.0984375
1 0.0453125 0.6078125 0.0859375 0.0859375
1 0.13671875 0.88125 0.09765625 0.0984375
1 0.23125 0.93828125 0.109375 0.11015625
1 0.33125 0.87578125 0.09765625 0.0984375
1 0.42734375 0.9390625 0.11015625 0.11015625
1 0.521875 0.8859375 0.109375 0.11015625
1 0.60859375 0.93046875 0.11015625 0.1109375
1 0.81328125 0.93125 0.09765625 0.09765625
1 0.9078125 0.88359375 0.09765625 0.0984375