1 0.19921875 0.65703125 0.109375 0.11015625
2 0.865625 0.59296875 0.0859375 0.08671875
2 0.3796875 0.75703125 0.0734375 0.07421875
1 0.86015625 0.15625 0.11015625 0.1109375
1 0.8625 0.26484375 0.08515625 0.0859375
1 0.85625 0.38359375 0.08515625 0.0859375
1 0.8625 0.4875 0.0859375 0.0859375
1 0.77109375 0.09765625 0.08515625 0.0859375
2 0.778125 0.21171875 0.02421875 0.02421875
2 0.771875 0.3296875 0.0375 0.0375
2 0.77421875 0.4359375 0.02421875 0.02421875
2 0.76796875 0.54921875 0.02421875 0.02421875
2 0.6765625 0.3578125 0.02421875 0.02421875
2 0.6765625 0.46796875 0.02421875 0.02421875
2 0.67265625 0.58359375 0.02421875 0.02421875
1 0.67890625 0.13359375 0.09765625 0.0984375
1 0.6765625 0.2390625 0.09765625 0.0984375
2 0.66875 0.69296875 0.02421875 0.02421875
2 0.67109375 0.775 0.02421875 0.02421875
2 0.76875 0.6359375 0.02421875 0.02421875
2 0.7625 0.74375 0.02421875 0.02421875
2 0.8625 0.77421875 0.0375 0.0375
1 0.859375 0.6921875 0.109375 0.11015625
1 0.3859375 0.3234375 0.09765625 0.0984375
1 0.38984375 0.42734375 0.109375 0.11015625
1 0.38125 0.53828125 0.09765625 0.09765625
1 0.3859375 0.64921875 0.09765625 0.09765625
3 0.28828125 0.37890625 0.0859375 0.0859375
1 0.2890625 0.4921875 0.09765625 0.09765625
1 0.284375 0.596875 0.11015625 0.11015625
1 0.28515625 0.70625 0.09765625 0.0984375
1 0.2 0.315625 0.11015625 0.1109375
1 0.19765625 0.42890625 0.11015625 0.1109375
1 0.196875 0.540625 0.09765625 0.09765625
1 0.2015625 0.7625 0.0734375 0.0734375
1 0.1 0.2671875 0.11015625 0.1109375
1 0.1 0.37109375 0.109375 0.1109375
1 0.096875 0.49296875 0.109375 0.11015625
1 0.0984375 0.6 0.09765625 0.0984375
1 0.10234375 0.7046875 0.09765625 0.0984375
2 0.1984375 0.9265625 0.0609375 0.06171875
2 0.38828125 0.93359375 0.0359375 0.0375
2 0.584375 0.93828125 0.0609375 0.06171875
2 0.7703125 0.94453125 0.06171875 0.06171875
2 0.95390625 0.9546875 0.0484375 0.0484375