1 0.89765625 0.065625 0.08515625 0.0859375
1 0.709375 0.06953125 0.0734375 0.07421875
2 0.52421875 0.065625 0.0609375 0.06171875
1 0.12578125 0.065625 0.11015625 0.1109375
1 0.1296875 0.1828125 0.09765625 0.09765625
1 0.13203125 0.2859375 0.109375 0.11015625
1 0.134375 0.4 0.09765625 0.0984375
1 0.12890625 0.51015625 0.109375 0.11015625
1 0.228125 0.121875 0.11015625 0.1109375
1 0.228125 0.2375 0.11015625 0.1109375
1 0.22421875 0.346875 0.11015625 0.11015625
1 0.23125 0.4625 0.11015625 0.11015625
1 0.3203125 0.06875 0.109375 0.11015625
1 0.3265625 0.184375 0.109375 0.1109375
1 0.325 0.2921875 0.11015625 0.1109375
1 0.32578125 0.4046875 0.11015625 0.1109375
1 0.321875 0.5203125 0.11015625 0.11015625
1 0.4203125 0.1265625 0.09765625 0.0984375
1 0.415625 0.240625 0.109375 0.11015625
1 0.415625 0.3453125 0.109375 0.1109375
1 0.41484375 0.46015625 0.109375 0.1109375
1 0.51328125 0.17265625 0.11015625 0.11015625
1 0.51015625 0.29140625 0.11015625 0.11015625
1 0.5125 0.40234375 0.09765625 0.09765625
1 0.515625 0.51953125 0.109375 0.1109375
1 0.60703125 0.13046875 0.11015625 0.11015625
1 0.6109375 0.23203125 0.11015625 0.11015625
1 0.6109375 0.35234375 0.11015625 0.11015625
1 0.60625 0.46171875 0.11015625 0.11015625
1 0.609375 0.57109375 0.09765625 0.09765625
1 0.41015625 0.565625 0.109375 0.11015625
1 0.70703125 0.1734375 0.0859375 0.08671875
1 0.79375 0.11875 0.0734375 0.0734375
1 0.89921875 0.1671875 0.11015625 0.11015625
3 0.890625 0.8546875 0.0859375 0.0859375
1 0.80234375 0.790625 0.11015625 0.1109375
1 0.8 0.9046875 0.11015625 0.1109375
1 0.70234375 0.74296875 0.11015625 0.1109375
1 0.70234375 0.846875 0.109375 0.1109375
1 0.6046875 0.79453125 0.109375 0.11015625
1 0.609375 0.903125 0.09765625 0.0984375
1 0.6078125 0.68359375 0.109375 0.1109375
1 0.5109375 0.740625 0.109375 0.11015625
1 0.50703125 0.84453125 0.08515625 0.0859375
1 0.51171875 0.946875 0.09765625 0.0984375
1 0.41484375 0.6828125 0.11015625 0.11015625
1 0.41328125 0.7859375 0.11015625 0.11015625
1 0.421875 0.89765625 0.09765625 0.0984375
1 0.31875 0.7359375 0.11015625 0.11015625
1 0.32421875 0.840625 0.109375 0.11015625
1 0.22265625 0.68203125 0.0859375 0.08671875
1 0.225 0.790625 0.109375 0.11015625
1 0.22578125 0.896875 0.09765625 0.0984375
1 0.12578125 0.73125 0.109375 0.11015625
1 0.13125 0.8421875 0.09765625 0.0984375
1 0.12734375 0.94921875 0.08515625 0.0859375
1 0.5125 0.628125 0.109375 0.11015625
1 0.32109375 0.62578125 0.08515625 0.0859375
1 0.2234375 0.56328125 0.109375 0.11015625
1 0.1296875 0.6203125 0.109375 0.11015625