2 0.07265625 0.88203125 0.0734375 0.0734375
2 0.72578125 0.384375 0.0734375 0.07421875
1 0.07421875 0.6796875 0.0859375 0.0859375
1 0.91484375 0.9421875 0.09765625 0.0984375
1 0.915625 0.8234375 0.09765625 0.09765625
1 0.9125 0.2890625 0.0859375 0.0859375
1 0.91328125 0.3875 0.08515625 0.0859375
1 0.915625 0.5015625 0.0859375 0.0859375
1 0.9171875 0.6109375 0.0859375 0.0859375
1 0.9171875 0.7140625 0.0859375 0.0859375
1 0.81796875 0.3296875 0.08515625 0.0859375
1 0.8140625 0.4328125 0.08515625 0.0859375
2 0.253125 0.76640625 0.0484375 0.0484375
1 0.25234375 0.86796875 0.08515625 0.0859375
1 0.8140625 0.54765625 0.08515625 0.0859375
1 0.8125 0.65703125 0.109375 0.11015625
1 0.8109375 0.7640625 0.08515625 0.0859375
1 0.809375 0.88359375 0.09765625 0.0984375
1 0.71953125 0.93515625 0.11015625 0.11015625
1 0.71953125 0.8265625 0.11015625 0.11015625
1 0.71796875 0.71171875 0.11015625 0.11015625
1 0.71953125 0.59921875 0.11015625 0.11015625
1 0.7203125 0.4875 0.09765625 0.09765625
1 0.63203125 0.4234375 0.0859375 0.0859375
1 0.61640625 0.5515625 0.09765625 0.0984375
1 0.621875 0.6609375 0.09765625 0.0984375
1 0.61875 0.7703125 0.11015625 0.11015625
1 0.625 0.88125 0.109375 0.11015625
1 0.5328125 0.91015625 0.09765625 0.09765625
1 0.53046875 0.8109375 0.09765625 0.0984375
1 0.53046875 0.72109375 0.09765625 0.0984375
1 0.5359375 0.5984375 0.09765625 0.0984375
1 0.43515625 0.87109375 0.08515625 0.0859375
1 0.4359375 0.32890625 0.09765625 0.0984375
1 0.34296875 0.28046875 0.09765625 0.09765625
1 0.34453125 0.3765625 0.09765625 0.0984375
1 0.33984375 0.49375 0.109375 0.11015625
1 0.33671875 0.59921875 0.109375 0.11015625
1 0.2453125 0.32265625 0.09765625 0.0984375
1 0.2515625 0.428125 0.09765625 0.0984375
1 0.246875 0.540625 0.11015625 0.11015625
1 0.24375 0.6546875 0.11015625 0.11015625
1 0.15234375 0.5984375 0.109375 0.1109375
1 0.1609375 0.46484375 0.09765625 0.09765625
1 0.15625 0.36328125 0.109375 0.1109375
1 0.0609375 0.31640625 0.109375 0.1109375
1 0.065625 0.42421875 0.11015625 0.11015625
1 0.06328125 0.56875 0.11015625 0.11015625
1 0.15703125 0.70546875 0.109375 0.11015625
1 0.15703125 0.81328125 0.0859375 0.0859375
1 0.91328125 0.1921875 0.08515625 0.0859375
1 0.625 0.10625 0.09765625 0.0984375
1 0.54609375 0.146875 0.08515625 0.0859375
1 0.44453125 0.19921875 0.09765625 0.09765625
1 0.43828125 0.0921875 0.09765625 0.0984375
1 0.34296875 0.159375 0.09765625 0.09765625
1 0.25703125 0.203125 0.09765625 0.09765625
1 0.25390625 0.1015625 0.09765625 0.09765625
1 0.1625 0.053125 0.09765625 0.09765625
1 0.1546875 0.16328125 0.09765625 0.09765625
1 0.15390625 0.2640625 0.11015625 0.11015625
1 0.065625 0.21328125 0.09765625 0.0984375
1 0.06328125 0.10078125 0.11015625 0.11015625