2 0.06796875 0.8046875 0.0734375 0.07421875
1 0.8171875 0.9046875 0.0859375 0.0859375
1 0.71796875 0.8546875 0.09765625 0.0984375
1 0.6265625 0.9203125 0.09765625 0.09765625
1 0.540625 0.8703125 0.11015625 0.11015625
1 0.4359375 0.834375 0.08515625 0.0859375
1 0.4328125 0.940625 0.08515625 0.0859375
1 0.34453125 0.87890625 0.08515625 0.0859375
1 0.25 0.8203125 0.0859375 0.0859375
1 0.25078125 0.93359375 0.0859375 0.0859375
1 0.16484375 0.865625 0.09765625 0.0984375
1 0.0703125 0.91796875 0.0859375 0.0859375
1 0.071875 0.11796875 0.09765625 0.0984375
1 0.07890625 0.2625 0.09765625 0.0984375
1 0.06875 0.3765625 0.0859375 0.0859375
1 0.0640625 0.49140625 0.08515625 0.0859375
1 0.06328125 0.59765625 0.08515625 0.0859375
1 0.06015625 0.703125 0.08515625 0.0859375
1 0.15625 0.11015625 0.0859375 0.0859375
1 0.16015625 0.2171875 0.09765625 0.09765625
1 0.15703125 0.3265625 0.0859375 0.0859375
1 0.153125 0.4359375 0.0859375 0.0859375
1 0.15 0.5515625 0.09765625 0.0984375
1 0.16484375 0.6734375 0.09765625 0.0984375
1 0.159375 0.76953125 0.11015625 0.1109375
1 0.2515625 0.1671875 0.0859375 0.0859375
1 0.2515625 0.271875 0.0859375 0.0859375
1 0.253125 0.3921875 0.09765625 0.0984375
1 0.24921875 0.49921875 0.0859375 0.0859375
1 0.24765625 0.603125 0.08515625 0.0859375
1 0.25390625 0.71015625 0.09765625 0.09765625
1 0.34453125 0.76640625 0.09765625 0.0984375
1 0.34296875 0.66015625 0.08515625 0.0859375
1 0.3484375 0.5421875 0.0859375 0.0859375
1 0.3421875 0.43828125 0.08515625 0.08671875
1 0.3453125 0.32734375 0.09765625 0.0984375
1 0.34765625 0.21171875 0.09765625 0.0984375
1 0.34375 0.1046875 0.09765625 0.0984375
1 0.440625 0.15859375 0.109375 0.11015625
1 0.440625 0.2625 0.09765625 0.0984375
1 0.44375 0.3703125 0.09765625 0.0984375
1 0.44140625 0.49296875 0.0859375 0.0859375
1 0.4421875 0.603125 0.09765625 0.0984375
1 0.440625 0.7046875 0.09765625 0.0984375
1 0.53515625 0.1 0.09765625 0.0984375
1 0.53984375 0.215625 0.09765625 0.09765625
1 0.53359375 0.31875 0.08515625 0.0859375
1 0.53125 0.428125 0.09765625 0.09765625
1 0.540625 0.54375 0.09765625 0.0984375
1 0.534375 0.65546875 0.09765625 0.0984375
1 0.53828125 0.7625 0.09765625 0.0984375
1 0.6296875 0.80390625 0.09765625 0.0984375
1 0.63671875 0.69375 0.09765625 0.09765625
1 0.62890625 0.58515625 0.09765625 0.0984375
1 0.63203125 0.475 0.09765625 0.09765625
1 0.63125 0.36171875 0.09765625 0.0984375
1 0.6390625 0.25078125 0.09765625 0.09765625
1 0.63203125 0.14296875 0.09765625 0.0984375
1 0.7203125 0.0859375 0.09765625 0.09765625
1 0.7265625 0.19296875 0.09765625 0.0984375
1 0.725 0.3 0.09765625 0.0984375
1 0.7234375 0.41484375 0.09765625 0.09765625
1 0.71953125 0.53046875 0.09765625 0.0984375
1 0.7234375 0.6359375 0.08515625 0.0859375
1 0.72265625 0.7375 0.09765625 0.0984375
1 0.81875 0.78828125 0.11015625 0.11015625
1 0.8171875 0.68046875 0.109375 0.11015625
1 0.8125 0.57265625 0.109375 0.11015625
1 0.81875 0.47109375 0.11015625 0.11015625
1 0.81796875 0.3578125 0.11015625 0.11015625
1 0.815625 0.24375 0.109375 0.11015625
1 0.8140625 0.1328125 0.11015625 0.1109375
1 0.9125 0.08984375 0.09765625 0.09765625
1 0.903125 0.19296875 0.109375 0.11015625
1 0.915625 0.296875 0.109375 0.1109375
1 0.9078125 0.40859375 0.109375 0.11015625
1 0.9109375 0.5140625 0.08515625 0.0859375
1 0.91328125 0.603125 0.0859375 0.0859375
1 0.9078125 0.73671875 0.09765625 0.0984375
1 0.909375 0.8484375 0.0859375 0.0859375
1 0.24453125 0.05859375 0.08515625 0.0859375