2 0.465625 0.05546875 0.0484375 0.05
1 0.2796875 0.059375 0.08515625 0.0859375
1 0.09140625 0.06328125 0.0734375 0.07421875
1 0.0890625 0.1671875 0.0859375 0.08671875
1 0.175 0.1125 0.0734375 0.0734375
1 0.28046875 0.16171875 0.11015625 0.11015625
1 0.37109375 0.1125 0.109375 0.11015625
1 0.46796875 0.1625 0.109375 0.1109375
1 0.5703125 0.2203125 0.0859375 0.0859375
1 0.5640625 0.10859375 0.08515625 0.0859375
2 0.6609375 0.059375 0.08515625 0.0859375
1 0.6578125 0.165625 0.08515625 0.0859375
1 0.66484375 0.2734375 0.09765625 0.09765625
1 0.66015625 0.378125 0.09765625 0.09765625
1 0.65546875 0.49453125 0.09765625 0.0984375
2 0.7546875 0.1078125 0.0734375 0.0734375
1 0.75703125 0.21953125 0.08515625 0.0859375
1 0.75625 0.43671875 0.0734375 0.07421875
1 0.84296875 0.05390625 0.09765625 0.0984375
1 0.8484375 0.16328125 0.09765625 0.0984375
1 0.84375 0.27890625 0.09765625 0.0984375
1 0.853125 0.38984375 0.09765625 0.09765625
1 0.85546875 0.5 0.09765625 0.09765625
1 0.94140625 0.3296875 0.109375 0.11015625
1 0.940625 0.44765625 0.109375 0.11015625
1 0.94140625 0.55546875 0.109375 0.1109375
1 0.94453125 0.659375 0.109375 0.1109375
1 0.94453125 0.76640625 0.08515625 0.0859375
1 0.94140625 0.8921875 0.09765625 0.0984375
1 0.84453125 0.62578125 0.11015625 0.1109375
1 0.846875 0.734375 0.08515625 0.0859375
1 0.840625 0.853125 0.08515625 0.0859375
1 0.75546875 0.5671875 0.08515625 0.0859375
2 0.7625 0.68125 0.02421875 0.02421875
2 0.75625 0.8 0.0375 0.0375
2 0.75859375 0.90546875 0.02421875 0.02421875
2 0.6609375 0.82734375 0.02421875 0.02421875
2 0.6609375 0.93828125 0.02421875 0.02421875
1 0.66328125 0.603125 0.09765625 0.0984375
1 0.6609375 0.70859375 0.09765625 0.0984375
1 0.3703125 0.79375 0.09765625 0.0984375
1 0.37421875 0.896875 0.109375 0.11015625
3 0.27265625 0.8484375 0.0859375 0.0859375
1 0.184375 0.78515625 0.11015625 0.1109375
1 0.18203125 0.8984375 0.11015625 0.1109375
1 0.084375 0.7375 0.11015625 0.1109375
1 0.084375 0.840625 0.109375 0.1109375