2 0.0765625 0.7765625 0.0734375 0.0734375
2 0.83359375 0.2203125 0.0734375 0.07421875
2 0.73515625 0.83515625 0.0734375 0.07421875
2 0.64140625 0.77421875 0.0609375 0.06171875
2 0.93046875 0.7046875 0.0734375 0.07421875
1 0.9328125 0.81875 0.0859375 0.0859375
1 0.925 0.9265625 0.0859375 0.08671875
1 0.82890625 0.88984375 0.0859375 0.0859375
1 0.45 0.90625 0.0859375 0.0859375
1 0.8265625 0.76640625 0.09765625 0.0984375
1 0.7421875 0.73359375 0.09765625 0.09765625
1 0.7359375 0.94453125 0.09765625 0.09765625
1 0.64921875 0.89375 0.109375 0.1109375
1 0.55234375 0.94375 0.11015625 0.11015625
1 0.55625 0.8390625 0.0859375 0.0859375
1 0.559375 0.72734375 0.09765625 0.0984375
1 0.45390625 0.7828125 0.09765625 0.0984375
1 0.2625 0.89140625 0.09765625 0.09765625
1 0.259375 0.7765625 0.08515625 0.0859375
1 0.3578125 0.7265625 0.0859375 0.0859375
3 0.36875 0.828125 0.09765625 0.09765625
1 0.3625 0.94453125 0.0859375 0.0859375
1 0.175 0.95390625 0.08515625 0.0859375
1 0.07734375 0.89921875 0.09765625 0.09765625
2 0.07890625 0.45 0.0734375 0.07421875
2 0.07578125 0.55078125 0.0734375 0.07421875
1 0.075 0.67265625 0.08515625 0.0859375
1 0.0796875 0.33671875 0.0859375 0.0859375
1 0.07734375 0.228125 0.09765625 0.0984375
1 0.0796875 0.11875 0.0859375 0.08671875
1 0.17734375 0.0625 0.08515625 0.0859375
1 0.17578125 0.17734375 0.109375 0.11015625
1 0.171875 0.27421875 0.109375 0.11015625
1 0.1703125 0.440625 0.08515625 0.0859375
1 0.178125 0.509375 0.09765625 0.0984375
1 0.1734375 0.6203125 0.09765625 0.0984375
3 0.17109375 0.8578125 0.08515625 0.0859375
1 0.26875 0.66640625 0.09765625 0.0984375
1 0.2671875 0.56171875 0.08515625 0.0859375
1 0.26484375 0.125 0.08515625 0.0859375
1 0.2703125 0.2515625 0.08515625 0.0859375
1 0.26640625 0.3453125 0.08515625 0.08671875
1 0.271875 0.44765625 0.09765625 0.0984375
1 0.365625 0.615625 0.09765625 0.0984375
1 0.36328125 0.065625 0.0859375 0.0859375
1 0.3625 0.16953125 0.09765625 0.0984375
1 0.36171875 0.2890625 0.08515625 0.0859375
1 0.36796875 0.3953125 0.09765625 0.0984375
1 0.36015625 0.51953125 0.09765625 0.09765625
1 0.4578125 0.13125 0.08515625 0.0859375
1 0.4578125 0.21953125 0.08515625 0.08671875
1 0.4546875 0.3296875 0.0859375 0.0859375
1 0.45625 0.446875 0.0859375 0.0859375
1 0.45625 0.540625 0.09765625 0.0984375
1 0.45390625 0.6703125 0.09765625 0.0984375
1 0.5578125 0.596875 0.08515625 0.0859375
1 0.5546875 0.0765625 0.09765625 0.09765625
1 0.54765625 0.15703125 0.09765625 0.0984375
1 0.5609375 0.2859375 0.08515625 0.0859375
1 0.5671875 0.3921875 0.0859375 0.0859375
1 0.5609375 0.50390625 0.0859375 0.0859375
1 0.64609375 0.675 0.08515625 0.0859375
1 0.6515625 0.13125 0.0859375 0.0859375
1 0.6484375 0.21171875 0.09765625 0.0984375
1 0.64375 0.33671875 0.0859375 0.0859375
1 0.64765625 0.4359375 0.0859375 0.0859375
1 0.63984375 0.56171875 0.0859375 0.0859375
1 0.7421875 0.0671875 0.0859375 0.0859375
1 0.7390625 0.19453125 0.0859375 0.08671875
1 0.7390625 0.29765625 0.0859375 0.0859375
1 0.74140625 0.409375 0.08515625 0.0859375
1 0.74140625 0.50078125 0.09765625 0.0984375
1 0.74375 0.6375 0.09765625 0.0984375
1 0.834375 0.6671875 0.08515625 0.0859375
1 0.834375 0.5515625 0.08515625 0.0859375
1 0.84140625 0.45 0.08515625 0.0859375
1 0.8296875 0.3296875 0.08515625 0.0859375
1 0.834375 0.11015625 0.09765625 0.09765625
1 0.94140625 0.1625 0.09765625 0.0984375
1 0.93046875 0.27734375 0.0859375 0.0859375
1 0.9265625 0.39140625 0.08515625 0.0859375
1 0.925 0.4984375 0.08515625 0.0859375
1 0.92265625 0.603125 0.08515625 0.0859375
2 0.1796875 0.746875 0.0859375 0.0859375