1 0.9203125 0.8234375 0.11015625 0.11015625
1 0.92265625 0.9359375 0.109375 0.11015625
1 0.834375 0.7609375 0.109375 0.11015625
1 0.82734375 0.86953125 0.109375 0.11015625
1 0.728125 0.81953125 0.11015625 0.11015625
1 0.72890625 0.92109375 0.11015625 0.11015625
1 0.628125 0.87734375 0.11015625 0.11015625
1 0.63203125 0.76796875 0.09765625 0.0984375
1 0.53828125 0.81328125 0.109375 0.11015625
1 0.54453125 0.92265625 0.11015625 0.11015625
1 0.4421875 0.7640625 0.109375 0.1109375
1 0.44453125 0.8703125 0.11015625 0.11015625
1 0.340625 0.8078125 0.11015625 0.11015625
1 0.34140625 0.9265625 0.11015625 0.11015625
1 0.25625 0.75859375 0.11015625 0.11015625
1 0.24921875 0.87265625 0.11015625 0.11015625
1 0.1609375 0.803125 0.09765625 0.0984375
1 0.16015625 0.92890625 0.09765625 0.0984375
1 0.0578125 0.865625 0.09765625 0.09765625
1 0.06875 0.75078125 0.09765625 0.09765625
1 0.9265625 0.07421875 0.08515625 0.0859375
1 0.9265625 0.21171875 0.08515625 0.0859375
1 0.9234375 0.29765625 0.08515625 0.0859375
1 0.925 0.40078125 0.109375 0.11015625
1 0.93125 0.515625 0.121875 0.1234375
1 0.8328125 0.125 0.09765625 0.09765625
1 0.840625 0.23984375 0.09765625 0.0984375
1 0.83125 0.35 0.11015625 0.11015625
1 0.83125 0.4484375 0.11015625 0.11015625
1 0.82734375 0.553125 0.11015625 0.11015625
1 0.7359375 0.0765625 0.09765625 0.0984375
1 0.74140625 0.17421875 0.09765625 0.0984375
1 0.7390625 0.29296875 0.08515625 0.0859375
1 0.7375 0.40078125 0.09765625 0.0984375
1 0.73828125 0.50234375 0.109375 0.11015625
1 0.64140625 0.1265625 0.09765625 0.0984375
1 0.6375 0.2421875 0.0859375 0.0859375
1 0.640625 0.346875 0.09765625 0.0984375
1 0.64140625 0.44609375 0.09765625 0.09765625
1 0.634375 0.54765625 0.109375 0.11015625
1 0.5421875 0.496875 0.109375 0.11015625
1 0.53984375 0.39375 0.11015625 0.11015625
1 0.5421875 0.28203125 0.109375 0.1109375
1 0.5421875 0.1703125 0.11015625 0.11015625
3 0.55546875 0.0625 0.09765625 0.09765625
1 0.45234375 0.11953125 0.109375 0.11015625
1 0.446875 0.2375 0.11015625 0.11015625
1 0.44765625 0.3421875 0.11015625 0.1109375
1 0.453125 0.45625 0.09765625 0.0984375
1 0.45 0.56328125 0.09765625 0.0984375
1 0.35 0.07109375 0.09765625 0.09765625
1 0.35625 0.1828125 0.0859375 0.08671875
1 0.35234375 0.2921875 0.09765625 0.0984375
1 0.35234375 0.39765625 0.11015625 0.11015625
1 0.353125 0.53203125 0.109375 0.11015625
1 0.259375 0.13125 0.11015625 0.1109375
1 0.2625 0.240625 0.09765625 0.09765625
1 0.2640625 0.36015625 0.11015625 0.11015625
1 0.265625 0.4546875 0.109375 0.11015625
1 0.2609375 0.5796875 0.08515625 0.0859375
1 0.16484375 0.0609375 0.09765625 0.09765625
1 0.1703125 0.146875 0.11015625 0.1109375
1 0.175 0.2609375 0.11015625 0.11015625
1 0.15703125 0.39140625 0.109375 0.11015625
1 0.16484375 0.51484375 0.11015625 0.1109375
1 0.075 0.5640625 0.109375 0.11015625
1 0.0640625 0.45625 0.11015625 0.1109375
1 0.0703125 0.34296875 0.109375 0.1109375
1 0.0765625 0.24375 0.09765625 0.0984375
1 0.07734375 0.11640625 0.09765625 0.0984375