2 0.09140625 0.89375 0.0734375 0.0734375
2 0.74453125 0.396875 0.0734375 0.07421875
1 0.09296875 0.69140625 0.0859375 0.0859375
1 0.934375 0.83515625 0.09765625 0.09765625
1 0.93046875 0.30078125 0.0859375 0.0859375
1 0.93203125 0.39921875 0.08515625 0.0859375
1 0.934375 0.5140625 0.0859375 0.0859375
1 0.9359375 0.6234375 0.0859375 0.0859375
1 0.9359375 0.72578125 0.0859375 0.0859375
1 0.83671875 0.3421875 0.08515625 0.0859375
1 0.8328125 0.44453125 0.08515625 0.0859375
2 0.271875 0.778125 0.0484375 0.0484375
1 0.27109375 0.8796875 0.08515625 0.0859375
1 0.8328125 0.559375 0.08515625 0.0859375
1 0.83125 0.66875 0.109375 0.11015625
1 0.8296875 0.775 0.08515625 0.0859375
1 0.828125 0.8953125 0.09765625 0.0984375
1 0.7375 0.83828125 0.11015625 0.11015625
1 0.73671875 0.7234375 0.11015625 0.11015625
1 0.7375 0.6109375 0.11015625 0.11015625
1 0.7390625 0.49921875 0.09765625 0.09765625
1 0.65 0.4359375 0.0859375 0.0859375
1 0.634375 0.56328125 0.09765625 0.0984375
1 0.640625 0.67265625 0.09765625 0.0984375
1 0.6375 0.78203125 0.11015625 0.11015625
1 0.64375 0.89296875 0.109375 0.11015625
1 0.5515625 0.921875 0.09765625 0.09765625
1 0.5484375 0.82265625 0.09765625 0.0984375
1 0.5484375 0.7328125 0.09765625 0.0984375
1 0.5546875 0.61015625 0.09765625 0.0984375
1 0.45390625 0.8828125 0.08515625 0.0859375
1 0.45390625 0.340625 0.09765625 0.0984375
1 0.3609375 0.2921875 0.09765625 0.09765625
1 0.36328125 0.38828125 0.09765625 0.0984375
1 0.35859375 0.50546875 0.109375 0.11015625
1 0.35546875 0.6109375 0.109375 0.11015625
1 0.2640625 0.334375 0.09765625 0.0984375
1 0.2703125 0.43984375 0.09765625 0.0984375
1 0.26484375 0.55234375 0.11015625 0.11015625
1 0.2625 0.66640625 0.11015625 0.11015625
1 0.17109375 0.61015625 0.109375 0.1109375
1 0.1796875 0.4765625 0.09765625 0.09765625
1 0.175 0.375 0.109375 0.1109375
1 0.07890625 0.328125 0.109375 0.1109375
1 0.084375 0.4359375 0.11015625 0.11015625
1 0.08125 0.58046875 0.11015625 0.11015625
1 0.17578125 0.7171875 0.109375 0.11015625
1 0.17578125 0.825 0.0859375 0.0859375
1 0.93203125 0.20390625 0.08515625 0.0859375
1 0.7390625 0.0640625 0.11015625 0.11015625
1 0.64375 0.11796875 0.09765625 0.0984375
1 0.56484375 0.1578125 0.08515625 0.0859375
1 0.4625 0.2109375 0.09765625 0.09765625
1 0.45703125 0.10390625 0.09765625 0.0984375
1 0.3625 0.059375 0.109375 0.11015625
1 0.3609375 0.17109375 0.09765625 0.09765625
1 0.275 0.21484375 0.09765625 0.09765625
1 0.27265625 0.11328125 0.09765625 0.09765625
1 0.18046875 0.0640625 0.09765625 0.09765625
1 0.17265625 0.175 0.09765625 0.09765625
1 0.17265625 0.27578125 0.11015625 0.11015625
1 0.084375 0.225 0.09765625 0.0984375
1 0.08125 0.1125 0.11015625 0.11015625