2 0.08671875 0.375 0.0734375 0.07421875
2 0.18671875 0.6625 0.0734375 0.07421875
2 0.75546875 0.31953125 0.0734375 0.0734375
2 0.84296875 0.3875 0.0734375 0.07421875
2 0.946875 0.32890625 0.0734375 0.07421875
2 0.95234375 0.21484375 0.0734375 0.07421875
1 0.10234375 0.2671875 0.109375 0.11015625
1 0.1078125 0.1609375 0.11015625 0.11015625
1 0.10625 0.0578125 0.109375 0.1109375
1 0.19375 0.10234375 0.109375 0.11015625
1 0.1875 0.21640625 0.09765625 0.0984375
1 0.19140625 0.31796875 0.109375 0.11015625
1 0.190625 0.55234375 0.09765625 0.0984375
1 0.37109375 0.31953125 0.0859375 0.0859375
1 0.2875 0.0515625 0.08515625 0.0859375
1 0.28359375 0.1734375 0.08515625 0.0859375
1 0.2828125 0.28203125 0.09765625 0.0984375
1 0.2859375 0.3734375 0.08515625 0.0859375
1 0.37578125 0.096875 0.11015625 0.11015625
1 0.3765625 0.21796875 0.08515625 0.0859375
1 0.465625 0.15703125 0.109375 0.11015625
1 0.471875 0.27265625 0.11015625 0.11015625
1 0.559375 0.0984375 0.11015625 0.11015625
1 0.5625 0.21796875 0.109375 0.11015625
1 0.67265625 0.05625 0.0859375 0.0859375
1 0.85234375 0.16484375 0.08515625 0.0859375
1 0.8421875 0.28046875 0.09765625 0.0984375
1 0.753125 0.43828125 0.08515625 0.0859375
1 0.94453125 0.4390625 0.08515625 0.0859375
1 0.940625 0.55390625 0.09765625 0.0984375
1 0.7484375 0.2125 0.08515625 0.0859375
1 0.66875 0.27421875 0.08515625 0.0859375
1 0.6625 0.38125 0.09765625 0.09765625
1 0.659375 0.49296875 0.09765625 0.0984375
1 0.56328125 0.54609375 0.09765625 0.09765625
1 0.559375 0.4328125 0.09765625 0.0984375
1 0.46953125 0.496875 0.09765625 0.0984375
1 0.371875 0.54453125 0.09765625 0.0984375
1 0.93828125 0.65625 0.109375 0.1109375
1 0.93828125 0.771875 0.09765625 0.09765625
1 0.934375 0.87265625 0.11015625 0.11015625
1 0.84453125 0.93515625 0.09765625 0.0984375
1 0.84296875 0.83046875 0.11015625 0.11015625
1 0.84375 0.71171875 0.09765625 0.0984375
1 0.84453125 0.6015625 0.11015625 0.1109375
1 0.8453125 0.4984375 0.09765625 0.09765625
1 0.7546875 0.5515625 0.09765625 0.09765625
1 0.7453125 0.64296875 0.09765625 0.0984375
1 0.74921875 0.77265625 0.09765625 0.0984375
1 0.75078125 0.878125 0.109375 0.11015625
1 0.65703125 0.825 0.109375 0.11015625
1 0.6515625 0.7171875 0.109375 0.11015625
1 0.6578125 0.6 0.109375 0.11015625
1 0.5640625 0.7765625 0.09765625 0.0984375
1 0.5609375 0.8734375 0.11015625 0.11015625
1 0.471875 0.93515625 0.109375 0.11015625
1 0.471875 0.8234375 0.09765625 0.0984375
1 0.46796875 0.70703125 0.08515625 0.0859375
1 0.475 0.60390625 0.09765625 0.0984375
1 0.3734375 0.6625 0.09765625 0.0984375
1 0.36796875 0.87578125 0.09765625 0.09765625
1 0.2796875 0.9359375 0.08515625 0.0859375
1 0.2765625 0.815625 0.08515625 0.0859375
1 0.2828125 0.6 0.0859375 0.0859375
1 0.18671875 0.7671875 0.09765625 0.09765625
1 0.18671875 0.878125 0.09765625 0.09765625
1 0.09296875 0.93671875 0.09765625 0.0984375
1 0.096875 0.82421875 0.09765625 0.09765625
1 0.09140625 0.71796875 0.08515625 0.0859375
1 0.09453125 0.609375 0.11015625 0.1109375