2 0.6109375 0.040625 0.06171875 0.06171875
1 0.6109375 0.1546875 0.09765625 0.0984375
3 0.61015625 0.2609375 0.11015625 0.11015625
1 0.703125 0.09375 0.0859375 0.0859375
1 0.71796875 0.2109375 0.08515625 0.0859375
1 0.51484375 0.10625 0.11015625 0.11015625
1 0.515625 0.21171875 0.109375 0.11015625
2 0.4171875 0.04375 0.0609375 0.06171875
1 0.41875 0.1421875 0.109375 0.11015625
1 0.4171875 0.2609375 0.109375 0.11015625
1 0.3234375 0.0953125 0.09765625 0.0984375
1 0.3234375 0.20390625 0.09765625 0.0984375
2 0.23125 0.0453125 0.0734375 0.0734375
1 0.2328125 0.15 0.09765625 0.0984375
1 0.23046875 0.26328125 0.09765625 0.0984375
1 0.1296875 0.10703125 0.09765625 0.0984375
1 0.1359375 0.2125 0.109375 0.11015625
1 0.13828125 0.31328125 0.11015625 0.11015625
1 0.13671875 0.434375 0.0859375 0.0859375
1 0.13671875 0.540625 0.09765625 0.09765625
1 0.14140625 0.6515625 0.09765625 0.0984375
1 0.2328125 0.371875 0.11015625 0.11015625
1 0.23203125 0.4765625 0.11015625 0.1109375
1 0.2328125 0.5984375 0.109375 0.1109375
1 0.228125 0.7046875 0.109375 0.11015625
1 0.32734375 0.3140625 0.109375 0.11015625
1 0.325 0.43125 0.11015625 0.11015625
1 0.3265625 0.5375 0.11015625 0.11015625
1 0.32734375 0.6484375 0.11015625 0.1109375
1 0.41484375 0.365625 0.109375 0.11015625
1 0.4140625 0.47890625 0.109375 0.11015625
1 0.421875 0.590625 0.109375 0.11015625
1 0.51484375 0.315625 0.09765625 0.0984375
1 0.51484375 0.42734375 0.109375 0.11015625
1 0.5171875 0.53359375 0.09765625 0.0984375
1 0.51875 0.64609375 0.109375 0.11015625
1 0.6140625 0.3625 0.11015625 0.11015625
1 0.60859375 0.47734375 0.11015625 0.11015625
1 0.6125 0.59609375 0.11015625 0.11015625
1 0.615625 0.7015625 0.109375 0.11015625
1 0.7140625 0.31875 0.0859375 0.0859375
1 0.7171875 0.4203125 0.08515625 0.0859375
1 0.7125 0.53125 0.08515625 0.0859375
1 0.71328125 0.64453125 0.08515625 0.0859375
1 0.8 0.153125 0.09765625 0.09765625
1 0.8125 0.2609375 0.09765625 0.09765625
1 0.80859375 0.37265625 0.109375 0.11015625
1 0.80625 0.478125 0.109375 0.11015625
1 0.80859375 0.59296875 0.09765625 0.0984375
1 0.80625 0.7015625 0.11015625 0.11015625
1 0.9046875 0.20703125 0.11015625 0.1109375
1 0.90859375 0.31640625 0.11015625 0.1109375
1 0.9078125 0.428125 0.109375 0.11015625
1 0.9046875 0.53046875 0.09765625 0.0984375
1 0.90703125 0.646875 0.109375 0.11015625
1 0.89921875 0.096875 0.08515625 0.0859375
1 0.8984375 0.76015625 0.109375 0.11015625
1 0.89765625 0.87265625 0.109375 0.11015625
1 0.8078125 0.81328125 0.11015625 0.11015625
1 0.79921875 0.9234375 0.11015625 0.11015625
1 0.715625 0.75546875 0.09765625 0.0984375
1 0.71875 0.86328125 0.0859375 0.0859375
1 0.6140625 0.8140625 0.109375 0.11015625
1 0.61640625 0.91796875 0.109375 0.1109375
1 0.51640625 0.75859375 0.109375 0.11015625
1 0.51796875 0.86875 0.11015625 0.1109375
1 0.41875 0.70234375 0.11015625 0.1109375
1 0.4203125 0.809375 0.11015625 0.1109375
1 0.42421875 0.92734375 0.11015625 0.11015625
1 0.33046875 0.765625 0.11015625 0.1109375
1 0.32890625 0.8703125 0.09765625 0.0984375
1 0.23359375 0.81328125 0.09765625 0.0984375
1 0.228125 0.92421875 0.109375 0.11015625
1 0.13359375 0.75703125 0.109375 0.11015625
1 0.1390625 0.87265625 0.11015625 0.11015625