2 0.215625 0.13125 0.0734375 0.07421875
3 0.8671875 0.59375 0.09765625 0.09765625
1 0.8609375 0.69765625 0.09765625 0.0984375
1 0.86328125 0.80703125 0.09765625 0.0984375
1 0.86640625 0.9125 0.109375 0.11015625
1 0.771875 0.64609375 0.11015625 0.11015625
1 0.771875 0.753125 0.09765625 0.0984375
1 0.7640625 0.8640625 0.09765625 0.09765625
1 0.6765625 0.5890625 0.11015625 0.11015625
1 0.67890625 0.6921875 0.109375 0.1109375
1 0.675 0.80703125 0.09765625 0.0984375
1 0.6734375 0.9234375 0.11015625 0.1109375
1 0.58203125 0.76484375 0.109375 0.11015625
1 0.57890625 0.853125 0.09765625 0.09765625
1 0.584375 0.9390625 0.11015625 0.1109375
1 0.503125 0.575 0.11015625 0.1109375
1 0.4953125 0.675 0.109375 0.11015625
1 0.4953125 0.81953125 0.109375 0.11015625
1 0.49140625 0.909375 0.09765625 0.0984375
1 0.3859375 0.63359375 0.109375 0.11015625
1 0.39453125 0.8609375 0.09765625 0.09765625
1 0.296875 0.590625 0.09765625 0.0984375
2 0.23125 0.825 0.0484375 0.05
1 0.29609375 0.684375 0.11015625 0.11015625
1 0.86796875 0.4875 0.109375 0.11015625
1 0.7609375 0.53046875 0.109375 0.11015625
1 0.77421875 0.19921875 0.09765625 0.09765625
1 0.87109375 0.15390625 0.109375 0.11015625
1 0.7796875 0.08984375 0.109375 0.1109375
1 0.6796875 0.14296875 0.109375 0.11015625
1 0.6796875 0.2703125 0.09765625 0.09765625
1 0.6765625 0.46953125 0.109375 0.1109375
1 0.59296875 0.3234375 0.09765625 0.0984375
1 0.5890625 0.21171875 0.11015625 0.1109375
1 0.590625 0.08828125 0.11015625 0.11015625
1 0.50859375 0.12421875 0.09765625 0.0984375
1 0.5046875 0.2640625 0.109375 0.11015625
1 0.50859375 0.37578125 0.109375 0.11015625
1 0.49453125 0.4828125 0.11015625 0.1109375
1 0.39375 0.525 0.109375 0.1109375
1 0.3953125 0.4203125 0.11015625 0.1109375
1 0.3953125 0.30390625 0.08515625 0.0859375
1 0.4 0.08125 0.09765625 0.0984375
1 0.1140625 0.16328125 0.08515625 0.0859375
1 0.21796875 0.2078125 0.08515625 0.0859375
1 0.1171875 0.56171875 0.0859375 0.0859375
1 0.21796875 0.309375 0.09765625 0.0984375
1 0.1125 0.36875 0.09765625 0.0984375
1 0.11484375 0.471875 0.08515625 0.0859375
1 0.11015625 0.25625 0.08515625 0.0859375
1 0.315625 0.4734375 0.09765625 0.0984375