1 0.5328125 0.0890625 0.109375 0.11015625
2 0.06328125 0.4109375 0.0734375 0.0734375
2 0.71328125 0.1890625 0.0734375 0.07421875
1 0.71953125 0.08203125 0.09765625 0.09765625
1 0.61875 0.1390625 0.09765625 0.0984375
1 0.5359375 0.19453125 0.0734375 0.0734375
1 0.43671875 0.1375 0.09765625 0.0984375
1 0.3421875 0.0765625 0.09765625 0.0984375
2 0.34453125 0.1890625 0.0734375 0.0734375
1 0.2453125 0.1359375 0.09765625 0.0984375
1 0.1484375 0.0796875 0.09765625 0.0984375
2 0.153125 0.18125 0.0734375 0.07421875
1 0.05546875 0.1296875 0.0859375 0.0859375
1 0.0578125 0.52109375 0.11015625 0.11015625
1 0.065625 0.8484375 0.109375 0.1109375
2 0.15546875 0.36015625 0.06171875 0.06171875
1 0.1546875 0.46640625 0.09765625 0.0984375
1 0.153125 0.57890625 0.09765625 0.0984375
1 0.16015625 0.671875 0.09765625 0.09765625
1 0.15390625 0.7984375 0.121875 0.1234375
1 0.25390625 0.40859375 0.09765625 0.0984375
1 0.2484375 0.5265625 0.09765625 0.0984375
1 0.24765625 0.6234375 0.121875 0.1234375
1 0.246875 0.7390625 0.121875 0.1234375
1 0.246875 0.85234375 0.121875 0.1234375
2 0.35078125 0.3578125 0.0609375 0.06171875
1 0.34296875 0.4640625 0.09765625 0.0984375
1 0.34296875 0.5734375 0.09765625 0.0984375
1 0.3453125 0.690625 0.121875 0.1234375
1 0.34296875 0.80546875 0.121875 0.1234375
1 0.43984375 0.4125 0.08515625 0.0859375
1 0.4359375 0.5203125 0.09765625 0.0984375
1 0.4390625 0.634375 0.121875 0.121875
1 0.44375 0.74140625 0.09765625 0.0984375
1 0.43828125 0.85234375 0.121875 0.1234375
2 0.53203125 0.35859375 0.0609375 0.06171875
1 0.53515625 0.46796875 0.09765625 0.0984375
1 0.53046875 0.58046875 0.09765625 0.0984375
1 0.53125 0.6921875 0.09765625 0.0984375
1 0.53515625 0.79375 0.09765625 0.0984375
1 0.62421875 0.41484375 0.0859375 0.0859375
1 0.625 0.51875 0.09765625 0.0984375
1 0.6265625 0.63203125 0.09765625 0.0984375
1 0.62421875 0.7453125 0.09765625 0.0984375
1 0.62421875 0.86015625 0.121875 0.121875
2 0.721875 0.36640625 0.0359375 0.0375
1 0.72265625 0.46484375 0.09765625 0.09765625
1 0.721875 0.5734375 0.109375 0.11015625
1 0.71953125 0.69453125 0.121875 0.1234375
1 0.725 0.80390625 0.109375 0.11015625
1 0.71875 0.91328125 0.09765625 0.0984375
1 0.81796875 0.4234375 0.08515625 0.0859375
1 0.815625 0.521875 0.09765625 0.09765625
1 0.8140625 0.6375 0.11015625 0.1109375
1 0.81015625 0.75 0.121875 0.1234375
1 0.8125 0.85234375 0.109375 0.11015625
2 0.91796875 0.3703125 0.0609375 0.06171875
1 0.91015625 0.46875 0.0859375 0.0859375
1 0.91171875 0.5796875 0.11015625 0.1109375
1 0.90390625 0.69375 0.121875 0.1234375
1 0.90390625 0.8015625 0.11015625 0.11015625
1 0.90859375 0.915625 0.11015625 0.11015625
1 0.53359375 0.9078125 0.121875 0.121875
1 0.34296875 0.90546875 0.121875 0.1234375
1 0.159375 0.89765625 0.09765625 0.09765625