2 0.8875 0.55234375 0.0734375 0.0734375
2 0.88515625 0.65 0.0734375 0.0734375
2 0.95078125 0.684375 0.06171875 0.06171875
1 0.70390625 0.6375 0.0859375 0.0859375
1 0.8875 0.43828125 0.09765625 0.0984375
1 0.90234375 0.3234375 0.0859375 0.0859375
1 0.89453125 0.084375 0.09765625 0.09765625
1 0.8875 0.215625 0.09765625 0.0984375
1 0.7953125 0.15 0.09765625 0.09765625
1 0.7984375 0.253125 0.109375 0.11015625
1 0.809375 0.390625 0.08515625 0.0859375
1 0.8 0.48515625 0.09765625 0.0984375
1 0.78671875 0.60546875 0.08515625 0.0859375
1 0.709375 0.5328125 0.11015625 0.11015625
1 0.7015625 0.4390625 0.11015625 0.11015625
1 0.7046875 0.31171875 0.11015625 0.1109375
1 0.70703125 0.21015625 0.109375 0.1109375
1 0.7046875 0.09453125 0.09765625 0.0984375
1 0.6078125 0.15 0.109375 0.11015625
1 0.61015625 0.25859375 0.09765625 0.0984375
1 0.61640625 0.38203125 0.0859375 0.0859375
1 0.6109375 0.48046875 0.109375 0.1109375
1 0.6125 0.5875 0.09765625 0.0984375
1 0.60703125 0.6953125 0.08515625 0.0859375
1 0.53046875 0.65078125 0.08515625 0.08671875
1 0.5203125 0.54609375 0.0859375 0.0859375
1 0.52109375 0.4265625 0.08515625 0.0859375
1 0.5296875 0.3171875 0.08515625 0.0859375
1 0.5328125 0.2046875 0.08515625 0.0859375
1 0.5328125 0.09921875 0.09765625 0.0984375
1 0.42109375 0.15390625 0.11015625 0.11015625
1 0.425 0.26328125 0.096875 0.0984375
1 0.4265625 0.3671875 0.08515625 0.0859375
1 0.41875 0.4828125 0.09765625 0.0984375
1 0.415625 0.6 0.109375 0.11015625
1 0.428125 0.70390625 0.09765625 0.09765625
1 0.33359375 0.42421875 0.08515625 0.08671875
1 0.23515625 0.48515625 0.08515625 0.0859375
1 0.334375 0.09921875 0.09765625 0.0984375
1 0.33359375 0.209375 0.11015625 0.11015625
1 0.33125 0.32265625 0.109375 0.11015625
1 0.325 0.521875 0.09765625 0.0984375
1 0.33046875 0.640625 0.08515625 0.0859375
1 0.24140625 0.68671875 0.0859375 0.0859375
1 0.2359375 0.58671875 0.09765625 0.09765625
1 0.14296875 0.64140625 0.08515625 0.0859375
1 0.140625 0.53828125 0.09765625 0.0984375
1 0.159375 0.1015625 0.09765625 0.09765625
1 0.15546875 0.20625 0.09765625 0.0984375
1 0.1421875 0.32265625 0.09765625 0.0984375
1 0.2359375 0.16171875 0.109375 0.11015625
1 0.2359375 0.2765625 0.109375 0.11015625
1 0.23125 0.37265625 0.109375 0.11015625