2 0.159375 0.88203125 0.0734375 0.0734375
2 0.23359375 0.9546875 0.0734375 0.07421875
1 0.90703125 0.446875 0.08515625 0.0859375
1 0.903125 0.56953125 0.11015625 0.11015625
1 0.903125 0.6828125 0.11015625 0.1109375
1 0.90234375 0.784375 0.109375 0.1109375
1 0.90390625 0.89609375 0.11015625 0.11015625
1 0.80625 0.94921875 0.09765625 0.09765625
1 0.8015625 0.83984375 0.09765625 0.09765625
1 0.803125 0.7359375 0.11015625 0.11015625
1 0.8015625 0.61640625 0.109375 0.1109375
1 0.803125 0.5125 0.11015625 0.11015625
1 0.7171875 0.45078125 0.09765625 0.0984375
1 0.7171875 0.56015625 0.109375 0.11015625
1 0.71953125 0.678125 0.11015625 0.11015625
1 0.7140625 0.790625 0.109375 0.11015625
1 0.70859375 0.89609375 0.11015625 0.11015625
1 0.61328125 0.8296875 0.09765625 0.0984375
1 0.6140625 0.61953125 0.09765625 0.0984375
1 0.61796875 0.49921875 0.09765625 0.09765625
1 0.52265625 0.565625 0.08515625 0.0859375
1 0.5265625 0.6734375 0.109375 0.11015625
1 0.51640625 0.78515625 0.11015625 0.1109375
1 0.4265625 0.71875 0.09765625 0.09765625
1 0.42578125 0.58046875 0.09765625 0.0984375
1 0.42578125 0.490625 0.109375 0.11015625
1 0.334375 0.45078125 0.09765625 0.0984375
1 0.3375 0.56796875 0.109375 0.11015625
1 0.340625 0.6796875 0.08515625 0.0859375
2 0.0609375 0.50078125 0.0484375 0.0484375
1 0.2359375 0.5140625 0.08515625 0.08671875
1 0.2359375 0.61015625 0.08515625 0.0859375
1 0.2484375 0.73515625 0.11015625 0.1109375
1 0.15546875 0.75703125 0.11015625 0.11015625
1 0.05625 0.71171875 0.08515625 0.0859375
1 0.14765625 0.559375 0.08515625 0.0859375
2 0.14921875 0.665625 0.0484375 0.0484375
1 0.353125 0.9234375 0.08515625 0.0859375
1 0.05859375 0.94375 0.109375 0.1109375
2 0.05390625 0.60859375 0.0484375 0.05
1 0.91875 0.1734375 0.109375 0.11015625
1 0.815625 0.115625 0.109375 0.11015625
1 0.8171875 0.21328125 0.11015625 0.11015625
1 0.71875 0.17109375 0.109375 0.11015625
1 0.71953125 0.05703125 0.09765625 0.0984375
1 0.52890625 0.0578125 0.11015625 0.11015625
1 0.52578125 0.14375 0.11015625 0.11015625
1 0.63125 0.153125 0.109375 0.1109375
1 0.434375 0.0734375 0.09765625 0.0984375
1 0.43046875 0.18203125 0.11015625 0.11015625
1 0.346875 0.1421875 0.09765625 0.09765625
1 0.3515625 0.06484375 0.09765625 0.0984375
2 0.24921875 0.0890625 0.0734375 0.0734375
1 0.25625 0.18828125 0.09765625 0.0984375
1 0.06875 0.11796875 0.09765625 0.0984375