2 0.27265625 0.42578125 0.0734375 0.07421875
1 0.0859375 0.09375 0.0859375 0.0859375
1 0.46171875 0.09296875 0.0859375 0.0859375
1 0.2765625 0.10625 0.08515625 0.0859375
1 0.4625 0.2 0.0859375 0.0859375
1 0.459375 0.30859375 0.09765625 0.09765625
1 0.4625 0.43125 0.08515625 0.0859375
1 0.46328125 0.5265625 0.08515625 0.0859375
1 0.4625 0.64921875 0.08515625 0.0859375
1 0.36640625 0.14453125 0.08515625 0.0859375
1 0.36640625 0.26171875 0.09765625 0.09765625
1 0.36796875 0.3734375 0.09765625 0.09765625
1 0.371875 0.48046875 0.0859375 0.0859375
1 0.36640625 0.5875 0.0859375 0.0859375
3 0.27265625 0.2015625 0.08515625 0.0859375
1 0.2734375 0.3125 0.09765625 0.09765625
1 0.278125 0.53359375 0.09765625 0.0984375
1 0.18359375 0.1484375 0.0859375 0.0859375
1 0.18046875 0.26015625 0.09765625 0.0984375
1 0.18125 0.3734375 0.09765625 0.0984375
1 0.178125 0.4765625 0.08515625 0.0859375
1 0.1796875 0.5921875 0.09765625 0.0984375
1 0.0890625 0.19765625 0.09765625 0.0984375
1 0.0859375 0.31171875 0.09765625 0.0984375
1 0.08515625 0.41875 0.09765625 0.0984375
1 0.084375 0.5328125 0.09765625 0.0984375
1 0.08203125 0.64609375 0.09765625 0.0984375
1 0.084375 0.75078125 0.0859375 0.0859375
1 0.08125 0.85859375 0.0859375 0.0859375
1 0.18515625 0.69921875 0.08515625 0.0859375
1 0.1765625 0.8 0.09765625 0.0984375
1 0.2765625 0.6515625 0.09765625 0.0984375
1 0.27421875 0.753125 0.09765625 0.0984375
3 0.36640625 0.69609375 0.0859375 0.0859375
1 0.37109375 0.80625 0.09765625 0.0984375
1 0.46875 0.7578125 0.0859375 0.0859375