2 0.384375 0.72734375 0.0734375 0.07421875
2 0.1046875 0.48125 0.0734375 0.0734375
2 0.19765625 0.9546875 0.0734375 0.0734375
1 0.49140625 0.82890625 0.0859375 0.0859375
3 0.28984375 0.565625 0.0859375 0.08671875
1 0.28984375 0.4546875 0.0859375 0.0859375
2 0.196875 0.509375 0.0734375 0.07421875
2 0.20078125 0.615625 0.0734375 0.07421875
1 0.10078125 0.57890625 0.08515625 0.0859375
1 0.1 0.67890625 0.09765625 0.09765625
1 0.10234375 0.8140625 0.09765625 0.0984375
1 0.10078125 0.903125 0.09765625 0.0984375
1 0.196875 0.85 0.08515625 0.0859375
1 0.19140625 0.7140625 0.09765625 0.0984375
1 0.28828125 0.771875 0.08515625 0.0859375
1 0.28828125 0.903125 0.09765625 0.0984375
1 0.3828125 0.84296875 0.09765625 0.0984375
2 0.6703125 0.915625 0.0484375 0.0484375
1 0.946875 0.8703125 0.09765625 0.0984375
1 0.85234375 0.478125 0.09765625 0.0984375
1 0.759375 0.4296875 0.09765625 0.09765625
1 0.76171875 0.52578125 0.09765625 0.0984375
1 0.75703125 0.64296875 0.109375 0.11015625
1 0.75390625 0.7484375 0.109375 0.11015625
1 0.6625 0.471875 0.09765625 0.0984375
1 0.66875 0.57734375 0.09765625 0.0984375
1 0.66328125 0.68984375 0.11015625 0.11015625
1 0.6609375 0.80390625 0.11015625 0.11015625
1 0.56953125 0.7484375 0.109375 0.1109375
1 0.578125 0.6140625 0.09765625 0.09765625
1 0.5734375 0.5125 0.109375 0.1109375
1 0.47734375 0.465625 0.109375 0.1109375
1 0.4828125 0.5734375 0.11015625 0.11015625
1 0.4796875 0.71796875 0.11015625 0.11015625
1 0.57421875 0.8546875 0.109375 0.11015625
1 0.38359375 0.521875 0.08515625 0.0859375
1 0.8609375 0.3484375 0.09765625 0.09765625
1 0.85546875 0.24140625 0.09765625 0.0984375
1 0.85546875 0.15546875 0.09765625 0.0984375
1 0.76171875 0.0890625 0.09765625 0.0984375
1 0.7609375 0.196875 0.109375 0.11015625
1 0.759375 0.30859375 0.09765625 0.09765625
1 0.6734375 0.35234375 0.09765625 0.09765625
1 0.665625 0.1375 0.09765625 0.09765625
1 0.67109375 0.25078125 0.09765625 0.09765625
1 0.57890625 0.0875 0.09765625 0.09765625
1 0.57890625 0.20234375 0.09765625 0.09765625
1 0.57109375 0.3125 0.09765625 0.09765625
1 0.57109375 0.41328125 0.11015625 0.11015625
1 0.4828125 0.3625 0.09765625 0.0984375
1 0.4796875 0.25078125 0.11015625 0.11015625
1 0.4796875 0.128125 0.11015625 0.1109375
3 0.3890625 0.1921875 0.0859375 0.0859375
1 0.3859375 0.05859375 0.09765625 0.09765625
1 0.29296875 0.1359375 0.109375 0.11015625
1 0.2921875 0.259375 0.09765625 0.0984375
1 0.29140625 0.35390625 0.08515625 0.08671875
1 0.20234375 0.42578125 0.08515625 0.0859375
1 0.196875 0.30234375 0.11015625 0.11015625
1 0.19765625 0.19296875 0.11015625 0.11015625
1 0.1984375 0.0828125 0.09765625 0.0984375
1 0.0984375 0.14140625 0.09765625 0.0984375
1 0.10078125 0.2515625 0.09765625 0.0984375
1 0.1 0.35546875 0.0859375 0.0859375
1 0.3890625 0.31484375 0.109375 0.11015625
1 0.38359375 0.40546875 0.109375 0.11015625