2 0.57890625 0.234375 0.0734375 0.07421875
2 0.3859375 0.95859375 0.0734375 0.0734375
1 0.76484375 0.1171875 0.09765625 0.09765625
1 0.76796875 0.240625 0.08515625 0.0859375
1 0.76875 0.33515625 0.08515625 0.0859375
1 0.76796875 0.4578125 0.08515625 0.0859375
1 0.671875 0.0703125 0.09765625 0.09765625
1 0.6734375 0.18125 0.09765625 0.09765625
1 0.678125 0.2890625 0.0859375 0.0859375
1 0.671875 0.396875 0.0859375 0.0859375
1 0.57890625 0.12109375 0.09765625 0.09765625
1 0.584375 0.3421875 0.09765625 0.0984375
1 0.4859375 0.06875 0.09765625 0.0984375
1 0.4875 0.18203125 0.09765625 0.0984375
1 0.48359375 0.28515625 0.08515625 0.0859375
1 0.48515625 0.40078125 0.09765625 0.0984375
1 0.39140625 0.1203125 0.09765625 0.0984375
1 0.390625 0.22734375 0.09765625 0.0984375
1 0.38984375 0.34140625 0.09765625 0.0984375
1 0.3875 0.4546875 0.09765625 0.0984375
1 0.29609375 0.071875 0.08515625 0.0859375
1 0.29296875 0.17890625 0.09765625 0.0984375
1 0.29765625 0.28984375 0.09765625 0.0984375
1 0.29375 0.4046875 0.0859375 0.0859375
1 0.203125 0.1203125 0.09765625 0.0984375
1 0.2015625 0.23359375 0.09765625 0.0984375
1 0.203125 0.34140625 0.09765625 0.0984375
1 0.2015625 0.46171875 0.08515625 0.0859375
1 0.1078125 0.06953125 0.109375 0.11015625
1 0.10859375 0.18515625 0.11015625 0.11015625
1 0.11328125 0.28671875 0.09765625 0.0984375
1 0.10234375 0.3953125 0.09765625 0.09765625
1 0.10703125 0.5109375 0.08515625 0.0859375
1 0.10546875 0.621875 0.09765625 0.09765625
1 0.2046875 0.56953125 0.09765625 0.09765625
1 0.1984375 0.6640625 0.08515625 0.0859375
1 0.29375 0.51484375 0.0859375 0.0859375
1 0.29609375 0.61796875 0.0859375 0.0859375
1 0.38984375 0.559375 0.0859375 0.0859375
1 0.38671875 0.6671875 0.0859375 0.0859375
1 0.490625 0.5078125 0.08515625 0.0859375
1 0.4828125 0.60859375 0.09765625 0.0984375
1 0.58203125 0.46015625 0.09765625 0.0984375
1 0.5796875 0.56171875 0.09765625 0.0984375
3 0.671875 0.5046875 0.0859375 0.0859375
1 0.6765625 0.61484375 0.09765625 0.0984375
1 0.77421875 0.56640625 0.0859375 0.0859375
1 0.11015625 0.91484375 0.121875 0.1234375
1 0.2 0.86640625 0.09765625 0.09765625
2 0.290625 0.91796875 0.0734375 0.07421875
2 0.384375 0.8609375 0.0609375 0.06171875
2 0.47265625 0.89296875 0.0609375 0.06171875
2 0.5609375 0.8453125 0.06171875 0.06171875
2 0.56171875 0.93203125 0.06171875 0.06171875
2 0.6671875 0.9125 0.0484375 0.05
2 0.74140625 0.87578125 0.0609375 0.06171875
2 0.8296875 0.92734375 0.06171875 0.06171875
2 0.91953125 0.86640625 0.06171875 0.06171875