2 0.2515625 0.1921875 0.0734375 0.07421875
2 0.5328125 0.11484375 0.0734375 0.0734375
2 0.61875 0.196875 0.0734375 0.0734375
2 0.615625 0.3 0.0734375 0.07421875
2 0.04921875 0.7046875 0.0734375 0.07421875
2 0.721875 0.5078125 0.0734375 0.07421875
1 0.9 0.90234375 0.109375 0.1109375
1 0.9015625 0.796875 0.11015625 0.1109375
1 0.9015625 0.68046875 0.08515625 0.0859375
1 0.90703125 0.45859375 0.09765625 0.0984375
1 0.91015625 0.35859375 0.109375 0.1109375
1 0.90390625 0.2515625 0.11015625 0.11015625
1 0.9078125 0.13125 0.11015625 0.1109375
1 0.7265625 0.13046875 0.09765625 0.0984375
1 0.4421875 0.17265625 0.0859375 0.0859375
1 0.43046875 0.2859375 0.0859375 0.0859375
1 0.5421875 0.228125 0.0859375 0.08671875
1 0.540625 0.33984375 0.08515625 0.0859375
1 0.61015625 0.390625 0.0859375 0.0859375
1 0.53359375 0.484375 0.08515625 0.0859375
1 0.6203125 0.53984375 0.08515625 0.0859375
1 0.725 0.58515625 0.08515625 0.0859375
1 0.62421875 0.93828125 0.0859375 0.0859375
1 0.5265625 0.8953125 0.11015625 0.11015625
1 0.53125 0.78984375 0.09765625 0.09765625
1 0.53515625 0.69609375 0.09765625 0.09765625
1 0.725 0.6859375 0.09765625 0.0984375
1 0.61875 0.7453125 0.09765625 0.0984375
1 0.621875 0.8484375 0.08515625 0.0859375
1 0.53515625 0.5953125 0.0859375 0.0859375
1 0.61640625 0.6328125 0.08515625 0.0859375
1 0.43671875 0.41953125 0.11015625 0.11015625
1 0.434375 0.51015625 0.109375 0.11015625
1 0.43046875 0.6375 0.11015625 0.1109375
1 0.434375 0.7328125 0.11015625 0.11015625
1 0.440625 0.8578125 0.109375 0.1109375
1 0.34375 0.79765625 0.109375 0.11015625
1 0.34375 0.690625 0.109375 0.11015625
1 0.33984375 0.58125 0.109375 0.11015625
1 0.25078125 0.42578125 0.0859375 0.0859375
1 0.25078125 0.52421875 0.0859375 0.0859375
1 0.2453125 0.64140625 0.09765625 0.0984375
1 0.24375 0.74375 0.09765625 0.09765625
1 0.1515625 0.13203125 0.09765625 0.0984375
1 0.14921875 0.2484375 0.11015625 0.11015625
1 0.05078125 0.2953125 0.09765625 0.0984375
1 0.06015625 0.18671875 0.11015625 0.11015625
1 0.05546875 0.4125 0.0859375 0.0859375
1 0.053125 0.534375 0.08515625 0.0859375
1 0.05390625 0.61640625 0.08515625 0.0859375
1 0.15234375 0.76640625 0.0859375 0.0859375
1 0.15 0.659375 0.08515625 0.0859375
1 0.1578125 0.5640625 0.08515625 0.0859375
1 0.15 0.46953125 0.08515625 0.0859375
1 0.1546875 0.359375 0.0859375 0.0859375
1 0.340625 0.234375 0.08515625 0.0859375
1 0.3390625 0.36015625 0.0859375 0.0859375
1 0.3375 0.4703125 0.08515625 0.0859375
1 0.253125 0.30546875 0.08515625 0.0859375
1 0.1484375 0.915625 0.09765625 0.0984375
1 0.05625 0.8953125 0.109375 0.11015625
2 0.44296875 0.078125 0.0734375 0.07421875
1 0.065625 0.075 0.109375 0.1109375
1 0.25 0.0796875 0.0859375 0.0859375
1 0.821875 0.85 0.09765625 0.0984375
1 0.62578125 0.084375 0.0859375 0.0859375