1 0.12421875 0.14609375 0.11015625 0.11015625
1 0.2171875 0.08515625 0.109375 0.11015625
1 0.31328125 0.14453125 0.0859375 0.0859375
1 0.41171875 0.08515625 0.11015625 0.11015625
1 0.5015625 0.14609375 0.11015625 0.11015625
1 0.60078125 0.0890625 0.109375 0.1109375
1 0.6953125 0.14140625 0.09765625 0.09765625
1 0.78359375 0.084375 0.11015625 0.11015625
1 0.8859375 0.15078125 0.11015625 0.11015625
1 0.87734375 0.24765625 0.11015625 0.11015625
1 0.88125 0.359375 0.09765625 0.09765625
1 0.88203125 0.46953125 0.11015625 0.1109375
1 0.88203125 0.58828125 0.11015625 0.11015625
1 0.78828125 0.20078125 0.11015625 0.11015625
1 0.790625 0.3171875 0.11015625 0.1109375
1 0.78125 0.4265625 0.09765625 0.09765625
1 0.790625 0.54453125 0.109375 0.11015625
1 0.6921875 0.25390625 0.109375 0.1109375
2 0.69140625 0.3734375 0.0609375 0.06171875
1 0.6875 0.4796875 0.109375 0.11015625
1 0.6890625 0.590625 0.109375 0.11015625
1 0.59765625 0.1984375 0.109375 0.1109375
1 0.60078125 0.3078125 0.109375 0.11015625
1 0.5921875 0.41640625 0.11015625 0.11015625
1 0.59609375 0.53671875 0.11015625 0.11015625
1 0.503125 0.2546875 0.11015625 0.11015625
2 0.49921875 0.35390625 0.06171875 0.06171875
1 0.50078125 0.475 0.11015625 0.11015625
1 0.5 0.59140625 0.109375 0.11015625
2 0.409375 0.20390625 0.06171875 0.06171875
2 0.4046875 0.31171875 0.06171875 0.06171875
1 0.40625 0.42265625 0.109375 0.11015625
1 0.40546875 0.54140625 0.109375 0.11015625
1 0.31640625 0.253125 0.109375 0.11015625
1 0.3109375 0.37890625 0.0859375 0.0859375
1 0.3109375 0.47890625 0.109375 0.11015625
1 0.3125 0.5875 0.09765625 0.0984375
1 0.21875 0.19609375 0.109375 0.11015625
1 0.215625 0.3078125 0.11015625 0.11015625
1 0.21953125 0.41875 0.11015625 0.11015625
1 0.2203125 0.53046875 0.11015625 0.11015625
1 0.12265625 0.24765625 0.11015625 0.11015625
1 0.12421875 0.36484375 0.11015625 0.11015625
1 0.125 0.4640625 0.109375 0.11015625
1 0.1203125 0.57890625 0.109375 0.1109375
1 0.2234375 0.6375 0.11015625 0.1109375
1 0.1109375 0.68828125 0.11015625 0.1109375
1 0.121875 0.803125 0.109375 0.11015625
1 0.1234375 0.915625 0.109375 0.11015625
1 0.215625 0.753125 0.11015625 0.1109375
1 0.21171875 0.8625 0.11015625 0.11015625
1 0.315625 0.6890625 0.09765625 0.09765625
1 0.3109375 0.8046875 0.11015625 0.1109375
1 0.3078125 0.91328125 0.11015625 0.1109375
1 0.41015625 0.64140625 0.09765625 0.0984375
1 0.4109375 0.7484375 0.09765625 0.0984375
1 0.409375 0.86015625 0.09765625 0.09765625
1 0.50078125 0.7 0.11015625 0.11015625
1 0.4984375 0.81015625 0.109375 0.11015625
1 0.49609375 0.9171875 0.109375 0.11015625
1 0.59140625 0.64609375 0.11015625 0.11015625
1 0.59453125 0.75703125 0.11015625 0.11015625
1 0.5953125 0.86015625 0.11015625 0.11015625
1 0.68359375 0.70546875 0.109375 0.11015625
1 0.68828125 0.81484375 0.09765625 0.0984375
1 0.68671875 0.91875 0.11015625 0.11015625
1 0.78984375 0.64140625 0.09765625 0.0984375
1 0.7859375 0.74921875 0.09765625 0.0984375
1 0.79296875 0.86484375 0.109375 0.11015625
1 0.88359375 0.6984375 0.11015625 0.11015625
1 0.884375 0.8078125 0.109375 0.11015625
1 0.8828125 0.91171875 0.109375 0.11015625