2 0.6828125 0.83359375 0.0734375 0.0734375
2 0.77578125 0.425 0.0734375 0.07421875
2 0.590625 0.90625 0.0734375 0.07421875
1 0.87421875 0.73359375 0.11015625 0.1109375
1 0.784375 0.70859375 0.109375 0.11015625
1 0.7765625 0.8046875 0.09765625 0.09765625
1 0.68046875 0.73203125 0.09765625 0.0984375
1 0.88125 0.9421875 0.0859375 0.0859375
1 0.59375 0.67578125 0.09765625 0.09765625
1 0.58515625 0.784375 0.0859375 0.0859375
1 0.40703125 0.675 0.09765625 0.0984375
3 0.4 0.78984375 0.0859375 0.0859375
1 0.403125 0.8953125 0.08515625 0.0859375
1 0.31171875 0.64140625 0.09765625 0.09765625
1 0.31640625 0.7328125 0.09765625 0.0984375
1 0.3015625 0.83671875 0.09765625 0.09765625
1 0.21796875 0.68828125 0.11015625 0.1109375
1 0.221875 0.81328125 0.121875 0.1234375
1 0.215625 0.91875 0.08515625 0.0859375
1 0.12265625 0.6375 0.11015625 0.11015625
1 0.1265625 0.746875 0.11015625 0.11015625
1 0.12421875 0.85859375 0.09765625 0.0984375
1 0.59375 0.1265625 0.0859375 0.0859375
1 0.58671875 0.2265625 0.0859375 0.0859375
1 0.59296875 0.35859375 0.08515625 0.0859375
1 0.70078125 0.375 0.08515625 0.0859375
1 0.696875 0.2921875 0.08515625 0.0859375
1 0.68671875 0.17578125 0.0859375 0.0859375
1 0.68828125 0.06171875 0.08515625 0.0859375
1 0.78203125 0.13203125 0.0859375 0.0859375
1 0.7796875 0.25390625 0.08515625 0.0859375
1 0.78046875 0.3359375 0.08515625 0.0859375
1 0.87890625 0.4859375 0.0859375 0.0859375
1 0.8765625 0.37890625 0.08515625 0.0859375
1 0.884375 0.284375 0.08515625 0.0859375
1 0.8765625 0.1890625 0.08515625 0.0859375
1 0.88125 0.07890625 0.0859375 0.0859375
1 0.875 0.63515625 0.09765625 0.0984375
1 0.7828125 0.61484375 0.109375 0.11015625
1 0.6859375 0.63125 0.11015625 0.11015625
1 0.5921875 0.56328125 0.09765625 0.09765625
1 0.503125 0.071875 0.09765625 0.0984375
1 0.50078125 0.18046875 0.08515625 0.0859375
1 0.49921875 0.2984375 0.09765625 0.0984375
1 0.5 0.41171875 0.09765625 0.0984375
1 0.41171875 0.12578125 0.08515625 0.0859375
1 0.4109375 0.24375 0.09765625 0.0984375
1 0.40703125 0.35625 0.0859375 0.0859375
1 0.4046875 0.465625 0.09765625 0.09765625
1 0.39921875 0.5640625 0.0859375 0.0859375
1 0.31328125 0.0875 0.09765625 0.0984375
1 0.31328125 0.20078125 0.09765625 0.0984375
1 0.315625 0.31328125 0.09765625 0.09765625
1 0.315625 0.4109375 0.109375 0.1109375
1 0.31015625 0.52265625 0.11015625 0.11015625
1 0.21640625 0.14453125 0.08515625 0.0859375
1 0.21875 0.25859375 0.09765625 0.09765625
1 0.21640625 0.3828125 0.08515625 0.0859375
1 0.22109375 0.48515625 0.08515625 0.0859375
1 0.1265625 0.53046875 0.09765625 0.0984375
1 0.121875 0.4234375 0.11015625 0.1109375
1 0.128125 0.31328125 0.09765625 0.09765625
1 0.13359375 0.19765625 0.109375 0.11015625
1 0.1328125 0.0921875 0.09765625 0.0984375
1 0.225 0.59609375 0.11015625 0.11015625