2 0.10859375 0.24921875 0.0734375 0.07421875
2 0.38984375 0.17109375 0.0734375 0.0734375
2 0.20859375 0.07890625 0.0734375 0.0734375
2 0.47578125 0.253125 0.0734375 0.0734375
2 0.4734375 0.35625 0.0734375 0.07421875
2 0.5796875 0.5640625 0.0734375 0.07421875
1 0.86640625 0.359375 0.09765625 0.09765625
1 0.86875 0.4640625 0.09765625 0.0984375
1 0.8734375 0.5578125 0.09765625 0.0984375
1 0.86875 0.69765625 0.109375 0.11015625
1 0.8734375 0.809375 0.109375 0.11015625
1 0.85859375 0.915625 0.11015625 0.1109375
1 0.759375 0.853125 0.11015625 0.1109375
1 0.759375 0.7375 0.08515625 0.0859375
1 0.76484375 0.51484375 0.09765625 0.0984375
1 0.7671875 0.41484375 0.109375 0.1109375
1 0.7609375 0.3078125 0.11015625 0.11015625
1 0.76484375 0.1875 0.11015625 0.1109375
1 0.584375 0.18671875 0.09765625 0.0984375
1 0.3 0.2296875 0.0859375 0.0859375
1 0.28828125 0.34296875 0.0859375 0.0859375
1 0.39921875 0.284375 0.0859375 0.08671875
1 0.39765625 0.396875 0.08515625 0.0859375
1 0.46796875 0.446875 0.0859375 0.0859375
1 0.39140625 0.540625 0.08515625 0.0859375
1 0.478125 0.596875 0.08515625 0.0859375
1 0.5828125 0.64140625 0.08515625 0.0859375
1 0.3890625 0.846875 0.09765625 0.09765625
1 0.3921875 0.753125 0.09765625 0.09765625
1 0.58203125 0.74296875 0.09765625 0.0984375
1 0.4765625 0.80234375 0.09765625 0.0984375
1 0.47890625 0.90546875 0.08515625 0.0859375
1 0.3921875 0.65234375 0.0859375 0.0859375
1 0.47421875 0.6890625 0.08515625 0.0859375
1 0.29453125 0.47578125 0.11015625 0.11015625
1 0.2921875 0.5671875 0.109375 0.11015625
1 0.2875 0.69453125 0.11015625 0.1109375
1 0.29140625 0.78984375 0.11015625 0.11015625
1 0.29765625 0.9140625 0.109375 0.1109375
1 0.2015625 0.85390625 0.109375 0.11015625
1 0.2015625 0.74765625 0.109375 0.11015625
1 0.196875 0.63828125 0.109375 0.11015625
1 0.10859375 0.4828125 0.0859375 0.0859375
1 0.10859375 0.58125 0.0859375 0.0859375
1 0.10234375 0.69765625 0.09765625 0.0984375
1 0.1015625 0.80078125 0.09765625 0.09765625
1 0.19765625 0.290625 0.08515625 0.0859375
1 0.19609375 0.4171875 0.0859375 0.0859375
1 0.19453125 0.52734375 0.08515625 0.0859375
1 0.1109375 0.3625 0.08515625 0.0859375
2 0.4046875 0.06953125 0.0734375 0.0734375
2 0.3 0.134375 0.0734375 0.07421875
1 0.1078125 0.13671875 0.0859375 0.0859375
1 0.58671875 0.07734375 0.0859375 0.08671875
1 0.86875 0.14140625 0.09765625 0.09765625
1 0.76640625 0.08046875 0.09765625 0.0984375
1 0.6796875 0.90703125 0.09765625 0.0984375
1 0.48359375 0.140625 0.0859375 0.0859375