2 0.86015625 0.41953125 0.0734375 0.0734375
2 0.7609375 0.25078125 0.06171875 0.06171875
2 0.85625 0.29609375 0.06171875 0.06171875
2 0.94921875 0.2578125 0.0609375 0.0609375
2 0.5828125 0.25234375 0.06171875 0.06171875
2 0.8609375 0.74296875 0.0859375 0.0859375
1 0.0953125 0.31171875 0.09765625 0.09765625
1 0.10859375 0.41875 0.09765625 0.09765625
1 0.1046875 0.53046875 0.109375 0.11015625
1 0.10234375 0.6359375 0.109375 0.11015625
1 0.1046875 0.7515625 0.09765625 0.0984375
1 0.10234375 0.86015625 0.11015625 0.11015625
1 0.20078125 0.365625 0.11015625 0.1109375
1 0.2046875 0.475 0.11015625 0.1109375
1 0.20390625 0.58671875 0.109375 0.11015625
1 0.2 0.6890625 0.09765625 0.0984375
1 0.203125 0.80546875 0.109375 0.11015625
1 0.19453125 0.2546875 0.08515625 0.0859375
1 0.2953125 0.31171875 0.09765625 0.0984375
1 0.2953125 0.41796875 0.09765625 0.09765625
1 0.29765625 0.5265625 0.09765625 0.09765625
1 0.29921875 0.634375 0.11015625 0.1109375
1 0.3 0.74453125 0.09765625 0.0984375
1 0.390625 0.2640625 0.109375 0.11015625
1 0.39375 0.36953125 0.09765625 0.0984375
1 0.3953125 0.4734375 0.09765625 0.0984375
1 0.38671875 0.5859375 0.109375 0.1109375
1 0.3890625 0.690625 0.11015625 0.1109375
1 0.396875 0.7875 0.11015625 0.1109375
1 0.484375 0.309375 0.09765625 0.0984375
1 0.4859375 0.4125 0.09765625 0.0984375
1 0.48828125 0.528125 0.109375 0.11015625
1 0.48515625 0.634375 0.09765625 0.09765625
1 0.4875 0.74921875 0.09765625 0.09765625
1 0.578125 0.365625 0.09765625 0.0984375
1 0.58125 0.47109375 0.09765625 0.0984375
1 0.5796875 0.5828125 0.11015625 0.11015625
1 0.57890625 0.68984375 0.09765625 0.0984375
1 0.67265625 0.30546875 0.09765625 0.0984375
1 0.675 0.4203125 0.0859375 0.08671875
1 0.67109375 0.53125 0.08515625 0.0859375
1 0.67421875 0.6390625 0.08515625 0.0859375
1 0.67421875 0.746875 0.0734375 0.07421875
1 0.76640625 0.3640625 0.0859375 0.0859375
1 0.7640625 0.475 0.0859375 0.0859375
1 0.76640625 0.58359375 0.0734375 0.0734375
0 0.76796875 0.69453125 0.0734375 0.0734375
1 0.86328125 0.5390625 0.0859375 0.0859375
1 0.86015625 0.6390625 0.0859375 0.08671875
1 0.95625 0.46953125 0.08515625 0.0859375
1 0.95546875 0.5828125 0.08515625 0.0859375
1 0.95625 0.690625 0.08515625 0.0859375
1 0.77265625 0.79609375 0.09765625 0.0984375
1 0.9546875 0.91328125 0.0859375 0.0859375
1 0.85859375 0.86015625 0.09765625 0.0984375
1 0.76640625 0.90859375 0.09765625 0.0984375
1 0.6765625 0.853125 0.09765625 0.09765625
1 0.57890625 0.803125 0.109375 0.1109375
1 0.578125 0.9140625 0.09765625 0.09765625
1 0.484375 0.85625 0.09765625 0.09765625
1 0.39140625 0.915625 0.11015625 0.11015625
1 0.29296875 0.85703125 0.09765625 0.0984375
1 0.19453125 0.91875 0.109375 0.11015625