2 0.053125 0.2265625 0.0734375 0.07421875
2 0.23203125 0.91875 0.0734375 0.07421875
2 0.428125 0.7703125 0.0734375 0.07421875
2 0.90546875 0.6140625 0.0734375 0.07421875
1 0.909375 0.38359375 0.09765625 0.09765625
1 0.9 0.4921875 0.0859375 0.0859375
1 0.9125 0.7203125 0.09765625 0.09765625
1 0.81328125 0.6828125 0.0859375 0.0859375
1 0.815625 0.775 0.11015625 0.11015625
1 0.80859375 0.8875 0.09765625 0.0984375
1 0.72265625 0.38359375 0.09765625 0.0984375
3 0.715625 0.4984375 0.0859375 0.0859375
1 0.71796875 0.603125 0.08515625 0.0859375
1 0.71953125 0.7203125 0.11015625 0.11015625
1 0.7234375 0.82890625 0.11015625 0.11015625
1 0.721875 0.93828125 0.109375 0.11015625
1 0.6265625 0.35 0.09765625 0.09765625
1 0.63203125 0.440625 0.09765625 0.0984375
1 0.6171875 0.5453125 0.09765625 0.09765625
1 0.61796875 0.67265625 0.09765625 0.0984375
1 0.61328125 0.78203125 0.09765625 0.0984375
1 0.609375 0.8875 0.09765625 0.0984375
1 0.53359375 0.396875 0.11015625 0.1109375
1 0.5375 0.521875 0.121875 0.1234375
1 0.53046875 0.6265625 0.08515625 0.0859375
1 0.5140625 0.74375 0.0859375 0.0859375
1 0.51640625 0.8296875 0.08515625 0.08671875
1 0.52265625 0.9375 0.09765625 0.09765625
1 0.43828125 0.3453125 0.11015625 0.11015625
1 0.4421875 0.4546875 0.11015625 0.11015625
1 0.4390625 0.5671875 0.09765625 0.0984375
1 0.44140625 0.665625 0.09765625 0.0984375
2 0.35 0.75234375 0.0609375 0.06171875
2 0.34921875 0.85546875 0.0734375 0.07421875
1 0.35234375 0.94140625 0.08515625 0.0859375
1 0.34375 0.41171875 0.109375 0.11015625
1 0.35078125 0.50859375 0.11015625 0.11015625
1 0.3484375 0.6234375 0.109375 0.11015625
1 0.253125 0.35078125 0.0859375 0.0859375
1 0.2484375 0.46171875 0.109375 0.11015625
1 0.25078125 0.56796875 0.11015625 0.11015625
1 0.25 0.66796875 0.109375 0.1109375
1 0.23828125 0.81015625 0.09765625 0.0984375
1 0.1546875 0.8578125 0.09765625 0.0984375
1 0.16875 0.74296875 0.0859375 0.0859375
1 0.1546875 0.4 0.08515625 0.08671875
1 0.1609375 0.50390625 0.09765625 0.09765625
1 0.1546875 0.63515625 0.09765625 0.0984375
1 0.053125 0.34375 0.0859375 0.0859375
1 0.05390625 0.45703125 0.08515625 0.0859375
1 0.06171875 0.5703125 0.09765625 0.09765625
1 0.065625 0.6734375 0.109375 0.11015625
1 0.07578125 0.8109375 0.08515625 0.0859375
1 0.06640625 0.9046875 0.09765625 0.0984375
1 0.90859375 0.06640625 0.08515625 0.0859375
1 0.90703125 0.271875 0.09765625 0.09765625
3 0.06796875 0.1328125 0.0734375 0.07421875
1 0.815625 0.11953125 0.09765625 0.0984375
1 0.72265625 0.0640625 0.0859375 0.0859375
1 0.71953125 0.1734375 0.09765625 0.09765625
1 0.71484375 0.27265625 0.0859375 0.0859375
1 0.63125 0.11875 0.109375 0.1109375
1 0.62578125 0.23125 0.11015625 0.11015625
1 0.53203125 0.090625 0.08515625 0.0859375
1 0.53671875 0.19375 0.08515625 0.0859375
1 0.4421875 0.2390625 0.09765625 0.0984375
1 0.43671875 0.13203125 0.11015625 0.1109375
1 0.35625 0.07890625 0.11015625 0.11015625
1 0.35078125 0.18125 0.109375 0.11015625
1 0.25703125 0.2328125 0.11015625 0.11015625
1 0.35078125 0.296875 0.0859375 0.0859375
1 0.2625 0.13984375 0.109375 0.1109375
1 0.1578125 0.05859375 0.0859375 0.0859375
1 0.16328125 0.17890625 0.0859375 0.0859375
1 0.16171875 0.28515625 0.08515625 0.0859375
1 0.540625 0.30390625 0.11015625 0.11015625
1 0.4328125 0.87421875 0.09765625 0.0984375