2 0.16953125 0.67109375 0.0734375 0.07421875
2 0.07734375 0.7515625 0.0734375 0.0734375
2 0.2703125 0.9578125 0.0734375 0.07421875
2 0.83828125 0.615625 0.0734375 0.0734375
2 0.9265625 0.68359375 0.0734375 0.07421875
2 0.07265625 0.6375 0.06171875 0.06171875
1 0.0828125 0.08046875 0.09765625 0.0984375
1 0.09140625 0.19375 0.08515625 0.0859375
1 0.0875 0.2953125 0.11015625 0.1109375
1 0.0859375 0.4015625 0.109375 0.11015625
1 0.08515625 0.5015625 0.109375 0.11015625
1 0.1859375 0.56328125 0.109375 0.11015625
1 0.190625 0.45625 0.11015625 0.11015625
1 0.1890625 0.353125 0.109375 0.1109375
1 0.18828125 0.23515625 0.09765625 0.09765625
1 0.1875 0.12421875 0.09765625 0.0984375
1 0.278125 0.06875 0.08515625 0.0859375
1 0.2765625 0.178125 0.109375 0.11015625
1 0.27734375 0.28359375 0.09765625 0.0984375
1 0.2765625 0.39765625 0.109375 0.11015625
1 0.2703125 0.5125 0.09765625 0.0984375
1 0.27421875 0.6140625 0.109375 0.11015625
1 0.2734375 0.8484375 0.09765625 0.0984375
1 0.928125 0.23359375 0.0859375 0.0859375
1 0.45390625 0.615625 0.0859375 0.0859375
1 0.365625 0.12578125 0.08515625 0.0859375
1 0.36796875 0.2328125 0.0859375 0.0859375
1 0.3703125 0.34765625 0.08515625 0.0859375
1 0.36640625 0.46953125 0.08515625 0.0859375
1 0.36640625 0.57734375 0.09765625 0.0984375
1 0.36875 0.66875 0.08515625 0.0859375
1 0.4640625 0.06875 0.09765625 0.0984375
1 0.46015625 0.18125 0.109375 0.11015625
1 0.45703125 0.284375 0.09765625 0.0984375
1 0.45859375 0.39296875 0.11015625 0.11015625
1 0.459375 0.5140625 0.08515625 0.0859375
1 0.5578125 0.13515625 0.11015625 0.11015625
1 0.5609375 0.23671875 0.109375 0.11015625
1 0.55390625 0.340625 0.09765625 0.09765625
1 0.5484375 0.45234375 0.109375 0.11015625
1 0.55546875 0.56875 0.11015625 0.11015625
1 0.65234375 0.07265625 0.109375 0.11015625
1 0.65390625 0.18203125 0.11015625 0.11015625
1 0.65 0.28515625 0.11015625 0.1109375
1 0.6421875 0.39375 0.11015625 0.11015625
1 0.6453125 0.5140625 0.109375 0.11015625
1 0.7546875 0.11875 0.09765625 0.0984375
1 0.753125 0.23515625 0.0859375 0.0859375
1 0.75625 0.35234375 0.0859375 0.0859375
1 0.83515625 0.28515625 0.09765625 0.09765625
1 0.84375 0.17578125 0.0859375 0.0859375
1 0.84140625 0.07734375 0.11015625 0.1109375
1 0.93125 0.125 0.0859375 0.0859375
1 0.93515625 0.4609375 0.08515625 0.0859375
1 0.925 0.5765625 0.09765625 0.0984375
1 0.83671875 0.734375 0.08515625 0.0859375
1 0.83125 0.50859375 0.08515625 0.0859375
1 0.7515625 0.5703125 0.08515625 0.0859375
1 0.7453125 0.6765625 0.09765625 0.09765625
1 0.7421875 0.78828125 0.09765625 0.0984375
1 0.646875 0.8421875 0.09765625 0.09765625
1 0.6421875 0.72890625 0.09765625 0.0984375
1 0.553125 0.7921875 0.09765625 0.0984375
1 0.4546875 0.840625 0.09765625 0.0984375
1 0.92734375 0.89765625 0.11015625 0.1109375
1 0.92890625 0.79375 0.09765625 0.09765625
1 0.8375 0.84765625 0.09765625 0.09765625
1 0.828125 0.9390625 0.09765625 0.0984375
1 0.74140625 0.89609375 0.109375 0.11015625
1 0.5578125 0.9 0.09765625 0.0984375
1 0.36640625 0.8953125 0.0859375 0.0859375
1 0.17734375 0.90546875 0.11015625 0.1109375