1 0.14921875 0.70390625 0.109375 0.11015625
2 0.815625 0.63984375 0.0859375 0.08671875
2 0.3296875 0.80390625 0.0734375 0.07421875
1 0.62109375 0.071875 0.09765625 0.0984375
1 0.82109375 0.07734375 0.09765625 0.09765625
1 0.90703125 0.1328125 0.109375 0.1109375
1 0.91015625 0.2359375 0.109375 0.1109375
1 0.9109375 0.34375 0.08515625 0.0859375
1 0.90703125 0.46953125 0.09765625 0.0984375
1 0.91484375 0.57890625 0.09765625 0.0984375
1 0.81015625 0.203125 0.11015625 0.1109375
1 0.81328125 0.31171875 0.08515625 0.0859375
1 0.80625 0.43046875 0.08515625 0.0859375
1 0.8125 0.534375 0.0859375 0.0859375
1 0.72109375 0.14453125 0.08515625 0.0859375
2 0.728125 0.25859375 0.02421875 0.02421875
2 0.721875 0.3765625 0.0375 0.0375
2 0.72421875 0.4828125 0.02421875 0.02421875
2 0.71796875 0.59609375 0.02421875 0.02421875
2 0.6265625 0.4046875 0.02421875 0.02421875
2 0.6265625 0.51484375 0.02421875 0.02421875
2 0.62265625 0.63046875 0.02421875 0.02421875
1 0.62890625 0.18046875 0.09765625 0.0984375
1 0.6265625 0.2859375 0.09765625 0.0984375
2 0.61875 0.73984375 0.02421875 0.02421875
2 0.621875 0.821875 0.02421875 0.02421875
2 0.71953125 0.6828125 0.02421875 0.02421875
2 0.7125 0.790625 0.02421875 0.02421875
2 0.8125 0.82109375 0.0375 0.0375
1 0.809375 0.7390625 0.109375 0.11015625
1 0.91875 0.6828125 0.0859375 0.0859375
1 0.91953125 0.79140625 0.0734375 0.0734375
1 0.3359375 0.3703125 0.09765625 0.0984375
1 0.33984375 0.47421875 0.109375 0.11015625
1 0.33125 0.58515625 0.09765625 0.09765625
1 0.3359375 0.69609375 0.09765625 0.09765625
3 0.23828125 0.42578125 0.0859375 0.0859375
1 0.2390625 0.5390625 0.09765625 0.09765625
1 0.23515625 0.64375 0.11015625 0.11015625
1 0.23515625 0.753125 0.09765625 0.0984375
1 0.15 0.3625 0.11015625 0.1109375
1 0.14765625 0.47578125 0.11015625 0.1109375
1 0.14765625 0.5875 0.09765625 0.09765625
1 0.1515625 0.809375 0.0734375 0.0734375
1 0.053125 0.7515625 0.09765625 0.0984375
2 0.33828125 0.98046875 0.0359375 0.0375