2 0.5140625 0.3875 0.0734375 0.07421875
1 0.90703125 0.40234375 0.0859375 0.0859375
1 0.89140625 0.509375 0.09765625 0.0984375
1 0.89375 0.61640625 0.09765625 0.0984375
1 0.896875 0.7234375 0.09765625 0.09765625
1 0.896875 0.84453125 0.09765625 0.09765625
1 0.8 0.33984375 0.09765625 0.09765625
1 0.803125 0.453125 0.09765625 0.09765625
1 0.80078125 0.55390625 0.09765625 0.0984375
1 0.796875 0.6625 0.0859375 0.0859375
1 0.80390625 0.78203125 0.09765625 0.09765625
1 0.80078125 0.9 0.109375 0.1109375
1 0.703125 0.94453125 0.09765625 0.0984375
1 0.70390625 0.8265625 0.09765625 0.09765625
1 0.7 0.2921875 0.0859375 0.0859375
1 0.7015625 0.390625 0.08515625 0.0859375
1 0.70390625 0.5046875 0.0859375 0.0859375
1 0.7046875 0.6140625 0.0859375 0.0859375
1 0.7046875 0.7171875 0.0859375 0.0859375
1 0.60625 0.3328125 0.08515625 0.0859375
1 0.60234375 0.4359375 0.08515625 0.0859375
2 0.040625 0.76953125 0.0484375 0.0484375
1 0.60234375 0.55078125 0.08515625 0.0859375
1 0.60078125 0.659375 0.109375 0.11015625
1 0.59921875 0.76640625 0.08515625 0.0859375
1 0.59765625 0.8859375 0.09765625 0.0984375
1 0.50703125 0.93828125 0.11015625 0.11015625
1 0.50703125 0.8296875 0.11015625 0.11015625
1 0.50625 0.7140625 0.11015625 0.11015625
1 0.50703125 0.60234375 0.11015625 0.11015625
1 0.50859375 0.490625 0.09765625 0.09765625
1 0.4203125 0.4265625 0.0859375 0.0859375
1 0.4046875 0.55390625 0.09765625 0.0984375
1 0.41015625 0.66328125 0.09765625 0.0984375
1 0.40703125 0.77265625 0.11015625 0.11015625
1 0.41328125 0.884375 0.109375 0.11015625
1 0.32109375 0.91328125 0.09765625 0.09765625
1 0.31875 0.8140625 0.09765625 0.0984375
1 0.31875 0.72421875 0.09765625 0.0984375
1 0.32421875 0.60078125 0.09765625 0.0984375
1 0.2234375 0.87421875 0.08515625 0.0859375
1 0.2234375 0.33125 0.09765625 0.0984375
1 0.13125 0.2828125 0.09765625 0.09765625
1 0.1328125 0.3796875 0.09765625 0.0984375
1 0.128125 0.496875 0.109375 0.11015625
1 0.125 0.60234375 0.109375 0.11015625
1 0.89921875 0.28046875 0.09765625 0.0984375
1 0.903125 0.16796875 0.09765625 0.09765625
1 0.89765625 0.06171875 0.08515625 0.0859375
1 0.80078125 0.10546875 0.09765625 0.09765625
1 0.79375 0.2234375 0.09765625 0.0984375
1 0.7015625 0.1953125 0.08515625 0.0859375
1 0.41328125 0.10859375 0.09765625 0.0984375
1 0.334375 0.14921875 0.08515625 0.0859375
1 0.2328125 0.20234375 0.09765625 0.09765625
1 0.2265625 0.0953125 0.09765625 0.0984375
1 0.13125 0.1625 0.09765625 0.09765625