1 0.86484375 0.1484375 0.11015625 0.1109375
1 0.85546875 0.2578125 0.09765625 0.09765625
1 0.865625 0.37578125 0.109375 0.11015625
1 0.76640625 0.08515625 0.109375 0.1109375
2 0.765625 0.2046875 0.0609375 0.06171875
1 0.76171875 0.3109375 0.109375 0.11015625
1 0.7640625 0.42109375 0.109375 0.11015625
1 0.675 0.1390625 0.109375 0.11015625
1 0.66640625 0.24765625 0.11015625 0.11015625
1 0.6703125 0.36796875 0.11015625 0.11015625
1 0.57734375 0.08515625 0.11015625 0.11015625
2 0.5734375 0.18515625 0.06171875 0.06171875
1 0.575 0.30625 0.11015625 0.11015625
1 0.57421875 0.42265625 0.109375 0.11015625
2 0.48359375 0.034375 0.06171875 0.06171875
2 0.47890625 0.14296875 0.06171875 0.06171875
1 0.48046875 0.253125 0.109375 0.11015625
1 0.4796875 0.37265625 0.109375 0.11015625
1 0.390625 0.084375 0.109375 0.11015625
1 0.384375 0.21015625 0.0859375 0.0859375
1 0.384375 0.31015625 0.109375 0.11015625
1 0.38671875 0.41875 0.09765625 0.0984375
1 0.28984375 0.1390625 0.11015625 0.11015625
1 0.29375 0.24921875 0.11015625 0.11015625
1 0.29453125 0.36171875 0.11015625 0.11015625
1 0.196875 0.07890625 0.11015625 0.11015625
1 0.1984375 0.19609375 0.11015625 0.11015625
1 0.19921875 0.2953125 0.109375 0.11015625
1 0.19453125 0.41015625 0.109375 0.1109375
1 0.29765625 0.46875 0.11015625 0.1109375
1 0.1078125 0.13125 0.109375 0.11015625
1 0.10625 0.2453125 0.109375 0.1109375
1 0.10234375 0.36328125 0.109375 0.1109375
1 0.09765625 0.475 0.109375 0.11015625
1 0.10234375 0.5765625 0.109375 0.11015625
1 0.103125 0.6921875 0.109375 0.11015625
1 0.10234375 0.809375 0.11015625 0.11015625
1 0.18515625 0.51953125 0.11015625 0.1109375
1 0.19609375 0.634375 0.109375 0.11015625
1 0.196875 0.746875 0.109375 0.11015625
1 0.28984375 0.584375 0.11015625 0.1109375
1 0.2859375 0.69375 0.11015625 0.11015625
1 0.2921875 0.7984375 0.109375 0.11015625
1 0.38984375 0.5203125 0.09765625 0.09765625
1 0.38515625 0.6359375 0.11015625 0.1109375
1 0.38203125 0.74375 0.11015625 0.1109375
1 0.484375 0.471875 0.09765625 0.0984375
1 0.48515625 0.5796875 0.09765625 0.0984375
1 0.48359375 0.69140625 0.09765625 0.09765625
1 0.4796875 0.80078125 0.09765625 0.09765625
1 0.575 0.53046875 0.11015625 0.11015625
1 0.571875 0.64140625 0.109375 0.11015625
1 0.5703125 0.7484375 0.109375 0.11015625
1 0.571875 0.8484375 0.109375 0.1109375
1 0.665625 0.47734375 0.11015625 0.11015625
1 0.66875 0.58828125 0.11015625 0.11015625
1 0.66953125 0.690625 0.11015625 0.11015625
1 0.66484375 0.809375 0.09765625 0.0984375
1 0.7578125 0.53671875 0.109375 0.11015625
1 0.7625 0.64609375 0.09765625 0.0984375
1 0.7609375 0.74921875 0.11015625 0.11015625
1 0.8640625 0.471875 0.09765625 0.0984375
1 0.86015625 0.58046875 0.09765625 0.0984375
1 0.8671875 0.69609375 0.109375 0.11015625
1 0.86875 0.80703125 0.11015625 0.11015625
1 0.86484375 0.9265625 0.11015625 0.11015625
1 0.75859375 0.8625 0.11015625 0.11015625
1 0.665625 0.925 0.09765625 0.09765625
1 0.48125 0.9125 0.11015625 0.1109375
1 0.38046875 0.85703125 0.11015625 0.11015625
1 0.28984375 0.91484375 0.109375 0.11015625
1 0.1921875 0.86015625 0.109375 0.11015625
1 0.0953125 0.91171875 0.09765625 0.0984375