2 0.334375 0.86640625 0.0734375 0.0734375
2 0.2359375 0.69765625 0.06171875 0.06171875
2 0.33046875 0.74375 0.06171875 0.06171875
2 0.4234375 0.7046875 0.0609375 0.0609375
2 0.05703125 0.7 0.06171875 0.06171875
1 0.053125 0.81328125 0.09765625 0.0984375
1 0.05546875 0.91875 0.09765625 0.0984375
1 0.14765625 0.75234375 0.09765625 0.0984375
1 0.14921875 0.86796875 0.0859375 0.08671875
1 0.24140625 0.81171875 0.0859375 0.0859375
1 0.23828125 0.921875 0.0859375 0.0859375
1 0.4328125 0.80859375 0.09765625 0.09765625
1 0.43125 0.9171875 0.08515625 0.0859375
0 0.52421875 0.75078125 0.0734375 0.07421875
0 0.6171875 0.8046875 0.0859375 0.0859375
0 0.62265625 0.9171875 0.0734375 0.07421875
1 0.5296875 0.8609375 0.09765625 0.09765625