1 0.08203125 0.46328125 0.09765625 0.0984375
1 0.17578125 0.5203125 0.109375 0.11015625
1 0.1765625 0.08515625 0.08515625 0.0859375
1 0.08046875 0.14140625 0.11015625 0.11015625
1 0.0734375 0.24921875 0.11015625 0.11015625
1 0.078125 0.35078125 0.109375 0.11015625
1 0.0828125 0.5765625 0.109375 0.11015625
1 0.08046875 0.68046875 0.11015625 0.1109375
1 0.16953125 0.1890625 0.08515625 0.0859375
1 0.20390625 0.228125 0.08515625 0.0859375
1 0.1734375 0.31015625 0.11015625 0.11015625
1 0.1734375 0.62578125 0.09765625 0.0984375
1 0.17578125 0.7359375 0.09765625 0.09765625
1 0.175 0.8515625 0.0859375 0.0859375
2 0.175 0.95625 0.06171875 0.06171875
1 0.07890625 0.7953125 0.09765625 0.09765625
1 0.07890625 0.90234375 0.08515625 0.0859375