2 0.93828125 0.409375 0.0734375 0.07421875
1 0.93203125 0.85546875 0.08515625 0.0859375
1 0.93203125 0.753125 0.08515625 0.0859375
1 0.8390625 0.69296875 0.11015625 0.11015625
1 0.83515625 0.809375 0.11015625 0.11015625
1 0.82890625 0.92265625 0.11015625 0.11015625
1 0.74375 0.8671875 0.11015625 0.1109375
1 0.75 0.73984375 0.109375 0.11015625
1 0.63984375 0.696875 0.11015625 0.11015625
1 0.6375 0.79921875 0.109375 0.11015625
1 0.6453125 0.91640625 0.09765625 0.0984375
1 0.5578125 0.7484375 0.109375 0.11015625
1 0.5546875 0.88515625 0.109375 0.11015625
1 0.465625 0.80078125 0.0859375 0.0859375
1 0.4546875 0.8953125 0.109375 0.1109375
1 0.36640625 0.86171875 0.09765625 0.0984375
1 0.3703125 0.7515625 0.109375 0.11015625
1 0.26953125 0.7 0.109375 0.1109375
1 0.26875 0.80390625 0.11015625 0.11015625
1 0.26875 0.9203125 0.11015625 0.11015625
1 0.175 0.7484375 0.109375 0.11015625
1 0.16875 0.8625 0.11015625 0.11015625
1 0.075 0.78984375 0.0859375 0.0859375
1 0.0703125 0.90703125 0.09765625 0.0984375
1 0.93515625 0.64375 0.08515625 0.0859375
1 0.93515625 0.52265625 0.08515625 0.0859375
1 0.94609375 0.2953125 0.08515625 0.0859375
1 0.940625 0.2 0.09765625 0.0984375
1 0.9390625 0.08671875 0.109375 0.11015625
1 0.84296875 0.1453125 0.109375 0.11015625
1 0.84609375 0.259375 0.11015625 0.11015625
1 0.840625 0.3625 0.109375 0.1109375
1 0.83203125 0.46953125 0.109375 0.11015625
1 0.83671875 0.5765625 0.109375 0.11015625
1 0.74140625 0.63046875 0.109375 0.11015625
1 0.740625 0.54140625 0.109375 0.11015625
1 0.74296875 0.4359375 0.11015625 0.11015625
1 0.74921875 0.30390625 0.11015625 0.1109375
1 0.74921875 0.19609375 0.11015625 0.11015625
1 0.7484375 0.0828125 0.109375 0.11015625
1 0.64765625 0.14609375 0.09765625 0.0984375
1 0.65546875 0.24765625 0.09765625 0.0984375
1 0.65078125 0.3640625 0.11015625 0.11015625
1 0.6515625 0.47890625 0.09765625 0.0984375
1 0.64921875 0.5875 0.109375 0.11015625
1 0.55625 0.63359375 0.109375 0.1109375
1 0.55 0.521875 0.09765625 0.0984375
1 0.559375 0.42421875 0.11015625 0.11015625
1 0.5609375 0.31015625 0.09765625 0.0984375
1 0.55703125 0.18828125 0.11015625 0.11015625
1 0.5578125 0.090625 0.11015625 0.11015625
1 0.46015625 0.04609375 0.0859375 0.0859375
1 0.4640625 0.15546875 0.0859375 0.0859375
1 0.465625 0.25 0.08515625 0.0859375
1 0.46640625 0.36640625 0.08515625 0.0859375
1 0.46875 0.4734375 0.0859375 0.0859375
1 0.4734375 0.590625 0.0859375 0.0859375
1 0.46796875 0.69375 0.08515625 0.0859375
1 0.365625 0.6546875 0.109375 0.11015625
1 0.3640625 0.5296875 0.09765625 0.0984375
1 0.3640625 0.4203125 0.0859375 0.0859375
1 0.365625 0.3125 0.09765625 0.09765625
1 0.371875 0.1875 0.109375 0.1109375
1 0.3765625 0.10703125 0.09765625 0.0984375
1 0.2875 0.046875 0.0859375 0.0859375
1 0.271875 0.15390625 0.09765625 0.0984375
1 0.2734375 0.2609375 0.09765625 0.0984375
1 0.2765625 0.36796875 0.09765625 0.09765625
1 0.2765625 0.4890625 0.09765625 0.09765625
1 0.278125 0.596875 0.09765625 0.0984375
1 0.1828125 0.09765625 0.09765625 0.09765625
1 0.18046875 0.1984375 0.09765625 0.0984375
1 0.1765625 0.30625 0.0859375 0.0859375
1 0.18359375 0.4265625 0.09765625 0.09765625
1 0.18046875 0.5453125 0.109375 0.1109375
1 0.1765625 0.6421875 0.09765625 0.09765625
1 0.078125 0.6890625 0.0859375 0.0859375
1 0.0828125 0.5890625 0.09765625 0.0984375
1 0.084375 0.4703125 0.09765625 0.09765625
1 0.084375 0.14921875 0.0859375 0.0859375
1 0.08515625 0.25859375 0.0859375 0.0859375
1 0.08515625 0.3609375 0.0859375 0.0859375