1 0.328125 0.2609375 0.109375 0.11015625
2 0.50859375 0.3609375 0.0734375 0.07421875
2 0.903125 0.040625 0.02421875 0.02421875
2 0.896875 0.15390625 0.02421875 0.02421875
2 0.80546875 0.07265625 0.02421875 0.02421875
2 0.8015625 0.18828125 0.02421875 0.02421875
2 0.79765625 0.29765625 0.02421875 0.02421875
2 0.8 0.3796875 0.02421875 0.02421875
2 0.89765625 0.240625 0.02421875 0.02421875
2 0.89140625 0.3484375 0.02421875 0.02421875
1 0.509375 0.1421875 0.09765625 0.09765625
1 0.51484375 0.25390625 0.09765625 0.09765625
1 0.41796875 0.096875 0.09765625 0.09765625
1 0.41328125 0.2015625 0.11015625 0.11015625
1 0.4140625 0.3109375 0.09765625 0.0984375
1 0.3265625 0.1453125 0.09765625 0.09765625
1 0.33046875 0.36640625 0.0734375 0.0734375
1 0.22578125 0.096875 0.109375 0.11015625
1 0.22734375 0.2046875 0.09765625 0.0984375
1 0.23125 0.309375 0.09765625 0.0984375
1 0.13671875 0.1421875 0.09765625 0.0984375
1 0.13671875 0.2484375 0.09765625 0.0984375
2 0.1390625 0.3609375 0.0734375 0.0734375
2 0.1453125 0.5296875 0.0609375 0.06171875
1 0.1375 0.6359375 0.09765625 0.0984375
1 0.1375 0.7453125 0.09765625 0.0984375
1 0.13984375 0.8625 0.121875 0.1234375
1 0.23515625 0.584375 0.08515625 0.0859375
1 0.23046875 0.6921875 0.09765625 0.0984375
1 0.23359375 0.80625 0.121875 0.121875
1 0.23828125 0.91328125 0.09765625 0.0984375
2 0.32734375 0.53046875 0.0609375 0.06171875
1 0.3296875 0.63984375 0.09765625 0.0984375
1 0.325 0.75234375 0.09765625 0.0984375
1 0.3265625 0.8640625 0.09765625 0.0984375
1 0.41875 0.58671875 0.0859375 0.0859375
1 0.4203125 0.690625 0.09765625 0.0984375
1 0.421875 0.80390625 0.09765625 0.0984375
1 0.41875 0.9171875 0.09765625 0.0984375
2 0.5171875 0.53828125 0.0359375 0.0375
1 0.5171875 0.63671875 0.09765625 0.09765625
1 0.51640625 0.7453125 0.109375 0.11015625
1 0.5140625 0.86640625 0.121875 0.1234375
1 0.6125 0.5953125 0.08515625 0.0859375
1 0.61015625 0.69375 0.09765625 0.09765625
1 0.60859375 0.809375 0.11015625 0.1109375
1 0.6046875 0.921875 0.121875 0.1234375
2 0.7125 0.5421875 0.0609375 0.06171875
1 0.7046875 0.640625 0.0859375 0.0859375
1 0.70625 0.7515625 0.11015625 0.1109375
1 0.6984375 0.865625 0.121875 0.1234375
1 0.8015625 0.590625 0.0859375 0.0859375
1 0.79375 0.70078125 0.09765625 0.0984375
1 0.80390625 0.8109375 0.109375 0.11015625
1 0.8015625 0.92265625 0.121875 0.1234375
2 0.89921875 0.54921875 0.06171875 0.06171875
1 0.8953125 0.64296875 0.09765625 0.0984375
1 0.9 0.7578125 0.121875 0.1234375
1 0.8921875 0.86640625 0.109375 0.11015625