1 0.87421875 0.1375 0.11015625 0.11015625
1 0.878125 0.24921875 0.09765625 0.09765625
1 0.8796875 0.359375 0.11015625 0.1109375
1 0.8796875 0.478125 0.11015625 0.11015625
1 0.7859375 0.090625 0.11015625 0.11015625
1 0.7875 0.20703125 0.11015625 0.1109375
1 0.778125 0.31640625 0.09765625 0.09765625
1 0.78828125 0.434375 0.109375 0.11015625
1 0.6890625 0.14375 0.109375 0.1109375
2 0.68828125 0.26328125 0.0609375 0.06171875
1 0.684375 0.36953125 0.109375 0.11015625
1 0.68671875 0.4796875 0.109375 0.11015625
1 0.59453125 0.0875 0.109375 0.1109375
1 0.59765625 0.19765625 0.109375 0.11015625
1 0.5890625 0.30625 0.11015625 0.11015625
1 0.59296875 0.4265625 0.11015625 0.11015625
1 0.50078125 0.14375 0.11015625 0.11015625
2 0.496875 0.24375 0.06171875 0.06171875
1 0.49765625 0.36484375 0.11015625 0.11015625
1 0.496875 0.48125 0.109375 0.11015625
2 0.40703125 0.09296875 0.06171875 0.06171875
2 0.4015625 0.2015625 0.06171875 0.06171875
1 0.403125 0.31171875 0.109375 0.11015625
1 0.40234375 0.43125 0.109375 0.11015625
1 0.31328125 0.14296875 0.109375 0.11015625
1 0.3078125 0.26875 0.0859375 0.0859375
1 0.3078125 0.36875 0.109375 0.11015625
1 0.309375 0.47734375 0.09765625 0.0984375
1 0.215625 0.08515625 0.109375 0.11015625
1 0.2125 0.19765625 0.11015625 0.11015625
1 0.21640625 0.3078125 0.11015625 0.11015625
1 0.2171875 0.4203125 0.11015625 0.11015625
1 0.11953125 0.1375 0.11015625 0.11015625
1 0.121875 0.2546875 0.11015625 0.11015625
1 0.121875 0.35390625 0.109375 0.11015625
1 0.1171875 0.46875 0.109375 0.1109375
1 0.2203125 0.52734375 0.11015625 0.1109375
1 0.1078125 0.578125 0.11015625 0.1109375
1 0.11875 0.69296875 0.109375 0.11015625
1 0.1203125 0.80546875 0.109375 0.11015625
1 0.2125 0.6421875 0.11015625 0.1109375
1 0.20859375 0.75234375 0.11015625 0.11015625
1 0.21484375 0.85703125 0.109375 0.11015625
1 0.3125 0.57890625 0.09765625 0.09765625
1 0.3078125 0.69453125 0.11015625 0.1109375
1 0.30546875 0.803125 0.11015625 0.1109375
1 0.40703125 0.53046875 0.09765625 0.0984375
1 0.4078125 0.63828125 0.09765625 0.0984375
1 0.40625 0.75 0.09765625 0.09765625
1 0.40234375 0.859375 0.09765625 0.09765625
1 0.49765625 0.5890625 0.11015625 0.11015625
1 0.4953125 0.7 0.109375 0.11015625
1 0.49296875 0.80703125 0.109375 0.11015625
1 0.4953125 0.90703125 0.109375 0.1109375
1 0.58828125 0.5359375 0.11015625 0.11015625
1 0.59140625 0.646875 0.11015625 0.11015625
1 0.5921875 0.74921875 0.11015625 0.11015625
1 0.5875 0.86796875 0.09765625 0.0984375
1 0.68046875 0.5953125 0.109375 0.11015625
1 0.6859375 0.7046875 0.09765625 0.0984375
1 0.684375 0.8078125 0.11015625 0.11015625
1 0.7875 0.53046875 0.09765625 0.0984375
1 0.7828125 0.6390625 0.09765625 0.0984375
1 0.78984375 0.7546875 0.109375 0.11015625
1 0.79140625 0.865625 0.11015625 0.11015625
1 0.88046875 0.58828125 0.11015625 0.11015625
1 0.88203125 0.69765625 0.109375 0.11015625
1 0.8796875 0.8015625 0.109375 0.11015625
1 0.88359375 0.92265625 0.109375 0.11015625
1 0.68125 0.92109375 0.11015625 0.11015625
1 0.303125 0.915625 0.11015625 0.11015625
1 0.115625 0.91875 0.109375 0.11015625