1 0.9359375 0.45703125 0.08515625 0.0859375
1 0.9296875 0.5703125 0.09765625 0.09765625
1 0.9265625 0.6734375 0.09765625 0.0984375
1 0.9234375 0.78671875 0.09765625 0.0984375
1 0.9203125 0.90234375 0.0859375 0.0859375
1 0.82421875 0.9421875 0.109375 0.1109375
1 0.825 0.83046875 0.11015625 0.11015625
3 0.8375 0.72265625 0.09765625 0.09765625
1 0.82890625 0.615625 0.11015625 0.11015625
1 0.8328125 0.50625 0.11015625 0.11015625
3 0.73515625 0.4609375 0.09765625 0.09765625
1 0.7296875 0.56484375 0.09765625 0.0984375
1 0.73125 0.67421875 0.09765625 0.0984375
1 0.734375 0.7796875 0.109375 0.11015625
1 0.72890625 0.89765625 0.11015625 0.11015625
1 0.63984375 0.51328125 0.11015625 0.11015625
1 0.63984375 0.6203125 0.09765625 0.0984375
1 0.63203125 0.73125 0.09765625 0.09765625
1 0.6390625 0.84296875 0.0859375 0.08671875
1 0.54453125 0.45625 0.11015625 0.11015625
1 0.546875 0.559375 0.109375 0.1109375
1 0.54296875 0.67421875 0.09765625 0.0984375
1 0.54140625 0.790625 0.11015625 0.1109375
1 0.5453125 0.9 0.09765625 0.09765625
1 0.45 0.63203125 0.109375 0.11015625
1 0.446875 0.7203125 0.09765625 0.09765625
1 0.45234375 0.80625 0.11015625 0.1109375
1 0.4578125 0.92109375 0.11015625 0.11015625
1 0.35859375 0.90390625 0.09765625 0.0984375
1 0.371875 0.4421875 0.11015625 0.1109375
1 0.36328125 0.5421875 0.109375 0.11015625
1 0.36328125 0.68671875 0.109375 0.11015625
1 0.359375 0.7765625 0.09765625 0.0984375
1 0.25390625 0.50078125 0.109375 0.11015625
1 0.2625 0.728125 0.09765625 0.09765625
1 0.2640625 0.83515625 0.09765625 0.09765625
1 0.2640625 0.9484375 0.09765625 0.09765625
1 0.16484375 0.4578125 0.09765625 0.0984375
2 0.1 0.6921875 0.0484375 0.05
1 0.16484375 0.5515625 0.11015625 0.11015625
1 0.16796875 0.909375 0.09765625 0.09765625
1 0.071875 0.94375 0.109375 0.11015625
1 0.92890625 0.34921875 0.109375 0.11015625
1 0.83125 0.396875 0.11015625 0.11015625
1 0.7359375 0.3546875 0.109375 0.11015625
1 0.62890625 0.39765625 0.109375 0.11015625
1 0.6421875 0.06640625 0.09765625 0.09765625
1 0.54765625 0.1375 0.09765625 0.09765625
1 0.5453125 0.33671875 0.109375 0.1109375
1 0.4609375 0.190625 0.09765625 0.0984375
1 0.4578125 0.07890625 0.11015625 0.1109375
1 0.3734375 0.13125 0.109375 0.11015625
1 0.3765625 0.24296875 0.109375 0.11015625
1 0.3625 0.35 0.11015625 0.1109375
1 0.26171875 0.3921875 0.109375 0.1109375
1 0.26328125 0.2875 0.11015625 0.1109375
1 0.26328125 0.17109375 0.08515625 0.0859375
1 0.08671875 0.075 0.08515625 0.0859375
1 0.0859375 0.1765625 0.09765625 0.0984375
1 0.18359375 0.340625 0.09765625 0.0984375