1 0.378125 0.13359375 0.09765625 0.0984375
3 0.3765625 0.23984375 0.11015625 0.11015625
1 0.46953125 0.071875 0.0859375 0.0859375
1 0.48515625 0.1890625 0.08515625 0.0859375
1 0.28203125 0.084375 0.11015625 0.11015625
1 0.28203125 0.18984375 0.109375 0.11015625
1 0.1859375 0.1203125 0.109375 0.11015625
1 0.18359375 0.23984375 0.109375 0.11015625
1 0.08984375 0.0734375 0.09765625 0.0984375
1 0.08984375 0.18203125 0.09765625 0.0984375
1 0.09375 0.2921875 0.109375 0.11015625
1 0.09140625 0.409375 0.11015625 0.11015625
1 0.09296875 0.51640625 0.11015625 0.11015625
1 0.09453125 0.6265625 0.11015625 0.1109375
1 0.18125 0.34453125 0.109375 0.11015625
1 0.18046875 0.4578125 0.109375 0.11015625
1 0.18828125 0.56875 0.109375 0.11015625
1 0.28125 0.29453125 0.09765625 0.0984375
1 0.28125 0.40546875 0.109375 0.11015625
1 0.284375 0.5125 0.09765625 0.0984375
1 0.28515625 0.62421875 0.109375 0.11015625
1 0.38046875 0.34140625 0.11015625 0.11015625
1 0.37578125 0.45546875 0.11015625 0.11015625
1 0.3796875 0.575 0.11015625 0.11015625
1 0.38203125 0.68046875 0.109375 0.11015625
1 0.48046875 0.296875 0.0859375 0.0859375
1 0.48359375 0.3984375 0.08515625 0.0859375
1 0.47890625 0.509375 0.08515625 0.0859375
1 0.4796875 0.6234375 0.08515625 0.0859375
1 0.56640625 0.13203125 0.09765625 0.09765625
1 0.57890625 0.2390625 0.09765625 0.09765625
1 0.575 0.35078125 0.109375 0.11015625
1 0.5734375 0.45625 0.109375 0.11015625
1 0.575 0.571875 0.09765625 0.0984375
1 0.57265625 0.68046875 0.11015625 0.11015625
1 0.67109375 0.1859375 0.11015625 0.1109375
1 0.675 0.2953125 0.11015625 0.1109375
1 0.675 0.40703125 0.109375 0.11015625
1 0.67109375 0.509375 0.09765625 0.0984375
1 0.6734375 0.62578125 0.109375 0.11015625
1 0.665625 0.075 0.08515625 0.0859375
1 0.765625 0.13203125 0.09765625 0.0984375
1 0.765625 0.23828125 0.09765625 0.09765625
1 0.76875 0.346875 0.09765625 0.09765625
1 0.7703125 0.4546875 0.11015625 0.1109375
1 0.7703125 0.56484375 0.09765625 0.0984375
1 0.8609375 0.084375 0.109375 0.11015625
1 0.8640625 0.18984375 0.09765625 0.0984375
1 0.86640625 0.29375 0.09765625 0.0984375
1 0.8578125 0.40625 0.109375 0.1109375
1 0.86015625 0.5109375 0.11015625 0.1109375
1 0.86796875 0.6078125 0.11015625 0.1109375
1 0.86171875 0.7359375 0.11015625 0.11015625
1 0.8640625 0.84296875 0.11015625 0.11015625
1 0.86015625 0.95390625 0.0859375 0.0859375
1 0.7640625 0.67734375 0.09765625 0.0984375
1 0.7609375 0.78671875 0.09765625 0.0984375
1 0.76953125 0.9 0.09765625 0.0984375
1 0.66484375 0.7390625 0.109375 0.11015625
1 0.6640625 0.85078125 0.109375 0.11015625
1 0.575 0.79140625 0.11015625 0.11015625
1 0.565625 0.9015625 0.11015625 0.11015625
1 0.4828125 0.73359375 0.09765625 0.0984375
1 0.48515625 0.8421875 0.0859375 0.0859375
1 0.38125 0.7921875 0.109375 0.11015625
1 0.3828125 0.896875 0.109375 0.1109375
1 0.2828125 0.73671875 0.109375 0.11015625
1 0.284375 0.84765625 0.11015625 0.1109375
1 0.18515625 0.68046875 0.11015625 0.1109375
1 0.18671875 0.78828125 0.11015625 0.1109375
1 0.190625 0.90546875 0.11015625 0.11015625
1 0.096875 0.74375 0.11015625 0.1109375
1 0.0953125 0.84921875 0.09765625 0.0984375