2 0.56328125 0.1703125 0.0859375 0.0859375
2 0.75703125 0.17421875 0.0734375 0.0734375
2 0.75078125 0.39140625 0.08515625 0.0859375
2 0.75546875 0.50859375 0.0734375 0.0734375
2 0.8453125 0.33359375 0.0734375 0.0734375
2 0.85078125 0.559375 0.08515625 0.0859375
2 0.84453125 0.44765625 0.06171875 0.06171875
2 0.84765625 0.67578125 0.0859375 0.0859375
2 0.85234375 0.228125 0.0734375 0.0734375
1 0.09140625 0.1171875 0.11015625 0.1109375
1 0.09921875 0.2140625 0.11015625 0.1109375
1 0.1875 0.06171875 0.09765625 0.09765625
1 0.1890625 0.17578125 0.09765625 0.09765625
1 0.28125 0.11640625 0.09765625 0.0984375
1 0.3765625 0.065625 0.08515625 0.0859375
1 0.3765625 0.1734375 0.0734375 0.07421875
0 0.4703125 0.121875 0.0734375 0.0734375
1 0.5625 0.065625 0.0859375 0.08671875
1 0.65859375 0.1171875 0.08515625 0.0859375
2 0.753125 0.065625 0.06171875 0.06171875
1 0.6625 0.22890625 0.0859375 0.08671875
1 0.475 0.2234375 0.09765625 0.0984375
1 0.84765625 0.1171875 0.0859375 0.0859375
1 0.74921875 0.2828125 0.0734375 0.0734375
1 0.753125 0.6140625 0.0859375 0.0859375
1 0.75390625 0.72578125 0.09765625 0.09765625
1 0.65703125 0.33984375 0.0859375 0.0859375
1 0.653125 0.4515625 0.09765625 0.0984375
1 0.65625 0.559375 0.0859375 0.0859375
1 0.65625 0.665625 0.09765625 0.09765625
1 0.5609375 0.28671875 0.09765625 0.0984375
1 0.5609375 0.39375 0.09765625 0.0984375
1 0.56328125 0.50859375 0.08515625 0.0859375
1 0.565625 0.6171875 0.08515625 0.0859375
1 0.5640625 0.721875 0.09765625 0.09765625
1 0.46875 0.33515625 0.09765625 0.0984375
1 0.471875 0.4484375 0.09765625 0.09765625
1 0.46796875 0.5671875 0.08515625 0.0859375
1 0.4671875 0.6703125 0.09765625 0.09765625
1 0.37890625 0.28046875 0.09765625 0.09765625
1 0.37578125 0.4 0.0859375 0.0859375
1 0.378125 0.50859375 0.0734375 0.07421875
1 0.3765625 0.6171875 0.0734375 0.07421875
1 0.36875 0.72890625 0.0734375 0.0734375
1 0.28125 0.2296875 0.109375 0.1109375
1 0.28046875 0.340625 0.09765625 0.09765625
1 0.284375 0.45390625 0.09765625 0.09765625
1 0.284375 0.559375 0.08515625 0.0859375
1 0.2859375 0.66875 0.09765625 0.0984375
1 0.18671875 0.2828125 0.09765625 0.09765625
1 0.18671875 0.39375 0.09765625 0.0984375
1 0.1890625 0.5046875 0.08515625 0.0859375
1 0.1875 0.61640625 0.09765625 0.0984375
1 0.1875 0.73125 0.09765625 0.0984375
1 0.09296875 0.3421875 0.11015625 0.11015625
1 0.0953125 0.45 0.11015625 0.11015625
1 0.0921875 0.5609375 0.0859375 0.0859375
1 0.09375 0.66953125 0.09765625 0.0984375
1 0.09375 0.778125 0.109375 0.11015625
1 0.10078125 0.9015625 0.109375 0.11015625
1 0.18828125 0.83203125 0.09765625 0.09765625
1 0.28203125 0.7828125 0.0734375 0.07421875
1 0.284375 0.890625 0.09765625 0.09765625
1 0.3734375 0.83515625 0.0734375 0.07421875
1 0.3703125 0.946875 0.09765625 0.09765625
1 0.471875 0.778125 0.09765625 0.0984375
1 0.46796875 0.89140625 0.0859375 0.0859375
1 0.5640625 0.8296875 0.09765625 0.0984375
1 0.56953125 0.94765625 0.09765625 0.0984375
1 0.6578125 0.78046875 0.0859375 0.08671875
1 0.6578125 0.88828125 0.09765625 0.0984375
1 0.7578125 0.834375 0.09765625 0.0984375
1 0.75078125 0.94296875 0.09765625 0.0984375
1 0.846875 0.77421875 0.08515625 0.0859375
1 0.846875 0.88671875 0.08515625 0.0859375