2 0.38125 0.3734375 0.0859375 0.08671875
1 0.9515625 0.36796875 0.08515625 0.0859375
1 0.85859375 0.09140625 0.11015625 0.11015625
1 0.86328125 0.19296875 0.09765625 0.0984375
1 0.85234375 0.3015625 0.09765625 0.09765625
1 0.75625 0.1421875 0.11015625 0.11015625
1 0.759375 0.259375 0.11015625 0.1109375
1 0.75703125 0.3671875 0.0859375 0.0859375
1 0.6609375 0.0984375 0.0734375 0.07421875
1 0.6640625 0.196875 0.09765625 0.09765625
1 0.65703125 0.315625 0.09765625 0.09765625
1 0.56875 0.1328125 0.109375 0.1109375
1 0.56171875 0.25234375 0.09765625 0.0984375
1 0.56171875 0.36875 0.08515625 0.0859375
1 0.47578125 0.07734375 0.08515625 0.0859375
1 0.47265625 0.20234375 0.09765625 0.0984375
1 0.48046875 0.31171875 0.09765625 0.0984375
1 0.378125 0.0453125 0.08515625 0.0859375
1 0.371875 0.1640625 0.08515625 0.0859375
1 0.378125 0.2671875 0.0859375 0.0859375
2 0.2875 0.11015625 0.0375 0.0375
2 0.28984375 0.21640625 0.02421875 0.02421875
2 0.28359375 0.3296875 0.02421875 0.02421875
2 0.1921875 0.13828125 0.02421875 0.02421875
2 0.1921875 0.2484375 0.02421875 0.02421875
2 0.18828125 0.3640625 0.02421875 0.02421875
2 0.184375 0.4734375 0.02421875 0.02421875
2 0.18671875 0.55546875 0.02421875 0.02421875
2 0.284375 0.41640625 0.02421875 0.02421875
2 0.278125 0.52421875 0.02421875 0.02421875
2 0.378125 0.5546875 0.0375 0.0375
1 0.375 0.471875 0.109375 0.11015625
1 0.484375 0.415625 0.0859375 0.0859375
1 0.48515625 0.525 0.0734375 0.0734375
1 0.565625 0.475 0.09765625 0.0984375
2 0.55625 0.590625 0.06171875 0.06171875
1 0.65703125 0.42109375 0.09765625 0.0984375
1 0.6625 0.52890625 0.09765625 0.0984375
1 0.765625 0.478125 0.09765625 0.09765625
1 0.85703125 0.4171875 0.08515625 0.0859375
1 0.85546875 0.528125 0.09765625 0.09765625
1 0.9484375 0.5703125 0.08515625 0.0859375
2 0.1 0.71796875 0.0609375 0.06171875
1 0.0921875 0.81640625 0.0859375 0.0859375
1 0.09296875 0.928125 0.11015625 0.1109375
1 0.18828125 0.76640625 0.0859375 0.0859375
1 0.18046875 0.8765625 0.09765625 0.0984375
2 0.2859375 0.725 0.06171875 0.06171875
1 0.28203125 0.81875 0.09765625 0.0984375
1 0.28671875 0.93359375 0.121875 0.1234375
1 0.3796875 0.76796875 0.09765625 0.0984375
1 0.37578125 0.87734375 0.11015625 0.11015625
2 0.46953125 0.73515625 0.0484375 0.0484375
1 0.4671875 0.82109375 0.09765625 0.0984375
1 0.46640625 0.9359375 0.121875 0.121875
1 0.55546875 0.76796875 0.0734375 0.0734375
1 0.559375 0.88046875 0.109375 0.11015625
1 0.665625 0.8203125 0.121875 0.1234375
1 0.65390625 0.92890625 0.121875 0.1234375
1 0.759375 0.765625 0.0734375 0.07421875
1 0.76484375 0.878125 0.09765625 0.09765625
1 0.86015625 0.82109375 0.121875 0.1234375
1 0.95 0.77265625 0.09765625 0.09765625