2 0.1390625 0.853125 0.0734375 0.07421875
2 0.709375 0.62421875 0.0734375 0.0734375
2 0.80234375 0.215625 0.0734375 0.07421875
2 0.61640625 0.696875 0.0734375 0.07421875
2 0.9125 0.8546875 0.0734375 0.0734375
2 0.79453125 0.89921875 0.06171875 0.06171875
1 0.90078125 0.52421875 0.11015625 0.1109375
1 0.8109375 0.49921875 0.109375 0.11015625
1 0.803125 0.5953125 0.09765625 0.09765625
1 0.70703125 0.52265625 0.09765625 0.0984375
1 0.71484375 0.7515625 0.09765625 0.09765625
1 0.90703125 0.73359375 0.0859375 0.0859375
1 0.6203125 0.4671875 0.09765625 0.09765625
1 0.6109375 0.575 0.0859375 0.0859375
1 0.6234375 0.80390625 0.09765625 0.09765625
1 0.52421875 0.765625 0.0859375 0.0859375
1 0.5265625 0.8578125 0.11015625 0.11015625
1 0.43359375 0.46640625 0.09765625 0.0984375
3 0.4265625 0.58125 0.0859375 0.0859375
1 0.42890625 0.68671875 0.08515625 0.0859375
1 0.43046875 0.803125 0.11015625 0.11015625
1 0.434375 0.91171875 0.11015625 0.11015625
1 0.3375 0.4328125 0.09765625 0.09765625
1 0.34296875 0.52421875 0.09765625 0.0984375
1 0.328125 0.628125 0.09765625 0.09765625
1 0.32890625 0.75546875 0.09765625 0.0984375
1 0.32421875 0.86484375 0.09765625 0.0984375
1 0.24453125 0.4796875 0.11015625 0.1109375
1 0.2484375 0.6046875 0.121875 0.1234375
1 0.24140625 0.71015625 0.08515625 0.0859375
1 0.225 0.82734375 0.0859375 0.0859375
1 0.22734375 0.9125 0.08515625 0.08671875
1 0.14921875 0.428125 0.11015625 0.11015625
1 0.153125 0.5375 0.11015625 0.11015625
1 0.15 0.65 0.09765625 0.0984375
1 0.15234375 0.7484375 0.09765625 0.0984375
2 0.0609375 0.83515625 0.0609375 0.06171875
2 0.06015625 0.93828125 0.0734375 0.07421875
1 0.06171875 0.59140625 0.11015625 0.11015625
1 0.059375 0.70625 0.109375 0.11015625
1 0.61953125 0.14921875 0.08515625 0.0859375
1 0.72734375 0.165625 0.08515625 0.0859375
1 0.7234375 0.0828125 0.08515625 0.0859375
1 0.80625 0.0453125 0.08515625 0.0859375
1 0.80703125 0.1265625 0.08515625 0.0859375
1 0.90546875 0.27734375 0.0859375 0.0859375
1 0.903125 0.1703125 0.08515625 0.0859375
1 0.9109375 0.075 0.08515625 0.0859375
1 0.9015625 0.4265625 0.09765625 0.0984375
1 0.809375 0.40546875 0.109375 0.11015625
1 0.7125 0.42265625 0.11015625 0.11015625
1 0.61796875 0.3546875 0.09765625 0.09765625
1 0.525 0.0890625 0.09765625 0.0984375
1 0.5265625 0.20234375 0.09765625 0.0984375
1 0.43359375 0.14765625 0.0859375 0.0859375
1 0.43046875 0.25703125 0.09765625 0.09765625
1 0.42578125 0.35546875 0.0859375 0.0859375
1 0.3421875 0.1046875 0.09765625 0.09765625
1 0.3421875 0.20234375 0.109375 0.1109375
1 0.33671875 0.3140625 0.11015625 0.11015625
1 0.2453125 0.05 0.09765625 0.09765625
1 0.24296875 0.1734375 0.08515625 0.0859375
1 0.24765625 0.2765625 0.08515625 0.0859375
1 0.153125 0.321875 0.09765625 0.0984375
1 0.14765625 0.21484375 0.11015625 0.1109375
1 0.1546875 0.1046875 0.09765625 0.09765625
1 0.0671875 0.16171875 0.11015625 0.11015625
1 0.06171875 0.2640625 0.109375 0.11015625
1 0.06171875 0.3796875 0.0859375 0.0859375
1 0.2515625 0.3875 0.11015625 0.11015625