3 0.51328125 0.74609375 0.0734375 0.07421875
3 0.51171875 0.865625 0.0609375 0.06171875
1 0.8875 0.8609375 0.0859375 0.0859375
1 0.8875 0.75703125 0.09765625 0.09765625
1 0.79765625 0.80234375 0.11015625 0.11015625
1 0.79453125 0.91796875 0.11015625 0.1109375
1 0.69609375 0.75234375 0.09765625 0.0984375
1 0.7015625 0.86875 0.11015625 0.11015625
1 0.60625 0.8046875 0.11015625 0.1109375
1 0.6125 0.9125 0.09765625 0.0984375
1 0.4171875 0.834375 0.09765625 0.0984375
1 0.4203125 0.90625 0.0859375 0.0859375
1 0.31328125 0.74921875 0.09765625 0.0984375
1 0.3203125 0.8625 0.09765625 0.0984375
1 0.228125 0.80390625 0.09765625 0.0984375
1 0.225 0.915625 0.09765625 0.09765625
1 0.12890625 0.86015625 0.109375 0.11015625
3 0.60625 0.37890625 0.0859375 0.0859375
3 0.22890625 0.57265625 0.06171875 0.06171875
1 0.321875 0.6421875 0.08515625 0.0859375
1 0.41875 0.6015625 0.0859375 0.0859375
1 0.41875 0.69140625 0.0859375 0.0859375
1 0.51484375 0.6328125 0.0859375 0.0859375
1 0.52265625 0.54609375 0.0859375 0.0859375
1 0.89140625 0.209375 0.08515625 0.0859375
1 0.79765625 0.3703125 0.0859375 0.0859375
1 0.7953125 0.47421875 0.11015625 0.11015625
1 0.79609375 0.59453125 0.11015625 0.11015625
1 0.79765625 0.6953125 0.09765625 0.09765625
1 0.89375 0.65390625 0.09765625 0.0984375
1 0.89765625 0.5421875 0.09765625 0.09765625
1 0.896875 0.42109375 0.09765625 0.09765625
1 0.88984375 0.309375 0.0859375 0.08671875
1 0.7046875 0.09453125 0.09765625 0.0984375
1 0.7015625 0.184375 0.09765625 0.0984375
1 0.70234375 0.41875 0.09765625 0.0984375
1 0.70234375 0.52578125 0.09765625 0.0984375
1 0.6953125 0.64609375 0.09765625 0.0984375
1 0.6046875 0.69140625 0.08515625 0.0859375
1 0.60859375 0.14140625 0.09765625 0.0984375
1 0.609375 0.24765625 0.09765625 0.0984375
1 0.60234375 0.47890625 0.09765625 0.0984375
1 0.6015625 0.584375 0.09765625 0.0984375
1 0.5171875 0.296875 0.0859375 0.0859375
1 0.521875 0.19140625 0.0859375 0.0859375
1 0.51875 0.0859375 0.08515625 0.0859375
1 0.415625 0.153125 0.11015625 0.11015625
1 0.4140625 0.265625 0.109375 0.1109375
1 0.41796875 0.3671875 0.109375 0.1109375
1 0.321875 0.42265625 0.109375 0.1109375
1 0.3296875 0.3140625 0.109375 0.11015625
1 0.3296875 0.18984375 0.109375 0.11015625
1 0.33046875 0.09765625 0.11015625 0.1109375
1 0.2328125 0.146875 0.09765625 0.0984375
1 0.2328125 0.25625 0.09765625 0.0984375
1 0.234375 0.3625 0.09765625 0.0984375
1 0.234375 0.44609375 0.09765625 0.09765625
1 0.13203125 0.40078125 0.09765625 0.0984375
1 0.14140625 0.115625 0.109375 0.11015625
1 0.13359375 0.196875 0.0859375 0.0859375
1 0.14140625 0.29921875 0.109375 0.11015625
1 0.22734375 0.690625 0.109375 0.11015625
1 0.13359375 0.753125 0.11015625 0.11015625
1 0.1390625 0.62578125 0.0859375 0.0859375