2 0.69375 0.39140625 0.0734375 0.0734375
2 0.5953125 0.221875 0.06171875 0.06171875
2 0.68984375 0.26796875 0.06171875 0.06171875
2 0.7828125 0.2296875 0.0609375 0.0609375
2 0.41640625 0.22421875 0.06171875 0.06171875
2 0.6953125 0.71484375 0.0859375 0.0859375
2 0.8890625 0.71953125 0.0734375 0.0734375
2 0.88203125 0.93671875 0.08515625 0.0859375
1 0.12890625 0.28359375 0.09765625 0.0984375
1 0.12890625 0.38984375 0.09765625 0.09765625
1 0.13203125 0.4984375 0.09765625 0.09765625
1 0.13359375 0.60625 0.11015625 0.1109375
1 0.13359375 0.71640625 0.09765625 0.0984375
1 0.225 0.2359375 0.109375 0.11015625
1 0.22734375 0.34140625 0.09765625 0.0984375
1 0.2296875 0.44453125 0.09765625 0.0984375
1 0.2203125 0.5578125 0.109375 0.1109375
1 0.2234375 0.6625 0.11015625 0.1109375
1 0.23125 0.75859375 0.11015625 0.1109375
1 0.31875 0.28046875 0.09765625 0.0984375
1 0.3203125 0.384375 0.09765625 0.0984375
1 0.321875 0.49921875 0.109375 0.11015625
1 0.31953125 0.60625 0.09765625 0.09765625
1 0.32109375 0.7203125 0.09765625 0.09765625
1 0.4125 0.3375 0.09765625 0.0984375
1 0.41484375 0.44296875 0.09765625 0.0984375
1 0.41328125 0.55390625 0.11015625 0.11015625
1 0.41328125 0.66171875 0.09765625 0.0984375
1 0.50703125 0.2765625 0.09765625 0.0984375
1 0.50859375 0.3921875 0.0859375 0.08671875
1 0.50546875 0.503125 0.08515625 0.0859375
1 0.50859375 0.61015625 0.08515625 0.0859375
1 0.50859375 0.71875 0.0734375 0.07421875
1 0.60078125 0.3359375 0.0859375 0.0859375
1 0.59765625 0.44609375 0.0859375 0.0859375
1 0.6 0.55546875 0.0734375 0.0734375
0 0.60234375 0.66640625 0.0734375 0.0734375
1 0.696875 0.5109375 0.0859375 0.0859375
1 0.69453125 0.6109375 0.0859375 0.08671875
1 0.7921875 0.3328125 0.09765625 0.09765625
1 0.790625 0.44140625 0.08515625 0.0859375
1 0.78984375 0.5546875 0.08515625 0.0859375
1 0.790625 0.6625 0.08515625 0.0859375
0 0.88359375 0.275 0.0734375 0.07421875
1 0.8890625 0.3859375 0.09765625 0.09765625
1 0.8890625 0.496875 0.09765625 0.09765625
2 0.88515625 0.6109375 0.06171875 0.06171875
1 0.79375 0.77421875 0.0859375 0.08671875
1 0.60625 0.76796875 0.09765625 0.0984375
1 0.88125 0.82734375 0.0734375 0.0734375
1 0.7890625 0.884375 0.0859375 0.0859375
1 0.6921875 0.83125 0.09765625 0.0984375
1 0.6921875 0.9390625 0.09765625 0.0984375
1 0.60078125 0.88046875 0.09765625 0.0984375
1 0.5109375 0.825 0.09765625 0.09765625
1 0.5078125 0.9453125 0.0859375 0.0859375
1 0.41328125 0.77421875 0.109375 0.1109375
1 0.4125 0.8859375 0.09765625 0.09765625
1 0.31875 0.828125 0.09765625 0.09765625
1 0.31875 0.9390625 0.09765625 0.0984375
1 0.225 0.8875 0.11015625 0.11015625
1 0.1265625 0.82890625 0.09765625 0.0984375
1 0.12421875 0.93828125 0.09765625 0.0984375