2 0.115625 0.3078125 0.0734375 0.07421875
2 0.22109375 0.61171875 0.0734375 0.0734375
2 0.11875 0.6609375 0.0734375 0.07421875
2 0.20625 0.80703125 0.0734375 0.0734375
2 0.2921875 0.8890625 0.0734375 0.0734375
2 0.87421875 0.1140625 0.0734375 0.07421875
1 0.9546875 0.82734375 0.0859375 0.0859375
1 0.86328125 0.8765625 0.109375 0.1109375
1 0.771875 0.93515625 0.109375 0.11015625
1 0.7609375 0.8390625 0.11015625 0.11015625
1 0.57734375 0.94375 0.11015625 0.11015625
1 0.58125 0.8234375 0.11015625 0.1109375
1 0.4 0.82265625 0.09765625 0.0984375
1 0.11640625 0.865625 0.0859375 0.0859375
1 0.215625 0.9203125 0.0859375 0.08671875
2 0.22109375 0.70546875 0.0734375 0.0734375
2 0.11640625 0.7703125 0.0734375 0.07421875
1 0.22265625 0.409375 0.0859375 0.0859375
1 0.11796875 0.54140625 0.109375 0.11015625
1 0.1140625 0.4234375 0.09765625 0.0984375
2 0.4015625 0.49609375 0.0484375 0.0484375
1 0.40078125 0.59765625 0.08515625 0.0859375
1 0.403125 0.71328125 0.0859375 0.08671875
1 0.87109375 0.7765625 0.109375 0.1109375
1 0.86796875 0.66484375 0.11015625 0.11015625
1 0.86796875 0.55625 0.11015625 0.11015625
1 0.86640625 0.440625 0.11015625 0.11015625
1 0.86796875 0.32890625 0.11015625 0.11015625
1 0.86875 0.2171875 0.09765625 0.09765625
1 0.78046875 0.153125 0.0859375 0.0859375
1 0.76484375 0.28046875 0.09765625 0.0984375
1 0.7703125 0.38984375 0.09765625 0.0984375
1 0.7671875 0.49921875 0.11015625 0.11015625
1 0.7734375 0.6109375 0.109375 0.11015625
1 0.76875 0.7234375 0.11015625 0.11015625
1 0.6859375 0.77734375 0.09765625 0.09765625
1 0.68125 0.63984375 0.09765625 0.09765625
1 0.67890625 0.540625 0.09765625 0.0984375
1 0.67890625 0.45078125 0.09765625 0.0984375
1 0.684375 0.32734375 0.09765625 0.0984375
1 0.5828125 0.71640625 0.09765625 0.0984375
1 0.58359375 0.60078125 0.08515625 0.0859375
1 0.584375 0.0578125 0.09765625 0.0984375
1 0.49296875 0.10625 0.09765625 0.0984375
1 0.48828125 0.2234375 0.109375 0.11015625
1 0.48515625 0.32890625 0.109375 0.11015625
1 0.39375 0.05234375 0.09765625 0.0984375
1 0.4 0.1578125 0.09765625 0.0984375
1 0.3953125 0.2703125 0.11015625 0.11015625
1 0.3921875 0.384375 0.11015625 0.11015625
1 0.30078125 0.328125 0.109375 0.1109375
1 0.309375 0.19453125 0.09765625 0.09765625
1 0.3046875 0.09296875 0.109375 0.1109375
1 0.2140625 0.15390625 0.11015625 0.11015625
1 0.21171875 0.2984375 0.11015625 0.11015625
1 0.30546875 0.43515625 0.109375 0.11015625
1 0.30546875 0.54296875 0.0859375 0.0859375
1 0.11484375 0.1015625 0.08515625 0.0859375
1 0.3 0.7765625 0.0859375 0.0859375