2 0.17109375 0.14609375 0.0734375 0.0734375
2 0.0828125 0.259375 0.0609375 0.06171875
1 0.909375 0.66328125 0.08515625 0.0859375
1 0.91328125 0.77109375 0.109375 0.11015625
1 0.903125 0.8828125 0.11015625 0.1109375
1 0.81328125 0.81640625 0.09765625 0.09765625
1 0.8125 0.678125 0.09765625 0.0984375
1 0.8125 0.58828125 0.109375 0.11015625
1 0.7203125 0.5484375 0.09765625 0.0984375
1 0.725 0.665625 0.109375 0.11015625
1 0.72734375 0.77734375 0.08515625 0.0859375
2 0.446875 0.5984375 0.0484375 0.0484375
1 0.62265625 0.61171875 0.08515625 0.08671875
1 0.62265625 0.7078125 0.08515625 0.0859375
1 0.63515625 0.8328125 0.11015625 0.1109375
1 0.5421875 0.8546875 0.11015625 0.11015625
1 0.44296875 0.809375 0.08515625 0.0859375
1 0.534375 0.65703125 0.08515625 0.0859375
2 0.5359375 0.7640625 0.0484375 0.0484375
2 0.35234375 0.66015625 0.0484375 0.0484375
2 0.2625 0.615625 0.0484375 0.0484375
2 0.2578125 0.715625 0.0484375 0.0484375
2 0.16796875 0.66875 0.0375 0.0375
2 0.1578125 0.784375 0.0359375 0.0359375
2 0.0671875 0.709375 0.02421875 0.025
1 0.35546875 0.76640625 0.09765625 0.09765625
1 0.34609375 0.878125 0.11015625 0.11015625
1 0.25703125 0.81953125 0.11015625 0.11015625
1 0.175 0.9046875 0.09765625 0.09765625
1 0.0828125 0.83671875 0.09765625 0.0984375
1 0.084375 0.940625 0.09765625 0.09765625
2 0.440625 0.70625 0.0484375 0.05
1 0.93359375 0.05546875 0.09765625 0.09765625
1 0.915625 0.15546875 0.11015625 0.11015625
1 0.9125 0.24140625 0.11015625 0.11015625
3 0.8171875 0.065625 0.0734375 0.0734375
1 0.82109375 0.17109375 0.09765625 0.0984375
1 0.8171875 0.2796875 0.11015625 0.11015625
1 0.73359375 0.240625 0.09765625 0.09765625
1 0.73828125 0.1625 0.09765625 0.0984375
2 0.6359375 0.18671875 0.0734375 0.0734375
1 0.6421875 0.2859375 0.09765625 0.0984375
1 0.4578125 0.096875 0.109375 0.11015625
1 0.4546875 0.215625 0.09765625 0.0984375
1 0.35703125 0.15546875 0.08515625 0.0859375
1 0.2609375 0.203125 0.08515625 0.0859375
1 0.25859375 0.096875 0.09765625 0.09765625
1 0.08828125 0.10078125 0.08515625 0.0859375
1 0.07890625 0.1796875 0.0859375 0.0859375