3 0.59453125 0.81875 0.0734375 0.07421875
3 0.59296875 0.93828125 0.0609375 0.06171875
1 0.878125 0.87421875 0.11015625 0.11015625
1 0.77734375 0.825 0.09765625 0.0984375
1 0.7828125 0.940625 0.11015625 0.11015625
1 0.68671875 0.8765625 0.11015625 0.1109375
1 0.4984375 0.90703125 0.09765625 0.0984375
1 0.39453125 0.821875 0.09765625 0.0984375
1 0.4015625 0.93515625 0.09765625 0.0984375
1 0.309375 0.8765625 0.09765625 0.0984375
1 0.21015625 0.93203125 0.109375 0.11015625
1 0.11953125 0.87734375 0.11015625 0.11015625
3 0.6875 0.4515625 0.0859375 0.0859375
3 0.31015625 0.6453125 0.06171875 0.06171875
1 0.403125 0.71484375 0.08515625 0.0859375
1 0.5 0.6734375 0.0859375 0.0859375
1 0.5 0.7640625 0.0859375 0.0859375
1 0.5953125 0.7046875 0.0859375 0.0859375
1 0.603125 0.61796875 0.0859375 0.0859375
1 0.8796875 0.11328125 0.08515625 0.0859375
1 0.87890625 0.4421875 0.0859375 0.0859375
1 0.8765625 0.54609375 0.11015625 0.11015625
1 0.87734375 0.66640625 0.11015625 0.11015625
1 0.87890625 0.7671875 0.09765625 0.09765625
1 0.7859375 0.05859375 0.0859375 0.0859375
1 0.7859375 0.16640625 0.09765625 0.0984375
1 0.78203125 0.25625 0.09765625 0.0984375
1 0.7828125 0.490625 0.09765625 0.0984375
1 0.7828125 0.5984375 0.09765625 0.0984375
1 0.7765625 0.71796875 0.09765625 0.0984375
1 0.6859375 0.7640625 0.08515625 0.0859375
1 0.69140625 0.11796875 0.09765625 0.09765625
1 0.6890625 0.21328125 0.09765625 0.0984375
1 0.690625 0.31953125 0.09765625 0.0984375
1 0.68359375 0.5515625 0.09765625 0.0984375
1 0.6828125 0.65703125 0.09765625 0.0984375
1 0.5984375 0.36875 0.0859375 0.0859375
1 0.60234375 0.2640625 0.0859375 0.0859375
1 0.6 0.1578125 0.08515625 0.0859375
1 0.6 0.05546875 0.08515625 0.0859375
1 0.503125 0.11171875 0.11015625 0.11015625
1 0.496875 0.225 0.11015625 0.11015625
1 0.4953125 0.3375 0.109375 0.1109375
1 0.49921875 0.4390625 0.109375 0.1109375
1 0.403125 0.4953125 0.109375 0.1109375
1 0.4109375 0.3859375 0.109375 0.11015625
1 0.4109375 0.2625 0.109375 0.11015625
1 0.41171875 0.1703125 0.11015625 0.1109375
1 0.30546875 0.10234375 0.109375 0.11015625
1 0.31328125 0.21953125 0.09765625 0.0984375
1 0.31328125 0.32890625 0.09765625 0.0984375
1 0.315625 0.43515625 0.09765625 0.0984375
1 0.315625 0.51875 0.09765625 0.09765625
1 0.2125 0.4734375 0.09765625 0.0984375
1 0.22265625 0.18828125 0.109375 0.11015625
1 0.21484375 0.26953125 0.0859375 0.0859375
1 0.22265625 0.371875 0.109375 0.11015625
1 0.13359375 0.103125 0.0859375 0.0859375
1 0.1234375 0.1984375 0.109375 0.1109375
1 0.1203125 0.29765625 0.11015625 0.11015625
1 0.13359375 0.41171875 0.11015625 0.11015625
1 0.30859375 0.76328125 0.109375 0.11015625
1 0.2140625 0.82578125 0.11015625 0.11015625
1 0.12265625 0.77578125 0.11015625 0.11015625
1 0.21953125 0.6984375 0.0859375 0.0859375
1 0.128125 0.66171875 0.109375 0.11015625
1 0.12109375 0.5875 0.09765625 0.0984375