1 0.0875 0.1 0.109375 0.11015625
1 0.171875 0.13828125 0.09765625 0.0984375
1 0.2828125 0.09296875 0.11015625 0.11015625
1 0.278125 0.209375 0.11015625 0.11015625
1 0.3703125 0.14921875 0.109375 0.11015625
1 0.46640625 0.09453125 0.08515625 0.0859375
1 0.4671875 0.2078125 0.0859375 0.0859375
1 0.56484375 0.14921875 0.11015625 0.11015625
1 0.659375 0.0859375 0.109375 0.1109375
1 0.6546875 0.209375 0.11015625 0.11015625
1 0.75390625 0.15234375 0.109375 0.1109375
1 0.8484375 0.0921875 0.08515625 0.0859375
1 0.8484375 0.2046875 0.09765625 0.09765625
1 0.93671875 0.14765625 0.11015625 0.11015625
1 0.9421875 0.2640625 0.11015625 0.11015625
1 0.94375 0.38125 0.11015625 0.1109375
1 0.934375 0.490625 0.09765625 0.09765625
1 0.94453125 0.6078125 0.109375 0.11015625
1 0.8453125 0.3171875 0.109375 0.1109375
2 0.84453125 0.43671875 0.0609375 0.06171875
1 0.840625 0.54375 0.109375 0.11015625
1 0.84296875 0.65390625 0.109375 0.11015625
1 0.75078125 0.26171875 0.109375 0.1109375
1 0.75390625 0.371875 0.109375 0.11015625
1 0.7453125 0.4796875 0.11015625 0.11015625
1 0.74921875 0.6 0.11015625 0.11015625
1 0.65703125 0.31796875 0.11015625 0.11015625
2 0.653125 0.4171875 0.06171875 0.06171875
1 0.65390625 0.53828125 0.11015625 0.11015625
1 0.653125 0.6546875 0.109375 0.11015625
2 0.56328125 0.2671875 0.06171875 0.06171875
2 0.5578125 0.37578125 0.06171875 0.06171875
1 0.559375 0.4859375 0.109375 0.11015625
1 0.55859375 0.6046875 0.109375 0.11015625
1 0.46953125 0.3171875 0.109375 0.11015625
1 0.4640625 0.4421875 0.0859375 0.0859375
1 0.4640625 0.5421875 0.109375 0.11015625
1 0.465625 0.65078125 0.09765625 0.0984375
1 0.371875 0.259375 0.109375 0.11015625
1 0.36875 0.371875 0.11015625 0.11015625
1 0.37265625 0.48203125 0.11015625 0.11015625
1 0.3734375 0.59453125 0.11015625 0.11015625
1 0.27578125 0.3109375 0.11015625 0.11015625
1 0.278125 0.428125 0.11015625 0.11015625
1 0.278125 0.528125 0.109375 0.11015625
1 0.2734375 0.6421875 0.109375 0.1109375
1 0.3765625 0.7015625 0.11015625 0.1109375
1 0.178125 0.24453125 0.09765625 0.0984375
1 0.18671875 0.3640625 0.109375 0.11015625
1 0.1859375 0.47734375 0.109375 0.1109375
1 0.18125 0.5953125 0.109375 0.1109375
1 0.08515625 0.2015625 0.109375 0.11015625
1 0.0828125 0.3015625 0.09765625 0.09765625
1 0.084375 0.42890625 0.09765625 0.09765625
1 0.09140625 0.53046875 0.11015625 0.1109375
1 0.08359375 0.64765625 0.11015625 0.11015625
1 0.0828125 0.76015625 0.11015625 0.11015625
1 0.08515625 0.8640625 0.11015625 0.11015625
1 0.1765625 0.7078125 0.109375 0.11015625
1 0.18125 0.809375 0.109375 0.11015625
1 0.1828125 0.92421875 0.109375 0.11015625
1 0.2640625 0.7515625 0.11015625 0.1109375
1 0.275 0.86640625 0.109375 0.11015625
1 0.36875 0.81640625 0.11015625 0.1109375
1 0.36484375 0.9265625 0.11015625 0.11015625
1 0.46875 0.753125 0.09765625 0.09765625
1 0.4640625 0.86796875 0.11015625 0.1109375
1 0.56328125 0.7046875 0.09765625 0.0984375
1 0.5640625 0.81171875 0.09765625 0.0984375
1 0.5625 0.9234375 0.09765625 0.09765625
1 0.65390625 0.76328125 0.11015625 0.11015625
1 0.6515625 0.8734375 0.109375 0.11015625
1 0.74453125 0.709375 0.11015625 0.11015625
1 0.74765625 0.82109375 0.11015625 0.11015625
1 0.7484375 0.9234375 0.11015625 0.11015625
1 0.83671875 0.76875 0.109375 0.11015625
1 0.8421875 0.878125 0.09765625 0.0984375
1 0.94375 0.7046875 0.09765625 0.0984375
1 0.9390625 0.81328125 0.09765625 0.0984375