2 0.35390625 0.43046875 0.0734375 0.07421875
1 0.1671875 0.0984375 0.0859375 0.0859375
1 0.54296875 0.09765625 0.0859375 0.0859375
1 0.3578125 0.1109375 0.08515625 0.0859375
1 0.54375 0.2046875 0.0859375 0.0859375
1 0.53984375 0.31328125 0.09765625 0.09765625
1 0.54375 0.43671875 0.08515625 0.0859375
1 0.54453125 0.53125 0.08515625 0.0859375
1 0.54375 0.6546875 0.08515625 0.0859375
1 0.44765625 0.14921875 0.08515625 0.0859375
1 0.446875 0.26640625 0.09765625 0.09765625
1 0.44921875 0.378125 0.09765625 0.09765625
1 0.453125 0.48515625 0.0859375 0.0859375
1 0.446875 0.59296875 0.0859375 0.0859375
3 0.35390625 0.20625 0.08515625 0.0859375
1 0.3546875 0.3171875 0.09765625 0.09765625
1 0.359375 0.53828125 0.09765625 0.0984375
1 0.26484375 0.153125 0.0859375 0.0859375
1 0.26171875 0.26484375 0.09765625 0.0984375
1 0.2625 0.378125 0.09765625 0.0984375
1 0.259375 0.48125 0.08515625 0.0859375
1 0.2609375 0.596875 0.09765625 0.0984375
1 0.1703125 0.20234375 0.09765625 0.0984375
1 0.1671875 0.3171875 0.09765625 0.0984375
1 0.165625 0.4234375 0.09765625 0.0984375
1 0.16484375 0.5375 0.09765625 0.0984375
1 0.16328125 0.65078125 0.09765625 0.0984375
1 0.06875 0.15625 0.08515625 0.0859375
1 0.071875 0.26875 0.08515625 0.0859375
1 0.06875 0.37578125 0.09765625 0.0984375
1 0.0734375 0.4859375 0.09765625 0.0984375
1 0.06953125 0.60078125 0.0859375 0.0859375
1 0.06953125 0.7109375 0.0859375 0.0859375
1 0.07109375 0.8140625 0.0859375 0.0859375
1 0.16484375 0.75625 0.0859375 0.0859375
1 0.1625 0.86328125 0.0859375 0.0859375
1 0.26640625 0.70390625 0.08515625 0.0859375
1 0.2578125 0.80546875 0.09765625 0.0984375
1 0.3578125 0.65703125 0.09765625 0.0984375
1 0.35546875 0.75859375 0.09765625 0.0984375
3 0.446875 0.7015625 0.0859375 0.0859375
1 0.45234375 0.8109375 0.09765625 0.0984375
1 0.55 0.7625 0.0859375 0.0859375