2 0.18125 0.0796875 0.08515625 0.0859375
2 0.178125 0.19609375 0.0859375 0.0859375
1 0.0828125 0.134375 0.0859375 0.0859375
1 0.084375 0.24609375 0.09765625 0.09765625
1 0.0875 0.3546875 0.09765625 0.0984375
1 0.08125 0.46328125 0.09765625 0.0984375
1 0.0796875 0.578125 0.0859375 0.0859375
1 0.08359375 0.6875 0.08515625 0.0859375
1 0.17734375 0.2953125 0.08515625 0.0859375
1 0.17734375 0.40703125 0.08515625 0.0859375
1 0.178125 0.52109375 0.09765625 0.0984375
1 0.1796875 0.6328125 0.0859375 0.0859375
1 0.17578125 0.74375 0.0859375 0.0859375
1 0.1765625 0.8515625 0.0859375 0.0859375
1 0.08046875 0.79609375 0.08515625 0.0859375
1 0.0796875 0.91328125 0.09765625 0.09765625