1 0.13046875 0.14765625 0.11015625 0.11015625
1 0.134375 0.2671875 0.11015625 0.11015625
1 0.13671875 0.37265625 0.109375 0.11015625
1 0.2390625 0.090625 0.08515625 0.0859375
1 0.23359375 0.20234375 0.08515625 0.0859375
1 0.23515625 0.315625 0.08515625 0.0859375
1 0.328125 0.14921875 0.109375 0.11015625
1 0.3296875 0.2640625 0.09765625 0.0984375
1 0.32734375 0.37265625 0.11015625 0.11015625
1 0.4296875 0.09921875 0.109375 0.11015625
1 0.42578125 0.2015625 0.09765625 0.0984375
1 0.42890625 0.31796875 0.109375 0.11015625
1 0.525 0.14765625 0.11015625 0.1109375
1 0.525 0.25703125 0.09765625 0.0984375
1 0.6125 0.0984375 0.109375 0.1109375
1 0.61484375 0.203125 0.11015625 0.1109375
1 0.62265625 0.3 0.11015625 0.1109375
1 0.7109375 0.14765625 0.09765625 0.09765625
1 0.7125 0.26171875 0.09765625 0.09765625
1 0.80546875 0.0953125 0.11015625 0.11015625
1 0.8046875 0.20234375 0.09765625 0.0984375
1 0.896875 0.04375 0.08515625 0.0859375
1 0.9 0.1515625 0.08515625 0.0859375
1 0.9 0.259375 0.0734375 0.07421875
1 0.90234375 0.36640625 0.09765625 0.09765625
1 0.89921875 0.4859375 0.0859375 0.0859375
1 0.9015625 0.59453125 0.0734375 0.07421875
1 0.9 0.703125 0.0734375 0.07421875
1 0.8921875 0.81484375 0.0734375 0.0734375
1 0.8046875 0.315625 0.109375 0.1109375
1 0.80390625 0.4265625 0.09765625 0.09765625
1 0.8078125 0.53984375 0.09765625 0.09765625
1 0.8078125 0.6453125 0.08515625 0.0859375
1 0.809375 0.7546875 0.09765625 0.0984375
1 0.71015625 0.36875 0.09765625 0.09765625
1 0.71015625 0.4796875 0.09765625 0.0984375
1 0.7125 0.590625 0.08515625 0.0859375
1 0.7109375 0.70234375 0.09765625 0.0984375
1 0.7109375 0.8171875 0.09765625 0.0984375
1 0.61640625 0.428125 0.11015625 0.11015625
1 0.61875 0.5359375 0.11015625 0.11015625
1 0.615625 0.646875 0.0859375 0.0859375
1 0.6171875 0.75546875 0.09765625 0.0984375
1 0.51875 0.36953125 0.09765625 0.0984375
1 0.515625 0.47890625 0.09765625 0.0984375
1 0.52421875 0.5921875 0.09765625 0.0984375
1 0.525 0.7 0.09765625 0.0984375
1 0.52265625 0.8109375 0.09765625 0.0984375
1 0.4203125 0.43125 0.109375 0.11015625
1 0.41875 0.54375 0.109375 0.11015625
1 0.42265625 0.64609375 0.11015625 0.11015625
1 0.41875 0.753125 0.11015625 0.11015625
1 0.3296875 0.48359375 0.11015625 0.11015625
1 0.32109375 0.59453125 0.11015625 0.11015625
1 0.3265625 0.70859375 0.11015625 0.11015625
1 0.3265625 0.8171875 0.109375 0.1109375
1 0.2375 0.4265625 0.09765625 0.0984375
1 0.240625 0.534375 0.0859375 0.0859375
1 0.2296875 0.64765625 0.09765625 0.09765625
1 0.23359375 0.7640625 0.09765625 0.09765625
1 0.1359375 0.48515625 0.109375 0.11015625
1 0.1375 0.5890625 0.109375 0.1109375
1 0.13984375 0.703125 0.109375 0.1109375
1 0.134375 0.803125 0.11015625 0.1109375
2 0.04375 0.871875 0.08515625 0.0859375
2 0.1375 0.9203125 0.0734375 0.0734375
1 0.22578125 0.86640625 0.09765625 0.0984375
1 0.32890625 0.92109375 0.11015625 0.11015625
1 0.4234375 0.8703125 0.11015625 0.11015625
1 0.52421875 0.9234375 0.109375 0.11015625
1 0.6171875 0.8640625 0.109375 0.11015625
1 0.71171875 0.91796875 0.09765625 0.09765625
1 0.80546875 0.86875 0.0734375 0.07421875
1 0.896875 0.92109375 0.0734375 0.07421875