2 0.0328125 0.43671875 0.06171875 0.06171875
2 0.409375 0.2265625 0.0734375 0.07421875
2 0.30703125 0.2703125 0.0734375 0.0734375
1 0.9015625 0.06875 0.08515625 0.08671875
1 0.8109375 0.1234375 0.09765625 0.0984375
1 0.7171875 0.06875 0.109375 0.11015625
1 0.61640625 0.125 0.08515625 0.0859375
1 0.52421875 0.059375 0.09765625 0.09765625
1 0.52421875 0.17890625 0.09765625 0.09765625
1 0.7140625 0.17890625 0.08515625 0.0859375
1 0.40234375 0.1265625 0.09765625 0.09765625
1 0.303125 0.15078125 0.09765625 0.0984375
1 0.234375 0.1125 0.09765625 0.0984375
2 0.121875 0.0765625 0.0484375 0.05
2 0.13125 0.16640625 0.0484375 0.05
2 0.0359375 0.240625 0.0609375 0.06171875
1 0.1265625 0.296875 0.0859375 0.0859375
1 0.12890625 0.40078125 0.109375 0.11015625
1 0.1296875 0.51328125 0.109375 0.11015625
1 0.13203125 0.625 0.09765625 0.09765625
1 0.234375 0.2328125 0.09765625 0.0984375
1 0.2328125 0.340625 0.11015625 0.11015625
1 0.2328125 0.46171875 0.109375 0.11015625
1 0.23359375 0.565625 0.09765625 0.0984375
1 0.2296875 0.67421875 0.109375 0.11015625
1 0.3203125 0.41484375 0.09765625 0.0984375
1 0.31875 0.509375 0.09765625 0.0984375
1 0.33125 0.62734375 0.109375 0.11015625
1 0.4078125 0.3546875 0.09765625 0.0984375
1 0.41484375 0.45390625 0.08515625 0.0859375
1 0.41171875 0.56484375 0.08515625 0.08671875
1 0.41484375 0.665625 0.09765625 0.0984375
1 0.5296875 0.284375 0.09765625 0.09765625
1 0.521875 0.3953125 0.09765625 0.0984375
1 0.525 0.50234375 0.109375 0.11015625
1 0.52578125 0.6203125 0.11015625 0.11015625
1 0.52109375 0.73671875 0.11015625 0.11015625
1 0.61875 0.23359375 0.09765625 0.09765625
1 0.61796875 0.346875 0.11015625 0.1109375
1 0.61640625 0.45078125 0.109375 0.11015625
1 0.61640625 0.56171875 0.09765625 0.0984375
1 0.61328125 0.6765625 0.109375 0.11015625
1 0.715625 0.29375 0.11015625 0.1109375
1 0.7109375 0.403125 0.09765625 0.09765625
1 0.7109375 0.51484375 0.09765625 0.09765625
1 0.709375 0.621875 0.08515625 0.0859375
1 0.71015625 0.73515625 0.0859375 0.0859375
1 0.80625 0.23828125 0.0859375 0.0859375
1 0.80546875 0.35078125 0.09765625 0.09765625
1 0.81015625 0.46015625 0.11015625 0.1109375
1 0.80234375 0.5703125 0.11015625 0.1109375
1 0.8078125 0.6765625 0.11015625 0.11015625
1 0.9 0.18125 0.08515625 0.0859375
2 0.90234375 0.290625 0.0859375 0.0859375
1 0.89921875 0.40234375 0.0859375 0.0859375
1 0.90546875 0.50390625 0.109375 0.1109375
1 0.90234375 0.61328125 0.109375 0.1109375
1 0.89765625 0.73671875 0.11015625 0.11015625
1 0.9 0.8453125 0.11015625 0.11015625
2 0.89609375 0.94453125 0.06171875 0.06171875
2 0.80625 0.79453125 0.06171875 0.06171875
2 0.8015625 0.903125 0.06171875 0.06171875
1 0.7125 0.84453125 0.109375 0.11015625
1 0.615625 0.78671875 0.109375 0.11015625
1 0.61171875 0.89921875 0.11015625 0.11015625
1 0.51875 0.83828125 0.11015625 0.11015625
1 0.42109375 0.771875 0.09765625 0.0984375
1 0.4296875 0.89140625 0.109375 0.11015625
1 0.328125 0.72890625 0.109375 0.11015625
1 0.3265625 0.82890625 0.09765625 0.09765625
1 0.2296875 0.7953125 0.109375 0.1109375
1 0.22421875 0.90234375 0.08515625 0.0859375
1 0.134375 0.7328125 0.11015625 0.1109375
1 0.128125 0.84375 0.09765625 0.09765625
1 0.12421875 0.9484375 0.08515625 0.0859375