2 0.85234375 0.8609375 0.0734375 0.07421875
1 0.096875 0.2109375 0.11015625 0.1109375
1 0.096875 0.1 0.11015625 0.11015625
1 0.19453125 0.1421875 0.121875 0.121875
1 0.2875 0.2109375 0.0859375 0.0859375
1 0.2875 0.0953125 0.09765625 0.0984375
1 0.37890625 0.17578125 0.0859375 0.0859375
1 0.38203125 0.05 0.09765625 0.09765625
1 0.475 0.1046875 0.09765625 0.09765625
1 0.47578125 0.20625 0.0859375 0.0859375
1 0.56875 0.1609375 0.09765625 0.0984375
1 0.6640625 0.07890625 0.09765625 0.0984375
1 0.6640625 0.2125 0.09765625 0.09765625
1 0.7640625 0.13203125 0.09765625 0.0984375
1 0.85078125 0.10078125 0.09765625 0.0984375
1 0.853125 0.215625 0.08515625 0.0859375
1 0.9390625 0.16328125 0.09765625 0.0984375
1 0.0953125 0.86875 0.09765625 0.0984375
1 0.0984375 0.759375 0.0859375 0.08671875
1 0.09375 0.65390625 0.09765625 0.0984375
1 0.19609375 0.590625 0.11015625 0.11015625
1 0.19609375 0.703125 0.08515625 0.0859375
1 0.19453125 0.81796875 0.109375 0.11015625
1 0.190625 0.91484375 0.109375 0.11015625
1 0.28671875 0.64765625 0.08515625 0.0859375
1 0.28359375 0.765625 0.08515625 0.0859375
1 0.28828125 0.8921875 0.08515625 0.0859375
1 0.3796875 0.5984375 0.09765625 0.0984375
1 0.38203125 0.70625 0.0859375 0.0859375
1 0.38125 0.81015625 0.09765625 0.0984375
1 0.38046875 0.9296875 0.08515625 0.0859375
1 0.46953125 0.64765625 0.09765625 0.0984375
1 0.47578125 0.771875 0.08515625 0.0859375
1 0.47578125 0.86015625 0.08515625 0.08671875
1 0.56875 0.64765625 0.09765625 0.0984375
1 0.5734375 0.7171875 0.09765625 0.09765625
1 0.56640625 0.79765625 0.09765625 0.0984375
1 0.5796875 0.9265625 0.08515625 0.0859375
1 0.66640625 0.653125 0.08515625 0.0859375
1 0.6703125 0.771875 0.0859375 0.0859375
1 0.6671875 0.85234375 0.09765625 0.0984375
1 0.7609375 0.584375 0.0859375 0.0859375
1 0.7609375 0.7078125 0.0859375 0.0859375
1 0.7578125 0.83515625 0.0859375 0.08671875
1 0.7578125 0.93828125 0.0859375 0.0859375
1 0.8453125 0.64921875 0.09765625 0.09765625
1 0.85234375 0.75078125 0.09765625 0.09765625
1 0.94921875 0.91796875 0.0859375 0.0859375
1 0.94453125 0.56328125 0.09765625 0.09765625
1 0.94453125 0.4640625 0.109375 0.11015625
1 0.9421875 0.26484375 0.09765625 0.0984375
1 0.8515625 0.3078125 0.09765625 0.0984375
1 0.85625 0.4046875 0.09765625 0.09765625
1 0.8453125 0.53828125 0.0859375 0.0859375
1 0.7578125 0.47734375 0.09765625 0.09765625
1 0.76484375 0.371875 0.09765625 0.09765625
1 0.76484375 0.26640625 0.09765625 0.0984375
1 0.6734375 0.31875 0.11015625 0.1109375
1 0.6671875 0.43046875 0.08515625 0.0859375
1 0.66875 0.5359375 0.08515625 0.0859375
1 0.56640625 0.25625 0.09765625 0.09765625
1 0.5703125 0.36796875 0.09765625 0.09765625
1 0.57421875 0.465625 0.109375 0.11015625
1 0.5765625 0.55234375 0.09765625 0.0984375
1 0.47265625 0.53984375 0.09765625 0.0984375
1 0.4765625 0.43828125 0.09765625 0.0984375
1 0.471875 0.31875 0.09765625 0.0984375
1 0.3859375 0.27265625 0.11015625 0.11015625
1 0.38125 0.3765625 0.09765625 0.0984375
1 0.38515625 0.48984375 0.11015625 0.11015625
1 0.28515625 0.5375 0.0859375 0.0859375
1 0.2875 0.41484375 0.08515625 0.08671875
1 0.28359375 0.32734375 0.08515625 0.0859375
1 0.1921875 0.2671875 0.109375 0.11015625
1 0.18671875 0.38046875 0.109375 0.11015625
1 0.1921875 0.4859375 0.0859375 0.0859375
1 0.1015625 0.32890625 0.09765625 0.0984375
1 0.1 0.42265625 0.0859375 0.0859375
1 0.1 0.54375 0.11015625 0.11015625