2 0.6375 0.54140625 0.0734375 0.0734375
2 0.63828125 0.43359375 0.08515625 0.0859375
2 0.2640625 0.65625 0.0734375 0.07421875
2 0.2484375 0.5484375 0.0734375 0.07421875
2 0.0671875 0.86640625 0.0734375 0.0734375
2 0.56328125 0.928125 0.08515625 0.0859375
2 0.26328125 0.8578125 0.0734375 0.0734375
2 0.365625 0.928125 0.0734375 0.0734375
2 0.36796875 0.803125 0.0734375 0.0734375
2 0.2640625 0.74453125 0.0734375 0.0734375
2 0.36015625 0.70625 0.0734375 0.07421875
2 0.8453125 0.44453125 0.0609375 0.06171875
1 0.090625 0.13671875 0.0859375 0.0859375
2 0.0578125 0.44609375 0.0609375 0.06171875
2 0.06171875 0.54375 0.0609375 0.06171875
2 0.06171875 0.628125 0.0609375 0.06171875
2 0.07109375 0.73671875 0.06171875 0.06171875
2 0.14609375 0.49765625 0.06171875 0.06171875
2 0.15390625 0.603125 0.0734375 0.0734375
2 0.1671875 0.690625 0.0734375 0.0734375
2 0.165625 0.80234375 0.0734375 0.0734375
2 0.16875 0.9234375 0.0734375 0.0734375
2 0.2359375 0.43671875 0.06171875 0.06171875
1 0.3546875 0.5890625 0.0734375 0.07421875
1 0.465625 0.43125 0.09765625 0.0984375
1 0.47109375 0.54765625 0.11015625 0.1109375
1 0.47734375 0.65234375 0.11015625 0.1109375
1 0.471875 0.7578125 0.0734375 0.07421875
1 0.4703125 0.86875 0.0734375 0.07421875
1 0.56171875 0.48125 0.09765625 0.0984375
1 0.56171875 0.59765625 0.09765625 0.09765625
1 0.56171875 0.71171875 0.0734375 0.07421875
1 0.55703125 0.81328125 0.0734375 0.07421875
1 0.66171875 0.646875 0.0734375 0.07421875
1 0.65625 0.7609375 0.09765625 0.09765625
1 0.659375 0.871875 0.09765625 0.09765625
1 0.74765625 0.4796875 0.08515625 0.08671875
1 0.7515625 0.59296875 0.11015625 0.11015625
1 0.75625 0.709375 0.11015625 0.11015625
1 0.75078125 0.815625 0.11015625 0.11015625
1 0.75 0.93125 0.109375 0.1109375
1 0.853125 0.53671875 0.121875 0.121875
1 0.85546875 0.6515625 0.09765625 0.0984375
1 0.8453125 0.7640625 0.09765625 0.0984375
1 0.8453125 0.88203125 0.09765625 0.0984375
1 0.93671875 0.49296875 0.0859375 0.0859375
1 0.94140625 0.59921875 0.09765625 0.0984375
1 0.93359375 0.7125 0.09765625 0.0984375
1 0.9375 0.8203125 0.0859375 0.0859375
1 0.946875 0.93046875 0.09765625 0.0984375