1 0.2328125 0.5984375 0.109375 0.11015625
1 0.13671875 0.1125 0.109375 0.1109375
1 0.1328125 0.21796875 0.109375 0.11015625
1 0.23203125 0.1625 0.11015625 0.1109375
1 0.3265625 0.10390625 0.109375 0.11015625
1 0.42265625 0.159375 0.109375 0.11015625
1 0.5171875 0.11015625 0.11015625 0.11015625
1 0.51953125 0.215625 0.109375 0.11015625
1 0.61640625 0.0453125 0.08515625 0.0859375
1 0.61796875 0.1578125 0.08515625 0.0859375
1 0.7125 0.10703125 0.09765625 0.0984375
1 0.71015625 0.215625 0.11015625 0.11015625
1 0.81171875 0.1609375 0.109375 0.11015625
1 0.9078125 0.1 0.09765625 0.0984375
1 0.9015625 0.2125 0.09765625 0.0984375
1 0.8984375 0.321875 0.09765625 0.0984375
1 0.90703125 0.43515625 0.09765625 0.0984375
1 0.9078125 0.5421875 0.09765625 0.0984375
1 0.90546875 0.65390625 0.09765625 0.0984375
1 0.803125 0.27421875 0.109375 0.11015625
1 0.8015625 0.3859375 0.109375 0.11015625
1 0.80546875 0.4890625 0.11015625 0.11015625
1 0.8015625 0.59609375 0.11015625 0.11015625
1 0.7125 0.3265625 0.11015625 0.11015625
1 0.70390625 0.43671875 0.11015625 0.11015625
1 0.709375 0.5515625 0.11015625 0.11015625
1 0.709375 0.66015625 0.109375 0.1109375
1 0.6203125 0.26875 0.09765625 0.0984375
1 0.6234375 0.3765625 0.0859375 0.0859375
1 0.6125 0.490625 0.09765625 0.09765625
1 0.61640625 0.60625 0.09765625 0.09765625
1 0.51875 0.32734375 0.109375 0.11015625
1 0.5203125 0.43125 0.109375 0.1109375
1 0.52265625 0.54609375 0.109375 0.1109375
1 0.5171875 0.6453125 0.11015625 0.1109375
1 0.42109375 0.271875 0.109375 0.11015625
1 0.42265625 0.3828125 0.11015625 0.1109375
1 0.41953125 0.490625 0.11015625 0.1109375
1 0.42421875 0.596875 0.11015625 0.11015625
1 0.32265625 0.215625 0.11015625 0.1109375
1 0.325 0.3234375 0.11015625 0.1109375
1 0.32890625 0.440625 0.11015625 0.11015625
1 0.3328125 0.5453125 0.109375 0.11015625
1 0.23515625 0.2796875 0.11015625 0.1109375
1 0.23359375 0.384375 0.09765625 0.0984375
1 0.23046875 0.490625 0.109375 0.11015625
1 0.1375 0.3265625 0.09765625 0.0984375
1 0.1328125 0.43828125 0.109375 0.11015625
1 0.13671875 0.5421875 0.109375 0.11015625
2 0.13984375 0.65546875 0.0484375 0.05
2 0.23125 0.71015625 0.0484375 0.05
2 0.3265625 0.6484375 0.0484375 0.0484375
1 0.0453125 0.71484375 0.08515625 0.0859375
1 0.13671875 0.76796875 0.109375 0.11015625
1 0.23359375 0.8171875 0.109375 0.1109375
1 0.3359375 0.87578125 0.0859375 0.0859375
1 0.3296875 0.7640625 0.08515625 0.0859375
2 0.4265625 0.71484375 0.08515625 0.0859375
1 0.4234375 0.82109375 0.08515625 0.0859375
1 0.43046875 0.92890625 0.09765625 0.09765625
2 0.5203125 0.76328125 0.0734375 0.0734375
1 0.52265625 0.875 0.08515625 0.0859375
1 0.60859375 0.709375 0.09765625 0.0984375
1 0.6140625 0.81875 0.09765625 0.0984375
1 0.609375 0.934375 0.09765625 0.0984375
1 0.71171875 0.7640625 0.11015625 0.11015625
1 0.7125 0.878125 0.11015625 0.11015625
1 0.80625 0.71328125 0.11015625 0.11015625
1 0.803125 0.825 0.11015625 0.11015625
1 0.79765625 0.9328125 0.11015625 0.11015625
1 0.90703125 0.76640625 0.109375 0.11015625
1 0.90703125 0.87421875 0.09765625 0.0984375