2 0.275 0.11875 0.0734375 0.0734375
2 0.18203125 0.19140625 0.0734375 0.07421875
2 0.478125 0.34921875 0.0734375 0.0734375
1 0.9265625 0.93125 0.109375 0.1109375
2 0.36015625 0.39296875 0.06171875 0.06171875
1 0.94140625 0.3953125 0.09765625 0.0984375
1 0.94140625 0.63515625 0.109375 0.11015625
1 0.9265625 0.73828125 0.09765625 0.09765625
1 0.8453125 0.6890625 0.109375 0.11015625
1 0.8421875 0.57109375 0.109375 0.11015625
0 0.84296875 0.47265625 0.08515625 0.0859375
1 0.85 0.103125 0.09765625 0.09765625
1 0.840625 0.35078125 0.09765625 0.09765625
1 0.74765625 0.30625 0.08515625 0.0859375
1 0.7421875 0.41484375 0.09765625 0.0984375
1 0.7421875 0.515625 0.09765625 0.09765625
1 0.7421875 0.63125 0.109375 0.11015625
1 0.74375 0.72890625 0.11015625 0.11015625
1 0.6453125 0.68671875 0.109375 0.11015625
1 0.646875 0.57265625 0.09765625 0.0984375
1 0.65703125 0.45703125 0.109375 0.1109375
1 0.6484375 0.35625 0.109375 0.11015625
1 0.65859375 0.23125 0.11015625 0.11015625
1 0.55546875 0.30234375 0.11015625 0.11015625
1 0.565625 0.41484375 0.0859375 0.0859375
1 0.36796875 0.08984375 0.09765625 0.09765625
1 0.28046875 0.24609375 0.09765625 0.09765625
1 0.47265625 0.22734375 0.0859375 0.0859375
1 0.4734375 0.4734375 0.09765625 0.09765625
1 0.45546875 0.5734375 0.11015625 0.11015625
1 0.45234375 0.659375 0.11015625 0.11015625
1 0.5578125 0.66875 0.109375 0.1109375
1 0.5484375 0.525 0.09765625 0.0984375
3 0.35703125 0.48359375 0.0734375 0.0734375
1 0.3609375 0.5890625 0.09765625 0.0984375
1 0.35703125 0.69765625 0.11015625 0.11015625
1 0.2734375 0.6578125 0.09765625 0.09765625
1 0.278125 0.58046875 0.09765625 0.0984375
1 0.1765625 0.06953125 0.0859375 0.0859375
1 0.18828125 0.29765625 0.09765625 0.09765625
1 0.08984375 0.259375 0.0859375 0.0859375
1 0.0921875 0.35234375 0.11015625 0.11015625
1 0.08515625 0.4640625 0.09765625 0.0984375
2 0.1765625 0.6046875 0.0734375 0.0734375
1 0.1828125 0.70390625 0.09765625 0.0984375