2 0.9796875 0.17890625 0.0359375 0.0375
1 0.79921875 0.28515625 0.11015625 0.1109375
1 0.71328125 0.12109375 0.11015625 0.1109375
1 0.71328125 0.22578125 0.11015625 0.1109375
1 0.60859375 0.0578125 0.08515625 0.0859375
1 0.6109375 0.1703125 0.109375 0.11015625
1 0.61796875 0.28203125 0.109375 0.11015625
1 0.515625 0.10703125 0.09765625 0.0984375
1 0.51171875 0.21875 0.0859375 0.0859375
1 0.51640625 0.3328125 0.0859375 0.0859375
1 0.41875 0.053125 0.09765625 0.0984375
1 0.415625 0.1625 0.0859375 0.0859375
1 0.42265625 0.2765625 0.08515625 0.08671875
1 0.325 0.10703125 0.09765625 0.0984375
1 0.325 0.21796875 0.08515625 0.08671875
1 0.2328125 0.04375 0.08515625 0.0859375
1 0.2328125 0.1625 0.09765625 0.0984375
1 0.23359375 0.27265625 0.09765625 0.0984375
1 0.1359375 0.1140625 0.09765625 0.0984375
1 0.13984375 0.21796875 0.109375 0.11015625
1 0.1375 0.328125 0.08515625 0.0859375
1 0.13828125 0.44375 0.11015625 0.1109375
1 0.13359375 0.553125 0.09765625 0.09765625
1 0.13359375 0.6640625 0.09765625 0.09765625
1 0.13203125 0.771875 0.08515625 0.0859375
1 0.1328125 0.884375 0.0859375 0.0859375
1 0.2296875 0.3875 0.0859375 0.0859375
1 0.228125 0.5 0.09765625 0.09765625
1 0.2328125 0.609375 0.11015625 0.1109375
1 0.225 0.71953125 0.11015625 0.1109375
1 0.23125 0.82578125 0.11015625 0.11015625
1 0.32265625 0.33125 0.08515625 0.0859375
2 0.325 0.440625 0.0859375 0.0859375
1 0.321875 0.5515625 0.0859375 0.0859375
1 0.328125 0.653125 0.109375 0.1109375
1 0.325 0.7625 0.109375 0.1109375
1 0.32109375 0.8859375 0.11015625 0.11015625
1 0.4171875 0.3875 0.11015625 0.11015625
1 0.41875 0.50078125 0.11015625 0.11015625
1 0.4265625 0.60390625 0.109375 0.11015625
1 0.42109375 0.7140625 0.109375 0.11015625
1 0.4203125 0.82890625 0.109375 0.1109375
1 0.51875 0.43515625 0.11015625 0.11015625
1 0.5171875 0.55 0.11015625 0.11015625
1 0.51171875 0.65859375 0.09765625 0.0984375
1 0.5140625 0.76875 0.08515625 0.0859375
1 0.51484375 0.88203125 0.09765625 0.09765625
1 0.61328125 0.39375 0.109375 0.11015625
1 0.615625 0.49375 0.109375 0.11015625
1 0.60546875 0.60625 0.09765625 0.0984375
1 0.6109375 0.71796875 0.11015625 0.11015625
1 0.603125 0.825 0.11015625 0.11015625
1 0.69375 0.3375 0.11015625 0.11015625
1 0.70234375 0.45390625 0.109375 0.11015625
1 0.703125 0.56171875 0.109375 0.11015625
1 0.703125 0.66484375 0.09765625 0.0984375
1 0.7078125 0.78046875 0.109375 0.11015625
1 0.79453125 0.39765625 0.11015625 0.11015625
1 0.7984375 0.50234375 0.11015625 0.11015625
1 0.7953125 0.6140625 0.11015625 0.11015625
1 0.79375 0.725 0.109375 0.11015625
1 0.7953125 0.834375 0.109375 0.11015625
1 0.88671875 0.33203125 0.109375 0.1109375
1 0.890625 0.44453125 0.109375 0.1109375
1 0.8890625 0.55390625 0.09765625 0.0984375
1 0.89609375 0.66640625 0.11015625 0.11015625
1 0.88828125 0.77421875 0.11015625 0.11015625
1 0.88984375 0.8921875 0.11015625 0.11015625
1 0.796875 0.9421875 0.109375 0.11015625
1 0.70546875 0.89140625 0.11015625 0.11015625
1 0.6078125 0.940625 0.11015625 0.11015625
1 0.4171875 0.93828125 0.109375 0.1109375
2 0.22890625 0.94375 0.06171875 0.06171875