2 0.11640625 0.23125 0.0734375 0.07421875
1 0.8625 0.89609375 0.11015625 0.11015625
1 0.4921875 0.89921875 0.109375 0.1109375
1 0.196875 0.94453125 0.0859375 0.0859375
1 0.871875 0.2359375 0.11015625 0.11015625
1 0.8703125 0.3453125 0.09765625 0.0984375
1 0.878125 0.446875 0.09765625 0.0984375
1 0.8734375 0.56328125 0.11015625 0.11015625
1 0.87421875 0.678125 0.09765625 0.0984375
1 0.871875 0.78671875 0.109375 0.11015625
1 0.7796875 0.8328125 0.109375 0.1109375
1 0.77265625 0.72109375 0.09765625 0.0984375
1 0.78203125 0.6234375 0.11015625 0.11015625
1 0.7828125 0.509375 0.09765625 0.0984375
1 0.7796875 0.3875 0.11015625 0.11015625
1 0.78046875 0.28984375 0.11015625 0.11015625
1 0.6828125 0.2453125 0.0859375 0.0859375
1 0.68671875 0.3546875 0.0859375 0.0859375
1 0.68828125 0.44921875 0.08515625 0.0859375
1 0.6890625 0.565625 0.08515625 0.0859375
1 0.69140625 0.67265625 0.0859375 0.0859375
1 0.69609375 0.78984375 0.0859375 0.0859375
1 0.690625 0.8921875 0.08515625 0.0859375
1 0.5875 0.85390625 0.109375 0.11015625
1 0.58671875 0.72890625 0.09765625 0.0984375
1 0.58671875 0.61875 0.0859375 0.0859375
1 0.5875 0.51171875 0.09765625 0.09765625
1 0.59453125 0.38671875 0.109375 0.1109375
1 0.6 0.30625 0.09765625 0.0984375
1 0.509375 0.24609375 0.0859375 0.0859375
1 0.49375 0.353125 0.09765625 0.0984375
1 0.49609375 0.46015625 0.09765625 0.0984375
1 0.49921875 0.5671875 0.09765625 0.09765625
1 0.49921875 0.68828125 0.09765625 0.09765625
1 0.50078125 0.79609375 0.09765625 0.0984375
1 0.40234375 0.18359375 0.09765625 0.09765625
1 0.40546875 0.296875 0.09765625 0.09765625
1 0.403125 0.39765625 0.09765625 0.0984375
1 0.39921875 0.50625 0.0859375 0.0859375
1 0.40625 0.62578125 0.09765625 0.09765625
1 0.403125 0.74375 0.109375 0.1109375
1 0.39921875 0.8421875 0.09765625 0.09765625
1 0.30078125 0.8890625 0.0859375 0.0859375
1 0.30546875 0.78828125 0.09765625 0.0984375
1 0.30625 0.6703125 0.09765625 0.09765625
1 0.303125 0.1359375 0.0859375 0.0859375
1 0.30390625 0.234375 0.08515625 0.0859375
1 0.30625 0.3484375 0.0859375 0.0859375
1 0.3078125 0.4578125 0.0859375 0.0859375
1 0.3078125 0.5609375 0.0859375 0.0859375
1 0.20859375 0.1765625 0.08515625 0.0859375
1 0.2046875 0.2796875 0.08515625 0.0859375
1 0.2046875 0.39453125 0.08515625 0.0859375
1 0.203125 0.503125 0.109375 0.11015625
1 0.2015625 0.61015625 0.08515625 0.0859375
1 0.2 0.7296875 0.09765625 0.0984375
1 0.2046875 0.8453125 0.109375 0.11015625
1 0.11328125 0.89375 0.109375 0.1109375
1 0.11015625 0.78203125 0.11015625 0.11015625
1 0.11015625 0.6734375 0.11015625 0.11015625
1 0.10859375 0.5578125 0.11015625 0.11015625
1 0.11015625 0.44609375 0.11015625 0.11015625
1 0.1109375 0.334375 0.09765625 0.09765625
1 0.88125 0.12265625 0.109375 0.11015625
1 0.77734375 0.06328125 0.09765625 0.09765625
1 0.78046875 0.16796875 0.0859375 0.0859375
1 0.6890625 0.1234375 0.08515625 0.0859375
1 0.5953125 0.065625 0.09765625 0.09765625
1 0.59453125 0.178125 0.09765625 0.09765625
1 0.5015625 0.12421875 0.09765625 0.0984375
1 0.396875 0.0671875 0.09765625 0.0984375