2 0.7859375 0.64375 0.0734375 0.07421875
1 0.79375 0.92734375 0.109375 0.11015625
1 0.603125 0.89453125 0.09765625 0.09765625
1 0.4171875 0.89375 0.09765625 0.0984375
1 0.32109375 0.86015625 0.09765625 0.09765625
1 0.228125 0.90703125 0.11015625 0.1109375
1 0.13203125 0.85625 0.11015625 0.11015625
1 0.8875 0.07109375 0.09765625 0.0984375
1 0.88515625 0.18671875 0.11015625 0.11015625
1 0.7875 0.23359375 0.09765625 0.0984375
1 0.79609375 0.12578125 0.11015625 0.11015625
1 0.6984375 0.16875 0.109375 0.11015625
1 0.61015625 0.11640625 0.0859375 0.0859375
1 0.6 0.2203125 0.0859375 0.0859375
1 0.603125 0.3453125 0.0859375 0.0859375
1 0.596875 0.4453125 0.0859375 0.0859375
1 0.603125 0.57734375 0.08515625 0.0859375
1 0.71015625 0.59375 0.08515625 0.0859375
1 0.70625 0.5109375 0.08515625 0.0859375
1 0.69609375 0.39453125 0.0859375 0.0859375
1 0.69765625 0.28046875 0.08515625 0.0859375
1 0.7921875 0.35078125 0.0859375 0.0859375
1 0.78984375 0.47265625 0.08515625 0.0859375
1 0.790625 0.5546875 0.08515625 0.0859375
1 0.8890625 0.7046875 0.0859375 0.0859375
1 0.8859375 0.59765625 0.08515625 0.0859375
1 0.89375 0.503125 0.08515625 0.0859375
1 0.8859375 0.4078125 0.08515625 0.0859375
1 0.890625 0.29765625 0.0859375 0.0859375
1 0.884375 0.85390625 0.09765625 0.0984375
1 0.79296875 0.83359375 0.109375 0.11015625
1 0.69609375 0.85 0.11015625 0.11015625
1 0.6015625 0.78203125 0.09765625 0.09765625
1 0.5109375 0.0671875 0.09765625 0.0984375
1 0.51484375 0.1828125 0.0859375 0.0859375
1 0.5125 0.290625 0.09765625 0.0984375
1 0.51015625 0.39921875 0.08515625 0.0859375
1 0.50859375 0.5171875 0.09765625 0.0984375
1 0.509375 0.63046875 0.09765625 0.0984375
1 0.4203125 0.13203125 0.09765625 0.09765625
1 0.42109375 0.234375 0.09765625 0.09765625
1 0.42109375 0.34453125 0.08515625 0.0859375
1 0.42109375 0.4625 0.09765625 0.0984375
1 0.4171875 0.575 0.0859375 0.0859375
1 0.4140625 0.684375 0.09765625 0.09765625
1 0.409375 0.7828125 0.0859375 0.0859375
1 0.33359375 0.0828125 0.11015625 0.11015625
1 0.32734375 0.196875 0.09765625 0.0984375
1 0.3234375 0.30625 0.09765625 0.0984375
1 0.3234375 0.41953125 0.09765625 0.0984375
1 0.325 0.53203125 0.09765625 0.09765625
1 0.325 0.6296875 0.109375 0.1109375
1 0.31953125 0.74140625 0.11015625 0.11015625
1 0.22890625 0.04609375 0.08515625 0.0859375
1 0.22578125 0.15234375 0.08515625 0.0859375
1 0.22890625 0.24921875 0.08515625 0.0859375
1 0.22578125 0.36328125 0.08515625 0.0859375
1 0.228125 0.47734375 0.09765625 0.09765625
1 0.22578125 0.6015625 0.08515625 0.0859375
1 0.23125 0.70390625 0.08515625 0.0859375
1 0.13671875 0.74921875 0.09765625 0.0984375
1 0.13125 0.6421875 0.11015625 0.1109375
1 0.1375 0.53203125 0.09765625 0.09765625
1 0.14375 0.41640625 0.109375 0.11015625
1 0.1421875 0.3109375 0.09765625 0.0984375
3 0.13828125 0.203125 0.08515625 0.0859375
1 0.1375 0.090625 0.08515625 0.0859375
1 0.04375 0.1453125 0.0859375 0.0859375
1 0.0453125 0.8078125 0.0859375 0.0859375
1 0.70234375 0.0609375 0.0859375 0.0859375
1 0.23515625 0.81484375 0.11015625 0.11015625