1 0.10234375 0.0734375 0.09765625 0.0984375
1 0.1046875 0.18359375 0.08515625 0.0859375
1 0.10546875 0.296875 0.09765625 0.09765625
1 0.2015625 0.13359375 0.11015625 0.11015625
1 0.19375 0.23984375 0.11015625 0.11015625
1 0.29375 0.0796875 0.09765625 0.0984375
1 0.2984375 0.19609375 0.109375 0.11015625
1 0.384375 0.13984375 0.109375 0.11015625
1 0.3859375 0.24921875 0.109375 0.11015625
1 0.48671875 0.08125 0.11015625 0.11015625
1 0.47890625 0.1890625 0.11015625 0.11015625
1 0.571875 0.13359375 0.109375 0.11015625
1 0.571875 0.253125 0.09765625 0.0984375
1 0.665625 0.08203125 0.109375 0.1109375
1 0.66796875 0.196875 0.109375 0.11015625
1 0.76796875 0.1125 0.0734375 0.07421875
1 0.7578125 0.2515625 0.09765625 0.09765625
1 0.8578125 0.07890625 0.09765625 0.09765625
1 0.8546875 0.18828125 0.09765625 0.09765625
1 0.9515625 0.4671875 0.08515625 0.0859375
1 0.85390625 0.2828125 0.11015625 0.1109375
1 0.8640625 0.40390625 0.09765625 0.0984375
2 0.8546875 0.52421875 0.0609375 0.06171875
1 0.85625 0.62265625 0.109375 0.11015625
1 0.8546875 0.74140625 0.109375 0.11015625
1 0.76484375 0.35390625 0.09765625 0.0984375
1 0.76875 0.4703125 0.09765625 0.0984375
1 0.7609375 0.57578125 0.09765625 0.0984375
1 0.7609375 0.684375 0.09765625 0.0984375
1 0.6671875 0.3 0.09765625 0.0984375
1 0.66796875 0.409375 0.09765625 0.0984375
2 0.66875 0.52578125 0.0734375 0.0734375
1 0.6703125 0.63046875 0.09765625 0.0984375
1 0.66796875 0.74375 0.09765625 0.0984375
1 0.57734375 0.36015625 0.11015625 0.11015625
1 0.5703125 0.4578125 0.09765625 0.0984375
1 0.5671875 0.5875 0.09765625 0.0984375
1 0.5734375 0.69296875 0.109375 0.11015625
1 0.48125 0.30703125 0.11015625 0.11015625
1 0.4828125 0.415625 0.109375 0.11015625
1 0.4828125 0.5328125 0.09765625 0.0984375
1 0.4828125 0.63359375 0.09765625 0.0984375
1 0.4765625 0.746875 0.109375 0.1109375
1 0.3875 0.35703125 0.109375 0.11015625
1 0.38359375 0.46640625 0.109375 0.11015625
1 0.3859375 0.57578125 0.109375 0.11015625
1 0.384375 0.6875 0.11015625 0.1109375
1 0.29609375 0.30625 0.11015625 0.11015625
1 0.2875 0.403125 0.11015625 0.11015625
1 0.290625 0.51484375 0.09765625 0.09765625
1 0.2921875 0.625 0.11015625 0.1109375
1 0.2921875 0.74375 0.11015625 0.11015625
1 0.1984375 0.35625 0.11015625 0.11015625
1 0.20078125 0.47265625 0.11015625 0.1109375
1 0.19140625 0.58203125 0.09765625 0.09765625
1 0.2015625 0.7 0.109375 0.11015625
1 0.10234375 0.409375 0.109375 0.1109375
2 0.1015625 0.52890625 0.0609375 0.06171875
1 0.09765625 0.63515625 0.109375 0.11015625
1 0.1 0.7453125 0.109375 0.11015625
1 0.09375 0.8609375 0.109375 0.11015625
1 0.2 0.79609375 0.09765625 0.0984375
1 0.19609375 0.9046875 0.09765625 0.0984375
1 0.29375 0.85390625 0.11015625 0.11015625
1 0.39140625 0.7953125 0.11015625 0.1109375
1 0.3859375 0.91171875 0.11015625 0.11015625
1 0.484375 0.85234375 0.109375 0.1109375
1 0.57578125 0.79375 0.11015625 0.11015625
1 0.57421875 0.91484375 0.0859375 0.0859375
1 0.6703125 0.85234375 0.11015625 0.11015625
1 0.76484375 0.79453125 0.109375 0.11015625
1 0.7625 0.91171875 0.11015625 0.11015625
1 0.85234375 0.84609375 0.109375 0.11015625