1 0.896875 0.61796875 0.09765625 0.0984375
1 0.88984375 0.72578125 0.109375 0.1109375
1 0.89453125 0.8328125 0.09765625 0.0984375
1 0.88828125 0.93125 0.11015625 0.11015625
1 0.79921875 0.86953125 0.11015625 0.11015625
1 0.80546875 0.76875 0.109375 0.1109375
3 0.803125 0.6609375 0.11015625 0.11015625
1 0.80703125 0.55 0.11015625 0.1109375
1 0.7078125 0.6125 0.11015625 0.1109375
1 0.70390625 0.7234375 0.11015625 0.11015625
1 0.7078125 0.81640625 0.11015625 0.1109375
1 0.70078125 0.93203125 0.11015625 0.11015625
1 0.60859375 0.875 0.11015625 0.1109375
1 0.609375 0.771875 0.109375 0.11015625
1 0.615625 0.66171875 0.11015625 0.11015625
1 0.61328125 0.56484375 0.109375 0.11015625
1 0.521875 0.6015625 0.109375 0.1109375
1 0.5171875 0.70859375 0.09765625 0.0984375
1 0.51640625 0.81640625 0.09765625 0.09765625
1 0.51640625 0.92890625 0.11015625 0.11015625
1 0.4171875 0.87734375 0.09765625 0.0984375
1 0.41796875 0.76796875 0.109375 0.11015625
1 0.421875 0.65078125 0.09765625 0.0984375
1 0.42734375 0.5453125 0.11015625 0.11015625
1 0.32734375 0.6046875 0.11015625 0.11015625
1 0.3296875 0.7171875 0.109375 0.11015625
1 0.3328125 0.8171875 0.11015625 0.1109375
1 0.3265625 0.93203125 0.109375 0.11015625
1 0.23046875 0.8734375 0.09765625 0.09765625
1 0.23203125 0.7625 0.11015625 0.1109375
1 0.24140625 0.5421875 0.109375 0.11015625
1 0.234375 0.65078125 0.109375 0.11015625
1 0.13515625 0.60078125 0.11015625 0.11015625
1 0.1359375 0.70234375 0.11015625 0.11015625
1 0.1296875 0.825 0.109375 0.11015625
1 0.1296875 0.92890625 0.11015625 0.11015625
1 0.9046875 0.071875 0.0859375 0.0859375
1 0.9015625 0.1859375 0.08515625 0.0859375
1 0.909375 0.2984375 0.09765625 0.0984375
1 0.81171875 0.11640625 0.0859375 0.0859375
1 0.8109375 0.23046875 0.08515625 0.0859375
1 0.80546875 0.34140625 0.09765625 0.0984375
1 0.71171875 0.075 0.109375 0.11015625
1 0.71953125 0.184375 0.109375 0.11015625
1 0.709375 0.2921875 0.109375 0.1109375
1 0.6203125 0.1203125 0.09765625 0.09765625
1 0.62109375 0.23515625 0.09765625 0.0984375
1 0.61640625 0.3484375 0.0859375 0.0859375
1 0.52421875 0.075 0.09765625 0.0984375
1 0.5296875 0.18125 0.08515625 0.08671875
1 0.528125 0.2875 0.109375 0.11015625
1 0.428125 0.12265625 0.09765625 0.0984375
1 0.4328125 0.2421875 0.09765625 0.09765625
1 0.42734375 0.3484375 0.08515625 0.0859375
1 0.33046875 0.07890625 0.08515625 0.0859375
1 0.33203125 0.18203125 0.109375 0.11015625
1 0.33828125 0.296875 0.121875 0.1234375
1 0.2390625 0.13125 0.11015625 0.11015625
1 0.2390625 0.2296875 0.11015625 0.11015625
1 0.23515625 0.334375 0.11015625 0.11015625
1 0.14609375 0.07421875 0.08515625 0.0859375
1 0.14453125 0.18203125 0.09765625 0.0984375
1 0.1453125 0.28359375 0.109375 0.11015625