2 0.465625 0.42109375 0.0734375 0.0734375
2 0.53828125 0.571875 0.0734375 0.07421875
1 0.9234375 0.690625 0.11015625 0.11015625
1 0.92734375 0.8 0.11015625 0.11015625
1 0.925 0.9125 0.09765625 0.0984375
1 0.82890625 0.75703125 0.109375 0.11015625
1 0.83671875 0.85390625 0.11015625 0.11015625
1 0.73828125 0.69609375 0.0859375 0.0859375
1 0.73359375 0.80703125 0.109375 0.11015625
1 0.7359375 0.91328125 0.11015625 0.11015625
1 0.63984375 0.7453125 0.08515625 0.08671875
1 0.646875 0.85 0.09765625 0.09765625
1 0.53828125 0.6890625 0.0859375 0.0859375
1 0.53984375 0.803125 0.08515625 0.0859375
1 0.546875 0.915625 0.09765625 0.09765625
1 0.45703125 0.86015625 0.09765625 0.0984375
3 0.4578125 0.7484375 0.0734375 0.07421875
1 0.36015625 0.6859375 0.08515625 0.0859375
1 0.35703125 0.80625 0.08515625 0.0859375
1 0.359375 0.915625 0.109375 0.11015625
1 0.28515625 0.86484375 0.09765625 0.0984375
1 0.2703125 0.759375 0.0859375 0.0859375
1 0.1765625 0.6890625 0.09765625 0.0984375
1 0.17265625 0.81328125 0.11015625 0.11015625
1 0.1734375 0.91953125 0.11015625 0.11015625
1 0.0859375 0.75859375 0.109375 0.11015625
1 0.0859375 0.86484375 0.09765625 0.0984375
3 0.4625 0.62421875 0.0734375 0.07421875
3 0.4578125 0.51640625 0.0734375 0.0734375
1 0.3640625 0.475 0.0859375 0.0859375
1 0.3640625 0.58984375 0.0859375 0.0859375
3 0.553125 0.478125 0.0734375 0.07421875
3 0.553125 0.35859375 0.0734375 0.0734375
1 0.928125 0.584375 0.09765625 0.0984375
1 0.92265625 0.47734375 0.11015625 0.1109375
1 0.92890625 0.3671875 0.09765625 0.09765625
1 0.934375 0.2515625 0.109375 0.11015625
1 0.93359375 0.14609375 0.09765625 0.0984375
1 0.8296875 0.08984375 0.09765625 0.09765625
1 0.83984375 0.20703125 0.109375 0.1109375
1 0.83515625 0.303125 0.09765625 0.0984375
1 0.84140625 0.42421875 0.11015625 0.11015625
1 0.8359375 0.5265625 0.109375 0.11015625
1 0.74296875 0.57890625 0.11015625 0.11015625
1 0.8359375 0.6421875 0.0859375 0.0859375
1 0.7484375 0.48515625 0.109375 0.1109375
1 0.73515625 0.36171875 0.109375 0.11015625
1 0.73515625 0.24921875 0.109375 0.11015625
1 0.7390625 0.1390625 0.109375 0.11015625
1 0.65 0.18984375 0.09765625 0.0984375
1 0.646875 0.07265625 0.0859375 0.08671875
1 0.553125 0.1390625 0.08515625 0.0859375
1 0.171875 0.053125 0.0859375 0.0859375
1 0.07890625 0.1953125 0.0859375 0.0859375
1 0.64375 0.4046875 0.0859375 0.0859375
1 0.6484375 0.52421875 0.0859375 0.0859375
1 0.64609375 0.3046875 0.08515625 0.0859375
1 0.646875 0.63125 0.08515625 0.0859375
1 0.4578125 0.090625 0.09765625 0.09765625
1 0.459375 0.19375 0.09765625 0.0984375
1 0.465625 0.3140625 0.08515625 0.0859375
1 0.55 0.246875 0.08515625 0.0859375
1 0.36484375 0.146875 0.11015625 0.11015625
1 0.365625 0.2546875 0.11015625 0.11015625
1 0.36640625 0.37421875 0.11015625 0.11015625
1 0.2765625 0.43125 0.0859375 0.0859375
1 0.27734375 0.521875 0.0859375 0.0859375
1 0.28203125 0.3234375 0.08515625 0.0859375
1 0.278125 0.1921875 0.11015625 0.11015625
1 0.27421875 0.090625 0.11015625 0.11015625
1 0.17421875 0.1703125 0.11015625 0.1109375
1 0.1703125 0.28046875 0.11015625 0.11015625
1 0.17265625 0.38828125 0.09765625 0.0984375
1 0.178125 0.46953125 0.09765625 0.0984375
1 0.07890625 0.54296875 0.08515625 0.0859375
1 0.0796875 0.63828125 0.09765625 0.0984375
1 0.1765625 0.58359375 0.09765625 0.0984375
1 0.28125 0.634375 0.09765625 0.0984375
1 0.08203125 0.43515625 0.09765625 0.0984375
1 0.084375 0.090625 0.0859375 0.0859375
1 0.084375 0.3421875 0.0859375 0.0859375