2 0.08125 0.84375 0.0734375 0.07421875
1 0.9359375 0.42578125 0.109375 0.1109375
1 0.93515625 0.5296875 0.11015625 0.11015625
1 0.93515625 0.64609375 0.11015625 0.11015625
1 0.92734375 0.75703125 0.11015625 0.11015625
1 0.640625 0.9125 0.09765625 0.09765625
1 0.840625 0.47421875 0.109375 0.11015625
1 0.834375 0.58828125 0.11015625 0.11015625
1 0.83671875 0.6984375 0.09765625 0.0984375
2 0.834375 0.81171875 0.0734375 0.0734375
1 0.74140625 0.515625 0.0859375 0.0859375
1 0.7359375 0.63203125 0.09765625 0.0984375
1 0.7359375 0.753125 0.11015625 0.11015625
1 0.7375 0.86640625 0.109375 0.11015625
1 0.640625 0.4703125 0.0859375 0.0859375
1 0.64453125 0.590625 0.09765625 0.09765625
1 0.6375 0.6890625 0.09765625 0.09765625
1 0.6453125 0.803125 0.109375 0.1109375
1 0.5484375 0.5203125 0.109375 0.1109375
1 0.55 0.63125 0.109375 0.1109375
0 0.55 0.72578125 0.09765625 0.0984375
1 0.54609375 0.85625 0.109375 0.11015625
1 0.45546875 0.925 0.11015625 0.1109375
1 0.45625 0.8015625 0.11015625 0.11015625
1 0.453125 0.690625 0.109375 0.11015625
1 0.45703125 0.57890625 0.109375 0.11015625
1 0.446875 0.4828125 0.11015625 0.11015625
1 0.36796875 0.6390625 0.09765625 0.09765625
1 0.37109375 0.74375 0.09765625 0.0984375
1 0.375 0.8375 0.09765625 0.0984375
1 0.26640625 0.79453125 0.09765625 0.0984375
1 0.26953125 0.69453125 0.109375 0.1109375
1 0.26328125 0.5875 0.11015625 0.11015625
1 0.2671875 0.4671875 0.11015625 0.1109375
1 0.0859375 0.46640625 0.09765625 0.0984375
1 0.084375 0.92109375 0.08515625 0.0859375
1 0.9421875 0.09375 0.09765625 0.09765625
1 0.9421875 0.21484375 0.09765625 0.09765625
1 0.94453125 0.32265625 0.09765625 0.0984375
1 0.85 0.15234375 0.09765625 0.09765625
1 0.846875 0.2703125 0.109375 0.1109375
1 0.84296875 0.36796875 0.09765625 0.09765625
1 0.74375 0.41484375 0.0859375 0.0859375
1 0.74921875 0.31484375 0.09765625 0.0984375
1 0.75 0.19609375 0.09765625 0.09765625
1 0.75078125 0.08671875 0.0859375 0.0859375
2 0.08671875 0.13984375 0.0484375 0.0484375
1 0.08671875 0.24140625 0.08515625 0.0859375
1 0.0890625 0.35703125 0.0859375 0.08671875
1 0.6453125 0.13671875 0.08515625 0.0859375
1 0.64375 0.25625 0.09765625 0.0984375
1 0.6484375 0.371875 0.109375 0.11015625
1 0.55625 0.4203125 0.109375 0.1109375
1 0.553125 0.3078125 0.11015625 0.11015625
1 0.553125 0.2 0.11015625 0.11015625
1 0.55234375 0.084375 0.11015625 0.11015625
1 0.45234375 0.14296875 0.11015625 0.11015625
1 0.459375 0.2546875 0.109375 0.11015625
1 0.4546875 0.36640625 0.11015625 0.11015625
1 0.37109375 0.42109375 0.09765625 0.09765625
1 0.3671875 0.2828125 0.09765625 0.09765625
1 0.3640625 0.184375 0.09765625 0.0984375
1 0.3640625 0.09453125 0.09765625 0.0984375
1 0.26875 0.36015625 0.09765625 0.0984375
1 0.26875 0.24375 0.08515625 0.0859375