1 0.0515625 0.13046875 0.09765625 0.0984375
1 0.05 0.2421875 0.09765625 0.09765625
1 0.14140625 0.08125 0.11015625 0.11015625
1 0.1390625 0.1921875 0.109375 0.11015625
1 0.13671875 0.29921875 0.109375 0.11015625
1 0.1390625 0.39921875 0.109375 0.1109375
1 0.23515625 0.1390625 0.11015625 0.11015625
1 0.2359375 0.24140625 0.11015625 0.11015625
1 0.23125 0.36015625 0.09765625 0.0984375
1 0.32421875 0.0875 0.109375 0.11015625
1 0.32890625 0.196875 0.09765625 0.0984375
1 0.32734375 0.3 0.11015625 0.11015625
1 0.4265625 0.13125 0.09765625 0.0984375
1 0.43359375 0.246875 0.109375 0.11015625
1 0.43515625 0.3578125 0.11015625 0.11015625
1 0.52421875 0.08046875 0.11015625 0.11015625
1 0.525 0.18984375 0.109375 0.11015625
1 0.5234375 0.29375 0.109375 0.11015625
1 0.61640625 0.13828125 0.11015625 0.11015625
1 0.61875 0.24140625 0.11015625 0.11015625
1 0.6125 0.35390625 0.11015625 0.11015625
1 0.71484375 0.07890625 0.109375 0.1109375
1 0.71171875 0.190625 0.109375 0.11015625
1 0.71015625 0.29921875 0.09765625 0.0984375
1 0.71171875 0.415625 0.09765625 0.0984375
1 0.8046875 0.14140625 0.0859375 0.0859375
1 0.8046875 0.2484375 0.09765625 0.09765625
1 0.809375 0.35859375 0.09765625 0.0984375
1 0.90078125 0.07890625 0.11015625 0.11015625
1 0.9 0.18359375 0.11015625 0.1109375
1 0.9 0.30546875 0.109375 0.1109375
1 0.896875 0.41171875 0.109375 0.11015625
1 0.9015625 0.5203125 0.09765625 0.0984375
1 0.896875 0.63125 0.109375 0.11015625
1 0.9 0.7359375 0.109375 0.11015625
2 0.903125 0.84921875 0.0484375 0.05
1 0.8015625 0.4640625 0.109375 0.11015625
1 0.80703125 0.5796875 0.11015625 0.11015625
1 0.80703125 0.68984375 0.11015625 0.11015625
1 0.81015625 0.80234375 0.11015625 0.11015625
1 0.809375 0.9078125 0.08515625 0.0859375
1 0.71171875 0.5171875 0.09765625 0.0984375
1 0.7078125 0.62734375 0.11015625 0.11015625
1 0.7125 0.7390625 0.09765625 0.0984375
1 0.61796875 0.46796875 0.109375 0.11015625
1 0.615625 0.5765625 0.109375 0.11015625
1 0.6203125 0.6859375 0.109375 0.11015625
1 0.61875 0.790625 0.109375 0.11015625
1 0.6203125 0.9125 0.0734375 0.07421875
1 0.52734375 0.41484375 0.109375 0.11015625
1 0.5265625 0.52265625 0.09765625 0.0984375
1 0.528125 0.63828125 0.11015625 0.11015625
1 0.521875 0.73125 0.11015625 0.11015625
1 0.52421875 0.85234375 0.11015625 0.1109375
1 0.43125 0.47734375 0.11015625 0.11015625
1 0.43515625 0.590625 0.11015625 0.11015625
1 0.43203125 0.696875 0.11015625 0.1109375
1 0.43359375 0.8046875 0.09765625 0.09765625
2 0.4359375 0.90859375 0.0609375 0.06171875
1 0.325 0.41328125 0.11015625 0.11015625
1 0.3296875 0.525 0.11015625 0.11015625
1 0.3296875 0.63671875 0.109375 0.1109375
1 0.32890625 0.7375 0.09765625 0.09765625
1 0.33203125 0.85703125 0.109375 0.11015625
1 0.2328125 0.47578125 0.09765625 0.09765625
1 0.2375 0.58671875 0.09765625 0.09765625
1 0.23359375 0.69765625 0.109375 0.11015625
1 0.2375 0.80546875 0.109375 0.11015625
1 0.1375 0.5203125 0.109375 0.1109375
1 0.1421875 0.6296875 0.09765625 0.09765625
1 0.14140625 0.7390625 0.11015625 0.11015625
1 0.13828125 0.8484375 0.11015625 0.11015625
1 0.23125 0.91171875 0.109375 0.11015625
1 0.7046875 0.96171875 0.0734375 0.0734375