2 0.4625 0.26640625 0.0734375 0.0734375
3 0.74375 0.8640625 0.0859375 0.08671875
2 0.946875 0.1078125 0.0734375 0.07421875
2 0.0828125 0.24921875 0.0734375 0.07421875
1 0.07890625 0.38203125 0.09765625 0.09765625
1 0.07890625 0.48359375 0.11015625 0.1109375
1 0.075 0.59296875 0.11015625 0.11015625
2 0.17734375 0.103125 0.0734375 0.0734375
2 0.17734375 0.19296875 0.0734375 0.0734375
1 0.178125 0.3125 0.0859375 0.0859375
1 0.17890625 0.4296875 0.09765625 0.09765625
1 0.18046875 0.5421875 0.09765625 0.09765625
2 0.259375 0.06171875 0.0734375 0.0734375
2 0.26328125 0.13828125 0.0734375 0.0734375
2 0.2625 0.2484375 0.0609375 0.06171875
2 0.2703125 0.3546875 0.0859375 0.0859375
1 0.26953125 0.4890625 0.09765625 0.09765625
1 0.26875 0.575 0.09765625 0.09765625
2 0.35859375 0.0765625 0.0734375 0.0734375
2 0.36171875 0.20390625 0.0734375 0.0734375
2 0.36796875 0.33046875 0.0734375 0.0734375
1 0.36796875 0.43046875 0.109375 0.11015625
1 0.3703125 0.5421875 0.109375 0.11015625
1 0.45625 0.146875 0.121875 0.1234375
1 0.4625 0.3765625 0.08515625 0.0859375
1 0.46015625 0.4890625 0.11015625 0.11015625
1 0.45859375 0.6015625 0.121875 0.1234375
1 0.55859375 0.09921875 0.09765625 0.0984375
1 0.5609375 0.20625 0.121875 0.1234375
1 0.56328125 0.31875 0.109375 0.11015625
1 0.55078125 0.43203125 0.109375 0.11015625
1 0.55390625 0.54140625 0.11015625 0.11015625
1 0.6546875 0.07109375 0.08515625 0.0859375
1 0.65546875 0.1546875 0.09765625 0.09765625
1 0.65390625 0.27421875 0.121875 0.1234375
1 0.66015625 0.3703125 0.109375 0.11015625
1 0.66484375 0.48671875 0.109375 0.11015625
1 0.6578125 0.59453125 0.109375 0.11015625
1 0.746875 0.096875 0.08515625 0.0859375
1 0.7484375 0.209375 0.121875 0.1234375
1 0.7609375 0.42265625 0.0859375 0.0859375
1 0.74375 0.540625 0.109375 0.11015625
1 0.840625 0.16015625 0.09765625 0.09765625
1 0.84921875 0.26640625 0.121875 0.1234375
1 0.84921875 0.37578125 0.11015625 0.1109375
1 0.846875 0.478125 0.11015625 0.11015625
1 0.840625 0.59296875 0.11015625 0.11015625
1 0.93671875 0.20234375 0.109375 0.11015625
1 0.94140625 0.315625 0.109375 0.1109375
1 0.9390625 0.5421875 0.11015625 0.11015625
1 0.9390625 0.6546875 0.11015625 0.1109375
1 0.9390625 0.76015625 0.11015625 0.11015625
1 0.94296875 0.85859375 0.11015625 0.11015625
1 0.8453125 0.7015625 0.109375 0.11015625
1 0.84453125 0.81328125 0.109375 0.11015625
1 0.7484375 0.65390625 0.109375 0.11015625
1 0.75078125 0.76640625 0.0859375 0.0859375
1 0.65390625 0.69765625 0.11015625 0.11015625
1 0.65 0.8078125 0.11015625 0.11015625
1 0.6546875 0.91953125 0.09765625 0.0984375
1 0.55 0.65078125 0.11015625 0.11015625
1 0.56171875 0.88046875 0.09765625 0.0984375
1 0.45703125 0.70234375 0.109375 0.11015625
1 0.45625 0.81875 0.121875 0.1234375
1 0.46171875 0.91796875 0.121875 0.1234375
1 0.36796875 0.65546875 0.109375 0.11015625
1 0.3625 0.759375 0.121875 0.1234375
1 0.36015625 0.86640625 0.121875 0.1234375
1 0.26328125 0.70390625 0.121875 0.1234375
1 0.26796875 0.81171875 0.121875 0.1234375
1 0.26796875 0.91875 0.121875 0.1234375
1 0.17734375 0.65546875 0.121875 0.1234375
1 0.17421875 0.7609375 0.121875 0.1234375
1 0.17265625 0.859375 0.121875 0.1234375
1 0.0828125 0.696875 0.121875 0.1234375
1 0.08046875 0.8140625 0.121875 0.1234375
1 0.0796875 0.92578125 0.121875 0.1234375