2 0.67109375 0.17109375 0.0734375 0.07421875
3 0.753125 0.91015625 0.0859375 0.0859375
1 0.94453125 0.571875 0.08515625 0.0859375
1 0.94453125 0.9015625 0.0859375 0.0859375
1 0.8515625 0.5171875 0.0859375 0.0859375
1 0.8515625 0.62578125 0.09765625 0.0984375
1 0.84765625 0.715625 0.09765625 0.0984375
1 0.8484375 0.95 0.09765625 0.0984375
1 0.76171875 0.4515625 0.09765625 0.09765625
1 0.75703125 0.57734375 0.09765625 0.09765625
1 0.7546875 0.67265625 0.09765625 0.0984375
1 0.75625 0.77890625 0.09765625 0.0984375
1 0.6640625 0.828125 0.0859375 0.0859375
1 0.66796875 0.72265625 0.0859375 0.0859375
1 0.665625 0.6171875 0.08515625 0.0859375
1 0.665625 0.51484375 0.08515625 0.0859375
1 0.57265625 0.4546875 0.11015625 0.11015625
1 0.56875 0.57109375 0.11015625 0.11015625
1 0.56171875 0.684375 0.11015625 0.11015625
1 0.5609375 0.796875 0.109375 0.1109375
1 0.5640625 0.8984375 0.109375 0.1109375
1 0.4765625 0.8453125 0.109375 0.11015625
1 0.4765625 0.72109375 0.109375 0.11015625
1 0.47734375 0.62890625 0.11015625 0.1109375
1 0.48359375 0.5015625 0.109375 0.11015625
1 0.3734375 0.45859375 0.11015625 0.11015625
1 0.37109375 0.5609375 0.109375 0.11015625
1 0.37890625 0.678125 0.09765625 0.0984375
1 0.37890625 0.7875 0.09765625 0.0984375
1 0.38125 0.89375 0.09765625 0.0984375
1 0.278125 0.93203125 0.09765625 0.0984375
1 0.290625 0.51015625 0.109375 0.11015625
1 0.28828125 0.646875 0.109375 0.11015625
1 0.28046875 0.728125 0.0859375 0.0859375
1 0.28828125 0.83046875 0.109375 0.11015625
1 0.19921875 0.5625 0.0859375 0.0859375
1 0.18828125 0.65703125 0.109375 0.1109375
1 0.1859375 0.75625 0.11015625 0.11015625
1 0.1984375 0.8703125 0.11015625 0.11015625
1 0.0953125 0.81875 0.11015625 0.11015625
1 0.0953125 0.73359375 0.09765625 0.0984375
1 0.1 0.6234375 0.09765625 0.0984375
1 0.103125 0.51328125 0.109375 0.11015625
1 0.94375 0.24296875 0.11015625 0.11015625
1 0.8625 0.40546875 0.109375 0.1109375
1 0.853125 0.28671875 0.109375 0.11015625
1 0.85 0.18046875 0.109375 0.11015625
1 0.85859375 0.08125 0.09765625 0.0984375
1 0.76484375 0.12265625 0.109375 0.11015625
1 0.765625 0.2390625 0.109375 0.11015625
1 0.7546875 0.35703125 0.109375 0.11015625
1 0.66875 0.40546875 0.08515625 0.0859375
1 0.66875 0.284375 0.08515625 0.0859375
1 0.67890625 0.05625 0.08515625 0.0859375
1 0.57421875 0.12421875 0.109375 0.1109375
1 0.565625 0.23125 0.109375 0.11015625
1 0.5703125 0.33828125 0.109375 0.11015625
1 0.475 0.3921875 0.109375 0.11015625
1 0.4734375 0.303125 0.109375 0.11015625
1 0.47578125 0.19765625 0.11015625 0.11015625
1 0.4828125 0.065625 0.11015625 0.1109375
1 0.384375 0.12578125 0.11015625 0.11015625
1 0.384375 0.240625 0.09765625 0.0984375
1 0.3828125 0.34921875 0.109375 0.11015625
1 0.28984375 0.3953125 0.109375 0.1109375
1 0.2828125 0.28359375 0.09765625 0.0984375
1 0.2921875 0.1859375 0.11015625 0.11015625
1 0.29375 0.071875 0.09765625 0.0984375
1 0.2 0.128125 0.08515625 0.0859375
1 0.20234375 0.23515625 0.0859375 0.0859375
1 0.20703125 0.35234375 0.0859375 0.0859375
1 0.2015625 0.4546875 0.08515625 0.0859375
1 0.0984375 0.41640625 0.109375 0.11015625
1 0.09765625 0.29140625 0.09765625 0.0984375
1 0.09765625 0.18125 0.0859375 0.0859375
1 0.0984375 0.07421875 0.09765625 0.09765625