2 0.78359375 0.878125 0.0734375 0.07421875
1 0.8859375 0.30546875 0.09765625 0.0984375
1 0.88359375 0.42109375 0.11015625 0.11015625
1 0.78515625 0.46796875 0.09765625 0.0984375
1 0.79453125 0.36015625 0.11015625 0.11015625
1 0.69609375 0.403125 0.109375 0.11015625
1 0.60859375 0.35078125 0.0859375 0.0859375
1 0.59765625 0.4546875 0.0859375 0.0859375
1 0.6015625 0.5796875 0.0859375 0.0859375
1 0.59453125 0.6796875 0.0859375 0.0859375
1 0.60078125 0.81171875 0.08515625 0.0859375
1 0.70859375 0.828125 0.08515625 0.0859375
1 0.7046875 0.7453125 0.08515625 0.0859375
1 0.69453125 0.62890625 0.0859375 0.0859375
1 0.69609375 0.51484375 0.08515625 0.0859375
1 0.78984375 0.58515625 0.0859375 0.0859375
1 0.7875 0.70703125 0.08515625 0.0859375
1 0.78828125 0.7890625 0.08515625 0.0859375
1 0.88671875 0.9390625 0.0859375 0.0859375
1 0.884375 0.83203125 0.08515625 0.0859375
1 0.8921875 0.7375 0.08515625 0.0859375
1 0.884375 0.6421875 0.08515625 0.0859375
1 0.8890625 0.53203125 0.0859375 0.0859375
1 0.50859375 0.3015625 0.09765625 0.0984375
1 0.5125 0.4171875 0.0859375 0.0859375
1 0.5109375 0.525 0.09765625 0.0984375
1 0.50859375 0.63359375 0.08515625 0.0859375
1 0.50703125 0.7515625 0.09765625 0.0984375
1 0.5078125 0.86484375 0.09765625 0.0984375
1 0.41796875 0.36640625 0.09765625 0.09765625
1 0.41875 0.46875 0.09765625 0.09765625
1 0.41953125 0.57890625 0.08515625 0.0859375
1 0.41875 0.696875 0.09765625 0.0984375
1 0.41484375 0.809375 0.0859375 0.0859375
1 0.4125 0.91875 0.09765625 0.09765625
1 0.33125 0.3171875 0.11015625 0.11015625
1 0.325 0.43125 0.09765625 0.0984375
1 0.32109375 0.540625 0.09765625 0.0984375
1 0.32109375 0.65390625 0.09765625 0.0984375
1 0.3234375 0.76640625 0.09765625 0.09765625
1 0.3234375 0.8640625 0.109375 0.1109375
1 0.22734375 0.28046875 0.08515625 0.0859375
1 0.22421875 0.38671875 0.08515625 0.0859375
1 0.22734375 0.48359375 0.08515625 0.0859375
1 0.22421875 0.59765625 0.08515625 0.0859375
1 0.2265625 0.71171875 0.09765625 0.09765625
1 0.22421875 0.8359375 0.08515625 0.0859375
1 0.22890625 0.93828125 0.08515625 0.0859375
1 0.1296875 0.8765625 0.11015625 0.1109375
1 0.1359375 0.76640625 0.09765625 0.09765625
1 0.14140625 0.65078125 0.109375 0.11015625
1 0.140625 0.5453125 0.09765625 0.0984375
3 0.1359375 0.4375 0.08515625 0.0859375
1 0.13515625 0.325 0.08515625 0.0859375
1 0.1359375 0.2125 0.09765625 0.0984375
1 0.134375 0.10625 0.08515625 0.0859375
1 0.23125 0.15078125 0.09765625 0.0984375
1 0.325 0.10234375 0.09765625 0.0984375
1 0.32890625 0.20859375 0.09765625 0.0984375
1 0.42109375 0.25078125 0.09765625 0.0984375
1 0.428125 0.13984375 0.09765625 0.09765625
1 0.5140625 0.08203125 0.08515625 0.0859375
1 0.5140625 0.184375 0.09765625 0.0984375
1 0.61015625 0.23515625 0.11015625 0.11015625
1 0.60859375 0.1265625 0.109375 0.11015625
1 0.70390625 0.05 0.0859375 0.0859375
1 0.69921875 0.1828125 0.09765625 0.0984375
1 0.8 0.2484375 0.109375 0.1109375
1 0.7 0.2953125 0.0859375 0.0859375
1 0.79609375 0.1234375 0.0859375 0.0859375
1 0.88359375 0.08046875 0.109375 0.11015625
1 0.884375 0.1921875 0.109375 0.11015625