1 0.9359375 0.0609375 0.11015625 0.11015625
1 0.934375 0.17578125 0.109375 0.1109375
1 0.9359375 0.2828125 0.09765625 0.0984375
1 0.93125 0.39140625 0.09765625 0.09765625
1 0.9390625 0.50625 0.09765625 0.0984375
1 0.93046875 0.61640625 0.11015625 0.11015625
1 0.93046875 0.715625 0.11015625 0.11015625
1 0.9265625 0.81953125 0.11015625 0.11015625
1 0.8484375 0.1171875 0.08515625 0.0859375
1 0.84296875 0.22578125 0.09765625 0.0984375
1 0.83515625 0.34296875 0.09765625 0.0984375
1 0.83984375 0.440625 0.09765625 0.0984375
1 0.8375 0.559375 0.08515625 0.0859375
1 0.8359375 0.6671875 0.09765625 0.0984375
1 0.83671875 0.76875 0.109375 0.11015625
1 0.75234375 0.06328125 0.08515625 0.0859375
1 0.74609375 0.1765625 0.09765625 0.09765625
1 0.74296875 0.2796875 0.09765625 0.0984375
1 0.740625 0.39296875 0.09765625 0.0984375
1 0.7359375 0.50859375 0.0859375 0.0859375
1 0.7390625 0.6140625 0.09765625 0.0984375
1 0.740625 0.7125 0.09765625 0.09765625
1 0.73359375 0.8140625 0.109375 0.11015625
1 0.640625 0.76328125 0.109375 0.11015625
1 0.63828125 0.6609375 0.11015625 0.11015625
1 0.640625 0.5484375 0.109375 0.1109375
1 0.64140625 0.43671875 0.11015625 0.11015625
3 0.6546875 0.32890625 0.09765625 0.09765625
1 0.6453125 0.221875 0.11015625 0.11015625
1 0.64921875 0.1125 0.11015625 0.11015625
3 0.5515625 0.0671875 0.09765625 0.09765625
1 0.54609375 0.17109375 0.09765625 0.0984375
1 0.54765625 0.28046875 0.09765625 0.0984375
1 0.55078125 0.3859375 0.109375 0.11015625
1 0.5453125 0.5046875 0.11015625 0.11015625
1 0.54609375 0.60859375 0.11015625 0.1109375
1 0.5515625 0.7234375 0.09765625 0.0984375
1 0.5484375 0.8296875 0.09765625 0.0984375
1 0.45625 0.11953125 0.11015625 0.11015625
1 0.45625 0.22734375 0.09765625 0.0984375
1 0.4484375 0.3375 0.09765625 0.09765625
1 0.4546875 0.45 0.0859375 0.08671875
1 0.4515625 0.559375 0.09765625 0.0984375
1 0.45078125 0.66484375 0.11015625 0.11015625
1 0.45234375 0.7984375 0.109375 0.11015625
1 0.3609375 0.06328125 0.11015625 0.11015625
1 0.36328125 0.165625 0.109375 0.1109375
1 0.359375 0.28046875 0.09765625 0.0984375
1 0.3578125 0.39765625 0.11015625 0.1109375
1 0.3609375 0.50703125 0.09765625 0.09765625
1 0.3625 0.6265625 0.11015625 0.11015625
1 0.3640625 0.72109375 0.109375 0.11015625
1 0.36015625 0.846875 0.08515625 0.0859375
1 0.26640625 0.2390625 0.109375 0.11015625
1 0.2640625 0.32734375 0.09765625 0.09765625
1 0.26875 0.41328125 0.11015625 0.1109375
1 0.27421875 0.528125 0.11015625 0.11015625
1 0.25625 0.6578125 0.109375 0.11015625
1 0.26328125 0.78125 0.11015625 0.1109375
1 0.1734375 0.83046875 0.109375 0.11015625
1 0.1625 0.72265625 0.11015625 0.1109375
1 0.16875 0.609375 0.109375 0.1109375
1 0.175 0.51015625 0.09765625 0.0984375
1 0.1796875 0.14921875 0.109375 0.11015625
1 0.1796875 0.29375 0.109375 0.11015625
1 0.17578125 0.38359375 0.09765625 0.0984375
1 0.0703125 0.10703125 0.109375 0.11015625
1 0.07890625 0.33515625 0.09765625 0.09765625
1 0.0796875 0.44140625 0.09765625 0.09765625
1 0.0796875 0.5546875 0.09765625 0.09765625
1 0.0765625 0.66796875 0.09765625 0.09765625
1 0.06796875 0.77421875 0.11015625 0.1109375