2 0.509375 0.0875 0.08515625 0.0859375
2 0.50625 0.20390625 0.0859375 0.0859375
1 0.4109375 0.1421875 0.0859375 0.0859375
1 0.4125 0.25390625 0.09765625 0.09765625
1 0.3140625 0.0875 0.0859375 0.0859375
1 0.3140625 0.19453125 0.09765625 0.09765625
1 0.22421875 0.1453125 0.08515625 0.0859375
1 0.22265625 0.25 0.09765625 0.09765625
1 0.1265625 0.0953125 0.08515625 0.0859375
1 0.125 0.1984375 0.09765625 0.09765625
1 0.1296875 0.30625 0.09765625 0.0984375
1 0.12578125 0.4203125 0.0859375 0.0859375
1 0.12421875 0.52265625 0.09765625 0.09765625
1 0.125 0.63671875 0.0859375 0.0859375
1 0.128125 0.753125 0.0859375 0.0859375
1 0.22265625 0.3578125 0.09765625 0.0984375
1 0.22734375 0.47578125 0.09765625 0.0984375
1 0.23046875 0.58203125 0.09765625 0.09765625
1 0.2296875 0.69921875 0.09765625 0.09765625
1 0.31640625 0.309375 0.0859375 0.08671875
1 0.31640625 0.41640625 0.09765625 0.0984375
1 0.315625 0.525 0.09765625 0.0984375
1 0.31640625 0.6546875 0.09765625 0.0984375
1 0.415625 0.3625 0.09765625 0.0984375
1 0.409375 0.47109375 0.09765625 0.0984375
1 0.4078125 0.5859375 0.0859375 0.0859375
1 0.41171875 0.6953125 0.08515625 0.0859375
1 0.50546875 0.303125 0.08515625 0.0859375
1 0.50546875 0.41484375 0.08515625 0.0859375
1 0.50625 0.52890625 0.09765625 0.0984375
1 0.5078125 0.640625 0.0859375 0.0859375
1 0.50390625 0.7515625 0.0859375 0.0859375
1 0.31875 0.765625 0.08515625 0.0859375
1 0.5046875 0.859375 0.0859375 0.0859375
1 0.40859375 0.80390625 0.08515625 0.0859375
1 0.4078125 0.92109375 0.09765625 0.09765625
3 0.31484375 0.86015625 0.08515625 0.0859375
1 0.22578125 0.8078125 0.0859375 0.0859375
1 0.22265625 0.91953125 0.09765625 0.0984375
1 0.13125 0.85703125 0.09765625 0.0984375