2 0.709375 0.3859375 0.0734375 0.07421875
2 0.43046875 0.1390625 0.0734375 0.0734375
2 0.81484375 0.68984375 0.0734375 0.0734375
2 0.52265625 0.6125 0.0734375 0.0734375
2 0.7125 0.7390625 0.0734375 0.07421875
2 0.8 0.88515625 0.0734375 0.0734375
2 0.61875 0.7921875 0.0734375 0.0734375
1 0.71015625 0.94375 0.0859375 0.0859375
1 0.41875 0.903125 0.09765625 0.0984375
1 0.14140625 0.9484375 0.0859375 0.0859375
2 0.81484375 0.78359375 0.0734375 0.0734375
2 0.71015625 0.8484375 0.0734375 0.07421875
1 0.81640625 0.4875 0.0859375 0.0859375
3 0.615625 0.22421875 0.0859375 0.08671875
1 0.615625 0.11328125 0.0859375 0.0859375
2 0.521875 0.16796875 0.0734375 0.07421875
2 0.52578125 0.2734375 0.0734375 0.07421875
1 0.3296875 0.175 0.08515625 0.0859375
1 0.05078125 0.23671875 0.09765625 0.0984375
1 0.04765625 0.6796875 0.08515625 0.0859375
1 0.14296875 0.8328125 0.11015625 0.11015625
1 0.14140625 0.72421875 0.109375 0.11015625
1 0.13671875 0.61640625 0.109375 0.11015625
1 0.14296875 0.51484375 0.11015625 0.11015625
1 0.1421875 0.4015625 0.11015625 0.11015625
1 0.13984375 0.2875 0.109375 0.11015625
1 0.13828125 0.1765625 0.11015625 0.1109375
1 0.2359375 0.13359375 0.09765625 0.09765625
1 0.22734375 0.23671875 0.109375 0.11015625
1 0.240625 0.340625 0.109375 0.1109375
1 0.2328125 0.45234375 0.109375 0.11015625
1 0.23515625 0.5578125 0.08515625 0.0859375
1 0.2375 0.64765625 0.0859375 0.0859375
1 0.2328125 0.78046875 0.09765625 0.0984375
1 0.3328125 0.8453125 0.109375 0.1109375
1 0.23359375 0.8921875 0.0859375 0.0859375
1 0.32890625 0.7203125 0.0859375 0.0859375
1 0.32890625 0.628125 0.09765625 0.0984375
1 0.328125 0.50703125 0.09765625 0.0984375
1 0.33359375 0.403125 0.08515625 0.0859375
1 0.328125 0.2765625 0.109375 0.11015625
1 0.4265625 0.2375 0.08515625 0.0859375
1 0.425 0.33671875 0.09765625 0.09765625
1 0.428125 0.471875 0.09765625 0.0984375
1 0.42578125 0.5609375 0.09765625 0.0984375
1 0.4171875 0.678125 0.109375 0.11015625
1 0.41796875 0.78984375 0.109375 0.11015625
1 0.5171875 0.85078125 0.0859375 0.0859375
1 0.52421875 0.73515625 0.0859375 0.0859375
1 0.521875 0.5078125 0.08515625 0.0859375
1 0.51640625 0.37265625 0.09765625 0.0984375
1 0.6140625 0.4296875 0.08515625 0.0859375
1 0.61328125 0.5609375 0.09765625 0.0984375
1 0.6140625 0.6765625 0.09765625 0.09765625
1 0.71171875 0.61953125 0.109375 0.11015625
1 0.7078125 0.5015625 0.09765625 0.0984375
1 0.89453125 0.40625 0.109375 0.1109375
1 0.903125 0.27265625 0.09765625 0.09765625
1 0.8984375 0.17109375 0.109375 0.1109375
1 0.803125 0.12421875 0.109375 0.1109375
1 0.8078125 0.23203125 0.11015625 0.11015625
1 0.80546875 0.3765625 0.11015625 0.11015625
1 0.89921875 0.51328125 0.109375 0.11015625
1 0.89921875 0.62109375 0.0859375 0.0859375
1 0.70859375 0.1796875 0.08515625 0.0859375
1 0.89609375 0.071875 0.11015625 0.11015625
1 0.528125 0.084375 0.08515625 0.0859375
1 0.32734375 0.071875 0.109375 0.11015625
1 0.709375 0.0640625 0.109375 0.11015625
1 0.89375 0.8546875 0.0859375 0.0859375