2 0.37109375 0.54140625 0.0859375 0.08671875
1 0.9453125 0.08828125 0.09765625 0.0984375
1 0.94375 0.19453125 0.09765625 0.0984375
1 0.94140625 0.3078125 0.09765625 0.0984375
1 0.94375 0.415625 0.09765625 0.0984375
1 0.9421875 0.5359375 0.08515625 0.0859375
1 0.84765625 0.14375 0.109375 0.11015625
1 0.84921875 0.259375 0.11015625 0.11015625
1 0.853125 0.3609375 0.09765625 0.0984375
1 0.84296875 0.46953125 0.09765625 0.09765625
3 0.74765625 0.09609375 0.11015625 0.11015625
3 0.6515625 0.14375 0.11015625 0.11015625
1 0.74921875 0.19453125 0.11015625 0.11015625
1 0.746875 0.31015625 0.11015625 0.11015625
1 0.74921875 0.428125 0.11015625 0.1109375
1 0.746875 0.53515625 0.0859375 0.0859375
1 0.65078125 0.26640625 0.0734375 0.07421875
1 0.6546875 0.365625 0.09765625 0.09765625
1 0.64765625 0.48359375 0.09765625 0.09765625
1 0.5515625 0.0890625 0.109375 0.11015625
1 0.5546875 0.2 0.109375 0.1109375
1 0.55859375 0.30078125 0.109375 0.1109375
1 0.5515625 0.4203125 0.09765625 0.0984375
1 0.55234375 0.5375 0.08515625 0.0859375
1 0.465625 0.1375 0.109375 0.1109375
1 0.46640625 0.2453125 0.08515625 0.0859375
1 0.4625 0.3703125 0.09765625 0.0984375
1 0.4703125 0.4796875 0.09765625 0.0984375
1 0.365625 0.1046875 0.11015625 0.1109375
1 0.36875 0.2125 0.08515625 0.0859375
1 0.36171875 0.33203125 0.08515625 0.0859375
1 0.36796875 0.4359375 0.0859375 0.0859375
1 0.2765625 0.04609375 0.08515625 0.0859375
2 0.28359375 0.159375 0.02421875 0.02421875
2 0.27734375 0.278125 0.0375 0.0375
2 0.2796875 0.384375 0.02421875 0.02421875
2 0.27421875 0.49765625 0.02421875 0.02421875
2 0.18203125 0.30625 0.02421875 0.02421875
2 0.18203125 0.41640625 0.02421875 0.02421875
2 0.178125 0.53203125 0.02421875 0.02421875
1 0.184375 0.08125 0.09765625 0.0984375
1 0.1828125 0.18671875 0.09765625 0.0984375
2 0.17421875 0.64140625 0.02421875 0.02421875
2 0.17734375 0.7234375 0.02421875 0.02421875
2 0.275 0.584375 0.02421875 0.02421875
2 0.26796875 0.6921875 0.02421875 0.02421875
2 0.36796875 0.72265625 0.0375 0.0375
1 0.365625 0.63984375 0.109375 0.11015625
1 0.475 0.584375 0.0859375 0.0859375
1 0.475 0.69296875 0.0734375 0.0734375
1 0.55546875 0.64296875 0.09765625 0.0984375
2 0.54609375 0.75859375 0.06171875 0.06171875
1 0.64765625 0.5890625 0.09765625 0.0984375
1 0.65234375 0.696875 0.09765625 0.0984375
1 0.75625 0.646875 0.09765625 0.09765625
1 0.846875 0.58515625 0.08515625 0.0859375
1 0.8453125 0.69609375 0.09765625 0.09765625
1 0.9453125 0.64375 0.09765625 0.09765625
1 0.9390625 0.73828125 0.08515625 0.0859375
2 0.08984375 0.8859375 0.0609375 0.06171875
1 0.17890625 0.934375 0.0859375 0.0859375
2 0.27578125 0.89296875 0.06171875 0.06171875
1 0.3703125 0.9359375 0.09765625 0.0984375
2 0.46015625 0.903125 0.0484375 0.0484375
1 0.5453125 0.9359375 0.0734375 0.0734375
1 0.74921875 0.93359375 0.0734375 0.07421875
1 0.940625 0.940625 0.09765625 0.09765625