1 0.90625 0.04609375 0.0859375 0.0859375
1 0.9 0.15859375 0.0859375 0.08671875
1 0.90234375 0.271875 0.09765625 0.0984375
1 0.8046875 0.103125 0.09765625 0.0984375
1 0.80625 0.21796875 0.09765625 0.0984375
1 0.715625 0.053125 0.09765625 0.0984375
2 0.72421875 0.1546875 0.06171875 0.06171875
1 0.62109375 0.2171875 0.109375 0.11015625
2 0.61953125 0.01953125 0.0359375 0.0375
2 0.615625 0.10859375 0.0359375 0.0375
1 0.43515625 0.21484375 0.11015625 0.1109375
1 0.34921875 0.15546875 0.11015625 0.1109375
1 0.246875 0.1 0.109375 0.11015625
1 0.25390625 0.21171875 0.109375 0.11015625
1 0.14765625 0.1484375 0.0859375 0.0859375
1 0.15234375 0.2625 0.0859375 0.0859375
1 0.0515625 0.0921875 0.0859375 0.0859375
1 0.0578125 0.20625 0.08515625 0.08671875
1 0.0625 0.53359375 0.109375 0.11015625
1 0.05625 0.64375 0.109375 0.11015625
1 0.05546875 0.75859375 0.109375 0.1109375
1 0.1546875 0.36484375 0.11015625 0.11015625
1 0.153125 0.4796875 0.11015625 0.11015625
1 0.14765625 0.58828125 0.09765625 0.0984375
1 0.15 0.6984375 0.08515625 0.0859375
1 0.15 0.81171875 0.09765625 0.09765625
1 0.24921875 0.3234375 0.109375 0.11015625
1 0.25078125 0.4234375 0.109375 0.11015625
1 0.24140625 0.5359375 0.09765625 0.0984375
1 0.246875 0.64765625 0.11015625 0.11015625
1 0.2390625 0.7546875 0.11015625 0.11015625
1 0.3296875 0.2671875 0.11015625 0.11015625
1 0.3375 0.38359375 0.109375 0.11015625
1 0.3390625 0.49140625 0.109375 0.11015625
1 0.3390625 0.59453125 0.09765625 0.0984375
1 0.34375 0.71015625 0.109375 0.11015625
1 0.43046875 0.32734375 0.11015625 0.11015625
1 0.434375 0.43203125 0.11015625 0.11015625
1 0.43125 0.54375 0.11015625 0.11015625
1 0.4296875 0.6546875 0.109375 0.11015625
1 0.43046875 0.7640625 0.109375 0.11015625
1 0.52265625 0.26171875 0.109375 0.1109375
1 0.5265625 0.37421875 0.109375 0.1109375
1 0.52421875 0.48359375 0.09765625 0.0984375
1 0.53203125 0.59609375 0.11015625 0.11015625
1 0.52421875 0.70390625 0.11015625 0.11015625
1 0.61875 0.32734375 0.109375 0.1109375
1 0.61640625 0.4328125 0.109375 0.1109375
1 0.61796875 0.5390625 0.09765625 0.09765625
1 0.6171875 0.64765625 0.109375 0.11015625
1 0.6171875 0.76796875 0.09765625 0.0984375
1 0.71484375 0.27578125 0.09765625 0.0984375
1 0.709375 0.37421875 0.11015625 0.1109375
1 0.7140625 0.484375 0.109375 0.1109375
1 0.7109375 0.596875 0.109375 0.1109375
1 0.7125 0.71171875 0.109375 0.11015625
1 0.8109375 0.54375 0.11015625 0.1109375
1 0.81328125 0.6265625 0.0734375 0.07421875
1 0.803125 0.76640625 0.09765625 0.09765625
1 0.90234375 0.378125 0.109375 0.11015625
1 0.90234375 0.59375 0.09765625 0.09765625
1 0.89921875 0.703125 0.09765625 0.09765625
1 0.89921875 0.79765625 0.11015625 0.1109375
1 0.909375 0.91875 0.09765625 0.0984375
1 0.809375 0.86875 0.09765625 0.0984375
1 0.71171875 0.81484375 0.09765625 0.0984375
1 0.7125 0.92421875 0.09765625 0.0984375
1 0.62265625 0.87421875 0.11015625 0.11015625
1 0.52578125 0.821875 0.11015625 0.11015625
1 0.52734375 0.93046875 0.109375 0.11015625
1 0.4328125 0.871875 0.109375 0.11015625
1 0.34140625 0.82109375 0.11015625 0.11015625
1 0.3328125 0.9171875 0.11015625 0.11015625
1 0.24375 0.8703125 0.11015625 0.11015625
1 0.14765625 0.9234375 0.109375 0.1109375