2 0.86953125 0.1546875 0.0734375 0.0734375
1 0.87109375 0.259375 0.09765625 0.0984375
1 0.86875 0.37265625 0.09765625 0.0984375
1 0.771875 0.08671875 0.09765625 0.0984375
1 0.76875 0.21640625 0.09765625 0.0984375
1 0.77421875 0.321875 0.109375 0.11015625
1 0.68359375 0.16171875 0.09765625 0.0984375
1 0.68359375 0.2625 0.09765625 0.0984375
1 0.678125 0.37578125 0.109375 0.1109375
1 0.58515625 0.0953125 0.109375 0.11015625
1 0.58671875 0.2046875 0.109375 0.11015625
1 0.58515625 0.31640625 0.11015625 0.1109375
1 0.4921875 0.14375 0.09765625 0.09765625
1 0.49375 0.25390625 0.11015625 0.1109375
1 0.49375 0.37265625 0.11015625 0.11015625
1 0.4015625 0.1015625 0.11015625 0.1109375
1 0.3921875 0.2109375 0.09765625 0.09765625
1 0.40234375 0.32890625 0.109375 0.11015625
2 0.303125 0.1578125 0.0609375 0.06171875
1 0.2984375 0.2640625 0.109375 0.11015625
1 0.30078125 0.37421875 0.109375 0.11015625
1 0.21171875 0.0921875 0.109375 0.11015625
1 0.20390625 0.20078125 0.11015625 0.11015625
1 0.2078125 0.32109375 0.11015625 0.11015625
2 0.1109375 0.13828125 0.06171875 0.06171875
1 0.11171875 0.259375 0.11015625 0.11015625
1 0.1109375 0.37578125 0.109375 0.11015625
1 0.11171875 0.48359375 0.11015625 0.11015625
1 0.109375 0.59453125 0.109375 0.11015625
1 0.1078125 0.7015625 0.109375 0.11015625
1 0.109375 0.8015625 0.109375 0.1109375
1 0.20234375 0.43046875 0.11015625 0.11015625
1 0.20546875 0.54140625 0.11015625 0.11015625
1 0.20625 0.64375 0.11015625 0.11015625
1 0.20234375 0.7625 0.09765625 0.0984375
1 0.2953125 0.48984375 0.109375 0.11015625
1 0.3 0.59921875 0.09765625 0.0984375
1 0.2984375 0.70234375 0.11015625 0.11015625
1 0.4015625 0.425 0.09765625 0.0984375
1 0.39765625 0.53359375 0.09765625 0.0984375
1 0.4046875 0.64921875 0.109375 0.11015625
1 0.40546875 0.76015625 0.11015625 0.11015625
1 0.49453125 0.4828125 0.11015625 0.11015625
1 0.49609375 0.5921875 0.109375 0.11015625
1 0.49375 0.69609375 0.109375 0.11015625
1 0.5921875 0.4234375 0.11015625 0.1109375
1 0.5875 0.540625 0.11015625 0.11015625
1 0.5890625 0.64375 0.11015625 0.11015625
1 0.58359375 0.75625 0.11015625 0.11015625
1 0.6859375 0.48125 0.109375 0.1109375
1 0.6828125 0.59296875 0.109375 0.11015625
1 0.68046875 0.7015625 0.09765625 0.0984375
1 0.6828125 0.81796875 0.09765625 0.0984375
1 0.7765625 0.42265625 0.11015625 0.11015625
1 0.775 0.54375 0.0859375 0.0859375
1 0.775 0.65 0.09765625 0.09765625
1 0.78046875 0.7609375 0.09765625 0.0984375
1 0.871875 0.48125 0.11015625 0.11015625
1 0.8703125 0.5859375 0.11015625 0.1109375
1 0.87109375 0.7078125 0.109375 0.1109375
1 0.8671875 0.8140625 0.109375 0.11015625
1 0.871875 0.92265625 0.09765625 0.0984375
1 0.77265625 0.86640625 0.109375 0.11015625
1 0.6828125 0.91953125 0.09765625 0.0984375
1 0.5890625 0.8703125 0.109375 0.11015625
1 0.4984375 0.8171875 0.109375 0.11015625
1 0.496875 0.925 0.09765625 0.0984375
1 0.4015625 0.8796875 0.11015625 0.11015625
1 0.2953125 0.815625 0.11015625 0.11015625
1 0.3 0.92734375 0.11015625 0.11015625
1 0.203125 0.878125 0.09765625 0.09765625
1 0.10859375 0.92265625 0.109375 0.1109375