2 0.184375 0.4484375 0.0734375 0.07421875
2 0.28984375 0.75234375 0.0734375 0.0734375
2 0.18671875 0.8015625 0.0734375 0.07421875
2 0.275 0.94765625 0.0734375 0.0734375
2 0.09296875 0.8546875 0.0734375 0.0734375
2 0.94296875 0.2546875 0.0734375 0.07421875
2 0.28984375 0.84609375 0.0734375 0.0734375
2 0.18515625 0.9109375 0.0734375 0.07421875
1 0.290625 0.55 0.0859375 0.0859375
3 0.08984375 0.28671875 0.0859375 0.08671875
1 0.08984375 0.17578125 0.0859375 0.0859375
1 0.08828125 0.4921875 0.08515625 0.0859375
1 0.0875 0.6234375 0.09765625 0.0984375
1 0.0890625 0.7390625 0.09765625 0.09765625
1 0.18671875 0.68203125 0.109375 0.11015625
1 0.1828125 0.5640625 0.09765625 0.0984375
2 0.46953125 0.63671875 0.0484375 0.0484375
1 0.46953125 0.73828125 0.08515625 0.0859375
1 0.471875 0.85390625 0.0859375 0.08671875
1 0.9390625 0.9171875 0.109375 0.1109375
1 0.9359375 0.80546875 0.11015625 0.11015625
1 0.9359375 0.696875 0.11015625 0.11015625
1 0.93515625 0.58125 0.11015625 0.11015625
1 0.9359375 0.46953125 0.11015625 0.11015625
1 0.9375 0.3578125 0.09765625 0.09765625
1 0.8484375 0.29375 0.0859375 0.0859375
1 0.8328125 0.42109375 0.09765625 0.0984375
1 0.8390625 0.53046875 0.09765625 0.0984375
1 0.83515625 0.63984375 0.11015625 0.11015625
1 0.8421875 0.7515625 0.109375 0.11015625
1 0.8375 0.8640625 0.11015625 0.11015625
1 0.75390625 0.91796875 0.09765625 0.09765625
1 0.75 0.78046875 0.09765625 0.09765625
1 0.746875 0.68125 0.09765625 0.0984375
1 0.746875 0.59140625 0.09765625 0.0984375
1 0.753125 0.46796875 0.09765625 0.0984375
1 0.6515625 0.85703125 0.09765625 0.0984375
1 0.6515625 0.74140625 0.08515625 0.0859375
1 0.65234375 0.1984375 0.09765625 0.0984375
1 0.559375 0.15 0.09765625 0.09765625
1 0.56171875 0.246875 0.09765625 0.0984375
1 0.55625 0.3640625 0.109375 0.11015625
1 0.55390625 0.46953125 0.109375 0.11015625
1 0.46171875 0.19296875 0.09765625 0.0984375
1 0.46875 0.2984375 0.09765625 0.0984375
1 0.46328125 0.4109375 0.11015625 0.11015625
1 0.46015625 0.525 0.11015625 0.11015625
1 0.36875 0.46875 0.109375 0.1109375
1 0.378125 0.33515625 0.09765625 0.09765625
1 0.3734375 0.23359375 0.109375 0.1109375
1 0.27734375 0.18671875 0.109375 0.1109375
1 0.2828125 0.29453125 0.11015625 0.11015625
1 0.2796875 0.4390625 0.11015625 0.11015625
1 0.37421875 0.57578125 0.109375 0.11015625
1 0.37421875 0.68359375 0.0859375 0.0859375
1 0.1828125 0.2421875 0.08515625 0.0859375
1 0.6609375 0.06953125 0.09765625 0.09765625
1 0.4734375 0.0734375 0.09765625 0.09765625
1 0.3703125 0.134375 0.11015625 0.11015625
1 0.28203125 0.08359375 0.09765625 0.0984375
1 0.09140625 0.075 0.08515625 0.08671875
1 0.18359375 0.1265625 0.109375 0.11015625
1 0.36796875 0.9171875 0.0859375 0.0859375