2 0.5234375 0.27421875 0.0859375 0.0859375
2 0.7171875 0.27890625 0.0734375 0.0734375
2 0.71015625 0.49609375 0.08515625 0.0859375
2 0.715625 0.6125 0.0734375 0.0734375
2 0.80546875 0.43828125 0.0734375 0.0734375
2 0.8109375 0.6640625 0.08515625 0.0859375
2 0.80390625 0.55234375 0.06171875 0.06171875
2 0.8078125 0.78046875 0.0859375 0.0859375
2 0.81171875 0.3328125 0.0734375 0.0734375
1 0.059375 0.31875 0.11015625 0.1109375
1 0.15 0.059375 0.109375 0.11015625
1 0.14765625 0.165625 0.09765625 0.09765625
1 0.14921875 0.28046875 0.09765625 0.09765625
1 0.24140625 0.1140625 0.11015625 0.11015625
1 0.24140625 0.22109375 0.09765625 0.0984375
1 0.33359375 0.0625 0.08515625 0.0859375
1 0.33671875 0.1703125 0.08515625 0.0859375
1 0.33671875 0.278125 0.0734375 0.07421875
1 0.428125 0.11484375 0.0734375 0.0734375
0 0.43046875 0.22578125 0.0734375 0.0734375
1 0.525 0.0703125 0.0859375 0.0859375
1 0.52265625 0.1703125 0.0859375 0.08671875
1 0.61796875 0.1140625 0.08515625 0.0859375
1 0.61875 0.221875 0.08515625 0.0859375
1 0.7171875 0.05625 0.09765625 0.09765625
2 0.71328125 0.1703125 0.06171875 0.06171875
1 0.621875 0.33359375 0.0859375 0.08671875
1 0.434375 0.32734375 0.09765625 0.0984375
1 0.80625 0.11328125 0.0859375 0.0859375
1 0.8078125 0.221875 0.0859375 0.0859375
1 0.709375 0.3875 0.0734375 0.0734375
1 0.7125 0.71875 0.0859375 0.0859375
1 0.7140625 0.8296875 0.09765625 0.09765625
1 0.6171875 0.44453125 0.0859375 0.0859375
1 0.61328125 0.55625 0.09765625 0.0984375
1 0.61640625 0.6640625 0.0859375 0.0859375
1 0.61640625 0.7703125 0.09765625 0.09765625
1 0.5203125 0.39140625 0.09765625 0.0984375
1 0.5203125 0.4984375 0.09765625 0.0984375
1 0.52265625 0.61328125 0.08515625 0.0859375
1 0.52578125 0.721875 0.08515625 0.0859375
1 0.52421875 0.8265625 0.09765625 0.09765625
1 0.42890625 0.43984375 0.09765625 0.0984375
1 0.43125 0.553125 0.09765625 0.09765625
1 0.428125 0.671875 0.08515625 0.0859375
1 0.4265625 0.77421875 0.09765625 0.09765625
1 0.3390625 0.384375 0.09765625 0.09765625
1 0.3359375 0.5046875 0.0859375 0.0859375
1 0.33828125 0.61328125 0.0734375 0.07421875
1 0.33671875 0.721875 0.0734375 0.07421875
1 0.32890625 0.83359375 0.0734375 0.0734375
1 0.24140625 0.334375 0.109375 0.1109375
1 0.240625 0.4453125 0.09765625 0.09765625
1 0.24375 0.55859375 0.09765625 0.09765625
1 0.24453125 0.6640625 0.08515625 0.0859375
1 0.24609375 0.77265625 0.09765625 0.0984375
1 0.146875 0.3875 0.09765625 0.09765625
1 0.146875 0.4984375 0.09765625 0.0984375
1 0.14921875 0.609375 0.08515625 0.0859375
1 0.14765625 0.72109375 0.09765625 0.0984375
1 0.14765625 0.83515625 0.09765625 0.0984375
1 0.0515625 0.66484375 0.0859375 0.0859375
1 0.05390625 0.77421875 0.09765625 0.0984375
1 0.1484375 0.93671875 0.09765625 0.09765625
1 0.24140625 0.8875 0.0734375 0.07421875
1 0.33359375 0.9390625 0.0734375 0.07421875
1 0.43125 0.88203125 0.09765625 0.0984375
1 0.52421875 0.934375 0.09765625 0.0984375
1 0.61796875 0.88515625 0.0859375 0.08671875
1 0.71796875 0.9390625 0.09765625 0.0984375
1 0.80703125 0.87890625 0.08515625 0.0859375