2 0.06015625 0.15078125 0.0734375 0.0734375
3 0.3421875 0.7484375 0.0859375 0.08671875
1 0.06015625 0.26171875 0.08515625 0.0859375
1 0.0578125 0.3734375 0.11015625 0.11015625
1 0.15859375 0.090625 0.121875 0.1234375
1 0.1609375 0.20390625 0.109375 0.11015625
1 0.1484375 0.3171875 0.109375 0.11015625
1 0.1515625 0.4265625 0.11015625 0.11015625
1 0.2515625 0.159375 0.121875 0.1234375
1 0.2578125 0.25546875 0.109375 0.11015625
1 0.2625 0.371875 0.109375 0.11015625
1 0.25625 0.47890625 0.109375 0.11015625
1 0.34609375 0.09375 0.121875 0.1234375
1 0.35859375 0.3078125 0.0859375 0.0859375
1 0.3421875 0.425 0.109375 0.11015625
1 0.446875 0.1515625 0.121875 0.1234375
1 0.446875 0.2609375 0.11015625 0.1109375
1 0.44453125 0.3625 0.11015625 0.11015625
1 0.43828125 0.478125 0.11015625 0.11015625
1 0.534375 0.0875 0.109375 0.11015625
1 0.5390625 0.2 0.109375 0.1109375
1 0.53828125 0.3125 0.121875 0.1234375
1 0.53671875 0.42734375 0.11015625 0.11015625
1 0.634375 0.1453125 0.11015625 0.11015625
1 0.6375 0.25625 0.121875 0.1234375
1 0.6359375 0.36796875 0.121875 0.1234375
1 0.64140625 0.47265625 0.109375 0.1109375
1 0.73046875 0.090625 0.09765625 0.0984375
1 0.7296875 0.20234375 0.09765625 0.0984375
1 0.7359375 0.29609375 0.09765625 0.09765625
1 0.7296875 0.42265625 0.121875 0.1234375
1 0.82421875 0.15078125 0.09765625 0.0984375
1 0.8234375 0.246875 0.121875 0.1234375
1 0.82265625 0.36328125 0.121875 0.1234375
1 0.82265625 0.4765625 0.121875 0.1234375
1 0.91875 0.08828125 0.09765625 0.0984375
1 0.91875 0.19765625 0.09765625 0.0984375
1 0.92109375 0.3140625 0.121875 0.1234375
1 0.91953125 0.4296875 0.121875 0.1234375
1 0.91953125 0.5296875 0.121875 0.1234375
1 0.925 0.63828125 0.09765625 0.0984375
1 0.91953125 0.75 0.08515625 0.0859375
1 0.91875 0.85 0.109375 0.1109375
1 0.825 0.58515625 0.121875 0.1234375
1 0.8234375 0.70703125 0.109375 0.1109375
1 0.82421875 0.81171875 0.109375 0.1109375
1 0.82890625 0.92109375 0.121875 0.1234375
1 0.73515625 0.521875 0.09765625 0.09765625
1 0.7265625 0.63984375 0.09765625 0.09765625
1 0.7390625 0.7390625 0.11015625 0.1109375
1 0.73984375 0.86015625 0.121875 0.1234375
1 0.6359375 0.58671875 0.09765625 0.09765625
1 0.64375 0.69453125 0.11015625 0.11015625
1 0.6375 0.9046875 0.11015625 0.11015625
1 0.53671875 0.5390625 0.11015625 0.1109375
1 0.53671875 0.6453125 0.11015625 0.11015625
1 0.540625 0.74375 0.11015625 0.11015625
2 0.5375 0.8484375 0.0734375 0.0734375
2 0.53828125 0.94453125 0.0734375 0.0734375
1 0.44375 0.58671875 0.109375 0.11015625
1 0.4421875 0.69765625 0.109375 0.11015625
1 0.3453125 0.53828125 0.109375 0.11015625
1 0.3484375 0.6515625 0.0859375 0.0859375
1 0.2515625 0.5828125 0.11015625 0.11015625
1 0.24765625 0.69296875 0.11015625 0.11015625
1 0.2515625 0.80390625 0.09765625 0.0984375
1 0.14765625 0.5359375 0.11015625 0.11015625
1 0.159375 0.76484375 0.09765625 0.0984375
1 0.15 0.8609375 0.09765625 0.09765625