2 0.46015625 0.53046875 0.0734375 0.07421875
2 0.93984375 0.1484375 0.0734375 0.07421875
1 0.93046875 0.91796875 0.0859375 0.0859375
1 0.93125 0.8109375 0.09765625 0.09765625
1 0.93828125 0.6859375 0.109375 0.1109375
1 0.94375 0.6046875 0.09765625 0.0984375
1 0.853125 0.5453125 0.0859375 0.0859375
1 0.8375 0.6515625 0.09765625 0.0984375
1 0.83984375 0.759375 0.09765625 0.0984375
1 0.84296875 0.86640625 0.09765625 0.09765625
1 0.74609375 0.4828125 0.09765625 0.09765625
1 0.74921875 0.5953125 0.09765625 0.09765625
1 0.746875 0.696875 0.09765625 0.0984375
1 0.74296875 0.8046875 0.0859375 0.0859375
1 0.75 0.925 0.09765625 0.09765625
1 0.646875 0.434375 0.0859375 0.0859375
1 0.64765625 0.5328125 0.08515625 0.0859375
1 0.65 0.64765625 0.0859375 0.0859375
1 0.6515625 0.75703125 0.0859375 0.0859375
1 0.6515625 0.859375 0.0859375 0.0859375
1 0.55234375 0.47578125 0.08515625 0.0859375
1 0.5484375 0.578125 0.08515625 0.0859375
1 0.5484375 0.69375 0.08515625 0.0859375
1 0.546875 0.80234375 0.109375 0.11015625
1 0.5453125 0.909375 0.08515625 0.0859375
1 0.45234375 0.85703125 0.11015625 0.11015625
1 0.45390625 0.74453125 0.11015625 0.11015625
1 0.4546875 0.6328125 0.09765625 0.09765625
1 0.36640625 0.56953125 0.0859375 0.0859375
1 0.35078125 0.696875 0.09765625 0.0984375
1 0.35625 0.80625 0.09765625 0.0984375
1 0.353125 0.915625 0.11015625 0.11015625
1 0.26484375 0.86640625 0.09765625 0.0984375
1 0.2703125 0.74375 0.09765625 0.0984375
1 0.1703125 0.47421875 0.09765625 0.0984375
1 0.07734375 0.42578125 0.09765625 0.09765625
1 0.07890625 0.521875 0.09765625 0.0984375
1 0.07421875 0.6390625 0.109375 0.11015625
1 0.07109375 0.74453125 0.109375 0.11015625
1 0.9390625 0.25390625 0.09765625 0.09765625
1 0.9390625 0.3640625 0.09765625 0.09765625
1 0.93828125 0.4765625 0.09765625 0.09765625
1 0.8453125 0.4234375 0.09765625 0.0984375
1 0.85 0.3109375 0.09765625 0.09765625
1 0.84453125 0.20390625 0.08515625 0.0859375
1 0.846875 0.0953125 0.11015625 0.1109375
1 0.75625 0.14453125 0.09765625 0.09765625
1 0.746875 0.2484375 0.09765625 0.09765625
1 0.740625 0.365625 0.09765625 0.0984375
1 0.64765625 0.3375 0.08515625 0.0859375
1 0.4671875 0.08984375 0.08515625 0.0859375
1 0.4546875 0.19765625 0.11015625 0.11015625
1 0.359375 0.1359375 0.109375 0.11015625
1 0.359375 0.2515625 0.09765625 0.0984375
1 0.28515625 0.071875 0.0859375 0.08671875
1 0.2859375 0.1703125 0.09765625 0.0984375
1 0.28046875 0.2921875 0.08515625 0.0859375
1 0.17890625 0.34453125 0.09765625 0.09765625
1 0.17265625 0.2375 0.09765625 0.0984375
1 0.17265625 0.1515625 0.09765625 0.0984375
1 0.07890625 0.08515625 0.09765625 0.0984375
1 0.078125 0.19296875 0.109375 0.11015625
1 0.07734375 0.3046875 0.09765625 0.09765625