2 0.30546875 0.42421875 0.0734375 0.0734375
2 0.20625 0.25546875 0.06171875 0.06171875
2 0.3015625 0.3015625 0.06171875 0.06171875
2 0.39453125 0.2625 0.0609375 0.0609375
2 0.30625 0.7484375 0.0859375 0.0859375
2 0.50078125 0.75234375 0.0734375 0.0734375
2 0.58828125 0.91171875 0.0734375 0.0734375
2 0.5953125 0.80625 0.0734375 0.0734375
1 0.11796875 0.31015625 0.09765625 0.0984375
1 0.1203125 0.425 0.0859375 0.08671875
1 0.11640625 0.5359375 0.08515625 0.0859375
1 0.11953125 0.64375 0.08515625 0.0859375
1 0.11953125 0.7515625 0.0734375 0.07421875
1 0.21171875 0.36875 0.0859375 0.0859375
1 0.209375 0.4796875 0.0859375 0.0859375
1 0.21171875 0.58828125 0.0734375 0.0734375
0 0.21328125 0.7 0.0734375 0.0734375
1 0.30859375 0.54375 0.0859375 0.0859375
1 0.30546875 0.64375 0.0859375 0.08671875
1 0.403125 0.36640625 0.09765625 0.09765625
1 0.4015625 0.475 0.08515625 0.0859375
1 0.40078125 0.5875 0.08515625 0.0859375
1 0.4015625 0.6953125 0.08515625 0.0859375
0 0.49453125 0.30859375 0.0734375 0.07421875
0 0.5875 0.3625 0.0859375 0.0859375
0 0.59296875 0.475 0.0734375 0.07421875
1 0.5 0.41875 0.09765625 0.09765625
1 0.5 0.53046875 0.09765625 0.09765625
2 0.496875 0.64375 0.06171875 0.06171875
1 0.40546875 0.80703125 0.0859375 0.08671875
1 0.21796875 0.8015625 0.09765625 0.0984375
1 0.58984375 0.58671875 0.0859375 0.0859375
1 0.590625 0.6953125 0.0859375 0.0859375
1 0.49296875 0.8609375 0.0734375 0.0734375
1 0.4 0.91796875 0.0859375 0.0859375
1 0.30390625 0.86484375 0.09765625 0.0984375
1 0.21171875 0.91328125 0.09765625 0.0984375
1 0.121875 0.85859375 0.09765625 0.09765625