2 0.09296875 0.4 0.0734375 0.07421875
2 0.0953125 0.4859375 0.0734375 0.07421875
2 0.29609375 0.46796875 0.0734375 0.0734375
2 0.28984375 0.2515625 0.0734375 0.07421875
2 0.2078125 0.58125 0.0609375 0.06171875
2 0.7671875 0.0953125 0.0734375 0.07421875
1 0.9375 0.9109375 0.109375 0.11015625
1 0.8453125 0.8703125 0.09765625 0.0984375
2 0.571875 0.92109375 0.0484375 0.0484375
1 0.74765625 0.934375 0.08515625 0.08671875
2 0.3875 0.9375 0.0484375 0.0484375
2 0.1109375 0.97578125 0.0359375 0.0375
2 0.94453125 0.29765625 0.06171875 0.06171875
1 0.865625 0.15 0.09765625 0.09765625
3 0.9421875 0.38828125 0.0734375 0.0734375
1 0.94609375 0.49375 0.09765625 0.0984375
1 0.9421875 0.60234375 0.11015625 0.11015625
1 0.85859375 0.5625 0.09765625 0.09765625
1 0.86328125 0.48515625 0.09765625 0.0984375
1 0.7734375 0.20234375 0.09765625 0.09765625
1 0.675 0.1640625 0.0859375 0.0859375
1 0.67734375 0.25625 0.11015625 0.11015625
1 0.6703125 0.36875 0.09765625 0.0984375
2 0.7609375 0.509375 0.0734375 0.0734375
1 0.7671875 0.6078125 0.09765625 0.0984375
1 0.5796875 0.08515625 0.08515625 0.0859375
1 0.58046875 0.2015625 0.11015625 0.11015625
1 0.584375 0.31015625 0.11015625 0.11015625
1 0.5828125 0.41953125 0.109375 0.11015625
1 0.5796875 0.5375 0.09765625 0.0984375
1 0.4796875 0.15390625 0.09765625 0.0984375
1 0.475 0.26328125 0.09765625 0.0984375
1 0.4703125 0.36875 0.09765625 0.0984375
1 0.48203125 0.47734375 0.08515625 0.0859375
1 0.3859375 0.525 0.08515625 0.0859375
1 0.3921875 0.10859375 0.08515625 0.0859375
1 0.375 0.22578125 0.0859375 0.0859375
1 0.37734375 0.3109375 0.08515625 0.08671875
1 0.38359375 0.41875 0.09765625 0.09765625
1 0.303125 0.146875 0.09765625 0.0984375
2 0.2109375 0.23359375 0.0609375 0.06171875
2 0.21015625 0.33671875 0.0734375 0.07421875
1 0.21328125 0.42265625 0.08515625 0.0859375
1 0.20390625 0.5015625 0.0859375 0.0859375
2 0.07890625 0.58515625 0.06171875 0.06171875
1 0.21015625 0.1046875 0.109375 0.11015625
1 0.1109375 0.14921875 0.109375 0.1109375
1 0.1 0.29140625 0.09765625 0.0984375
1 0.29375 0.35625 0.09765625 0.0984375