1 0.1890625 0.0921875 0.11015625 0.1109375
1 0.378125 0.08359375 0.109375 0.11015625
1 0.56328125 0.075 0.09765625 0.0984375
1 0.66953125 0.14609375 0.11015625 0.11015625
1 0.76171875 0.08515625 0.109375 0.11015625
1 0.85859375 0.14453125 0.0859375 0.0859375
2 0.9546875 0.20390625 0.06171875 0.06171875
2 0.95 0.31171875 0.06171875 0.06171875
1 0.8609375 0.253125 0.109375 0.11015625
1 0.85546875 0.37890625 0.0859375 0.0859375
1 0.85546875 0.47890625 0.109375 0.11015625
1 0.8578125 0.5875 0.09765625 0.0984375
1 0.7640625 0.19609375 0.109375 0.11015625
1 0.76015625 0.3078125 0.11015625 0.11015625
1 0.7640625 0.41875 0.11015625 0.11015625
1 0.76484375 0.53046875 0.11015625 0.11015625
1 0.6671875 0.24765625 0.11015625 0.11015625
1 0.66953125 0.36484375 0.11015625 0.11015625
1 0.6703125 0.4640625 0.109375 0.11015625
1 0.66484375 0.57890625 0.109375 0.1109375
1 0.76796875 0.6375 0.11015625 0.1109375
1 0.56953125 0.18125 0.09765625 0.0984375
1 0.578125 0.3 0.109375 0.11015625
1 0.57734375 0.4140625 0.109375 0.1109375
1 0.5734375 0.53203125 0.109375 0.1109375
1 0.4765625 0.13828125 0.109375 0.11015625
1 0.475 0.23828125 0.09765625 0.09765625
1 0.47578125 0.365625 0.09765625 0.09765625
1 0.4828125 0.4671875 0.11015625 0.1109375
1 0.475 0.584375 0.11015625 0.11015625
1 0.378125 0.20390625 0.109375 0.1109375
1 0.37265625 0.31171875 0.08515625 0.0859375
1 0.3765625 0.40703125 0.09765625 0.09765625
1 0.3796875 0.525 0.08515625 0.0859375
1 0.2828125 0.14140625 0.11015625 0.1109375
1 0.2765625 0.253125 0.09765625 0.09765625
1 0.27265625 0.3578125 0.08515625 0.0859375
1 0.278125 0.4734375 0.11015625 0.11015625
1 0.28046875 0.58359375 0.109375 0.11015625
1 0.1859375 0.20703125 0.09765625 0.09765625
1 0.1875 0.31875 0.0859375 0.0859375
1 0.18671875 0.43125 0.109375 0.11015625
1 0.1828125 0.53046875 0.09765625 0.0984375
1 0.09375 0.1390625 0.09765625 0.0984375
1 0.09453125 0.25234375 0.09765625 0.0984375
1 0.0921875 0.365625 0.0859375 0.0859375
1 0.090625 0.465625 0.09765625 0.0984375
1 0.09140625 0.5890625 0.11015625 0.11015625
1 0.090625 0.68828125 0.11015625 0.11015625
1 0.0875 0.81015625 0.09765625 0.0984375
1 0.0890625 0.9171875 0.11015625 0.1109375
1 0.18359375 0.6390625 0.09765625 0.0984375
1 0.18046875 0.75546875 0.109375 0.11015625
1 0.1796875 0.86796875 0.109375 0.11015625
1 0.278125 0.69609375 0.109375 0.11015625
1 0.27734375 0.8078125 0.109375 0.11015625
1 0.28046875 0.91640625 0.109375 0.11015625
1 0.378125 0.63359375 0.09765625 0.0984375
1 0.3671875 0.75546875 0.09765625 0.0984375
1 0.37578125 0.87265625 0.09765625 0.0984375
1 0.47421875 0.696875 0.11015625 0.11015625
1 0.47734375 0.8 0.11015625 0.11015625
1 0.48515625 0.909375 0.08515625 0.08671875
1 0.56875 0.64375 0.109375 0.11015625
1 0.5734375 0.7453125 0.109375 0.11015625
1 0.57421875 0.8609375 0.109375 0.11015625
1 0.65546875 0.68828125 0.11015625 0.1109375
1 0.6671875 0.803125 0.109375 0.11015625
1 0.66796875 0.915625 0.109375 0.11015625
1 0.76015625 0.753125 0.11015625 0.1109375
1 0.75625 0.8625 0.11015625 0.11015625
1 0.86015625 0.6890625 0.09765625 0.09765625
1 0.85625 0.8046875 0.11015625 0.1109375
1 0.853125 0.91328125 0.11015625 0.1109375