1 0.065625 0.05 0.0734375 0.0734375
1 0.17109375 0.09921875 0.11015625 0.11015625
1 0.35859375 0.1 0.109375 0.1109375
1 0.4609375 0.1578125 0.0859375 0.0859375
1 0.4546875 0.04609375 0.08515625 0.0859375
1 0.5484375 0.103125 0.08515625 0.0859375
1 0.55546875 0.2109375 0.09765625 0.09765625
1 0.55078125 0.315625 0.09765625 0.09765625
1 0.54609375 0.43203125 0.09765625 0.0984375
2 0.6453125 0.0453125 0.0734375 0.0734375
1 0.64765625 0.15703125 0.08515625 0.0859375
1 0.646875 0.37421875 0.0734375 0.07421875
1 0.7390625 0.10078125 0.09765625 0.0984375
1 0.734375 0.21640625 0.09765625 0.0984375
1 0.74375 0.32734375 0.09765625 0.09765625
1 0.74609375 0.4375 0.09765625 0.09765625
1 0.8375 0.1609375 0.11015625 0.11015625
1 0.83203125 0.2671875 0.109375 0.11015625
1 0.83125 0.38515625 0.109375 0.11015625
1 0.83203125 0.49296875 0.109375 0.1109375
1 0.928125 0.10703125 0.11015625 0.11015625
1 0.92265625 0.215625 0.11015625 0.11015625
1 0.93046875 0.32734375 0.11015625 0.11015625
1 0.93125 0.4359375 0.109375 0.11015625
1 0.92109375 0.5484375 0.109375 0.11015625
1 0.9234375 0.659375 0.109375 0.1109375
1 0.928125 0.759375 0.109375 0.1109375
1 0.92109375 0.8796875 0.09765625 0.0984375
1 0.83515625 0.596875 0.109375 0.1109375
1 0.83515625 0.70390625 0.08515625 0.0859375
1 0.83203125 0.8296875 0.09765625 0.0984375
1 0.83984375 0.9390625 0.09765625 0.0984375
1 0.73515625 0.56328125 0.11015625 0.1109375
1 0.7375 0.671875 0.08515625 0.0859375
1 0.73125 0.790625 0.08515625 0.0859375
1 0.7375 0.89453125 0.0859375 0.0859375
1 0.64609375 0.5046875 0.08515625 0.0859375
2 0.653125 0.61875 0.02421875 0.02421875
2 0.646875 0.7375 0.0375 0.0375
2 0.64921875 0.84296875 0.02421875 0.02421875
2 0.64296875 0.95625 0.02421875 0.02421875
2 0.5515625 0.76484375 0.02421875 0.02421875
2 0.5515625 0.87578125 0.02421875 0.02421875
1 0.55390625 0.540625 0.09765625 0.0984375
1 0.5515625 0.64609375 0.09765625 0.0984375
1 0.2609375 0.73125 0.09765625 0.0984375
1 0.26484375 0.834375 0.109375 0.11015625
1 0.25625 0.9453125 0.09765625 0.09765625
3 0.16328125 0.7859375 0.0859375 0.0859375
1 0.1640625 0.89921875 0.09765625 0.09765625
1 0.075 0.72265625 0.11015625 0.1109375
1 0.07265625 0.8359375 0.11015625 0.1109375
1 0.071875 0.9484375 0.09765625 0.09765625