2 0.3390625 0.20390625 0.0734375 0.07421875
2 0.24609375 0.14296875 0.0609375 0.06171875
2 0.3484375 0.64375 0.0734375 0.0734375
2 0.42109375 0.7953125 0.0734375 0.07421875
2 0.534375 0.07421875 0.0734375 0.07421875
1 0.80625 0.91328125 0.11015625 0.11015625
1 0.62109375 0.91875 0.0859375 0.0859375
1 0.42109375 0.9125 0.0859375 0.0859375
1 0.24296875 0.9078125 0.08515625 0.0859375
1 0.059375 0.91171875 0.09765625 0.0984375
3 0.3453125 0.846875 0.0734375 0.07421875
3 0.340625 0.7390625 0.0734375 0.0734375
1 0.246875 0.696875 0.0859375 0.0859375
1 0.246875 0.8125 0.0859375 0.0859375
3 0.4359375 0.7015625 0.0734375 0.07421875
3 0.4359375 0.58125 0.0734375 0.0734375
1 0.903125 0.103125 0.08515625 0.0859375
1 0.9 0.21015625 0.08515625 0.0859375
1 0.903125 0.30625 0.08515625 0.0859375
1 0.9 0.42109375 0.08515625 0.0859375
1 0.90234375 0.53515625 0.09765625 0.09765625
1 0.9 0.659375 0.08515625 0.0859375
1 0.9046875 0.76171875 0.08515625 0.0859375
1 0.8109375 0.80703125 0.09765625 0.0984375
1 0.80546875 0.7 0.11015625 0.1109375
1 0.81171875 0.58984375 0.09765625 0.09765625
1 0.8171875 0.47421875 0.109375 0.11015625
1 0.81640625 0.36875 0.09765625 0.0984375
3 0.81171875 0.2609375 0.08515625 0.0859375
1 0.8109375 0.1484375 0.08515625 0.0859375
1 0.7171875 0.08984375 0.0859375 0.0859375
1 0.71796875 0.203125 0.0859375 0.0859375
1 0.7125 0.3125 0.09765625 0.09765625
1 0.72265625 0.4296875 0.109375 0.1109375
1 0.71796875 0.52578125 0.09765625 0.0984375
1 0.72421875 0.646875 0.11015625 0.11015625
1 0.71875 0.74921875 0.109375 0.11015625
1 0.62578125 0.8015625 0.11015625 0.11015625
1 0.71875 0.865625 0.0859375 0.0859375
1 0.63125 0.7078125 0.109375 0.1109375
1 0.61796875 0.584375 0.109375 0.11015625
1 0.61796875 0.471875 0.109375 0.11015625
1 0.621875 0.36171875 0.109375 0.11015625
1 0.62578125 0.2578125 0.109375 0.1109375
1 0.63203125 0.13515625 0.09765625 0.0984375
1 0.5375 0.1875 0.0859375 0.0859375
1 0.5328125 0.4125 0.09765625 0.0984375
1 0.5296875 0.2953125 0.0859375 0.08671875
1 0.4359375 0.3609375 0.08515625 0.0859375
1 0.43359375 0.25859375 0.0859375 0.0859375
1 0.0546875 0.275 0.0859375 0.0859375
1 0.5265625 0.6265625 0.0859375 0.0859375
1 0.53125 0.746875 0.0859375 0.0859375
1 0.52890625 0.52734375 0.08515625 0.0859375
1 0.5296875 0.853125 0.08515625 0.0859375
1 0.43046875 0.13515625 0.09765625 0.0984375
1 0.346875 0.10234375 0.09765625 0.09765625
1 0.340625 0.31328125 0.09765625 0.09765625
1 0.3421875 0.41640625 0.09765625 0.0984375
1 0.3484375 0.5375 0.08515625 0.0859375
1 0.4328125 0.46953125 0.08515625 0.0859375
1 0.25390625 0.2625 0.109375 0.1109375
1 0.24765625 0.36953125 0.11015625 0.11015625
1 0.2484375 0.47734375 0.11015625 0.11015625
1 0.24921875 0.596875 0.11015625 0.11015625
1 0.159375 0.6546875 0.0859375 0.0859375
1 0.16015625 0.74375 0.0859375 0.0859375
1 0.16484375 0.54609375 0.08515625 0.0859375
1 0.1609375 0.41484375 0.11015625 0.11015625
1 0.15703125 0.31328125 0.11015625 0.11015625
1 0.1609375 0.2078125 0.0859375 0.0859375
1 0.1640625 0.09609375 0.09765625 0.0984375
1 0.05859375 0.1515625 0.09765625 0.0984375
1 0.05703125 0.3921875 0.11015625 0.1109375
1 0.05546875 0.6109375 0.09765625 0.0984375
1 0.0609375 0.6921875 0.09765625 0.0984375
1 0.059375 0.80625 0.09765625 0.0984375
1 0.1640625 0.85703125 0.09765625 0.0984375
1 0.25078125 0.04375 0.08515625 0.0859375
1 0.90859375 0.87265625 0.11015625 0.11015625