2 0.603125 0.909375 0.0859375 0.08671875
1 0.32421875 0.0671875 0.0859375 0.0859375
1 0.41875 0.1203125 0.09765625 0.09765625
1 0.4140625 0.225 0.09765625 0.09765625
1 0.409375 0.34140625 0.09765625 0.0984375
1 0.5109375 0.06640625 0.08515625 0.0859375
1 0.51015625 0.2828125 0.0734375 0.07421875
1 0.59765625 0.12578125 0.09765625 0.0984375
1 0.6078125 0.2359375 0.09765625 0.09765625
1 0.609375 0.346875 0.09765625 0.09765625
1 0.70078125 0.06953125 0.11015625 0.11015625
1 0.6953125 0.1765625 0.109375 0.11015625
1 0.69453125 0.29453125 0.109375 0.11015625
1 0.6953125 0.40234375 0.109375 0.1109375
1 0.7859375 0.12421875 0.11015625 0.11015625
1 0.79375 0.23671875 0.11015625 0.11015625
1 0.7953125 0.3453125 0.109375 0.11015625
1 0.8953125 0.065625 0.09765625 0.0984375
1 0.89140625 0.178125 0.11015625 0.11015625
1 0.89375 0.28984375 0.11015625 0.11015625
1 0.89296875 0.4046875 0.11015625 0.11015625
3 0.884375 0.5125 0.11015625 0.11015625
1 0.88359375 0.634375 0.0734375 0.07421875
1 0.88671875 0.73359375 0.09765625 0.09765625
1 0.8796875 0.8515625 0.09765625 0.09765625
1 0.784375 0.4578125 0.109375 0.11015625
1 0.7875 0.56875 0.109375 0.1109375
1 0.790625 0.66875 0.109375 0.1109375
1 0.784375 0.78828125 0.09765625 0.0984375
1 0.784375 0.90546875 0.08515625 0.0859375
1 0.6984375 0.50625 0.109375 0.1109375
1 0.6984375 0.61328125 0.08515625 0.0859375
1 0.6953125 0.7390625 0.09765625 0.0984375
1 0.703125 0.8484375 0.09765625 0.0984375
1 0.5984375 0.47265625 0.11015625 0.1109375
1 0.60078125 0.58125 0.08515625 0.0859375
1 0.59453125 0.7 0.08515625 0.0859375
1 0.60078125 0.80390625 0.0859375 0.0859375
1 0.509375 0.4140625 0.08515625 0.0859375
2 0.51640625 0.528125 0.02421875 0.02421875
2 0.509375 0.646875 0.0375 0.0375
2 0.5125 0.75234375 0.02421875 0.02421875
2 0.50625 0.865625 0.02421875 0.02421875
2 0.41484375 0.67421875 0.02421875 0.02421875
2 0.41484375 0.784375 0.02421875 0.02421875
2 0.4109375 0.9 0.02421875 0.02421875
1 0.4171875 0.45 0.09765625 0.0984375
1 0.41484375 0.55546875 0.09765625 0.0984375
2 0.50703125 0.95234375 0.02421875 0.02421875
1 0.70703125 0.95234375 0.0859375 0.0859375
1 0.12421875 0.63984375 0.09765625 0.0984375
1 0.128125 0.74375 0.109375 0.11015625
1 0.11875 0.8546875 0.09765625 0.09765625