1 0.83984375 0.86875 0.109375 0.11015625
1 0.07578125 0.1046875 0.11015625 0.11015625
1 0.07890625 0.21640625 0.11015625 0.11015625
1 0.0796875 0.31875 0.11015625 0.11015625
1 0.075 0.43671875 0.09765625 0.0984375
1 0.16796875 0.16484375 0.109375 0.11015625
1 0.17265625 0.27421875 0.09765625 0.0984375
1 0.17109375 0.37734375 0.11015625 0.11015625
1 0.27421875 0.1 0.09765625 0.0984375
1 0.2703125 0.20859375 0.09765625 0.0984375
1 0.27734375 0.3234375 0.109375 0.11015625
1 0.27890625 0.43515625 0.11015625 0.11015625
1 0.36796875 0.1578125 0.11015625 0.11015625
1 0.36875 0.2671875 0.109375 0.11015625
1 0.3671875 0.3703125 0.109375 0.11015625
1 0.465625 0.0984375 0.11015625 0.1109375
1 0.46015625 0.215625 0.11015625 0.11015625
1 0.4625 0.31875 0.11015625 0.11015625
1 0.45625 0.43125 0.11015625 0.11015625
1 0.55859375 0.15625 0.109375 0.1109375
1 0.55546875 0.26796875 0.109375 0.11015625
1 0.55390625 0.3765625 0.09765625 0.0984375
1 0.55546875 0.49296875 0.09765625 0.0984375
1 0.65 0.096875 0.11015625 0.11015625
1 0.6484375 0.21875 0.0859375 0.0859375
1 0.6484375 0.325 0.09765625 0.09765625
1 0.653125 0.4359375 0.09765625 0.0984375
1 0.74453125 0.15546875 0.11015625 0.11015625
1 0.74375 0.2609375 0.11015625 0.1109375
1 0.74375 0.3828125 0.109375 0.1109375
1 0.740625 0.4890625 0.109375 0.11015625
1 0.8390625 0.0984375 0.109375 0.11015625
1 0.83671875 0.215625 0.11015625 0.11015625
1 0.83828125 0.321875 0.11015625 0.11015625
1 0.8390625 0.4328125 0.11015625 0.1109375
1 0.9265625 0.15 0.109375 0.11015625
1 0.92578125 0.26328125 0.109375 0.11015625
1 0.93359375 0.37421875 0.109375 0.11015625
1 0.93046875 0.4859375 0.11015625 0.1109375
1 0.93203125 0.59375 0.11015625 0.1109375
1 0.9359375 0.71171875 0.11015625 0.11015625
1 0.940625 0.815625 0.109375 0.11015625
1 0.8421875 0.55 0.11015625 0.1109375
1 0.840625 0.6546875 0.09765625 0.0984375
1 0.8375 0.7609375 0.109375 0.11015625
1 0.7453125 0.596875 0.09765625 0.0984375
1 0.740625 0.70859375 0.109375 0.11015625
1 0.74375 0.81328125 0.109375 0.11015625
2 0.746875 0.9265625 0.0484375 0.05
2 0.93359375 0.91875 0.0484375 0.0484375
1 0.6453125 0.54140625 0.109375 0.11015625
1 0.65078125 0.65703125 0.11015625 0.11015625
1 0.65078125 0.7671875 0.11015625 0.11015625
1 0.65390625 0.8796875 0.11015625 0.11015625
1 0.55546875 0.59453125 0.09765625 0.0984375
1 0.5515625 0.7046875 0.11015625 0.11015625
1 0.55625 0.815625 0.09765625 0.0984375
1 0.46171875 0.5453125 0.109375 0.11015625
1 0.459375 0.65390625 0.109375 0.11015625
1 0.4640625 0.76328125 0.109375 0.11015625
1 0.4625 0.86796875 0.109375 0.11015625
1 0.37109375 0.49140625 0.109375 0.11015625
1 0.3703125 0.6 0.09765625 0.0984375
1 0.371875 0.715625 0.11015625 0.11015625
1 0.365625 0.8078125 0.11015625 0.11015625
1 0.36796875 0.9296875 0.11015625 0.1109375
1 0.275 0.55390625 0.11015625 0.11015625
1 0.27890625 0.6671875 0.11015625 0.11015625
1 0.27578125 0.77421875 0.11015625 0.1109375
1 0.27734375 0.88203125 0.09765625 0.09765625
1 0.16875 0.490625 0.11015625 0.11015625
1 0.1734375 0.60234375 0.11015625 0.11015625
1 0.1734375 0.7140625 0.109375 0.1109375
1 0.17265625 0.8140625 0.09765625 0.09765625
1 0.17578125 0.934375 0.109375 0.11015625
1 0.0765625 0.553125 0.09765625 0.09765625
1 0.08125 0.6640625 0.09765625 0.09765625
1 0.07734375 0.775 0.109375 0.11015625
1 0.08125 0.88203125 0.109375 0.11015625