2 0.03984375 0.70234375 0.0734375 0.0734375
2 0.69296875 0.2046875 0.0734375 0.07421875
1 0.7734375 0.91796875 0.0859375 0.0859375
1 0.5796875 0.93046875 0.11015625 0.11015625
1 0.4 0.9140625 0.11015625 0.1109375
1 0.21875 0.91328125 0.09765625 0.0984375
2 0.03984375 0.79609375 0.0734375 0.0734375
1 0.8765625 0.8625 0.0859375 0.0859375
1 0.88203125 0.7625 0.09765625 0.0984375
1 0.8828125 0.64375 0.09765625 0.09765625
1 0.87890625 0.109375 0.0859375 0.0859375
1 0.88046875 0.2078125 0.08515625 0.0859375
1 0.8828125 0.321875 0.0859375 0.0859375
1 0.88359375 0.43125 0.0859375 0.0859375
1 0.88359375 0.534375 0.0859375 0.0859375
1 0.784375 0.15 0.08515625 0.0859375
1 0.78046875 0.253125 0.08515625 0.0859375
2 0.21953125 0.58671875 0.0484375 0.0484375
1 0.21953125 0.68828125 0.08515625 0.0859375
1 0.221875 0.80390625 0.0859375 0.08671875
1 0.78046875 0.36796875 0.08515625 0.0859375
1 0.7796875 0.47734375 0.109375 0.11015625
1 0.778125 0.584375 0.08515625 0.0859375
1 0.7765625 0.70390625 0.09765625 0.0984375
1 0.78125 0.81875 0.109375 0.11015625
1 0.6890625 0.8671875 0.109375 0.1109375
1 0.6859375 0.75546875 0.11015625 0.11015625
1 0.6859375 0.646875 0.11015625 0.11015625
1 0.68515625 0.53203125 0.11015625 0.11015625
1 0.6859375 0.41953125 0.11015625 0.11015625
1 0.6875 0.3078125 0.09765625 0.09765625
1 0.5984375 0.24375 0.0859375 0.0859375
1 0.5828125 0.371875 0.09765625 0.0984375
1 0.5890625 0.48125 0.09765625 0.0984375
1 0.58515625 0.590625 0.11015625 0.11015625
1 0.5921875 0.7015625 0.109375 0.11015625
1 0.5875 0.8140625 0.11015625 0.11015625
1 0.50390625 0.86796875 0.09765625 0.09765625
1 0.5 0.73046875 0.09765625 0.09765625
1 0.496875 0.63125 0.09765625 0.0984375
1 0.496875 0.54140625 0.09765625 0.0984375
1 0.503125 0.41875 0.09765625 0.0984375
1 0.4015625 0.80703125 0.09765625 0.0984375
1 0.4015625 0.69140625 0.08515625 0.0859375
1 0.40234375 0.14921875 0.09765625 0.0984375
1 0.309375 0.10078125 0.09765625 0.09765625
1 0.31171875 0.196875 0.09765625 0.0984375
1 0.30625 0.3140625 0.109375 0.11015625
1 0.30390625 0.41953125 0.109375 0.11015625
1 0.21171875 0.14296875 0.09765625 0.0984375
1 0.21875 0.2484375 0.09765625 0.0984375
1 0.21328125 0.3609375 0.11015625 0.11015625
1 0.21015625 0.475 0.11015625 0.11015625
1 0.11875 0.41875 0.109375 0.1109375
1 0.128125 0.28515625 0.09765625 0.09765625
1 0.1234375 0.18359375 0.109375 0.1109375
1 0.12421875 0.52578125 0.109375 0.11015625
1 0.12421875 0.63359375 0.0859375 0.0859375
1 0.1203125 0.084375 0.11015625 0.11015625
1 0.11796875 0.8671875 0.0859375 0.0859375