2 0.49453125 0.52890625 0.06171875 0.06171875
2 0.2234375 0.57578125 0.06171875 0.06171875
2 0.4171875 0.68046875 0.0609375 0.06171875
2 0.7828125 0.59453125 0.0734375 0.07421875
2 0.4984375 0.6359375 0.0734375 0.07421875
2 0.959375 0.10078125 0.0734375 0.07421875
2 0.8796875 0.06796875 0.0734375 0.0734375
2 0.87734375 0.165625 0.0734375 0.0734375
2 0.975 0.58984375 0.0359375 0.0375
3 0.878125 0.75703125 0.0484375 0.05
3 0.78203125 0.7984375 0.0484375 0.0484375
3 0.77734375 0.709375 0.0484375 0.0484375
3 0.7015625 0.653125 0.0609375 0.06171875
3 0.59921875 0.68828125 0.0359375 0.0359375
3 0.87421875 0.646875 0.06171875 0.06171875
1 0.88203125 0.87421875 0.0859375 0.0859375
1 0.78125 0.91328125 0.09765625 0.09765625
1 0.69453125 0.534375 0.08515625 0.0859375
1 0.596875 0.57734375 0.0859375 0.0859375
2 0.41328125 0.58125 0.0484375 0.0484375
1 0.69453125 0.8625 0.09765625 0.09765625
1 0.70390625 0.74375 0.08515625 0.0859375
1 0.60234375 0.91875 0.109375 0.11015625
1 0.603125 0.78828125 0.11015625 0.1109375
1 0.5046875 0.740625 0.0859375 0.0859375
1 0.50703125 0.8609375 0.09765625 0.0984375
3 0.40859375 0.91015625 0.11015625 0.1109375
1 0.4171875 0.7953125 0.109375 0.11015625
1 0.3234375 0.7484375 0.11015625 0.11015625
1 0.315625 0.634375 0.11015625 0.11015625
1 0.3140625 0.8515625 0.109375 0.1109375
1 0.22421875 0.678125 0.11015625 0.11015625
1 0.22421875 0.79296875 0.11015625 0.1109375
1 0.2265625 0.91171875 0.109375 0.11015625
1 0.1328125 0.61953125 0.109375 0.11015625
1 0.1296875 0.7265625 0.109375 0.1109375
1 0.13125 0.8328125 0.09765625 0.09765625
2 0.94296875 0.2 0.06171875 0.06171875
1 0.69609375 0.153125 0.0859375 0.0859375
1 0.77890625 0.12109375 0.08515625 0.0859375
1 0.6046875 0.103125 0.09765625 0.0984375
1 0.59921875 0.2109375 0.08515625 0.0859375
1 0.52265625 0.16640625 0.08515625 0.08671875
1 0.5125 0.06171875 0.0859375 0.0859375
1 0.4078125 0.115625 0.109375 0.11015625
1 0.4203125 0.21953125 0.09765625 0.09765625
1 0.32265625 0.15625 0.08515625 0.0859375
1 0.23359375 0.20234375 0.0859375 0.0859375
1 0.228125 0.10234375 0.09765625 0.09765625
1 0.13515625 0.15703125 0.08515625 0.0859375
1 0.1328125 0.05390625 0.09765625 0.0984375