2 0.196875 0.6671875 0.0734375 0.07421875
2 0.95546875 0.4734375 0.0734375 0.07421875
1 0.30390625 0.76875 0.0859375 0.0859375
3 0.10234375 0.50546875 0.0859375 0.08671875
1 0.10234375 0.39453125 0.0859375 0.0859375
1 0.10078125 0.7109375 0.08515625 0.0859375
1 0.10078125 0.8421875 0.09765625 0.0984375
1 0.19921875 0.90078125 0.109375 0.11015625
1 0.1953125 0.7828125 0.09765625 0.0984375
2 0.4828125 0.85546875 0.0484375 0.0484375
1 0.95 0.5765625 0.09765625 0.09765625
1 0.8609375 0.5125 0.0859375 0.0859375
1 0.8453125 0.63984375 0.09765625 0.0984375
1 0.8515625 0.74921875 0.09765625 0.0984375
1 0.8484375 0.85859375 0.11015625 0.11015625
1 0.759375 0.9 0.09765625 0.0984375
1 0.759375 0.81015625 0.09765625 0.0984375
1 0.765625 0.68671875 0.09765625 0.0984375
1 0.66484375 0.4171875 0.09765625 0.0984375
1 0.571875 0.36875 0.09765625 0.09765625
1 0.57421875 0.465625 0.09765625 0.0984375
1 0.56953125 0.5828125 0.109375 0.11015625
1 0.56640625 0.68828125 0.109375 0.11015625
1 0.475 0.41171875 0.09765625 0.0984375
1 0.48125 0.5171875 0.09765625 0.0984375
1 0.47578125 0.6296875 0.11015625 0.11015625
1 0.4734375 0.74375 0.11015625 0.11015625
1 0.38203125 0.6875 0.109375 0.1109375
1 0.390625 0.55390625 0.09765625 0.09765625
1 0.3859375 0.45234375 0.109375 0.1109375
1 0.28984375 0.40546875 0.109375 0.1109375
1 0.2953125 0.51328125 0.11015625 0.11015625
1 0.2921875 0.6578125 0.11015625 0.11015625
1 0.38671875 0.79453125 0.109375 0.11015625
1 0.38671875 0.90234375 0.0859375 0.0859375
1 0.19609375 0.4609375 0.08515625 0.0859375
1 0.8546875 0.0796875 0.109375 0.11015625
1 0.8546875 0.19453125 0.09765625 0.0984375
1 0.78125 0.1140625 0.09765625 0.0984375
1 0.77578125 0.23515625 0.08515625 0.0859375
1 0.6734375 0.28828125 0.09765625 0.09765625
1 0.66796875 0.18125 0.09765625 0.0984375
1 0.66796875 0.0953125 0.09765625 0.0984375
1 0.5734375 0.1359375 0.109375 0.11015625
1 0.571875 0.2484375 0.09765625 0.09765625
1 0.4859375 0.2921875 0.09765625 0.09765625
1 0.478125 0.07734375 0.09765625 0.09765625
1 0.48359375 0.190625 0.09765625 0.09765625
1 0.39140625 0.14140625 0.09765625 0.09765625
1 0.38359375 0.2515625 0.09765625 0.09765625
1 0.38359375 0.353125 0.11015625 0.11015625
1 0.2953125 0.30234375 0.09765625 0.0984375
1 0.2921875 0.18984375 0.11015625 0.11015625
1 0.2921875 0.0671875 0.11015625 0.1109375
3 0.2015625 0.13203125 0.0859375 0.0859375
1 0.10546875 0.07578125 0.109375 0.11015625
1 0.1046875 0.1984375 0.09765625 0.0984375
1 0.10390625 0.29375 0.08515625 0.08671875
1 0.2015625 0.2546875 0.109375 0.11015625
1 0.19609375 0.3453125 0.109375 0.11015625