2 0.69453125 0.709375 0.0734375 0.0734375
2 0.784375 0.85546875 0.0734375 0.07421875
2 0.7859375 0.75078125 0.0734375 0.0734375
2 0.88125 0.79375 0.0734375 0.0734375
2 0.60078125 0.77265625 0.08515625 0.0859375
2 0.696875 0.8046875 0.0734375 0.07421875
2 0.7015625 0.92109375 0.0734375 0.07421875
2 0.884375 0.8984375 0.0859375 0.0859375
1 0.8921875 0.09296875 0.09765625 0.0984375
1 0.79375 0.1515625 0.09765625 0.0984375
1 0.6984375 0.0921875 0.09765625 0.0984375
1 0.69609375 0.20546875 0.09765625 0.0984375
1 0.60234375 0.15546875 0.0859375 0.0859375
1 0.51171875 0.0921875 0.09765625 0.0984375
1 0.51015625 0.2125 0.08515625 0.0859375
1 0.4109375 0.146875 0.09765625 0.09765625
1 0.31796875 0.1046875 0.11015625 0.1109375
1 0.315625 0.21171875 0.0859375 0.0859375
1 0.215625 0.16015625 0.09765625 0.09765625
1 0.1203125 0.096875 0.09765625 0.0984375
1 0.1203125 0.2140625 0.08515625 0.0859375
1 0.04375 0.36953125 0.0734375 0.0734375
1 0.12421875 0.31953125 0.09765625 0.0984375
2 0.11484375 0.43515625 0.06171875 0.06171875
1 0.215625 0.26640625 0.09765625 0.0984375
1 0.2203125 0.3734375 0.09765625 0.0984375
1 0.32421875 0.3234375 0.09765625 0.09765625
1 0.415625 0.26171875 0.08515625 0.0859375
1 0.4140625 0.3734375 0.09765625 0.09765625
1 0.5140625 0.3203125 0.09765625 0.09765625
1 0.50703125 0.41484375 0.08515625 0.0859375
1 0.60234375 0.265625 0.0859375 0.0859375
1 0.6046875 0.36875 0.0859375 0.0859375
1 0.6984375 0.3109375 0.0859375 0.0859375
1 0.6953125 0.41796875 0.0859375 0.0859375
1 0.79921875 0.25859375 0.08515625 0.0859375
1 0.790625 0.36015625 0.09765625 0.0984375
1 0.890625 0.21171875 0.09765625 0.0984375
1 0.8890625 0.31328125 0.09765625 0.0984375
2 0.028125 0.5796875 0.0484375 0.0484375
1 0.1140625 0.6125 0.0734375 0.0734375
1 0.11796875 0.725 0.109375 0.11015625
1 0.11875 0.834375 0.109375 0.11015625
1 0.11875 0.9421875 0.0859375 0.0859375
1 0.22421875 0.66484375 0.121875 0.1234375
1 0.2125 0.7734375 0.121875 0.1234375
1 0.21953125 0.89375 0.09765625 0.0984375
1 0.31796875 0.61015625 0.0734375 0.07421875
1 0.3234375 0.72265625 0.09765625 0.09765625
1 0.3296875 0.8359375 0.121875 0.1234375
1 0.325 0.9484375 0.09765625 0.0984375
1 0.41875 0.665625 0.121875 0.1234375
1 0.41484375 0.7859375 0.121875 0.1234375
1 0.41640625 0.89453125 0.08515625 0.0859375
1 0.50859375 0.6171875 0.09765625 0.09765625
1 0.5125 0.73046875 0.09765625 0.09765625
1 0.5125 0.83515625 0.09765625 0.09765625
1 0.51484375 0.94921875 0.09765625 0.09765625
2 0.59921875 0.66875 0.0734375 0.07421875
1 0.60625 0.890625 0.0859375 0.0859375
2 0.69375 0.61171875 0.0609375 0.06171875
2 0.78125 0.64375 0.0609375 0.06171875
2 0.86953125 0.59609375 0.06171875 0.06171875
2 0.8703125 0.6828125 0.06171875 0.06171875
2 0.975 0.7671875 0.0484375 0.05