2 0.44609375 0.08203125 0.0734375 0.07421875
2 0.73515625 0.01796875 0.02421875 0.02421875
2 0.7375 0.1 0.02421875 0.02421875
2 0.82890625 0.06875 0.02421875 0.02421875
2 0.92890625 0.1 0.0375 0.0375
1 0.26796875 0.0875 0.0734375 0.0734375
2 0.0765625 0.08125 0.0734375 0.0734375
2 0.0828125 0.25078125 0.0609375 0.06171875
1 0.075 0.35703125 0.09765625 0.0984375
1 0.075 0.46640625 0.09765625 0.0984375
1 0.07734375 0.5828125 0.121875 0.1234375
1 0.07578125 0.6984375 0.121875 0.1234375
1 0.17265625 0.3046875 0.08515625 0.0859375
1 0.16796875 0.4125 0.09765625 0.0984375
1 0.17109375 0.5265625 0.121875 0.121875
1 0.17578125 0.634375 0.09765625 0.0984375
1 0.1703125 0.7453125 0.121875 0.1234375
2 0.26484375 0.2515625 0.0609375 0.06171875
1 0.2671875 0.3609375 0.09765625 0.0984375
1 0.2625 0.4734375 0.09765625 0.0984375
1 0.2640625 0.584375 0.09765625 0.0984375
1 0.2671875 0.6859375 0.09765625 0.0984375
1 0.35625 0.3078125 0.0859375 0.0859375
1 0.3578125 0.41171875 0.09765625 0.0984375
1 0.359375 0.525 0.09765625 0.0984375
1 0.35625 0.63828125 0.09765625 0.0984375
1 0.35703125 0.75234375 0.121875 0.121875
2 0.4546875 0.25859375 0.0359375 0.0375
1 0.4546875 0.3578125 0.09765625 0.09765625
1 0.45390625 0.46640625 0.109375 0.11015625
1 0.4515625 0.58671875 0.121875 0.1234375
1 0.45703125 0.696875 0.109375 0.11015625
1 0.4515625 0.80625 0.09765625 0.0984375
1 0.55 0.31640625 0.08515625 0.0859375
1 0.54765625 0.4140625 0.09765625 0.09765625
1 0.54609375 0.53046875 0.11015625 0.1109375
1 0.5421875 0.6421875 0.121875 0.1234375
1 0.5453125 0.74453125 0.109375 0.11015625
2 0.65 0.26328125 0.0609375 0.06171875
1 0.6421875 0.3609375 0.0859375 0.0859375
1 0.64375 0.47265625 0.11015625 0.1109375
1 0.6359375 0.5859375 0.121875 0.1234375
1 0.6359375 0.69375 0.11015625 0.11015625
1 0.7390625 0.31171875 0.0859375 0.0859375
1 0.73125 0.42109375 0.09765625 0.0984375
1 0.74140625 0.53203125 0.109375 0.11015625
1 0.7390625 0.64375 0.121875 0.1234375
2 0.7375 0.75546875 0.06171875 0.06171875
1 0.64140625 0.8078125 0.11015625 0.11015625
2 0.83671875 0.2703125 0.06171875 0.06171875
1 0.8328125 0.3640625 0.09765625 0.0984375
1 0.8375 0.478125 0.121875 0.1234375
1 0.8296875 0.5875 0.109375 0.11015625
1 0.83359375 0.70234375 0.121875 0.1234375
1 0.8359375 0.80859375 0.109375 0.1109375
1 0.93046875 0.31328125 0.09765625 0.0984375
1 0.9265625 0.42265625 0.11015625 0.11015625
1 0.91875 0.5265625 0.121875 0.1234375
1 0.92734375 0.64921875 0.11015625 0.11015625
1 0.928125 0.7515625 0.121875 0.1234375
1 0.92421875 0.86328125 0.121875 0.1234375
1 0.8265625 0.9203125 0.09765625 0.09765625
1 0.740625 0.85859375 0.11015625 0.1109375
1 0.63984375 0.91953125 0.109375 0.11015625
1 0.546875 0.8546875 0.109375 0.11015625
1 0.4546875 0.9171875 0.09765625 0.0984375
1 0.365625 0.85625 0.09765625 0.0984375
1 0.26640625 0.8 0.121875 0.121875
1 0.26640625 0.9109375 0.121875 0.121875
1 0.16640625 0.85625 0.121875 0.1234375
1 0.07578125 0.79765625 0.121875 0.1234375
1 0.08125 0.90703125 0.09765625 0.0984375