2 0.92890625 0.0453125 0.0734375 0.0734375
1 0.93046875 0.15 0.09765625 0.0984375
1 0.92890625 0.26328125 0.09765625 0.0984375
1 0.828125 0.10703125 0.09765625 0.0984375
1 0.834375 0.2125 0.109375 0.11015625
1 0.74296875 0.05234375 0.09765625 0.0984375
1 0.74296875 0.153125 0.09765625 0.0984375
1 0.7375 0.26640625 0.109375 0.1109375
1 0.646875 0.0953125 0.109375 0.11015625
1 0.6453125 0.20703125 0.11015625 0.1109375
1 0.553125 0.14453125 0.11015625 0.1109375
1 0.553125 0.26328125 0.11015625 0.11015625
1 0.45234375 0.1015625 0.09765625 0.09765625
1 0.46171875 0.21953125 0.109375 0.11015625
2 0.3625 0.0484375 0.0609375 0.06171875
1 0.35859375 0.1546875 0.109375 0.11015625
1 0.36015625 0.26484375 0.109375 0.11015625
1 0.26328125 0.09140625 0.11015625 0.11015625
1 0.2671875 0.21171875 0.11015625 0.11015625
1 0.17109375 0.15 0.11015625 0.11015625
1 0.17109375 0.26640625 0.109375 0.11015625
1 0.07734375 0.096875 0.109375 0.11015625
1 0.0765625 0.21640625 0.109375 0.11015625
1 0.08125 0.315625 0.09765625 0.0984375
1 0.08203125 0.4234375 0.09765625 0.0984375
1 0.0796875 0.53515625 0.09765625 0.09765625
1 0.0765625 0.64453125 0.09765625 0.09765625
1 0.17109375 0.37421875 0.11015625 0.11015625
1 0.16875 0.48515625 0.109375 0.11015625
1 0.1671875 0.5921875 0.109375 0.11015625
1 0.16875 0.6921875 0.109375 0.1109375
1 0.2625 0.32109375 0.11015625 0.11015625
1 0.26484375 0.43203125 0.11015625 0.11015625
1 0.26640625 0.534375 0.11015625 0.11015625
1 0.26171875 0.653125 0.09765625 0.0984375
1 0.3546875 0.38046875 0.109375 0.11015625
1 0.359375 0.48984375 0.09765625 0.0984375
1 0.3578125 0.59296875 0.11015625 0.11015625
1 0.4609375 0.315625 0.09765625 0.0984375
1 0.45703125 0.42421875 0.09765625 0.0984375
1 0.4640625 0.53984375 0.109375 0.11015625
1 0.465625 0.65078125 0.11015625 0.11015625
1 0.55390625 0.3734375 0.11015625 0.11015625
1 0.55546875 0.4828125 0.109375 0.11015625
1 0.55390625 0.58671875 0.109375 0.11015625
1 0.6515625 0.3140625 0.11015625 0.1109375
1 0.646875 0.43125 0.11015625 0.11015625
1 0.64921875 0.534375 0.11015625 0.11015625
1 0.64296875 0.646875 0.11015625 0.11015625
1 0.7453125 0.371875 0.109375 0.1109375
1 0.7421875 0.48359375 0.109375 0.11015625
1 0.740625 0.5921875 0.09765625 0.0984375
1 0.7421875 0.70859375 0.09765625 0.0984375
1 0.83671875 0.31328125 0.11015625 0.11015625
1 0.83515625 0.434375 0.0859375 0.0859375
1 0.83515625 0.540625 0.09765625 0.09765625
1 0.83984375 0.6515625 0.09765625 0.0984375
1 0.93125 0.371875 0.11015625 0.11015625
1 0.93046875 0.4765625 0.11015625 0.1109375
1 0.93046875 0.5984375 0.109375 0.1109375
1 0.9265625 0.7046875 0.109375 0.11015625
1 0.93125 0.81328125 0.09765625 0.0984375
1 0.9265625 0.92421875 0.109375 0.11015625
1 0.83203125 0.75703125 0.109375 0.11015625
1 0.8375 0.87265625 0.11015625 0.11015625
1 0.7421875 0.81015625 0.09765625 0.0984375
1 0.7375 0.9203125 0.11015625 0.11015625
1 0.6484375 0.7609375 0.109375 0.11015625
1 0.6453125 0.86953125 0.109375 0.11015625
1 0.5578125 0.7078125 0.109375 0.11015625
1 0.55625 0.815625 0.09765625 0.0984375
1 0.5578125 0.93125 0.11015625 0.11015625
1 0.46171875 0.7703125 0.11015625 0.11015625
1 0.465625 0.88359375 0.11015625 0.11015625
1 0.3546875 0.70625 0.11015625 0.11015625
1 0.36015625 0.81796875 0.11015625 0.11015625
1 0.36015625 0.9296875 0.109375 0.1109375
1 0.2625 0.76875 0.09765625 0.09765625
1 0.2671875 0.8796875 0.09765625 0.09765625
1 0.16796875 0.81328125 0.109375 0.1109375
1 0.17265625 0.92265625 0.09765625 0.09765625
1 0.07734375 0.75625 0.11015625 0.1109375
1 0.075 0.865625 0.11015625 0.11015625