2 0.1515625 0.26953125 0.0734375 0.07421875
2 0.8953125 0.8984375 0.08515625 0.0859375
1 0.3421875 0.04375 0.0859375 0.0859375
1 0.3375 0.15234375 0.09765625 0.09765625
1 0.34140625 0.275 0.08515625 0.0859375
1 0.3421875 0.3703125 0.08515625 0.0859375
1 0.34140625 0.49296875 0.08515625 0.0859375
1 0.2453125 0.10546875 0.09765625 0.09765625
1 0.246875 0.2171875 0.09765625 0.09765625
1 0.25078125 0.32421875 0.0859375 0.0859375
1 0.2453125 0.43125 0.0859375 0.0859375
3 0.1515625 0.0453125 0.08515625 0.0859375
1 0.15234375 0.15625 0.09765625 0.09765625
1 0.15703125 0.37734375 0.09765625 0.0984375
1 0.059375 0.10390625 0.09765625 0.0984375
1 0.0609375 0.2171875 0.09765625 0.0984375
1 0.05703125 0.3203125 0.08515625 0.0859375
1 0.05859375 0.4359375 0.09765625 0.0984375
1 0.0640625 0.54296875 0.08515625 0.0859375
1 0.05546875 0.64375 0.09765625 0.0984375
1 0.15546875 0.4953125 0.09765625 0.0984375
1 0.153125 0.596875 0.09765625 0.0984375
3 0.2453125 0.53984375 0.0859375 0.0859375
1 0.25 0.65 0.09765625 0.0984375
1 0.34765625 0.6015625 0.0859375 0.0859375
2 0.04609375 0.928125 0.0609375 0.06171875
2 0.134375 0.88046875 0.06171875 0.06171875
2 0.13515625 0.9671875 0.06171875 0.06171875
2 0.240625 0.94765625 0.0484375 0.05
2 0.3140625 0.9109375 0.0609375 0.06171875
2 0.403125 0.9625 0.06171875 0.06171875
2 0.49296875 0.9015625 0.06171875 0.06171875
1 0.72265625 0.89609375 0.09765625 0.0984375
1 0.81875 0.94609375 0.09765625 0.0984375