1 0.65703125 0.5140625 0.109375 0.11015625
2 0.18671875 0.83515625 0.0734375 0.0734375
2 0.0921875 0.79296875 0.0734375 0.07421875
2 0.8375 0.6140625 0.0734375 0.07421875
1 0.84375 0.18125 0.09765625 0.0984375
1 0.84765625 0.284375 0.109375 0.11015625
1 0.8390625 0.3953125 0.09765625 0.09765625
1 0.84375 0.50703125 0.09765625 0.09765625
3 0.74609375 0.2359375 0.0859375 0.0859375
1 0.746875 0.35 0.09765625 0.09765625
1 0.74296875 0.4546875 0.11015625 0.11015625
1 0.74296875 0.5640625 0.09765625 0.0984375
1 0.6578125 0.17265625 0.11015625 0.1109375
1 0.65546875 0.2859375 0.11015625 0.1109375
1 0.65546875 0.3984375 0.09765625 0.09765625
1 0.659375 0.61953125 0.0734375 0.0734375
1 0.5578125 0.125 0.11015625 0.1109375
1 0.5578125 0.228125 0.109375 0.1109375
1 0.5546875 0.35 0.109375 0.11015625
1 0.55625 0.4578125 0.09765625 0.0984375
1 0.5609375 0.56171875 0.09765625 0.0984375
1 0.46015625 0.1765625 0.109375 0.11015625
1 0.46484375 0.284375 0.09765625 0.0984375
1 0.465625 0.3953125 0.09765625 0.0984375
1 0.465625 0.5015625 0.09765625 0.0984375
2 0.46796875 0.6140625 0.0734375 0.0734375
1 0.4625 0.065625 0.109375 0.1109375
1 0.36640625 0.12265625 0.109375 0.11015625
1 0.3625 0.2265625 0.08515625 0.0859375
1 0.3671875 0.32890625 0.09765625 0.0984375
1 0.36875 0.4515625 0.09765625 0.0984375
1 0.36875 0.5609375 0.09765625 0.0984375
1 0.2703125 0.06484375 0.11015625 0.11015625
1 0.26875 0.1671875 0.11015625 0.11015625
1 0.27734375 0.2796875 0.09765625 0.0984375
1 0.271875 0.38515625 0.09765625 0.0984375
1 0.27265625 0.5046875 0.09765625 0.0984375
2 0.2765625 0.60625 0.0734375 0.07421875
1 0.17421875 0.11796875 0.11015625 0.11015625
1 0.1796875 0.221875 0.109375 0.11015625
1 0.18046875 0.33515625 0.09765625 0.0984375
1 0.1796875 0.45 0.09765625 0.0984375
1 0.1796875 0.5546875 0.0859375 0.0859375
1 0.078125 0.0640625 0.0859375 0.08671875
1 0.0796875 0.17265625 0.109375 0.11015625
1 0.08125 0.27890625 0.09765625 0.0984375
1 0.0796875 0.3921875 0.09765625 0.0984375
1 0.08671875 0.49609375 0.08515625 0.0859375
1 0.0828125 0.603125 0.09765625 0.09765625
1 0.08203125 0.88828125 0.109375 0.11015625
2 0.2796875 0.784375 0.06171875 0.06171875
1 0.278125 0.89140625 0.09765625 0.0984375
1 0.378125 0.83359375 0.09765625 0.0984375
2 0.475 0.7828125 0.0609375 0.06171875
1 0.4671875 0.8890625 0.09765625 0.0984375
1 0.5640625 0.83671875 0.08515625 0.0859375
1 0.559375 0.94453125 0.09765625 0.0984375
2 0.65625 0.78359375 0.0609375 0.06171875
1 0.659375 0.89296875 0.09765625 0.0984375
1 0.7484375 0.83984375 0.0859375 0.0859375
1 0.74921875 0.94375 0.09765625 0.0984375
2 0.84609375 0.790625 0.0359375 0.0375
1 0.846875 0.88984375 0.09765625 0.09765625
1 0.9421875 0.8484375 0.08515625 0.0859375
1 0.9390625 0.94609375 0.09765625 0.09765625