2 0.33046875 0.08515625 0.06171875 0.06171875
1 0.33125 0.2 0.09765625 0.0984375
3 0.3296875 0.30625 0.11015625 0.11015625
1 0.42265625 0.1390625 0.0859375 0.0859375
1 0.43828125 0.25625 0.08515625 0.0859375
1 0.23515625 0.15078125 0.11015625 0.11015625
1 0.23515625 0.25625 0.109375 0.11015625
2 0.13671875 0.08828125 0.0609375 0.06171875
1 0.1390625 0.18671875 0.109375 0.11015625
1 0.13671875 0.30625 0.109375 0.11015625
1 0.134375 0.4109375 0.109375 0.11015625
1 0.13359375 0.52421875 0.109375 0.11015625
1 0.14140625 0.63515625 0.109375 0.11015625
1 0.234375 0.3609375 0.09765625 0.0984375
1 0.234375 0.471875 0.109375 0.11015625
1 0.2375 0.57890625 0.09765625 0.0984375
1 0.23828125 0.690625 0.109375 0.11015625
1 0.33359375 0.4078125 0.11015625 0.11015625
1 0.32890625 0.521875 0.11015625 0.11015625
1 0.3328125 0.64140625 0.11015625 0.11015625
1 0.33515625 0.746875 0.109375 0.11015625
1 0.43359375 0.36328125 0.0859375 0.0859375
1 0.43671875 0.46484375 0.08515625 0.0859375
1 0.43203125 0.5765625 0.08515625 0.0859375
1 0.4328125 0.6890625 0.08515625 0.0859375
1 0.51953125 0.1984375 0.09765625 0.09765625
1 0.53203125 0.30546875 0.09765625 0.09765625
1 0.528125 0.4171875 0.109375 0.11015625
1 0.5265625 0.52265625 0.109375 0.11015625
1 0.528125 0.63828125 0.09765625 0.0984375
1 0.52578125 0.746875 0.11015625 0.11015625
1 0.62421875 0.2515625 0.11015625 0.1109375
1 0.628125 0.3609375 0.11015625 0.1109375
1 0.628125 0.4734375 0.109375 0.11015625
1 0.62421875 0.57578125 0.09765625 0.0984375
1 0.6265625 0.6921875 0.109375 0.11015625
1 0.61875 0.14140625 0.08515625 0.0859375
1 0.71875 0.1984375 0.09765625 0.0984375
1 0.71875 0.3046875 0.09765625 0.09765625
1 0.721875 0.41328125 0.09765625 0.09765625
1 0.7234375 0.521875 0.11015625 0.1109375
1 0.7234375 0.63125 0.09765625 0.0984375
1 0.8140625 0.15078125 0.109375 0.11015625
1 0.8171875 0.25625 0.09765625 0.0984375
1 0.81953125 0.36015625 0.09765625 0.0984375
1 0.8109375 0.47265625 0.109375 0.1109375
1 0.81328125 0.57734375 0.11015625 0.1109375
1 0.82109375 0.6734375 0.11015625 0.1109375
1 0.9078125 0.19609375 0.09765625 0.0984375
1 0.91015625 0.29921875 0.09765625 0.0984375
1 0.9125 0.41484375 0.109375 0.11015625
1 0.909375 0.521875 0.09765625 0.09765625
1 0.9109375 0.6359375 0.09765625 0.09765625
1 0.9078125 0.74296875 0.09765625 0.09765625
1 0.9078125 0.85390625 0.09765625 0.0984375
1 0.81484375 0.80234375 0.11015625 0.11015625
1 0.8171875 0.909375 0.11015625 0.11015625
1 0.7171875 0.74375 0.09765625 0.0984375
1 0.7140625 0.853125 0.09765625 0.0984375
1 0.61796875 0.80546875 0.109375 0.11015625
1 0.6171875 0.9171875 0.109375 0.11015625
1 0.528125 0.8578125 0.11015625 0.11015625
1 0.4359375 0.8 0.09765625 0.0984375
1 0.43828125 0.9078125 0.0859375 0.0859375
1 0.334375 0.85859375 0.109375 0.11015625
1 0.2359375 0.803125 0.109375 0.11015625
1 0.2375 0.9140625 0.11015625 0.1109375
1 0.13828125 0.746875 0.11015625 0.1109375
1 0.13984375 0.8546875 0.11015625 0.1109375