2 0.27265625 0.0578125 0.08515625 0.0859375
2 0.278125 0.17421875 0.0734375 0.0734375
2 0.3734375 0.22578125 0.08515625 0.0859375
2 0.36640625 0.1140625 0.06171875 0.06171875
2 0.3703125 0.3421875 0.0859375 0.0859375
1 0.275 0.28046875 0.0859375 0.0859375
1 0.2765625 0.39140625 0.09765625 0.09765625
1 0.17578125 0.11796875 0.09765625 0.0984375
1 0.17890625 0.22578125 0.0859375 0.0859375
1 0.17890625 0.33203125 0.09765625 0.09765625
1 0.0828125 0.06015625 0.09765625 0.0984375
1 0.08515625 0.175 0.08515625 0.0859375
1 0.08828125 0.2828125 0.08515625 0.0859375
1 0.08671875 0.3875 0.09765625 0.09765625
1 0.08671875 0.4953125 0.09765625 0.0984375
1 0.0921875 0.6140625 0.09765625 0.0984375
1 0.09453125 0.71953125 0.09765625 0.09765625
1 0.09375 0.83671875 0.09765625 0.09765625
1 0.18046875 0.446875 0.0859375 0.08671875
1 0.18046875 0.55390625 0.09765625 0.0984375
1 0.1796875 0.6625 0.09765625 0.0984375
1 0.18046875 0.7921875 0.09765625 0.0984375
1 0.28046875 0.50078125 0.09765625 0.0984375
1 0.2734375 0.60859375 0.09765625 0.0984375
1 0.27265625 0.7234375 0.0859375 0.0859375
1 0.27578125 0.8328125 0.08515625 0.0859375
1 0.36953125 0.440625 0.08515625 0.0859375
1 0.36953125 0.553125 0.08515625 0.0859375
1 0.3703125 0.66640625 0.09765625 0.0984375
1 0.371875 0.778125 0.0859375 0.0859375
1 0.36796875 0.88984375 0.0859375 0.0859375
1 0.1828125 0.903125 0.08515625 0.0859375
1 0.27265625 0.94140625 0.08515625 0.0859375
1 0.08984375 0.9453125 0.0859375 0.0859375