1 0.0859375 0.07265625 0.109375 0.11015625
1 0.08671875 0.18515625 0.109375 0.11015625
1 0.0890625 0.296875 0.09765625 0.09765625
1 0.1890625 0.13359375 0.109375 0.11015625
1 0.190625 0.2375 0.09765625 0.0984375
1 0.18671875 0.34609375 0.109375 0.11015625
1 0.27734375 0.08671875 0.09765625 0.0984375
1 0.275 0.18125 0.09765625 0.0984375
1 0.28828125 0.29921875 0.109375 0.11015625
1 0.371875 0.12578125 0.08515625 0.0859375
1 0.36875 0.23671875 0.08515625 0.08671875
1 0.371875 0.3375 0.09765625 0.0984375
1 0.478125 0.0671875 0.09765625 0.0984375
1 0.4828125 0.17421875 0.109375 0.11015625
1 0.4828125 0.2921875 0.11015625 0.11015625
1 0.478125 0.40859375 0.11015625 0.11015625
1 0.5734375 0.12265625 0.109375 0.11015625
1 0.5734375 0.23359375 0.09765625 0.0984375
1 0.5703125 0.3484375 0.109375 0.11015625
1 0.66796875 0.075 0.09765625 0.09765625
1 0.66796875 0.18671875 0.09765625 0.09765625
1 0.66640625 0.29375 0.08515625 0.0859375
1 0.6671875 0.40703125 0.0859375 0.0859375
1 0.7671875 0.13203125 0.11015625 0.1109375
1 0.759375 0.2421875 0.11015625 0.1109375
1 0.76484375 0.3484375 0.11015625 0.11015625
1 0.85625 0.07421875 0.0859375 0.0859375
1 0.8625 0.17578125 0.109375 0.1109375
1 0.859375 0.28515625 0.109375 0.1109375
1 0.8546875 0.40859375 0.11015625 0.11015625
1 0.85703125 0.5171875 0.11015625 0.11015625
2 0.853125 0.61640625 0.06171875 0.06171875
1 0.85390625 0.7375 0.11015625 0.11015625
1 0.853125 0.85390625 0.109375 0.11015625
2 0.76328125 0.46640625 0.06171875 0.06171875
2 0.75859375 0.575 0.06171875 0.06171875
1 0.759375 0.68515625 0.109375 0.11015625
1 0.75859375 0.80390625 0.109375 0.11015625
1 0.6703125 0.51640625 0.109375 0.11015625
1 0.6640625 0.64140625 0.0859375 0.0859375
1 0.6640625 0.74140625 0.109375 0.11015625
1 0.665625 0.85 0.09765625 0.0984375
1 0.571875 0.45859375 0.109375 0.11015625
1 0.56875 0.57109375 0.11015625 0.11015625
1 0.57265625 0.68125 0.11015625 0.11015625
1 0.5734375 0.79375 0.11015625 0.11015625
1 0.47578125 0.51015625 0.11015625 0.11015625
1 0.478125 0.62734375 0.11015625 0.11015625
1 0.478125 0.72734375 0.109375 0.11015625
1 0.4734375 0.8421875 0.109375 0.1109375
1 0.5765625 0.9 0.11015625 0.1109375
1 0.378125 0.44375 0.09765625 0.0984375
1 0.38671875 0.56328125 0.109375 0.11015625
1 0.3859375 0.6765625 0.109375 0.1109375
1 0.38203125 0.7953125 0.109375 0.1109375
1 0.28515625 0.40078125 0.109375 0.11015625
1 0.2828125 0.50078125 0.09765625 0.09765625
1 0.284375 0.628125 0.09765625 0.09765625
1 0.29140625 0.7296875 0.11015625 0.1109375
1 0.28359375 0.846875 0.11015625 0.11015625
1 0.18671875 0.4671875 0.109375 0.1109375
1 0.18125 0.57421875 0.08515625 0.0859375
1 0.1859375 0.6703125 0.09765625 0.09765625
1 0.18828125 0.78828125 0.08515625 0.0859375
1 0.09140625 0.4046875 0.11015625 0.1109375
1 0.08515625 0.515625 0.09765625 0.09765625
1 0.08125 0.6203125 0.08515625 0.0859375
1 0.08671875 0.7359375 0.11015625 0.11015625
1 0.0890625 0.84609375 0.109375 0.11015625
1 0.18671875 0.89609375 0.09765625 0.0984375
1 0.3765625 0.90703125 0.109375 0.11015625
1 0.7640625 0.90390625 0.09765625 0.0984375