2 0.18125 0.321875 0.0734375 0.07421875
2 0.0828125 0.93671875 0.0734375 0.07421875
2 0.278125 0.80625 0.0734375 0.07421875
1 0.928125 0.85703125 0.09765625 0.0984375
1 0.83671875 0.921875 0.09765625 0.09765625
1 0.75078125 0.87265625 0.11015625 0.11015625
1 0.64609375 0.8359375 0.08515625 0.0859375
1 0.64296875 0.9421875 0.08515625 0.0859375
1 0.55390625 0.88125 0.08515625 0.0859375
1 0.46015625 0.821875 0.0859375 0.0859375
1 0.4609375 0.9359375 0.0859375 0.0859375
1 0.375 0.86796875 0.09765625 0.0984375
1 0.28046875 0.9203125 0.0859375 0.0859375
1 0.1734375 0.86796875 0.09765625 0.0984375
1 0.08984375 0.83515625 0.09765625 0.09765625
1 0.08984375 0.0453125 0.0859375 0.0859375
1 0.08984375 0.16875 0.0859375 0.0859375
1 0.08671875 0.29609375 0.0859375 0.08671875
1 0.08671875 0.39921875 0.0859375 0.0859375
1 0.0890625 0.5109375 0.08515625 0.0859375
1 0.0890625 0.60234375 0.09765625 0.0984375
1 0.0921875 0.7390625 0.09765625 0.0984375
1 0.18203125 0.76875 0.08515625 0.0859375
1 0.18203125 0.653125 0.08515625 0.0859375
1 0.1890625 0.5515625 0.08515625 0.0859375
1 0.17734375 0.43125 0.08515625 0.0859375
1 0.175 0.11015625 0.09765625 0.09765625
1 0.18125 0.21171875 0.09765625 0.09765625
1 0.28203125 0.11953125 0.09765625 0.0984375
1 0.2890625 0.2640625 0.09765625 0.0984375
1 0.278125 0.37890625 0.0859375 0.0859375
1 0.27421875 0.49296875 0.08515625 0.0859375
1 0.27265625 0.6 0.08515625 0.0859375
1 0.2703125 0.7046875 0.08515625 0.0859375
1 0.36640625 0.1125 0.0859375 0.0859375
1 0.3703125 0.21875 0.09765625 0.09765625
1 0.3671875 0.328125 0.0859375 0.0859375
1 0.36328125 0.4375 0.0859375 0.0859375
1 0.36015625 0.553125 0.09765625 0.0984375
1 0.375 0.675 0.09765625 0.0984375
1 0.36953125 0.771875 0.11015625 0.1109375
1 0.46171875 0.16875 0.0859375 0.0859375
1 0.46171875 0.2734375 0.0859375 0.0859375
1 0.4625 0.39375 0.09765625 0.0984375
1 0.459375 0.50078125 0.0859375 0.0859375
1 0.4578125 0.60546875 0.08515625 0.0859375
1 0.4640625 0.71171875 0.09765625 0.09765625
1 0.5546875 0.76796875 0.09765625 0.0984375
1 0.553125 0.6625 0.08515625 0.0859375
1 0.55859375 0.54375 0.0859375 0.0859375
1 0.55234375 0.43984375 0.08515625 0.08671875
1 0.55546875 0.3296875 0.09765625 0.0984375
1 0.5578125 0.21328125 0.09765625 0.0984375
1 0.55390625 0.10703125 0.09765625 0.0984375
1 0.65 0.1609375 0.109375 0.11015625
1 0.65 0.2640625 0.09765625 0.0984375
1 0.653125 0.37265625 0.09765625 0.0984375
1 0.6515625 0.4953125 0.0859375 0.0859375
1 0.65234375 0.6046875 0.09765625 0.0984375
1 0.65 0.70625 0.09765625 0.0984375
1 0.7453125 0.10234375 0.09765625 0.0984375
1 0.75 0.21796875 0.09765625 0.09765625
1 0.74375 0.3203125 0.08515625 0.0859375
1 0.74140625 0.4296875 0.09765625 0.09765625
1 0.75078125 0.5453125 0.09765625 0.0984375
1 0.74375 0.6578125 0.09765625 0.0984375
1 0.7484375 0.7640625 0.09765625 0.0984375
1 0.83984375 0.80625 0.09765625 0.0984375
1 0.846875 0.6953125 0.09765625 0.09765625
1 0.8390625 0.5875 0.09765625 0.0984375
1 0.8421875 0.4765625 0.09765625 0.09765625
1 0.840625 0.3640625 0.09765625 0.0984375
1 0.8484375 0.253125 0.09765625 0.09765625
1 0.8421875 0.1453125 0.09765625 0.0984375
1 0.93046875 0.0875 0.09765625 0.09765625
1 0.93671875 0.19453125 0.09765625 0.0984375
1 0.934375 0.30234375 0.09765625 0.0984375
1 0.93359375 0.4171875 0.09765625 0.09765625
1 0.9296875 0.5328125 0.09765625 0.0984375
1 0.9328125 0.6375 0.08515625 0.0859375
1 0.9328125 0.73984375 0.09765625 0.0984375
1 0.4546875 0.0609375 0.08515625 0.0859375