2 0.775 0.496875 0.0734375 0.0734375
1 0.20703125 0.07109375 0.09765625 0.09765625
1 0.76796875 0.0484375 0.08515625 0.0859375
2 0.86640625 0.525 0.0734375 0.07421875
2 0.8703125 0.63125 0.0734375 0.07421875
1 0.67421875 0.53203125 0.08515625 0.0859375
1 0.109375 0.56015625 0.109375 0.11015625
1 0.109375 0.66328125 0.09765625 0.0984375
1 0.1125 0.771875 0.09765625 0.0984375
1 0.11015625 0.89453125 0.0859375 0.0859375
1 0.20390625 0.5015625 0.09765625 0.0984375
1 0.209375 0.6171875 0.09765625 0.09765625
1 0.20234375 0.71953125 0.08515625 0.0859375
1 0.2 0.82890625 0.09765625 0.09765625
1 0.21015625 0.94453125 0.09765625 0.0984375
1 0.30078125 0.87578125 0.09765625 0.09765625
1 0.3 0.76328125 0.09765625 0.0984375
1 0.3078125 0.65234375 0.09765625 0.09765625
1 0.30078125 0.54453125 0.09765625 0.0984375
1 0.38984375 0.4875 0.09765625 0.09765625
1 0.3953125 0.59453125 0.09765625 0.0984375
1 0.39375 0.7015625 0.09765625 0.0984375
1 0.3921875 0.81640625 0.09765625 0.09765625
1 0.3890625 0.93203125 0.09765625 0.0984375
1 0.4875 0.87265625 0.11015625 0.11015625
1 0.48671875 0.759375 0.11015625 0.11015625
1 0.484375 0.6453125 0.109375 0.11015625
1 0.4828125 0.534375 0.11015625 0.1109375
1 0.58125 0.49140625 0.09765625 0.09765625
1 0.571875 0.59453125 0.109375 0.11015625
1 0.58515625 0.6984375 0.109375 0.1109375
1 0.57734375 0.81015625 0.109375 0.11015625
1 0.5796875 0.91484375 0.08515625 0.0859375
1 0.67265625 0.86484375 0.09765625 0.0984375
1 0.678125 0.7609375 0.08515625 0.0859375
1 0.67265625 0.634375 0.109375 0.11015625
1 0.77109375 0.59453125 0.08515625 0.0859375
1 0.76953125 0.69453125 0.09765625 0.09765625
1 0.77265625 0.8296875 0.09765625 0.0984375
1 0.7703125 0.91875 0.09765625 0.0984375
1 0.86640625 0.865625 0.08515625 0.0859375
1 0.8609375 0.7296875 0.09765625 0.0984375
1 0.87265625 0.44140625 0.08515625 0.0859375
1 0.86640625 0.31796875 0.11015625 0.11015625
1 0.86796875 0.20859375 0.11015625 0.11015625
1 0.86796875 0.0984375 0.09765625 0.0984375
1 0.76875 0.15703125 0.09765625 0.0984375
1 0.7703125 0.2671875 0.09765625 0.0984375
1 0.76953125 0.37109375 0.0859375 0.0859375
1 0.671875 0.42890625 0.109375 0.11015625
1 0.675 0.325 0.09765625 0.0984375
1 0.675 0.20703125 0.0859375 0.0859375
1 0.6734375 0.10078125 0.0859375 0.0859375
1 0.5828125 0.146875 0.09765625 0.0984375
1 0.5796875 0.2546875 0.09765625 0.0984375
1 0.5859375 0.36015625 0.09765625 0.09765625
1 0.49296875 0.4125 0.109375 0.1109375
1 0.49140625 0.31171875 0.11015625 0.1109375
1 0.4859375 0.22109375 0.11015625 0.11015625
1 0.49140625 0.0953125 0.11015625 0.11015625
1 0.4015625 0.14765625 0.09765625 0.09765625
1 0.4015625 0.25859375 0.09765625 0.09765625
1 0.39453125 0.36875 0.0859375 0.0859375
1 0.303125 0.43515625 0.09765625 0.0984375
1 0.2984375 0.33203125 0.0859375 0.0859375
1 0.30625 0.2109375 0.09765625 0.09765625
1 0.2984375 0.1046875 0.09765625 0.09765625
1 0.21015625 0.17578125 0.09765625 0.09765625
1 0.20390625 0.271875 0.09765625 0.0984375
1 0.20234375 0.3953125 0.09765625 0.0984375
1 0.115625 0.4515625 0.109375 0.11015625
1 0.10859375 0.33828125 0.11015625 0.11015625
1 0.121875 0.225 0.11015625 0.11015625
1 0.1125 0.1140625 0.11015625 0.11015625