2 0.17890625 0.3421875 0.0734375 0.07421875
2 0.74765625 0.0875 0.0734375 0.0734375
1 0.0859375 0.153125 0.109375 0.11015625
1 0.08359375 0.2828125 0.11015625 0.11015625
1 0.08359375 0.39765625 0.11015625 0.1109375
1 0.0859375 0.50859375 0.09765625 0.0984375
1 0.0875 0.61484375 0.09765625 0.0984375
1 0.08828125 0.7125 0.11015625 0.11015625
1 0.08515625 0.81640625 0.11015625 0.1109375
1 0.18359375 0.77265625 0.09765625 0.09765625
1 0.1734375 0.6671875 0.08515625 0.0859375
1 0.18359375 0.5515625 0.09765625 0.0984375
1 0.190625 0.1125 0.09765625 0.0984375
1 0.184375 0.228125 0.08515625 0.0859375
1 0.1828125 0.4484375 0.09765625 0.09765625
1 0.2765625 0.1296875 0.09765625 0.09765625
1 0.27890625 0.2296875 0.08515625 0.08671875
1 0.28125 0.3765625 0.09765625 0.09765625
1 0.27421875 0.490625 0.09765625 0.09765625
1 0.2703125 0.5953125 0.09765625 0.0984375
1 0.27421875 0.70625 0.09765625 0.09765625
1 0.271875 0.8078125 0.0859375 0.0859375
1 0.17578125 0.890625 0.09765625 0.09765625
1 0.36796875 0.86015625 0.09765625 0.0984375
1 0.36328125 0.6578125 0.09765625 0.0984375
1 0.36640625 0.5359375 0.09765625 0.0984375
1 0.37421875 0.43046875 0.09765625 0.0984375
1 0.36796875 0.28359375 0.09765625 0.0984375
1 0.35546875 0.128125 0.09765625 0.0984375
1 0.46328125 0.1609375 0.11015625 0.1109375
1 0.46484375 0.26484375 0.109375 0.11015625
1 0.459375 0.37578125 0.11015625 0.11015625
1 0.45703125 0.47578125 0.09765625 0.0984375
1 0.46015625 0.56875 0.11015625 0.1109375
1 0.4640625 0.7015625 0.11015625 0.1109375
1 0.4578125 0.81015625 0.11015625 0.11015625
1 0.55546875 0.8609375 0.09765625 0.09765625
1 0.559375 0.75078125 0.09765625 0.0984375
1 0.559375 0.6359375 0.09765625 0.0984375
1 0.5546875 0.528125 0.109375 0.11015625
1 0.55546875 0.4203125 0.11015625 0.11015625
1 0.5578125 0.29921875 0.09765625 0.0984375
1 0.559375 0.2015625 0.08515625 0.08671875
1 0.559375 0.09140625 0.11015625 0.11015625
1 0.653125 0.1515625 0.0859375 0.0859375
1 0.65703125 0.2578125 0.09765625 0.09765625
1 0.646875 0.3625 0.09765625 0.0984375
1 0.65 0.471875 0.109375 0.11015625
1 0.646875 0.584375 0.109375 0.11015625
1 0.64140625 0.6984375 0.09765625 0.0984375
1 0.646875 0.80546875 0.09765625 0.0984375
1 0.73671875 0.86796875 0.08515625 0.0859375
1 0.7421875 0.7390625 0.0859375 0.0859375
1 0.7421875 0.62890625 0.0859375 0.0859375
1 0.746875 0.2109375 0.11015625 0.1109375
1 0.7421875 0.3046875 0.09765625 0.09765625
1 0.74375 0.42265625 0.09765625 0.09765625
1 0.7421875 0.52265625 0.09765625 0.0984375
1 0.83515625 0.80546875 0.0859375 0.0859375
1 0.8515625 0.69453125 0.09765625 0.0984375
1 0.8453125 0.584375 0.109375 0.11015625
1 0.84296875 0.4765625 0.08515625 0.0859375
1 0.8484375 0.36796875 0.0859375 0.0859375
1 0.853125 0.26171875 0.109375 0.1109375
1 0.85390625 0.1609375 0.11015625 0.11015625
1 0.9375 0.09921875 0.09765625 0.0984375
1 0.93515625 0.2109375 0.08515625 0.0859375
1 0.9390625 0.315625 0.08515625 0.0859375
1 0.9328125 0.4359375 0.09765625 0.0984375
1 0.9375 0.53125 0.09765625 0.09765625
1 0.93125 0.64296875 0.09765625 0.0984375
1 0.92421875 0.753125 0.11015625 0.11015625
1 0.92265625 0.86640625 0.09765625 0.0984375
1 0.83671875 0.9171875 0.09765625 0.0984375
1 0.6421875 0.9203125 0.0859375 0.0859375
1 0.46015625 0.91484375 0.11015625 0.11015625
1 0.2671875 0.9234375 0.09765625 0.09765625
1 0.08125 0.9328125 0.11015625 0.11015625