2 0.9203125 0.6359375 0.0734375 0.0734375
2 0.821875 0.4671875 0.06171875 0.06171875
2 0.91640625 0.51328125 0.06171875 0.06171875
2 0.64296875 0.46953125 0.06171875 0.06171875
1 0.059375 0.46875 0.0859375 0.0859375
1 0.075 0.5859375 0.08515625 0.0859375
1 0.0703125 0.69375 0.0859375 0.0859375
1 0.0734375 0.7953125 0.08515625 0.0859375
1 0.06875 0.90625 0.08515625 0.0859375
1 0.15625 0.528125 0.09765625 0.09765625
1 0.16875 0.6359375 0.09765625 0.09765625
1 0.16484375 0.74765625 0.109375 0.11015625
1 0.16328125 0.853125 0.109375 0.11015625
1 0.2609375 0.58203125 0.11015625 0.1109375
1 0.26484375 0.69140625 0.11015625 0.1109375
1 0.26484375 0.803125 0.109375 0.11015625
1 0.2609375 0.90546875 0.09765625 0.0984375
1 0.25546875 0.471875 0.08515625 0.0859375
1 0.35546875 0.52890625 0.09765625 0.0984375
1 0.35546875 0.634375 0.09765625 0.09765625
1 0.35859375 0.74296875 0.09765625 0.09765625
1 0.36015625 0.8515625 0.11015625 0.1109375
1 0.4515625 0.48125 0.109375 0.11015625
1 0.45390625 0.58671875 0.09765625 0.0984375
1 0.45625 0.68984375 0.09765625 0.0984375
1 0.446875 0.803125 0.109375 0.1109375
1 0.45 0.90703125 0.11015625 0.1109375
1 0.5453125 0.52578125 0.09765625 0.0984375
1 0.546875 0.6296875 0.09765625 0.0984375
1 0.5484375 0.74453125 0.109375 0.11015625
1 0.54609375 0.8515625 0.09765625 0.09765625
1 0.6390625 0.5828125 0.09765625 0.0984375
1 0.64140625 0.68828125 0.09765625 0.0984375
1 0.63984375 0.79921875 0.11015625 0.11015625
1 0.63984375 0.90703125 0.09765625 0.0984375
1 0.73359375 0.521875 0.09765625 0.0984375
1 0.73515625 0.6375 0.0859375 0.08671875
1 0.73203125 0.7484375 0.08515625 0.0859375
1 0.73515625 0.85546875 0.08515625 0.0859375
1 0.82734375 0.58125 0.0859375 0.0859375
1 0.82421875 0.69140625 0.0859375 0.0859375
1 0.8265625 0.8 0.0734375 0.0734375
0 0.82890625 0.91171875 0.0734375 0.0734375
1 0.9234375 0.75625 0.0859375 0.0859375
1 0.92109375 0.85625 0.0859375 0.08671875