2 0.55234375 0.7640625 0.0734375 0.0734375
2 0.45390625 0.5953125 0.06171875 0.06171875
2 0.5484375 0.64140625 0.06171875 0.06171875
2 0.64140625 0.60234375 0.0609375 0.0609375
2 0.275 0.596875 0.06171875 0.06171875
1 0.0828125 0.60859375 0.109375 0.11015625
1 0.0859375 0.7140625 0.09765625 0.0984375
1 0.0875 0.81796875 0.09765625 0.0984375
1 0.07890625 0.93046875 0.109375 0.1109375
1 0.1765625 0.65390625 0.09765625 0.0984375
1 0.17890625 0.75703125 0.09765625 0.0984375
1 0.18046875 0.87265625 0.109375 0.11015625
1 0.2703125 0.71015625 0.09765625 0.0984375
1 0.2734375 0.815625 0.09765625 0.0984375
1 0.271875 0.92734375 0.11015625 0.11015625
1 0.365625 0.65 0.09765625 0.0984375
1 0.3671875 0.76484375 0.0859375 0.08671875
1 0.3640625 0.87578125 0.08515625 0.0859375
1 0.459375 0.709375 0.0859375 0.0859375
1 0.45625 0.81953125 0.0859375 0.0859375
1 0.45859375 0.928125 0.0734375 0.0734375
1 0.55546875 0.88359375 0.0859375 0.0859375
1 0.65 0.70625 0.09765625 0.09765625
1 0.64921875 0.8140625 0.08515625 0.0859375
1 0.64765625 0.928125 0.08515625 0.0859375
0 0.74140625 0.6484375 0.0734375 0.07421875
0 0.83515625 0.70234375 0.0859375 0.0859375
0 0.840625 0.8140625 0.0734375 0.07421875
1 0.746875 0.75859375 0.09765625 0.09765625
1 0.746875 0.8703125 0.09765625 0.09765625
1 0.83671875 0.9265625 0.0859375 0.0859375