2 0.6453125 0.0453125 0.0859375 0.0859375
2 0.8390625 0.04921875 0.0734375 0.0734375
2 0.8328125 0.26640625 0.08515625 0.0859375
2 0.8375 0.38359375 0.0734375 0.0734375
2 0.92734375 0.20859375 0.0734375 0.0734375
2 0.9328125 0.434375 0.08515625 0.0859375
2 0.9265625 0.32265625 0.06171875 0.06171875
2 0.9296875 0.55078125 0.0859375 0.0859375
2 0.934375 0.103125 0.0734375 0.0734375
1 0.18125 0.0890625 0.11015625 0.1109375
1 0.271875 0.05078125 0.09765625 0.09765625
1 0.45859375 0.0484375 0.0734375 0.07421875
1 0.74375 0.10390625 0.0859375 0.08671875
1 0.55625 0.0984375 0.09765625 0.0984375
1 0.83125 0.1578125 0.0734375 0.0734375
1 0.83515625 0.4890625 0.0859375 0.0859375
1 0.8359375 0.60078125 0.09765625 0.09765625
1 0.7390625 0.21484375 0.0859375 0.0859375
1 0.73515625 0.3265625 0.09765625 0.0984375
1 0.73828125 0.434375 0.0859375 0.0859375
1 0.73828125 0.540625 0.09765625 0.09765625
1 0.6421875 0.16171875 0.09765625 0.0984375
1 0.6421875 0.26875 0.09765625 0.0984375
1 0.6453125 0.38359375 0.08515625 0.0859375
1 0.64765625 0.4921875 0.08515625 0.0859375
1 0.646875 0.596875 0.09765625 0.09765625
1 0.55078125 0.21015625 0.09765625 0.0984375
1 0.55390625 0.3234375 0.09765625 0.09765625
1 0.55 0.4421875 0.08515625 0.0859375
1 0.5484375 0.5453125 0.09765625 0.09765625
1 0.4609375 0.15546875 0.09765625 0.09765625
1 0.4578125 0.275 0.0859375 0.0859375
1 0.46015625 0.38359375 0.0734375 0.07421875
1 0.45859375 0.4921875 0.0734375 0.07421875
1 0.45078125 0.60390625 0.0734375 0.0734375
1 0.36328125 0.1046875 0.109375 0.1109375
1 0.3625 0.215625 0.09765625 0.09765625
1 0.36640625 0.32890625 0.09765625 0.09765625
1 0.36640625 0.434375 0.08515625 0.0859375
1 0.36796875 0.54375 0.09765625 0.0984375
1 0.26875 0.1578125 0.09765625 0.09765625
1 0.26875 0.26875 0.09765625 0.0984375
1 0.27109375 0.3796875 0.08515625 0.0859375
1 0.26953125 0.49140625 0.09765625 0.0984375
1 0.26953125 0.60625 0.09765625 0.0984375
1 0.175 0.2171875 0.11015625 0.11015625
1 0.17734375 0.325 0.11015625 0.11015625
1 0.1734375 0.4359375 0.0859375 0.0859375
1 0.17578125 0.54453125 0.09765625 0.0984375
1 0.07734375 0.15859375 0.09765625 0.0984375
1 0.07421875 0.26796875 0.09765625 0.0984375
1 0.0828125 0.38125 0.09765625 0.0984375
1 0.084375 0.4890625 0.09765625 0.0984375
1 0.08125 0.6 0.09765625 0.0984375
1 0.0828125 0.7125 0.109375 0.11015625
1 0.0828125 0.82109375 0.09765625 0.0984375
1 0.07890625 0.9328125 0.11015625 0.11015625
1 0.17578125 0.653125 0.109375 0.11015625
1 0.1828125 0.7765625 0.109375 0.11015625
1 0.17578125 0.88046875 0.109375 0.11015625
1 0.2703125 0.70703125 0.09765625 0.09765625
1 0.2671875 0.82265625 0.11015625 0.11015625
1 0.2734375 0.93828125 0.109375 0.11015625
1 0.3640625 0.6578125 0.0734375 0.07421875
1 0.36640625 0.765625 0.09765625 0.09765625
1 0.3625 0.8734375 0.11015625 0.11015625
1 0.45546875 0.71015625 0.0734375 0.07421875
1 0.45234375 0.821875 0.09765625 0.09765625
1 0.4578125 0.93359375 0.08515625 0.0859375
1 0.55390625 0.653125 0.09765625 0.0984375
1 0.55 0.76640625 0.0859375 0.0859375
1 0.54765625 0.86875 0.09765625 0.09765625
1 0.646875 0.7046875 0.09765625 0.0984375
1 0.6515625 0.82265625 0.09765625 0.0984375
1 0.6546875 0.92890625 0.09765625 0.09765625
1 0.740625 0.65546875 0.0859375 0.08671875
1 0.740625 0.76328125 0.09765625 0.0984375
1 0.7390625 0.871875 0.09765625 0.0984375
1 0.83984375 0.709375 0.09765625 0.0984375
1 0.8328125 0.81796875 0.09765625 0.0984375
1 0.83203125 0.9328125 0.0859375 0.0859375
1 0.92890625 0.64921875 0.08515625 0.0859375
1 0.92890625 0.76171875 0.08515625 0.0859375
1 0.9296875 0.87578125 0.09765625 0.0984375