2 0.93125 0.46953125 0.0734375 0.07421875
2 0.6515625 0.2234375 0.0734375 0.0734375
2 0.74453125 0.696875 0.0734375 0.0734375
2 0.934375 0.8234375 0.0734375 0.07421875
2 0.840625 0.8765625 0.0734375 0.0734375
2 0.93203125 0.9328125 0.0734375 0.07421875
3 0.83671875 0.3078125 0.0859375 0.08671875
1 0.83671875 0.196875 0.0859375 0.0859375
2 0.74375 0.2515625 0.0734375 0.07421875
2 0.74765625 0.3578125 0.0734375 0.07421875
1 0.5515625 0.25859375 0.08515625 0.0859375
1 0.08125 0.228125 0.09765625 0.0984375
1 0.0859375 0.34375 0.09765625 0.09765625
1 0.0796875 0.44609375 0.08515625 0.0859375
1 0.07734375 0.55546875 0.09765625 0.09765625
1 0.08671875 0.67109375 0.09765625 0.0984375
1 0.0796875 0.78359375 0.09765625 0.0984375
1 0.084375 0.88984375 0.09765625 0.0984375
1 0.17578125 0.93203125 0.09765625 0.0984375
1 0.1828125 0.82109375 0.09765625 0.09765625
1 0.175 0.71328125 0.09765625 0.0984375
1 0.178125 0.60234375 0.09765625 0.09765625
1 0.1765625 0.48984375 0.09765625 0.0984375
1 0.184375 0.37890625 0.09765625 0.09765625
1 0.178125 0.27109375 0.09765625 0.0984375
1 0.26640625 0.2140625 0.09765625 0.09765625
1 0.27265625 0.32109375 0.09765625 0.0984375
1 0.2703125 0.428125 0.09765625 0.0984375
1 0.26953125 0.54296875 0.09765625 0.09765625
1 0.265625 0.65859375 0.09765625 0.0984375
1 0.26875 0.7640625 0.08515625 0.0859375
1 0.26875 0.865625 0.09765625 0.0984375
1 0.36484375 0.91640625 0.11015625 0.11015625
1 0.36328125 0.8078125 0.109375 0.11015625
1 0.35859375 0.70078125 0.109375 0.11015625
1 0.36484375 0.59921875 0.11015625 0.11015625
1 0.3640625 0.4859375 0.11015625 0.11015625
1 0.3609375 0.371875 0.109375 0.11015625
1 0.36015625 0.2609375 0.11015625 0.1109375
1 0.4578125 0.21796875 0.09765625 0.09765625
1 0.44921875 0.32109375 0.109375 0.11015625
1 0.46171875 0.425 0.109375 0.1109375
1 0.45390625 0.53671875 0.109375 0.11015625
1 0.45625 0.64140625 0.08515625 0.0859375
1 0.459375 0.73125 0.0859375 0.0859375
1 0.45390625 0.86484375 0.09765625 0.0984375
1 0.5546875 0.9296875 0.109375 0.1109375
1 0.55078125 0.8046875 0.0859375 0.0859375
1 0.55078125 0.7125 0.09765625 0.0984375
1 0.55 0.59140625 0.09765625 0.0984375
1 0.55546875 0.4875 0.08515625 0.0859375
1 0.55 0.3609375 0.109375 0.11015625
1 0.64765625 0.32109375 0.08515625 0.0859375
1 0.646875 0.42109375 0.09765625 0.09765625
1 0.64921875 0.55625 0.09765625 0.0984375
1 0.64765625 0.6453125 0.09765625 0.0984375
1 0.6390625 0.7625 0.109375 0.11015625
1 0.63984375 0.8734375 0.109375 0.11015625
1 0.7390625 0.934375 0.0859375 0.0859375
1 0.74609375 0.81953125 0.0859375 0.0859375
1 0.74375 0.5921875 0.08515625 0.0859375
1 0.73828125 0.45625 0.09765625 0.0984375
1 0.83515625 0.5140625 0.08515625 0.0859375
1 0.83515625 0.6453125 0.09765625 0.0984375
1 0.8359375 0.7609375 0.09765625 0.09765625
1 0.93359375 0.70390625 0.109375 0.11015625
1 0.9296875 0.58515625 0.09765625 0.0984375
1 0.93046875 0.2640625 0.08515625 0.0859375
1 0.83828125 0.09609375 0.08515625 0.08671875
1 0.74921875 0.16796875 0.08515625 0.0859375
1 0.646875 0.09765625 0.0859375 0.0859375
1 0.5484375 0.15546875 0.109375 0.11015625
1 0.5515625 0.0515625 0.09765625 0.0984375
1 0.4625 0.08671875 0.09765625 0.09765625
1 0.3703125 0.1390625 0.109375 0.1109375
1 0.271875 0.0953125 0.0859375 0.0859375
1 0.1796875 0.16171875 0.09765625 0.0984375
1 0.17578125 0.05859375 0.0859375 0.0859375
1 0.07890625 0.121875 0.09765625 0.0984375
1 0.9359375 0.05703125 0.109375 0.11015625
1 0.93046875 0.14765625 0.109375 0.11015625