1 0.78828125 0.8640625 0.109375 0.11015625
1 0.12109375 0.13125 0.09765625 0.0984375
1 0.115625 0.24140625 0.109375 0.11015625
1 0.21015625 0.07890625 0.11015625 0.11015625
1 0.2171875 0.19375 0.11015625 0.11015625
1 0.31171875 0.1359375 0.11015625 0.1109375
1 0.3078125 0.2515625 0.11015625 0.11015625
1 0.40234375 0.07734375 0.109375 0.1109375
1 0.4015625 0.19140625 0.109375 0.1109375
1 0.49921875 0.13359375 0.09765625 0.09765625
1 0.5015625 0.25078125 0.109375 0.1109375
1 0.596875 0.08359375 0.11015625 0.11015625
1 0.5921875 0.19296875 0.11015625 0.11015625
1 0.5953125 0.303125 0.09765625 0.09765625
1 0.396875 0.29765625 0.109375 0.11015625
3 0.8765625 0.5859375 0.0859375 0.0859375
1 0.878125 0.69921875 0.09765625 0.09765625
1 0.8734375 0.80390625 0.11015625 0.11015625
1 0.87421875 0.91328125 0.09765625 0.0984375
1 0.78828125 0.52265625 0.11015625 0.1109375
1 0.78671875 0.6359375 0.11015625 0.1109375
1 0.7859375 0.7484375 0.09765625 0.09765625
1 0.6890625 0.475 0.11015625 0.1109375
1 0.68828125 0.578125 0.109375 0.1109375
1 0.6859375 0.7 0.109375 0.11015625
1 0.6875 0.80703125 0.09765625 0.0984375
1 0.69140625 0.91171875 0.09765625 0.0984375
1 0.590625 0.52578125 0.109375 0.11015625
1 0.5953125 0.634375 0.09765625 0.0984375
1 0.596875 0.74453125 0.09765625 0.0984375
1 0.596875 0.85078125 0.09765625 0.0984375
1 0.59375 0.41484375 0.109375 0.1109375
1 0.496875 0.471875 0.109375 0.11015625
1 0.49375 0.5765625 0.08515625 0.0859375
1 0.4984375 0.678125 0.09765625 0.0984375
1 0.5 0.8015625 0.09765625 0.0984375
1 0.5 0.9109375 0.09765625 0.0984375
1 0.40078125 0.41484375 0.11015625 0.11015625
1 0.4 0.5171875 0.11015625 0.11015625
1 0.4078125 0.6296875 0.09765625 0.0984375
1 0.40234375 0.73515625 0.09765625 0.0984375
1 0.403125 0.85390625 0.09765625 0.0984375
2 0.4078125 0.95625 0.0734375 0.07421875
1 0.30546875 0.4671875 0.11015625 0.11015625
1 0.3109375 0.571875 0.109375 0.11015625
1 0.31171875 0.68515625 0.09765625 0.0984375
1 0.3109375 0.79921875 0.09765625 0.0984375
1 0.3109375 0.9046875 0.0859375 0.0859375
1 0.209375 0.41328125 0.0859375 0.08671875
1 0.2109375 0.521875 0.109375 0.11015625
1 0.21171875 0.628125 0.09765625 0.0984375
1 0.2109375 0.74140625 0.09765625 0.0984375
1 0.2171875 0.8453125 0.08515625 0.0859375
1 0.1125 0.4625 0.109375 0.11015625
1 0.1171875 0.5734375 0.09765625 0.0984375
1 0.1140625 0.68046875 0.08515625 0.0859375
1 0.115625 0.78984375 0.08515625 0.0859375
1 0.121875 0.9046875 0.09765625 0.09765625
1 0.49921875 0.36015625 0.109375 0.11015625
1 0.30703125 0.3578125 0.08515625 0.0859375
1 0.21015625 0.29453125 0.109375 0.11015625
1 0.11640625 0.35234375 0.109375 0.11015625