2 0.04609375 0.778125 0.0734375 0.0734375
2 0.521875 0.059375 0.0734375 0.0734375
2 0.13828125 0.9359375 0.0734375 0.0734375
3 0.80390625 0.65703125 0.0859375 0.08671875
2 0.1421875 0.0421875 0.0734375 0.07421875
1 0.1390625 0.175 0.09765625 0.09765625
1 0.13828125 0.2765625 0.11015625 0.1109375
1 0.134375 0.3859375 0.11015625 0.11015625
1 0.2375 0.10546875 0.0859375 0.0859375
1 0.23828125 0.22265625 0.09765625 0.09765625
1 0.240625 0.33515625 0.09765625 0.09765625
2 0.321875 0.04140625 0.0609375 0.06171875
2 0.3296875 0.14765625 0.0859375 0.0859375
1 0.32890625 0.28203125 0.09765625 0.09765625
1 0.328125 0.36796875 0.09765625 0.09765625
2 0.42734375 0.1234375 0.0734375 0.0734375
1 0.428125 0.2234375 0.109375 0.11015625
1 0.4296875 0.33515625 0.109375 0.11015625
1 0.521875 0.1703125 0.08515625 0.0859375
1 0.5203125 0.28203125 0.11015625 0.11015625
1 0.51796875 0.39453125 0.121875 0.1234375
1 0.6234375 0.11171875 0.109375 0.11015625
1 0.61015625 0.225 0.109375 0.11015625
1 0.6140625 0.334375 0.11015625 0.11015625
1 0.71328125 0.0671875 0.121875 0.1234375
1 0.71953125 0.16328125 0.109375 0.11015625
1 0.725 0.2796875 0.109375 0.11015625
1 0.71796875 0.3875 0.109375 0.11015625
1 0.8203125 0.215625 0.0859375 0.0859375
1 0.80390625 0.33359375 0.109375 0.11015625
1 0.90859375 0.16875 0.11015625 0.1109375
1 0.90703125 0.27109375 0.11015625 0.11015625
1 0.9 0.3859375 0.11015625 0.11015625
1 0.90546875 0.49453125 0.109375 0.11015625
1 0.9046875 0.60625 0.109375 0.11015625
1 0.8078125 0.446875 0.109375 0.11015625
1 0.8109375 0.559375 0.0859375 0.0859375
1 0.71328125 0.490625 0.11015625 0.11015625
1 0.709375 0.60078125 0.11015625 0.11015625
1 0.7140625 0.7125 0.09765625 0.0984375
1 0.61015625 0.44375 0.11015625 0.11015625
1 0.62109375 0.6734375 0.09765625 0.0984375
1 0.6125 0.76953125 0.09765625 0.09765625
1 0.51640625 0.4953125 0.109375 0.11015625
1 0.51640625 0.6109375 0.121875 0.1234375
1 0.52109375 0.7109375 0.121875 0.1234375
1 0.428125 0.4484375 0.109375 0.11015625
1 0.42265625 0.553125 0.121875 0.1234375
1 0.41953125 0.659375 0.121875 0.1234375
1 0.41640625 0.7734375 0.121875 0.1234375
1 0.32265625 0.496875 0.121875 0.1234375
1 0.32734375 0.6046875 0.121875 0.1234375
1 0.32734375 0.71171875 0.121875 0.1234375
1 0.3296875 0.82578125 0.11015625 0.11015625
1 0.23671875 0.4484375 0.121875 0.1234375
1 0.23359375 0.55390625 0.121875 0.1234375
1 0.23203125 0.65234375 0.121875 0.1234375
1 0.23203125 0.7734375 0.121875 0.1234375
1 0.2359375 0.88125 0.109375 0.11015625
1 0.1421875 0.490625 0.121875 0.1234375
1 0.13984375 0.6078125 0.121875 0.1234375
1 0.1390625 0.71875 0.121875 0.1234375
1 0.1359375 0.8296875 0.09765625 0.0984375
0 0.43046875 0.88203125 0.09765625 0.09765625
0 0.33203125 0.93828125 0.09765625 0.0984375