2 0.10234375 0.71640625 0.0734375 0.0734375
2 0.85859375 0.16015625 0.0734375 0.07421875
2 0.76015625 0.77421875 0.0734375 0.07421875
2 0.6671875 0.71328125 0.0609375 0.06171875
2 0.95546875 0.64453125 0.0734375 0.07421875
1 0.95 0.865625 0.0859375 0.08671875
1 0.85703125 0.93125 0.08515625 0.0859375
1 0.8546875 0.82890625 0.0859375 0.0859375
1 0.47578125 0.8453125 0.0859375 0.0859375
1 0.8515625 0.70546875 0.09765625 0.0984375
1 0.7671875 0.67265625 0.09765625 0.09765625
1 0.76171875 0.88359375 0.09765625 0.09765625
1 0.675 0.8328125 0.109375 0.1109375
1 0.66875 0.93984375 0.11015625 0.11015625
1 0.57734375 0.88359375 0.11015625 0.11015625
1 0.58203125 0.778125 0.0859375 0.0859375
1 0.58515625 0.66640625 0.09765625 0.0984375
1 0.4796875 0.721875 0.09765625 0.0984375
1 0.28828125 0.83125 0.09765625 0.09765625
1 0.284375 0.715625 0.08515625 0.0859375
1 0.3828125 0.665625 0.0859375 0.0859375
3 0.39453125 0.7671875 0.09765625 0.09765625
1 0.3875 0.88359375 0.0859375 0.0859375
1 0.20078125 0.89375 0.08515625 0.0859375
1 0.10234375 0.8390625 0.09765625 0.09765625
1 0.1046875 0.940625 0.08515625 0.0859375
2 0.10390625 0.38984375 0.0734375 0.07421875
2 0.10078125 0.490625 0.0734375 0.07421875
1 0.1 0.6125 0.08515625 0.0859375
1 0.10546875 0.2765625 0.0859375 0.0859375
1 0.10234375 0.1671875 0.09765625 0.0984375
1 0.10546875 0.0578125 0.0859375 0.08671875
1 0.2015625 0.11640625 0.109375 0.11015625
1 0.196875 0.21328125 0.109375 0.11015625
1 0.19609375 0.3796875 0.08515625 0.0859375
1 0.203125 0.4484375 0.09765625 0.0984375
1 0.19921875 0.56015625 0.09765625 0.0984375
3 0.196875 0.796875 0.08515625 0.0859375
1 0.29375 0.60625 0.09765625 0.0984375
1 0.2921875 0.50078125 0.08515625 0.0859375
1 0.290625 0.0640625 0.08515625 0.0859375
1 0.2953125 0.19140625 0.08515625 0.0859375
1 0.29140625 0.284375 0.08515625 0.08671875
1 0.296875 0.3875 0.09765625 0.0984375
1 0.390625 0.55546875 0.09765625 0.0984375
1 0.3875 0.10859375 0.09765625 0.0984375
1 0.3875 0.228125 0.08515625 0.0859375
1 0.39375 0.334375 0.09765625 0.0984375
1 0.3859375 0.459375 0.09765625 0.09765625
1 0.4828125 0.0703125 0.08515625 0.0859375
1 0.4828125 0.15859375 0.08515625 0.08671875
1 0.48046875 0.26953125 0.0859375 0.0859375
1 0.48125 0.38671875 0.0859375 0.0859375
1 0.48125 0.4796875 0.09765625 0.0984375
1 0.4796875 0.61015625 0.09765625 0.0984375
1 0.58359375 0.5359375 0.08515625 0.0859375
1 0.5734375 0.09609375 0.09765625 0.0984375
1 0.58671875 0.22578125 0.08515625 0.0859375
1 0.59296875 0.33203125 0.0859375 0.0859375
1 0.5859375 0.44375 0.0859375 0.0859375
1 0.67109375 0.6140625 0.08515625 0.0859375
1 0.6765625 0.0703125 0.0859375 0.0859375
1 0.6734375 0.15078125 0.09765625 0.0984375
1 0.66875 0.2765625 0.0859375 0.0859375
1 0.67265625 0.375 0.0859375 0.0859375
1 0.66484375 0.50078125 0.0859375 0.0859375
1 0.76484375 0.134375 0.0859375 0.08671875
1 0.76484375 0.2375 0.0859375 0.0859375
1 0.7671875 0.3484375 0.08515625 0.0859375
1 0.76640625 0.43984375 0.09765625 0.0984375
1 0.76953125 0.5765625 0.09765625 0.0984375
1 0.86015625 0.60625 0.08515625 0.0859375
1 0.86015625 0.49140625 0.08515625 0.0859375
1 0.86640625 0.38984375 0.08515625 0.0859375
1 0.8546875 0.26953125 0.08515625 0.0859375
1 0.859375 0.05 0.09765625 0.09765625
1 0.95625 0.2171875 0.0859375 0.0859375
1 0.9515625 0.33125 0.08515625 0.0859375
1 0.95078125 0.4375 0.08515625 0.0859375
1 0.94765625 0.54296875 0.08515625 0.0859375
2 0.2046875 0.68671875 0.0859375 0.0859375