2 0.56015625 0.0390625 0.0734375 0.07421875
1 0.075 0.0984375 0.109375 0.11015625
1 0.08125 0.1984375 0.11015625 0.11015625
1 0.07890625 0.309375 0.11015625 0.11015625
1 0.08515625 0.4171875 0.109375 0.1109375
1 0.07734375 0.540625 0.09765625 0.0984375
1 0.1703125 0.48984375 0.09765625 0.0984375
1 0.1734375 0.36796875 0.08515625 0.08671875
1 0.17578125 0.26484375 0.0859375 0.0859375
1 0.1796875 0.14375 0.0859375 0.0859375
1 0.26640625 0.08984375 0.0859375 0.0859375
1 0.27421875 0.19375 0.09765625 0.09765625
1 0.27265625 0.30625 0.09765625 0.09765625
1 0.27421875 0.41484375 0.08515625 0.0859375
1 0.2609375 0.53984375 0.09765625 0.0984375
1 0.1703125 0.58515625 0.09765625 0.09765625
1 0.36796875 0.590625 0.109375 0.11015625
1 0.37421875 0.4671875 0.11015625 0.1109375
1 0.36796875 0.3609375 0.09765625 0.09765625
1 0.375 0.25078125 0.09765625 0.09765625
1 0.37421875 0.1453125 0.09765625 0.09765625
1 0.4640625 0.09453125 0.11015625 0.1109375
1 0.4671875 0.20546875 0.09765625 0.0984375
1 0.46875 0.31171875 0.09765625 0.0984375
1 0.46953125 0.409375 0.11015625 0.11015625
1 0.46640625 0.5140625 0.11015625 0.1109375
1 0.5640625 0.46953125 0.09765625 0.09765625
1 0.55390625 0.3640625 0.08515625 0.0859375
1 0.5640625 0.2484375 0.09765625 0.0984375
1 0.56328125 0.1453125 0.09765625 0.09765625
1 0.6625 0.07421875 0.09765625 0.09765625
1 0.65546875 0.1875 0.09765625 0.09765625
1 0.6515625 0.2921875 0.09765625 0.0984375
1 0.65546875 0.403125 0.09765625 0.09765625
1 0.65234375 0.5046875 0.0859375 0.0859375
1 0.55625 0.5875 0.09765625 0.09765625
1 0.74921875 0.55703125 0.09765625 0.0984375
1 0.74375 0.3546875 0.09765625 0.0984375
1 0.746875 0.2328125 0.09765625 0.0984375
1 0.7546875 0.12734375 0.09765625 0.0984375
1 0.840625 0.07265625 0.11015625 0.11015625
1 0.8375 0.1734375 0.09765625 0.0984375
1 0.84140625 0.265625 0.11015625 0.1109375
1 0.8453125 0.3984375 0.11015625 0.1109375
1 0.83828125 0.50703125 0.11015625 0.11015625
1 0.93671875 0.55859375 0.09765625 0.09765625
1 0.940625 0.44765625 0.09765625 0.0984375
1 0.940625 0.33359375 0.09765625 0.0984375
1 0.9359375 0.225 0.109375 0.11015625
1 0.9359375 0.11796875 0.11015625 0.11015625
1 0.9328125 0.66328125 0.09765625 0.0984375
1 0.9296875 0.77109375 0.09765625 0.0984375
1 0.9359375 0.8765625 0.09765625 0.09765625
1 0.84296875 0.92890625 0.109375 0.1109375
1 0.84140625 0.828125 0.11015625 0.1109375
1 0.83515625 0.7375 0.11015625 0.11015625
1 0.84140625 0.61171875 0.11015625 0.11015625
1 0.75078125 0.6640625 0.09765625 0.09765625
1 0.75078125 0.775 0.09765625 0.09765625
1 0.74375 0.8859375 0.0859375 0.0859375
1 0.6484375 0.8484375 0.0859375 0.0859375
1 0.65625 0.72734375 0.09765625 0.09765625
1 0.6484375 0.62109375 0.09765625 0.09765625
1 0.559375 0.6921875 0.09765625 0.09765625
1 0.55390625 0.78828125 0.09765625 0.0984375
1 0.5515625 0.91171875 0.09765625 0.0984375
1 0.45859375 0.8546875 0.11015625 0.11015625
1 0.47109375 0.74140625 0.11015625 0.11015625
1 0.4625 0.63046875 0.11015625 0.11015625
1 0.37578125 0.696875 0.09765625 0.0984375
1 0.3609375 0.8078125 0.109375 0.11015625
1 0.36328125 0.9140625 0.0859375 0.0859375
1 0.2703125 0.8609375 0.09765625 0.0984375
1 0.2765625 0.75234375 0.09765625 0.0984375
1 0.27265625 0.64375 0.0859375 0.0859375
1 0.17890625 0.69296875 0.09765625 0.0984375
1 0.17578125 0.81171875 0.09765625 0.0984375
1 0.1765625 0.91015625 0.08515625 0.0859375
1 0.08203125 0.940625 0.09765625 0.09765625
1 0.08203125 0.84140625 0.109375 0.11015625
1 0.08515625 0.75078125 0.11015625 0.11015625
1 0.0796875 0.6421875 0.09765625 0.0984375