2 0.275 0.175 0.0734375 0.07421875
2 0.8390625 0.93359375 0.0734375 0.07421875
1 0.278125 0.06484375 0.09765625 0.0984375
1 0.6515625 0.05859375 0.09765625 0.09765625
1 0.46015625 0.05703125 0.09765625 0.0984375
1 0.9328125 0.559375 0.109375 0.11015625
1 0.9265625 0.675 0.11015625 0.1109375
1 0.93359375 0.7859375 0.109375 0.11015625
1 0.9328125 0.88515625 0.109375 0.11015625
1 0.846875 0.81953125 0.08515625 0.0859375
1 0.8421875 0.72421875 0.09765625 0.0984375
1 0.840625 0.6109375 0.109375 0.11015625
1 0.7390625 0.56015625 0.11015625 0.11015625
1 0.74375 0.66953125 0.109375 0.11015625
1 0.74765625 0.78359375 0.11015625 0.11015625
1 0.7421875 0.88671875 0.109375 0.1109375
1 0.65078125 0.828125 0.11015625 0.1109375
1 0.65078125 0.7203125 0.11015625 0.11015625
1 0.55 0.5609375 0.11015625 0.11015625
1 0.64921875 0.60703125 0.109375 0.11015625
1 0.5484375 0.6703125 0.09765625 0.0984375
1 0.55625 0.771875 0.09765625 0.0984375
1 0.55234375 0.88828125 0.11015625 0.11015625
1 0.46171875 0.834375 0.09765625 0.0984375
1 0.45859375 0.7125 0.11015625 0.11015625
1 0.459375 0.61484375 0.11015625 0.11015625
1 0.3609375 0.5703125 0.0859375 0.0859375
1 0.365625 0.6796875 0.0859375 0.0859375
1 0.36640625 0.77421875 0.08515625 0.0859375
1 0.36796875 0.890625 0.08515625 0.0859375
1 0.265625 0.94453125 0.0859375 0.0859375
1 0.26640625 0.83671875 0.09765625 0.09765625
1 0.2734375 0.71171875 0.109375 0.1109375
1 0.278125 0.63125 0.09765625 0.0984375
1 0.18828125 0.57109375 0.0859375 0.0859375
1 0.17265625 0.678125 0.09765625 0.0984375
1 0.175 0.7859375 0.09765625 0.0984375
1 0.178125 0.8921875 0.09765625 0.09765625
1 0.08125 0.50859375 0.09765625 0.09765625
1 0.084375 0.621875 0.09765625 0.09765625
1 0.08203125 0.7234375 0.09765625 0.0984375
1 0.078125 0.83125 0.0859375 0.0859375
1 0.9328125 0.44765625 0.09765625 0.0984375
1 0.93125 0.34296875 0.11015625 0.11015625
1 0.93125 0.22421875 0.09765625 0.0984375
1 0.93203125 0.1140625 0.11015625 0.1109375
1 0.84296875 0.0640625 0.09765625 0.09765625
1 0.8328125 0.15546875 0.09765625 0.0984375
1 0.83671875 0.2859375 0.09765625 0.0984375
1 0.8390625 0.39140625 0.109375 0.11015625
1 0.83203125 0.50859375 0.09765625 0.0984375
1 0.74296875 0.4640625 0.09765625 0.0984375
1 0.7453125 0.3375 0.109375 0.11015625
1 0.7390625 0.2296875 0.109375 0.11015625
1 0.74609375 0.1125 0.109375 0.11015625
1 0.65234375 0.28984375 0.09765625 0.0984375
1 0.64921875 0.3859375 0.11015625 0.11015625
1 0.6453125 0.4984375 0.09765625 0.0984375
1 0.559375 0.44765625 0.109375 0.11015625
1 0.559375 0.33671875 0.09765625 0.0984375
1 0.55625 0.21953125 0.08515625 0.0859375
1 0.5625 0.11640625 0.09765625 0.0984375
1 0.4609375 0.175 0.09765625 0.0984375
1 0.45625 0.3890625 0.09765625 0.09765625
1 0.459375 0.49296875 0.0859375 0.0859375
1 0.36796875 0.4484375 0.08515625 0.0859375
1 0.36484375 0.328125 0.08515625 0.0859375
1 0.37109375 0.1125 0.0859375 0.0859375
1 0.27421875 0.28046875 0.09765625 0.09765625
1 0.27421875 0.390625 0.09765625 0.09765625
1 0.2734375 0.503125 0.09765625 0.09765625
1 0.18046875 0.45 0.09765625 0.0984375
1 0.184375 0.33671875 0.09765625 0.09765625
1 0.17890625 0.23046875 0.08515625 0.0859375
1 0.18203125 0.121875 0.11015625 0.1109375
1 0.090625 0.17109375 0.09765625 0.09765625
1 0.08203125 0.27421875 0.09765625 0.09765625
1 0.075 0.3921875 0.09765625 0.0984375