2 0.3484375 0.61015625 0.0734375 0.0734375
2 0.43828125 0.75625 0.0734375 0.07421875
2 0.4390625 0.65078125 0.0734375 0.0734375
2 0.534375 0.69375 0.0734375 0.0734375
2 0.2546875 0.67265625 0.08515625 0.0859375
2 0.35 0.7046875 0.0734375 0.07421875
2 0.3546875 0.82109375 0.0734375 0.07421875
2 0.53828125 0.7984375 0.0859375 0.0859375
2 0.4421875 0.87578125 0.0734375 0.07421875
2 0.909375 0.7375 0.0734375 0.07421875
2 0.89375 0.6296875 0.0734375 0.07421875
2 0.7125 0.94765625 0.0734375 0.0734375
2 0.90859375 0.9390625 0.0734375 0.0734375
2 0.909375 0.82578125 0.0734375 0.0734375
2 0.62421875 0.87578125 0.0734375 0.0734375
1 0.7296875 0.109375 0.08515625 0.0859375
1 0.63359375 0.04765625 0.0859375 0.0859375
1 0.446875 0.05234375 0.09765625 0.0984375
1 0.35 0.10625 0.09765625 0.0984375
1 0.25625 0.05546875 0.0859375 0.0859375
1 0.16328125 0.11328125 0.08515625 0.0859375
1 0.06875 0.1625 0.08515625 0.0859375
1 0.0671875 0.2734375 0.09765625 0.09765625
1 0.1671875 0.2203125 0.09765625 0.09765625
1 0.1609375 0.315625 0.08515625 0.0859375
1 0.25625 0.165625 0.0859375 0.0859375
1 0.2578125 0.26953125 0.0859375 0.0859375
1 0.3515625 0.2109375 0.0859375 0.0859375
1 0.3484375 0.31875 0.0859375 0.0859375
1 0.45234375 0.159375 0.08515625 0.0859375
1 0.44453125 0.26015625 0.09765625 0.0984375
1 0.54375 0.11171875 0.09765625 0.0984375
1 0.5421875 0.21328125 0.09765625 0.0984375
3 0.63359375 0.15625 0.0859375 0.0859375
1 0.6390625 0.26640625 0.09765625 0.0984375
1 0.7359375 0.21796875 0.0859375 0.0859375
1 0.071875 0.56640625 0.121875 0.1234375
1 0.06796875 0.68671875 0.121875 0.1234375
1 0.06953125 0.7953125 0.08515625 0.0859375
1 0.0671875 0.915625 0.09765625 0.0984375
1 0.1625 0.5171875 0.09765625 0.09765625
1 0.165625 0.63125 0.09765625 0.09765625
1 0.165625 0.73515625 0.09765625 0.09765625
1 0.16796875 0.85 0.09765625 0.09765625
2 0.25234375 0.56953125 0.0734375 0.07421875
1 0.259375 0.790625 0.0859375 0.0859375
1 0.25703125 0.9046875 0.09765625 0.09765625
2 0.346875 0.5125 0.0609375 0.06171875
2 0.434375 0.54453125 0.0609375 0.06171875
2 0.52265625 0.496875 0.06171875 0.06171875
2 0.52421875 0.58359375 0.06171875 0.06171875
1 0.5421875 0.9359375 0.0859375 0.0859375
2 0.62890625 0.5640625 0.0484375 0.05
2 0.628125 0.6671875 0.0484375 0.05
2 0.63125 0.7765625 0.0734375 0.0734375
2 0.703125 0.5265625 0.0609375 0.06171875
2 0.70703125 0.62421875 0.0609375 0.06171875
2 0.70703125 0.709375 0.0609375 0.06171875
2 0.71640625 0.81796875 0.06171875 0.06171875
2 0.79140625 0.57890625 0.06171875 0.06171875
2 0.79921875 0.684375 0.0734375 0.0734375
2 0.81328125 0.771875 0.0734375 0.0734375
2 0.8109375 0.88359375 0.0734375 0.0734375
2 0.88125 0.51796875 0.06171875 0.06171875