2 0.13828125 0.07890625 0.0734375 0.07421875
1 0.9078125 0.08515625 0.109375 0.11015625
1 0.7140625 0.0765625 0.11015625 0.11015625
1 0.5203125 0.0796875 0.09765625 0.0984375
1 0.3328125 0.07734375 0.11015625 0.11015625
1 0.23828125 0.12578125 0.09765625 0.09765625
1 0.04609375 0.24609375 0.0859375 0.0859375
1 0.0453125 0.3484375 0.08515625 0.0859375
1 0.14453125 0.1875 0.0859375 0.0859375
1 0.1421875 0.2984375 0.09765625 0.0984375
1 0.1375 0.4203125 0.09765625 0.0984375
1 0.14140625 0.5265625 0.11015625 0.1109375
1 0.24140625 0.24921875 0.09765625 0.0984375
1 0.2328125 0.359375 0.0859375 0.0859375
1 0.234375 0.4671875 0.09765625 0.0984375
1 0.234375 0.5796875 0.09765625 0.09765625
1 0.33359375 0.18828125 0.11015625 0.11015625
1 0.3390625 0.2984375 0.11015625 0.11015625
1 0.3390625 0.409375 0.11015625 0.11015625
1 0.33984375 0.52890625 0.109375 0.11015625
1 0.42265625 0.13515625 0.109375 0.11015625
1 0.42578125 0.2484375 0.109375 0.11015625
1 0.42734375 0.35234375 0.11015625 0.11015625
1 0.42890625 0.475 0.11015625 0.11015625
1 0.43203125 0.5828125 0.11015625 0.11015625
1 0.52265625 0.19375 0.109375 0.11015625
1 0.528125 0.303125 0.109375 0.11015625
1 0.52265625 0.4125 0.109375 0.11015625
1 0.5171875 0.52265625 0.109375 0.11015625
1 0.6125 0.13671875 0.11015625 0.1109375
1 0.6171875 0.25390625 0.09765625 0.09765625
1 0.61875 0.35703125 0.109375 0.11015625
1 0.621875 0.47109375 0.09765625 0.0984375
1 0.61640625 0.58125 0.109375 0.11015625
1 0.715625 0.19375 0.11015625 0.1109375
1 0.715625 0.30859375 0.11015625 0.1109375
1 0.71171875 0.41875 0.11015625 0.11015625
1 0.71796875 0.53359375 0.11015625 0.11015625
1 0.8078125 0.13984375 0.109375 0.11015625
1 0.81328125 0.25625 0.109375 0.1109375
1 0.81171875 0.36328125 0.11015625 0.1109375
1 0.81328125 0.47578125 0.11015625 0.1109375
1 0.809375 0.59140625 0.11015625 0.11015625
1 0.90703125 0.19765625 0.09765625 0.0984375
1 0.903125 0.31171875 0.109375 0.11015625
1 0.903125 0.4171875 0.109375 0.1109375
1 0.90234375 0.53125 0.109375 0.1109375
1 0.89765625 0.6375 0.109375 0.11015625
1 0.9015625 0.7546875 0.11015625 0.11015625
1 0.90078125 0.85703125 0.11015625 0.11015625
1 0.80625 0.80703125 0.11015625 0.11015625
1 0.81171875 0.91171875 0.109375 0.11015625
1 0.71015625 0.753125 0.0859375 0.08671875
1 0.71171875 0.86171875 0.109375 0.11015625
1 0.61328125 0.80234375 0.109375 0.11015625
1 0.61796875 0.91328125 0.09765625 0.0984375
1 0.5171875 0.73984375 0.09765625 0.0984375
1 0.51640625 0.8546875 0.08515625 0.0859375
1 0.8078125 0.696875 0.08515625 0.0859375
1 0.7109375 0.634375 0.109375 0.11015625
1 0.6171875 0.6921875 0.109375 0.11015625
1 0.521875 0.634375 0.11015625 0.11015625
1 0.43046875 0.6921875 0.09765625 0.0984375
1 0.4296875 0.80078125 0.09765625 0.09765625
1 0.428125 0.909375 0.09765625 0.09765625
3 0.334375 0.63359375 0.0859375 0.0859375
3 0.04765625 0.678125 0.08515625 0.0859375
1 0.04375 0.90625 0.0859375 0.0859375
1 0.1390625 0.621875 0.11015625 0.11015625
1 0.13828125 0.74375 0.11015625 0.1109375
1 0.1390625 0.85 0.09765625 0.09765625
1 0.2421875 0.678125 0.09765625 0.0984375
1 0.24375 0.796875 0.08515625 0.0859375
1 0.24453125 0.9125 0.08515625 0.0859375
1 0.3421875 0.73671875 0.09765625 0.0984375
1 0.3421875 0.8640625 0.109375 0.11015625