2 0.5296875 0.0671875 0.0734375 0.07421875
2 0.70859375 0.759375 0.0734375 0.07421875
2 0.71015625 0.8453125 0.0734375 0.07421875
2 0.91171875 0.82734375 0.0734375 0.0734375
2 0.9046875 0.6109375 0.0734375 0.07421875
2 0.63046875 0.81328125 0.0734375 0.0734375
2 0.8234375 0.940625 0.0609375 0.06171875
2 0.628125 0.9109375 0.0734375 0.0734375
1 0.91484375 0.1859375 0.11015625 0.11015625
1 0.91875 0.2953125 0.11015625 0.11015625
1 0.915625 0.4078125 0.09765625 0.0984375
1 0.91796875 0.50625 0.09765625 0.0984375
2 0.8265625 0.59296875 0.0609375 0.06171875
2 0.82578125 0.69609375 0.0734375 0.07421875
1 0.82890625 0.78203125 0.08515625 0.0859375
1 0.81953125 0.8609375 0.0859375 0.0859375
2 0.69375 0.94453125 0.06171875 0.06171875
1 0.446875 0.8984375 0.0859375 0.0859375
1 0.8203125 0.25234375 0.109375 0.11015625
1 0.82734375 0.34921875 0.11015625 0.11015625
1 0.825 0.4640625 0.109375 0.11015625
1 0.7296875 0.19140625 0.0859375 0.0859375
1 0.725 0.30234375 0.109375 0.11015625
1 0.72734375 0.40859375 0.11015625 0.11015625
1 0.7265625 0.50859375 0.109375 0.1109375
1 0.71484375 0.65078125 0.09765625 0.0984375
1 0.63125 0.6984375 0.09765625 0.0984375
1 0.6453125 0.584375 0.0859375 0.0859375
1 0.63125 0.240625 0.08515625 0.08671875
1 0.6375 0.34453125 0.09765625 0.09765625
1 0.63125 0.47578125 0.09765625 0.0984375
1 0.5296875 0.184375 0.0859375 0.0859375
1 0.53046875 0.29765625 0.08515625 0.0859375
1 0.53828125 0.4109375 0.09765625 0.09765625
1 0.5421875 0.5140625 0.109375 0.11015625
1 0.55234375 0.6515625 0.08515625 0.0859375
1 0.54296875 0.7453125 0.09765625 0.0984375
1 0.5296875 0.86640625 0.08515625 0.0859375
1 0.45234375 0.79375 0.11015625 0.11015625
1 0.44453125 0.7 0.11015625 0.11015625
1 0.44765625 0.571875 0.11015625 0.1109375
1 0.45 0.4703125 0.109375 0.1109375
1 0.4484375 0.3546875 0.09765625 0.0984375
3 0.4484375 0.24296875 0.0734375 0.07421875
1 0.35078125 0.18046875 0.08515625 0.0859375
1 0.3484375 0.3015625 0.08515625 0.0859375
1 0.35078125 0.4109375 0.109375 0.11015625
1 0.353125 0.51875 0.09765625 0.0984375
1 0.359375 0.6421875 0.0859375 0.0859375
1 0.3546875 0.74140625 0.109375 0.1109375
1 0.35546875 0.8484375 0.09765625 0.0984375
1 0.35 0.95625 0.08515625 0.0859375
1 0.27421875 0.91171875 0.08515625 0.08671875
1 0.2640625 0.80625 0.0859375 0.0859375
1 0.2640625 0.6875 0.08515625 0.0859375
1 0.27265625 0.578125 0.08515625 0.0859375
1 0.27578125 0.465625 0.08515625 0.0859375
1 0.2765625 0.36015625 0.09765625 0.0984375
1 0.26171875 0.2546875 0.0859375 0.0859375
1 0.16796875 0.184375 0.09765625 0.0984375
1 0.16328125 0.3078125 0.11015625 0.11015625
1 0.16484375 0.41484375 0.11015625 0.11015625
1 0.16875 0.52421875 0.096875 0.0984375
1 0.16953125 0.628125 0.08515625 0.0859375
1 0.1625 0.74375 0.09765625 0.0984375
1 0.159375 0.8609375 0.109375 0.11015625
1 0.0765625 0.68515625 0.08515625 0.08671875
1 0.07734375 0.253125 0.109375 0.11015625
1 0.07734375 0.36015625 0.09765625 0.0984375
1 0.0765625 0.4703125 0.11015625 0.11015625
1 0.07421875 0.58359375 0.109375 0.11015625
1 0.06875 0.7828125 0.09765625 0.0984375
1 0.0734375 0.9015625 0.08515625 0.0859375
3 0.45390625 0.11875 0.0734375 0.07421875
1 0.35546875 0.08515625 0.0859375 0.0859375
1 0.91875 0.0796875 0.09765625 0.0984375
1 0.73359375 0.0734375 0.11015625 0.11015625
1 0.82734375 0.1375 0.0859375 0.0859375
1 0.63828125 0.12578125 0.08515625 0.0859375
1 0.07109375 0.13359375 0.09765625 0.0984375
1 0.16796875 0.07890625 0.09765625 0.0984375
1 0.27265625 0.1296875 0.09765625 0.0984375
1 0.909375 0.715625 0.09765625 0.0984375