2 0.5109375 0.6578125 0.0734375 0.0734375
2 0.59921875 0.72578125 0.0734375 0.07421875
2 0.70234375 0.6671875 0.0734375 0.07421875
2 0.70859375 0.553125 0.0734375 0.07421875
2 0.71953125 0.4359375 0.0734375 0.07421875
1 0.725 0.11015625 0.0859375 0.0859375
1 0.71953125 0.2234375 0.08515625 0.0859375
1 0.60078125 0.275 0.0859375 0.0859375
1 0.1265625 0.65703125 0.0859375 0.0859375
2 0.8046875 0.6 0.0484375 0.0484375
1 0.04375 0.38984375 0.08515625 0.0859375
1 0.13671875 0.1109375 0.09765625 0.0984375
1 0.1328125 0.2234375 0.109375 0.11015625
1 0.1296875 0.3265625 0.09765625 0.0984375
1 0.13125 0.43515625 0.11015625 0.11015625
1 0.13203125 0.55546875 0.08515625 0.0859375
1 0.23125 0.17734375 0.11015625 0.11015625
1 0.23359375 0.27890625 0.109375 0.11015625
1 0.2265625 0.3828125 0.09765625 0.09765625
1 0.221875 0.49453125 0.109375 0.11015625
1 0.228125 0.6109375 0.11015625 0.11015625
1 0.325 0.11484375 0.109375 0.11015625
1 0.3265625 0.22421875 0.11015625 0.11015625
1 0.32265625 0.32734375 0.11015625 0.1109375
1 0.31484375 0.4359375 0.11015625 0.11015625
1 0.31875 0.55625 0.109375 0.11015625
1 0.428125 0.1609375 0.09765625 0.0984375
1 0.42578125 0.27734375 0.0859375 0.0859375
1 0.42890625 0.39453125 0.0859375 0.0859375
1 0.5078125 0.32734375 0.09765625 0.09765625
1 0.51640625 0.21796875 0.0859375 0.0859375
1 0.5140625 0.11875 0.11015625 0.1109375
1 0.6046875 0.1671875 0.0859375 0.0859375
1 0.8953125 0.32421875 0.08515625 0.0859375
1 0.8046875 0.3890625 0.09765625 0.09765625
1 0.6078125 0.503125 0.08515625 0.0859375
1 0.59765625 0.61875 0.09765625 0.0984375
1 0.509375 0.7765625 0.08515625 0.0859375
1 0.70078125 0.77734375 0.08515625 0.0859375
1 0.89375 0.78203125 0.09765625 0.0984375
1 0.890625 0.8921875 0.0859375 0.0859375
1 0.79375 0.83515625 0.09765625 0.09765625
1 0.69609375 0.8921875 0.09765625 0.0984375
1 0.88046875 0.65703125 0.08515625 0.0859375
1 0.7984375 0.71484375 0.0859375 0.0859375
1 0.5046875 0.55078125 0.08515625 0.0859375
1 0.42421875 0.6125 0.08515625 0.0859375
1 0.41796875 0.71875 0.09765625 0.09765625
1 0.41484375 0.83046875 0.09765625 0.0984375
1 0.31953125 0.88359375 0.09765625 0.09765625
1 0.315625 0.77109375 0.09765625 0.0984375
1 0.22578125 0.834375 0.09765625 0.0984375
1 0.128125 0.88203125 0.09765625 0.0984375
1 0.796875 0.93671875 0.09765625 0.09765625
1 0.6 0.9390625 0.11015625 0.1109375
1 0.6015625 0.8359375 0.09765625 0.09765625
1 0.5109375 0.88984375 0.09765625 0.09765625
1 0.4140625 0.93828125 0.109375 0.11015625
1 0.23046875 0.9421875 0.09765625 0.0984375