1 0.95 0.784375 0.09765625 0.09765625
1 0.94609375 0.69609375 0.09765625 0.0984375
1 0.86015625 0.321875 0.11015625 0.1109375
1 0.85625 0.4328125 0.11015625 0.11015625
1 0.86015625 0.5265625 0.11015625 0.1109375
1 0.853125 0.6421875 0.11015625 0.11015625
1 0.7671875 0.7015625 0.109375 0.11015625
1 0.7609375 0.58515625 0.11015625 0.1109375
1 0.76171875 0.48203125 0.109375 0.11015625
1 0.76796875 0.371875 0.11015625 0.11015625
1 0.765625 0.275 0.109375 0.11015625
1 0.6734375 0.31171875 0.109375 0.1109375
1 0.6703125 0.41875 0.09765625 0.0984375
1 0.66875 0.5265625 0.09765625 0.09765625
1 0.66875 0.6390625 0.11015625 0.11015625
1 0.6703125 0.75625 0.09765625 0.0984375
1 0.665625 0.86484375 0.09765625 0.0984375
1 0.75859375 0.928125 0.11015625 0.11015625
1 0.75625 0.80234375 0.109375 0.11015625
1 0.56875 0.9109375 0.09765625 0.09765625
1 0.575 0.790625 0.09765625 0.0984375
1 0.57421875 0.69140625 0.09765625 0.09765625
1 0.56953125 0.5875 0.09765625 0.0984375
1 0.5703125 0.478125 0.109375 0.11015625
1 0.57421875 0.3609375 0.09765625 0.0984375
1 0.5796875 0.25546875 0.11015625 0.11015625
1 0.4796875 0.31484375 0.11015625 0.11015625
1 0.4828125 0.42734375 0.109375 0.11015625
1 0.48515625 0.52734375 0.11015625 0.1109375
1 0.478125 0.6421875 0.109375 0.11015625
1 0.4796875 0.75078125 0.109375 0.1109375
1 0.47578125 0.85390625 0.109375 0.11015625
1 0.37421875 0.90859375 0.11015625 0.11015625
1 0.38125 0.7953125 0.11015625 0.11015625
1 0.3734375 0.68671875 0.11015625 0.11015625
1 0.3828125 0.5828125 0.09765625 0.09765625
1 0.384375 0.47265625 0.11015625 0.1109375
1 0.39375 0.25234375 0.109375 0.11015625
1 0.38671875 0.3609375 0.109375 0.11015625
1 0.2875 0.3109375 0.11015625 0.11015625
1 0.28828125 0.4125 0.11015625 0.11015625
1 0.28203125 0.534375 0.109375 0.11015625
1 0.28203125 0.6390625 0.11015625 0.11015625
1 0.2765625 0.74453125 0.11015625 0.11015625
1 0.27421875 0.87578125 0.11015625 0.11015625
1 0.184375 0.9015625 0.09765625 0.0984375
1 0.17734375 0.8015625 0.11015625 0.11015625
1 0.1875 0.6921875 0.109375 0.11015625
1 0.19453125 0.5828125 0.109375 0.1109375
1 0.196875 0.47734375 0.11015625 0.1109375
1 0.18828125 0.36875 0.11015625 0.11015625
1 0.19140625 0.259375 0.09765625 0.0984375
1 0.09765625 0.30390625 0.109375 0.11015625
1 0.10390625 0.41328125 0.11015625 0.11015625
1 0.084375 0.51484375 0.11015625 0.11015625
1 0.090625 0.6359375 0.109375 0.11015625
3 0.0921875 0.746875 0.109375 0.11015625
1 0.08671875 0.8609375 0.11015625 0.1109375
1 0.76875 0.05859375 0.0859375 0.0859375
1 0.5796875 0.05859375 0.08515625 0.0859375