1 0.1671875 0.68125 0.109375 0.11015625
2 0.8328125 0.61796875 0.0859375 0.08671875
2 0.346875 0.78125 0.0734375 0.07421875
1 0.8390625 0.0546875 0.09765625 0.09765625
1 0.925 0.11015625 0.109375 0.1109375
1 0.928125 0.2140625 0.109375 0.1109375
1 0.928125 0.32109375 0.08515625 0.0859375
1 0.925 0.446875 0.09765625 0.0984375
1 0.9328125 0.55625 0.09765625 0.0984375
1 0.82734375 0.18046875 0.11015625 0.1109375
1 0.83046875 0.2890625 0.08515625 0.0859375
1 0.8234375 0.4078125 0.08515625 0.0859375
1 0.8296875 0.51171875 0.0859375 0.0859375
1 0.7390625 0.121875 0.08515625 0.0859375
2 0.7453125 0.2359375 0.02421875 0.02421875
2 0.7390625 0.3546875 0.0375 0.0375
2 0.74140625 0.46015625 0.02421875 0.02421875
2 0.7359375 0.5734375 0.02421875 0.02421875
2 0.64375 0.38203125 0.02421875 0.02421875
2 0.64375 0.49296875 0.02421875 0.02421875
2 0.63984375 0.6078125 0.02421875 0.02421875
1 0.646875 0.1578125 0.09765625 0.0984375
1 0.64453125 0.26328125 0.09765625 0.0984375
2 0.6359375 0.7171875 0.02421875 0.02421875
2 0.6390625 0.79921875 0.02421875 0.02421875
2 0.73671875 0.6609375 0.02421875 0.02421875
2 0.7296875 0.76796875 0.02421875 0.02421875
2 0.8296875 0.7984375 0.0375 0.0375
1 0.82734375 0.71640625 0.109375 0.11015625
1 0.93671875 0.66015625 0.0859375 0.0859375
1 0.93671875 0.76875 0.0734375 0.0734375
1 0.353125 0.3484375 0.09765625 0.0984375
1 0.3578125 0.4515625 0.109375 0.11015625
1 0.3484375 0.5625 0.09765625 0.09765625
1 0.353125 0.6734375 0.09765625 0.09765625
3 0.25625 0.403125 0.0859375 0.0859375
1 0.25703125 0.51640625 0.09765625 0.09765625
1 0.25234375 0.621875 0.11015625 0.11015625
1 0.253125 0.73125 0.09765625 0.0984375
1 0.1671875 0.33984375 0.11015625 0.1109375
1 0.165625 0.453125 0.11015625 0.1109375
1 0.16484375 0.565625 0.09765625 0.09765625
1 0.16953125 0.78671875 0.0734375 0.0734375
1 0.06796875 0.2921875 0.11015625 0.1109375
1 0.0671875 0.3953125 0.109375 0.1109375
1 0.0640625 0.5171875 0.109375 0.11015625
1 0.06640625 0.62421875 0.09765625 0.0984375
1 0.0703125 0.72890625 0.09765625 0.0984375
2 0.165625 0.95078125 0.0609375 0.06171875
2 0.35625 0.9578125 0.0359375 0.0375
2 0.5515625 0.9625 0.0609375 0.06171875