2 0.1890625 0.10546875 0.0734375 0.07421875
2 0.29453125 0.409375 0.0734375 0.0734375
2 0.1921875 0.459375 0.0734375 0.07421875
2 0.2796875 0.6046875 0.0734375 0.0734375
2 0.0984375 0.5125 0.0734375 0.0734375
2 0.365625 0.68671875 0.0734375 0.0734375
2 0.3625 0.78984375 0.0734375 0.07421875
1 0.93671875 0.675 0.109375 0.1109375
1 0.9375 0.78515625 0.109375 0.1109375
0 0.9375 0.88046875 0.09765625 0.0984375
1 0.840625 0.8453125 0.109375 0.11015625
1 0.84453125 0.7328125 0.109375 0.11015625
1 0.834375 0.6375 0.11015625 0.11015625
1 0.75625 0.79296875 0.09765625 0.09765625
1 0.75859375 0.89765625 0.09765625 0.0984375
1 0.6546875 0.9484375 0.09765625 0.0984375
1 0.65703125 0.8484375 0.109375 0.1109375
1 0.65078125 0.74140625 0.11015625 0.11015625
1 0.6546875 0.62109375 0.11015625 0.1109375
1 0.4734375 0.6203125 0.09765625 0.0984375
1 0.1890625 0.66328125 0.0859375 0.0859375
1 0.178125 0.7765625 0.0859375 0.0859375
1 0.2890625 0.71796875 0.0859375 0.08671875
1 0.2875 0.8296875 0.08515625 0.0859375
1 0.3578125 0.88125 0.0859375 0.0859375
1 0.184375 0.909375 0.11015625 0.11015625
1 0.0875 0.725 0.08515625 0.0859375
1 0.0859375 0.85078125 0.0859375 0.0859375
2 0.29453125 0.503125 0.0734375 0.0734375
2 0.18984375 0.56875 0.0734375 0.07421875
1 0.29609375 0.20703125 0.0859375 0.0859375
1 0.09296875 0.14921875 0.08515625 0.0859375
1 0.09296875 0.28046875 0.09765625 0.0984375
1 0.09375 0.396875 0.09765625 0.09765625
1 0.19140625 0.3390625 0.109375 0.11015625
1 0.1875 0.22109375 0.09765625 0.0984375
2 0.475 0.29375 0.0484375 0.0484375
1 0.47421875 0.3953125 0.08515625 0.0859375
1 0.4765625 0.5109375 0.0859375 0.08671875
1 0.94453125 0.57421875 0.109375 0.1109375
1 0.940625 0.4625 0.11015625 0.11015625
1 0.940625 0.35390625 0.11015625 0.11015625
1 0.93984375 0.2390625 0.11015625 0.11015625
1 0.940625 0.1265625 0.11015625 0.11015625
1 0.8375 0.07890625 0.09765625 0.0984375
1 0.84375 0.18828125 0.09765625 0.0984375
1 0.840625 0.29765625 0.11015625 0.11015625
1 0.846875 0.40859375 0.109375 0.11015625
1 0.8421875 0.52109375 0.11015625 0.11015625
1 0.75859375 0.575 0.09765625 0.09765625
1 0.7546875 0.4375 0.09765625 0.09765625
1 0.7515625 0.33828125 0.09765625 0.0984375
1 0.7515625 0.2484375 0.09765625 0.0984375
1 0.7578125 0.12578125 0.09765625 0.0984375
1 0.65625 0.5140625 0.09765625 0.0984375
1 0.65703125 0.3984375 0.08515625 0.0859375
1 0.55859375 0.1265625 0.109375 0.11015625
1 0.46796875 0.06796875 0.11015625 0.11015625
1 0.465625 0.18203125 0.11015625 0.11015625
1 0.37421875 0.12578125 0.109375 0.1109375
1 0.284375 0.09609375 0.11015625 0.11015625
1 0.37890625 0.2328125 0.109375 0.11015625
1 0.37890625 0.340625 0.0859375 0.0859375
1 0.3734375 0.57421875 0.0859375 0.0859375