2 0.64140625 0.553125 0.0859375 0.08671875
2 0.15546875 0.7171875 0.0734375 0.07421875
3 0.92265625 0.15546875 0.11015625 0.11015625
1 0.92109375 0.278125 0.0734375 0.07421875
1 0.925 0.3765625 0.09765625 0.09765625
1 0.91796875 0.4953125 0.09765625 0.09765625
1 0.821875 0.10078125 0.109375 0.11015625
1 0.825 0.21171875 0.109375 0.1109375
1 0.82890625 0.3125 0.109375 0.1109375
1 0.821875 0.43203125 0.09765625 0.0984375
1 0.82265625 0.5484375 0.08515625 0.0859375
1 0.7359375 0.14921875 0.109375 0.1109375
1 0.73671875 0.25703125 0.08515625 0.0859375
1 0.73359375 0.38203125 0.09765625 0.0984375
1 0.74140625 0.49140625 0.09765625 0.0984375
1 0.6359375 0.11640625 0.11015625 0.1109375
1 0.6390625 0.225 0.08515625 0.0859375
1 0.63203125 0.34375 0.08515625 0.0859375
1 0.6390625 0.446875 0.0859375 0.0859375
1 0.54765625 0.0578125 0.08515625 0.0859375
2 0.55390625 0.17109375 0.02421875 0.02421875
2 0.54765625 0.28984375 0.0375 0.0375
2 0.55 0.39609375 0.02421875 0.02421875
2 0.54453125 0.509375 0.02421875 0.02421875
2 0.45234375 0.31796875 0.02421875 0.02421875
2 0.45234375 0.428125 0.02421875 0.02421875
2 0.4484375 0.54375 0.02421875 0.02421875
1 0.4546875 0.09296875 0.09765625 0.0984375
1 0.453125 0.1984375 0.09765625 0.0984375
2 0.44453125 0.653125 0.02421875 0.02421875
2 0.44765625 0.73515625 0.02421875 0.02421875
2 0.5453125 0.59609375 0.02421875 0.02421875
2 0.53828125 0.70390625 0.02421875 0.02421875
2 0.6390625 0.734375 0.0375 0.0375
1 0.6359375 0.6515625 0.109375 0.11015625
1 0.7453125 0.5953125 0.0859375 0.0859375
1 0.7453125 0.7046875 0.0734375 0.0734375
1 0.8265625 0.6546875 0.09765625 0.0984375
2 0.8171875 0.7703125 0.06171875 0.06171875
1 0.91796875 0.60078125 0.09765625 0.0984375
1 0.92265625 0.70859375 0.09765625 0.0984375
1 0.1625 0.28359375 0.09765625 0.0984375
1 0.165625 0.3875 0.109375 0.11015625
1 0.15703125 0.4984375 0.09765625 0.09765625
1 0.1625 0.609375 0.09765625 0.09765625
3 0.0640625 0.3390625 0.0859375 0.0859375
1 0.065625 0.45234375 0.09765625 0.09765625
1 0.0609375 0.55703125 0.11015625 0.11015625
1 0.06171875 0.66640625 0.09765625 0.0984375
1 0.06640625 0.9421875 0.0859375 0.0859375
2 0.16484375 0.89375 0.0359375 0.0375
1 0.26015625 0.9515625 0.08515625 0.0859375
2 0.36015625 0.89765625 0.0609375 0.06171875
1 0.44921875 0.94609375 0.0859375 0.0859375
2 0.54609375 0.9046875 0.06171875 0.06171875
1 0.640625 0.94765625 0.09765625 0.0984375
2 0.73046875 0.91484375 0.0484375 0.0484375
1 0.815625 0.94765625 0.0734375 0.0734375