2 0.496875 0.12578125 0.0734375 0.07421875
1 0.871875 0.79375 0.109375 0.1109375
1 0.871875 0.89765625 0.11015625 0.11015625
1 0.77734375 0.8421875 0.109375 0.11015625
1 0.678125 0.88359375 0.0859375 0.0859375
1 0.57734375 0.8390625 0.0859375 0.0859375
1 0.48515625 0.8890625 0.109375 0.1109375
1 0.38359375 0.85078125 0.11015625 0.11015625
1 0.20390625 0.83515625 0.11015625 0.1109375
1 0.88984375 0.140625 0.0859375 0.0859375
1 0.87421875 0.24765625 0.09765625 0.0984375
1 0.87578125 0.3546875 0.09765625 0.0984375
1 0.87890625 0.46171875 0.09765625 0.09765625
1 0.87890625 0.5828125 0.09765625 0.09765625
1 0.88125 0.690625 0.09765625 0.0984375
1 0.78203125 0.078125 0.09765625 0.09765625
1 0.78515625 0.19140625 0.09765625 0.09765625
1 0.7828125 0.2921875 0.09765625 0.0984375
1 0.7796875 0.4 0.0859375 0.0859375
1 0.7859375 0.5203125 0.09765625 0.09765625
1 0.7828125 0.6390625 0.109375 0.1109375
1 0.7796875 0.7359375 0.09765625 0.09765625
1 0.68046875 0.7828125 0.0859375 0.0859375
1 0.6859375 0.6828125 0.09765625 0.0984375
1 0.68671875 0.5640625 0.09765625 0.09765625
1 0.684375 0.12890625 0.08515625 0.0859375
1 0.68671875 0.24296875 0.0859375 0.0859375
1 0.6875 0.35234375 0.0859375 0.0859375
1 0.6875 0.4546875 0.0859375 0.0859375
1 0.58828125 0.07109375 0.08515625 0.0859375
1 0.584375 0.1734375 0.08515625 0.0859375
1 0.584375 0.2890625 0.08515625 0.0859375
1 0.5828125 0.39765625 0.109375 0.11015625
1 0.58125 0.5046875 0.08515625 0.0859375
1 0.5796875 0.62421875 0.09765625 0.0984375
1 0.58515625 0.73984375 0.109375 0.11015625
1 0.49296875 0.78828125 0.109375 0.1109375
1 0.48984375 0.6765625 0.11015625 0.11015625
1 0.48984375 0.56796875 0.11015625 0.11015625
1 0.4890625 0.45234375 0.11015625 0.11015625
1 0.48984375 0.340625 0.11015625 0.11015625
1 0.49140625 0.228125 0.09765625 0.09765625
1 0.40234375 0.16484375 0.0859375 0.0859375
1 0.38671875 0.2921875 0.09765625 0.0984375
1 0.3921875 0.4015625 0.09765625 0.0984375
1 0.3890625 0.5109375 0.11015625 0.11015625
1 0.3953125 0.62265625 0.109375 0.11015625
1 0.39140625 0.73515625 0.11015625 0.11015625
1 0.3078125 0.7890625 0.09765625 0.09765625
1 0.30390625 0.6515625 0.09765625 0.09765625
1 0.30078125 0.55234375 0.09765625 0.0984375
1 0.30078125 0.4625 0.09765625 0.0984375
1 0.30625 0.3390625 0.09765625 0.0984375
1 0.2046875 0.728125 0.09765625 0.0984375
1 0.20546875 0.6125 0.08515625 0.0859375
1 0.20625 0.06953125 0.09765625 0.0984375
1 0.115625 0.11796875 0.09765625 0.0984375
1 0.11015625 0.23515625 0.109375 0.11015625
1 0.1078125 0.340625 0.109375 0.11015625