3 0.4078125 0.40703125 0.0734375 0.07421875
3 0.40625 0.5265625 0.0609375 0.06171875
1 0.88046875 0.475 0.096875 0.0984375
1 0.8859375 0.57421875 0.09765625 0.09765625
1 0.875 0.69140625 0.0859375 0.0859375
1 0.87578125 0.8015625 0.0859375 0.0859375
1 0.8796875 0.91640625 0.09765625 0.0984375
1 0.78046875 0.85859375 0.09765625 0.0984375
1 0.78984375 0.76171875 0.08515625 0.0859375
1 0.7828125 0.64921875 0.0859375 0.0859375
1 0.78203125 0.52265625 0.0859375 0.0859375
1 0.78203125 0.41796875 0.09765625 0.09765625
1 0.6921875 0.46328125 0.11015625 0.11015625
1 0.6890625 0.57890625 0.11015625 0.1109375
1 0.68828125 0.68984375 0.09765625 0.0984375
1 0.6890625 0.7921875 0.11015625 0.11015625
1 0.6875 0.9109375 0.109375 0.11015625
1 0.590625 0.41328125 0.09765625 0.0984375
1 0.59609375 0.5296875 0.11015625 0.11015625
1 0.603125 0.63125 0.09765625 0.0984375
1 0.59296875 0.74921875 0.08515625 0.08671875
1 0.596875 0.8609375 0.08515625 0.0859375
1 0.50078125 0.465625 0.11015625 0.1109375
1 0.50703125 0.5734375 0.09765625 0.0984375
1 0.4984375 0.8140625 0.08515625 0.0859375
1 0.50390625 0.91484375 0.0859375 0.0859375
1 0.4203125 0.65 0.0859375 0.0859375
1 0.4125 0.73125 0.109375 0.11015625
1 0.409375 0.85 0.11015625 0.1109375
1 0.31171875 0.4953125 0.09765625 0.0984375
1 0.3140625 0.5671875 0.0859375 0.0859375
1 0.309375 0.68125 0.11015625 0.1109375
1 0.30234375 0.80625 0.11015625 0.11015625
1 0.3046875 0.9109375 0.109375 0.11015625
1 0.2078125 0.4109375 0.09765625 0.0984375
1 0.21484375 0.52421875 0.09765625 0.0984375
1 0.21171875 0.6375 0.0859375 0.08671875
1 0.21484375 0.74296875 0.09765625 0.0984375
1 0.2171875 0.85703125 0.09765625 0.0984375
1 0.1234375 0.465625 0.09765625 0.0984375
1 0.11875 0.57734375 0.09765625 0.09765625
1 0.11875 0.6796875 0.0859375 0.0859375
1 0.1203125 0.790625 0.09765625 0.0984375
1 0.11875 0.90703125 0.09765625 0.0984375
1 0.8796875 0.13671875 0.09765625 0.09765625
1 0.88203125 0.2515625 0.11015625 0.11015625
1 0.88125 0.37109375 0.109375 0.1109375
3 0.1234375 0.23359375 0.06171875 0.06171875
1 0.21640625 0.30390625 0.08515625 0.0859375
1 0.31328125 0.2625 0.0859375 0.0859375
1 0.31328125 0.35234375 0.0859375 0.0859375
1 0.409375 0.29375 0.0859375 0.0859375
1 0.4171875 0.20703125 0.0859375 0.0859375
1 0.68984375 0.13515625 0.11015625 0.11015625
1 0.690625 0.25546875 0.11015625 0.11015625
1 0.6921875 0.35625 0.09765625 0.09765625
1 0.78828125 0.31484375 0.09765625 0.0984375
1 0.7921875 0.203125 0.09765625 0.09765625
1 0.790625 0.08203125 0.09765625 0.09765625
1 0.596875 0.0796875 0.09765625 0.0984375
1 0.596875 0.18671875 0.09765625 0.0984375
1 0.58984375 0.30703125 0.09765625 0.0984375
1 0.49921875 0.35234375 0.08515625 0.0859375
1 0.496875 0.13984375 0.09765625 0.0984375
1 0.49609375 0.2453125 0.09765625 0.0984375
1 0.2171875 0.084375 0.109375 0.1109375
1 0.12890625 0.1078125 0.09765625 0.09765625
1 0.121875 0.35234375 0.109375 0.11015625