2 0.8265625 0.26875 0.0734375 0.0734375
2 0.91640625 0.41484375 0.0734375 0.07421875
2 0.9171875 0.31015625 0.0734375 0.0734375
2 0.7328125 0.33203125 0.08515625 0.0859375
2 0.82890625 0.3640625 0.0734375 0.07421875
2 0.55234375 0.8875 0.0734375 0.0734375
2 0.83359375 0.48046875 0.0734375 0.07421875
2 0.5515625 0.7859375 0.0734375 0.0734375
2 0.9203125 0.53515625 0.0734375 0.07421875
1 0.0703125 0.17265625 0.09765625 0.0984375
1 0.065625 0.28203125 0.11015625 0.11015625
1 0.0671875 0.50859375 0.11015625 0.11015625
1 0.06796875 0.6109375 0.121875 0.1234375
2 0.16015625 0.13984375 0.0484375 0.0484375
1 0.15703125 0.225 0.09765625 0.0984375
1 0.15703125 0.340625 0.121875 0.121875
1 0.1609375 0.44609375 0.121875 0.1234375
1 0.159375 0.56328125 0.11015625 0.11015625
1 0.15546875 0.665625 0.121875 0.1234375
1 0.2453125 0.17265625 0.0734375 0.0734375
1 0.25 0.284375 0.109375 0.11015625
1 0.25078125 0.39375 0.109375 0.11015625
1 0.25078125 0.5015625 0.0859375 0.0859375
1 0.25625 0.615625 0.11015625 0.11015625
1 0.35625 0.225 0.121875 0.1234375
1 0.34453125 0.3328125 0.121875 0.1234375
1 0.3515625 0.45390625 0.09765625 0.0984375
1 0.35234375 0.55234375 0.09765625 0.0984375
1 0.34921875 0.671875 0.121875 0.1234375
1 0.45 0.1703125 0.0734375 0.07421875
1 0.4546875 0.28203125 0.09765625 0.09765625
1 0.46171875 0.3953125 0.121875 0.1234375
1 0.45703125 0.50859375 0.09765625 0.0984375
1 0.4453125 0.6109375 0.09765625 0.0984375
1 0.55 0.22578125 0.121875 0.1234375
1 0.54609375 0.3453125 0.121875 0.1234375
1 0.5484375 0.45390625 0.08515625 0.0859375
1 0.54609375 0.575 0.09765625 0.0984375
1 0.640625 0.1765625 0.09765625 0.09765625
1 0.64453125 0.28984375 0.09765625 0.09765625
1 0.64453125 0.39453125 0.09765625 0.09765625
1 0.646875 0.50859375 0.09765625 0.09765625
1 0.64609375 0.615625 0.121875 0.1234375
1 0.54453125 0.68515625 0.0734375 0.0734375
1 0.64609375 0.72578125 0.121875 0.1234375
2 0.73125 0.228125 0.0734375 0.07421875
1 0.73828125 0.45 0.0859375 0.0859375
1 0.73515625 0.56328125 0.09765625 0.09765625
1 0.7359375 0.6734375 0.121875 0.1234375
2 0.825 0.17109375 0.0609375 0.06171875
1 0.82734375 0.61328125 0.09765625 0.09765625
2 0.91328125 0.20390625 0.0609375 0.06171875
1 0.92734375 0.6734375 0.08515625 0.0859375
1 0.928125 0.78515625 0.09765625 0.09765625
1 0.921875 0.89765625 0.09765625 0.09765625
1 0.834375 0.728125 0.0859375 0.0859375
1 0.828125 0.83671875 0.109375 0.1109375
1 0.828125 0.940625 0.0859375 0.0859375
1 0.7375 0.77734375 0.09765625 0.09765625
1 0.7328125 0.8890625 0.09765625 0.0984375
1 0.6421875 0.83359375 0.11015625 0.11015625
1 0.640625 0.94609375 0.09765625 0.0984375
1 0.44140625 0.725 0.09765625 0.0984375
1 0.44375 0.834375 0.09765625 0.0984375
1 0.4515625 0.94375 0.09765625 0.0984375
1 0.34609375 0.78671875 0.11015625 0.11015625
1 0.3484375 0.88984375 0.09765625 0.0984375
1 0.24453125 0.72109375 0.11015625 0.11015625
1 0.253125 0.8328125 0.09765625 0.0984375
1 0.25078125 0.940625 0.09765625 0.0984375
1 0.15625 0.778125 0.09765625 0.0984375
1 0.1578125 0.88359375 0.09765625 0.09765625
1 0.0640625 0.72265625 0.121875 0.1234375
1 0.06328125 0.834375 0.09765625 0.09765625
1 0.06328125 0.94140625 0.09765625 0.09765625