2 0.54140625 0.6484375 0.0734375 0.07421875
2 0.2625 0.4015625 0.0734375 0.0734375
2 0.646875 0.95234375 0.0734375 0.0734375
2 0.3546875 0.87578125 0.0734375 0.0734375
1 0.6484375 0.75 0.0859375 0.0859375
3 0.446875 0.48671875 0.0859375 0.08671875
1 0.446875 0.37578125 0.0859375 0.0859375
2 0.35390625 0.43046875 0.0734375 0.07421875
2 0.3578125 0.5359375 0.0734375 0.07421875
1 0.16171875 0.4375 0.08515625 0.0859375
1 0.06875 0.396875 0.09765625 0.09765625
1 0.059375 0.49921875 0.109375 0.11015625
1 0.071875 0.603125 0.109375 0.1109375
1 0.0640625 0.715625 0.109375 0.11015625
1 0.0671875 0.8203125 0.08515625 0.0859375
1 0.06953125 0.91015625 0.0859375 0.0859375
1 0.1609375 0.89140625 0.09765625 0.0984375
1 0.16015625 0.7703125 0.09765625 0.0984375
1 0.165625 0.665625 0.08515625 0.0859375
1 0.16015625 0.53984375 0.109375 0.11015625
1 0.25859375 0.5 0.08515625 0.0859375
1 0.25703125 0.6 0.09765625 0.09765625
1 0.259375 0.73515625 0.09765625 0.0984375
1 0.2578125 0.8234375 0.09765625 0.0984375
1 0.24921875 0.940625 0.109375 0.11015625
1 0.35390625 0.7703125 0.08515625 0.0859375
1 0.3484375 0.63515625 0.09765625 0.0984375
1 0.44609375 0.6921875 0.08515625 0.0859375
1 0.4453125 0.8234375 0.09765625 0.0984375
1 0.44609375 0.9390625 0.09765625 0.09765625
1 0.54375 0.88203125 0.109375 0.11015625
1 0.53984375 0.7640625 0.09765625 0.0984375
2 0.82734375 0.83671875 0.0484375 0.0484375
1 0.8265625 0.93828125 0.08515625 0.0859375
1 0.9171875 0.35078125 0.09765625 0.09765625
1 0.91875 0.446875 0.09765625 0.0984375
1 0.9140625 0.5640625 0.109375 0.11015625
1 0.9109375 0.66953125 0.109375 0.11015625
1 0.81953125 0.39296875 0.09765625 0.0984375
1 0.8265625 0.4984375 0.09765625 0.0984375
1 0.82109375 0.6109375 0.11015625 0.11015625
1 0.81796875 0.725 0.11015625 0.11015625
1 0.7265625 0.66875 0.109375 0.1109375
1 0.73515625 0.53515625 0.09765625 0.09765625
1 0.73046875 0.43359375 0.109375 0.1109375
1 0.634375 0.38671875 0.109375 0.1109375
1 0.63984375 0.49453125 0.11015625 0.11015625
1 0.6375 0.6390625 0.11015625 0.11015625
1 0.73125 0.77578125 0.109375 0.11015625
1 0.73125 0.88359375 0.0859375 0.0859375
1 0.540625 0.4421875 0.08515625 0.0859375
1 0.91796875 0.11796875 0.109375 0.11015625
1 0.9171875 0.2296875 0.09765625 0.09765625
1 0.83125 0.2734375 0.09765625 0.09765625
1 0.8234375 0.05859375 0.09765625 0.09765625
1 0.828125 0.171875 0.09765625 0.09765625
1 0.7359375 0.1234375 0.09765625 0.09765625
1 0.728125 0.23359375 0.09765625 0.09765625
1 0.728125 0.334375 0.11015625 0.11015625
1 0.63984375 0.28359375 0.09765625 0.0984375
1 0.6375 0.17109375 0.11015625 0.11015625
3 0.54609375 0.11328125 0.0859375 0.0859375
1 0.45 0.05703125 0.109375 0.11015625
1 0.44921875 0.18046875 0.09765625 0.0984375
1 0.4484375 0.275 0.08515625 0.08671875
1 0.36015625 0.346875 0.08515625 0.0859375
1 0.35390625 0.2234375 0.11015625 0.11015625
1 0.3546875 0.1140625 0.11015625 0.11015625
1 0.25625 0.06171875 0.09765625 0.0984375
1 0.2578125 0.17265625 0.09765625 0.0984375
1 0.25703125 0.2765625 0.0859375 0.0859375
1 0.159375 0.334375 0.109375 0.11015625
1 0.1625 0.2296875 0.09765625 0.0984375
1 0.1625 0.1125 0.0859375 0.0859375
1 0.0703125 0.05234375 0.09765625 0.0984375
1 0.0671875 0.159375 0.09765625 0.0984375
1 0.0734375 0.265625 0.09765625 0.09765625
1 0.54609375 0.2359375 0.109375 0.11015625
1 0.540625 0.3265625 0.109375 0.11015625