1 0.8890625 0.71796875 0.109375 0.11015625
1 0.12734375 0.065625 0.11015625 0.11015625
1 0.128125 0.16875 0.11015625 0.11015625
1 0.12421875 0.28671875 0.09765625 0.0984375
1 0.221875 0.1234375 0.09765625 0.0984375
1 0.2203125 0.22734375 0.11015625 0.11015625
1 0.31953125 0.0578125 0.09765625 0.0984375
1 0.3265625 0.1734375 0.109375 0.11015625
1 0.32734375 0.284375 0.11015625 0.11015625
1 0.41796875 0.11640625 0.109375 0.11015625
1 0.415625 0.2203125 0.109375 0.11015625
1 0.509375 0.06484375 0.11015625 0.11015625
1 0.5109375 0.16875 0.11015625 0.11015625
1 0.50546875 0.28046875 0.11015625 0.11015625
1 0.6046875 0.11796875 0.109375 0.11015625
1 0.60234375 0.22578125 0.09765625 0.0984375
1 0.6046875 0.3421875 0.09765625 0.0984375
1 0.696875 0.06875 0.0859375 0.0859375
1 0.696875 0.175 0.09765625 0.09765625
1 0.70234375 0.2859375 0.09765625 0.0984375
1 0.7921875 0.11015625 0.11015625 0.1109375
1 0.79296875 0.2328125 0.109375 0.1109375
1 0.7890625 0.33828125 0.109375 0.11015625
1 0.88515625 0.06484375 0.11015625 0.11015625
1 0.8875 0.17109375 0.11015625 0.11015625
1 0.88828125 0.28203125 0.11015625 0.1109375
1 0.89140625 0.39921875 0.11015625 0.1109375
1 0.88984375 0.5046875 0.09765625 0.0984375
1 0.88671875 0.6109375 0.109375 0.11015625
1 0.79375 0.446875 0.09765625 0.0984375
1 0.7890625 0.5578125 0.109375 0.11015625
1 0.79296875 0.6625 0.109375 0.11015625
2 0.79609375 0.77578125 0.0484375 0.05
2 0.8875 0.83046875 0.0484375 0.05
1 0.69453125 0.39140625 0.109375 0.11015625
1 0.7 0.50625 0.11015625 0.11015625
1 0.7 0.61640625 0.11015625 0.11015625
1 0.70234375 0.72890625 0.11015625 0.11015625
1 0.7015625 0.83515625 0.08515625 0.0859375
1 0.6046875 0.44375 0.09765625 0.0984375
1 0.6 0.55390625 0.11015625 0.11015625
1 0.60546875 0.665625 0.09765625 0.0984375
1 0.5109375 0.3953125 0.109375 0.11015625
1 0.5078125 0.503125 0.109375 0.11015625
1 0.5125 0.6125 0.109375 0.11015625
1 0.51171875 0.7171875 0.109375 0.11015625
1 0.51328125 0.8390625 0.0734375 0.07421875
1 0.4203125 0.34140625 0.109375 0.11015625
1 0.41875 0.45 0.09765625 0.0984375
1 0.4203125 0.56484375 0.11015625 0.11015625
1 0.41484375 0.6578125 0.11015625 0.11015625
1 0.41640625 0.7796875 0.11015625 0.1109375
1 0.3234375 0.40390625 0.11015625 0.11015625
1 0.32734375 0.5171875 0.11015625 0.11015625
1 0.325 0.62421875 0.11015625 0.1109375
1 0.3265625 0.73125 0.09765625 0.09765625
2 0.328125 0.83515625 0.0609375 0.06171875
1 0.2171875 0.340625 0.11015625 0.11015625
1 0.221875 0.4515625 0.11015625 0.11015625
1 0.22265625 0.56328125 0.109375 0.1109375
1 0.221875 0.6640625 0.09765625 0.09765625
1 0.225 0.78359375 0.109375 0.11015625
1 0.125 0.40234375 0.09765625 0.09765625
1 0.1296875 0.5140625 0.09765625 0.09765625
1 0.12578125 0.62421875 0.109375 0.11015625
1 0.1296875 0.73203125 0.109375 0.11015625
1 0.12421875 0.83828125 0.109375 0.11015625
1 0.2234375 0.89609375 0.09765625 0.0984375
1 0.3171875 0.9421875 0.11015625 0.11015625
1 0.4109375 0.9 0.11015625 0.11015625
1 0.5109375 0.94296875 0.0859375 0.08671875
1 0.596875 0.88828125 0.0734375 0.0734375
1 0.70234375 0.93671875 0.11015625 0.11015625
1 0.79296875 0.88828125 0.109375 0.11015625
1 0.88984375 0.9375 0.109375 0.1109375