2 0.5328125 0.3265625 0.0734375 0.0734375
2 0.53359375 0.21875 0.08515625 0.0859375
2 0.159375 0.44140625 0.0734375 0.07421875
2 0.14375 0.334375 0.0734375 0.07421875
2 0.45234375 0.81640625 0.08515625 0.0859375
2 0.45859375 0.7125 0.08515625 0.0859375
2 0.15859375 0.64296875 0.0734375 0.0734375
2 0.36953125 0.75703125 0.08515625 0.0859375
2 0.2609375 0.71328125 0.0734375 0.0734375
2 0.26328125 0.58828125 0.0734375 0.0734375
2 0.159375 0.5296875 0.0734375 0.0734375
2 0.25546875 0.49140625 0.0734375 0.07421875
2 0.74140625 0.2296875 0.0609375 0.06171875
2 0.04140625 0.2828125 0.06171875 0.06171875
2 0.04921875 0.38828125 0.0734375 0.0734375
2 0.06328125 0.47578125 0.0734375 0.0734375
2 0.0609375 0.5875 0.0734375 0.0734375
2 0.0640625 0.70859375 0.0734375 0.0734375
2 0.13125 0.221875 0.06171875 0.06171875
1 0.175 0.75703125 0.0859375 0.08671875
1 0.25078125 0.37421875 0.0734375 0.07421875
1 0.3609375 0.21640625 0.09765625 0.0984375
1 0.36640625 0.3328125 0.11015625 0.1109375
1 0.37265625 0.4375 0.11015625 0.1109375
1 0.36796875 0.54296875 0.0734375 0.07421875
1 0.365625 0.6546875 0.0734375 0.07421875
1 0.45703125 0.26640625 0.09765625 0.0984375
1 0.45703125 0.3828125 0.09765625 0.09765625
1 0.4578125 0.496875 0.0734375 0.07421875
1 0.45234375 0.5984375 0.0734375 0.07421875
1 0.55703125 0.43125 0.0734375 0.07421875
1 0.5515625 0.54609375 0.09765625 0.09765625
1 0.5546875 0.65703125 0.09765625 0.09765625
1 0.64296875 0.26484375 0.08515625 0.08671875
1 0.646875 0.378125 0.11015625 0.11015625
1 0.6515625 0.49453125 0.11015625 0.11015625
1 0.64609375 0.60078125 0.11015625 0.11015625
1 0.6453125 0.7171875 0.109375 0.1109375
1 0.7484375 0.321875 0.121875 0.121875
1 0.75078125 0.43671875 0.09765625 0.0984375
1 0.74140625 0.54921875 0.09765625 0.0984375
1 0.74140625 0.6671875 0.09765625 0.0984375
1 0.83203125 0.278125 0.0859375 0.0859375
1 0.83671875 0.384375 0.09765625 0.0984375
1 0.82890625 0.49765625 0.09765625 0.0984375
1 0.8328125 0.60546875 0.0859375 0.0859375
1 0.84296875 0.715625 0.09765625 0.0984375
1 0.74375 0.775 0.09765625 0.09765625
1 0.9203125 0.33125 0.08515625 0.0859375
1 0.92265625 0.453125 0.08515625 0.0859375
1 0.9265625 0.55234375 0.0859375 0.08671875
1 0.9265625 0.6609375 0.0859375 0.0859375
1 0.92578125 0.778125 0.0859375 0.0859375
1 0.9234375 0.88125 0.0859375 0.0859375
1 0.8375 0.83359375 0.09765625 0.0984375
1 0.83515625 0.9453125 0.08515625 0.0859375
1 0.74296875 0.88125 0.109375 0.11015625
1 0.6421875 0.825 0.09765625 0.09765625
1 0.6484375 0.940625 0.109375 0.1109375
1 0.55078125 0.7734375 0.109375 0.1109375
1 0.54921875 0.88359375 0.11015625 0.1109375
1 0.45625 0.9171875 0.08515625 0.0859375
1 0.3609375 0.88359375 0.0734375 0.0734375
1 0.26875 0.82734375 0.0859375 0.0859375
1 0.2640625 0.94296875 0.109375 0.11015625
1 0.16875 0.884375 0.11015625 0.11015625
1 0.06796875 0.82578125 0.08515625 0.08671875
1 0.07890625 0.93671875 0.09765625 0.0984375