1 0.6234375 0.4359375 0.109375 0.11015625
1 0.3390625 0.06015625 0.09765625 0.0984375
1 0.5234375 0.05625 0.109375 0.11015625
1 0.909375 0.165625 0.109375 0.11015625
1 0.9109375 0.26953125 0.109375 0.1109375
1 0.91328125 0.38359375 0.109375 0.1109375
1 0.9078125 0.48359375 0.11015625 0.1109375
1 0.81171875 0.11015625 0.109375 0.11015625
1 0.81328125 0.2203125 0.11015625 0.1109375
1 0.81015625 0.328125 0.11015625 0.1109375
1 0.81484375 0.43515625 0.11015625 0.11015625
1 0.715625 0.1609375 0.11015625 0.1109375
1 0.71953125 0.27890625 0.11015625 0.11015625
1 0.7234375 0.38359375 0.109375 0.11015625
1 0.62578125 0.1171875 0.11015625 0.1109375
1 0.62421875 0.221875 0.09765625 0.0984375
1 0.62109375 0.32890625 0.109375 0.11015625
1 0.528125 0.16484375 0.09765625 0.0984375
1 0.5234375 0.27578125 0.109375 0.11015625
1 0.52734375 0.38046875 0.109375 0.11015625
2 0.53046875 0.49375 0.0484375 0.05
2 0.621875 0.5484375 0.0484375 0.05
2 0.7171875 0.4859375 0.0484375 0.0484375
1 0.42890625 0.10859375 0.109375 0.11015625
1 0.434375 0.22421875 0.11015625 0.11015625
1 0.434375 0.334375 0.11015625 0.11015625
1 0.43671875 0.446875 0.11015625 0.11015625
1 0.4359375 0.553125 0.08515625 0.0859375
1 0.3390625 0.16171875 0.09765625 0.0984375
1 0.334375 0.271875 0.11015625 0.11015625
1 0.33984375 0.38359375 0.09765625 0.0984375
1 0.2453125 0.1125 0.109375 0.11015625
1 0.2421875 0.22109375 0.109375 0.11015625
1 0.246875 0.33046875 0.109375 0.11015625
1 0.24609375 0.43515625 0.109375 0.11015625
1 0.24765625 0.55625 0.0734375 0.07421875
1 0.1546875 0.059375 0.109375 0.11015625
1 0.153125 0.1671875 0.09765625 0.0984375
1 0.1546875 0.2828125 0.11015625 0.11015625
1 0.14921875 0.37578125 0.11015625 0.11015625
1 0.15078125 0.496875 0.11015625 0.1109375
1 0.0578125 0.121875 0.11015625 0.11015625
1 0.06171875 0.23515625 0.11015625 0.11015625
1 0.059375 0.3421875 0.11015625 0.1109375
1 0.0609375 0.44921875 0.09765625 0.09765625
2 0.0625 0.553125 0.0609375 0.06171875
1 0.05078125 0.88984375 0.09765625 0.09765625
1 0.1453125 0.61796875 0.11015625 0.11015625
1 0.14921875 0.71953125 0.11015625 0.11015625
1 0.14921875 0.8390625 0.11015625 0.11015625
1 0.2453125 0.6609375 0.0859375 0.08671875
1 0.33125 0.60625 0.0734375 0.0734375
1 0.43671875 0.6546875 0.11015625 0.11015625
1 0.52734375 0.60625 0.109375 0.11015625
1 0.62421875 0.65546875 0.109375 0.1109375
1 0.7265625 0.7140625 0.0859375 0.0859375
1 0.7203125 0.6015625 0.08515625 0.0859375
2 0.8171875 0.553125 0.08515625 0.0859375
1 0.8140625 0.659375 0.08515625 0.0859375
1 0.82109375 0.76640625 0.09765625 0.09765625
1 0.81640625 0.87109375 0.09765625 0.09765625
2 0.9109375 0.60078125 0.0734375 0.0734375
1 0.91328125 0.7125 0.08515625 0.0859375
1 0.9125 0.9296875 0.0734375 0.07421875