2 0.1203125 0.453125 0.0734375 0.07421875
3 0.77265625 0.915625 0.09765625 0.09765625
1 0.58125 0.91171875 0.11015625 0.11015625
1 0.40859375 0.89765625 0.11015625 0.1109375
1 0.20234375 0.9125 0.09765625 0.0984375
1 0.86875 0.85234375 0.11015625 0.11015625
1 0.7734375 0.81015625 0.109375 0.11015625
1 0.665625 0.853125 0.109375 0.11015625
1 0.6796875 0.521875 0.09765625 0.09765625
1 0.8796875 0.08359375 0.109375 0.11015625
1 0.8734375 0.19765625 0.11015625 0.11015625
1 0.87578125 0.3078125 0.09765625 0.0984375
2 0.8734375 0.42109375 0.0734375 0.0734375
1 0.78046875 0.125 0.0859375 0.0859375
1 0.775 0.24140625 0.09765625 0.0984375
1 0.775 0.3625 0.11015625 0.11015625
1 0.7765625 0.47578125 0.109375 0.11015625
1 0.6796875 0.0796875 0.0859375 0.0859375
1 0.68359375 0.2 0.09765625 0.09765625
1 0.6765625 0.2984375 0.09765625 0.09765625
1 0.684375 0.4125 0.109375 0.1109375
1 0.5875 0.1296875 0.109375 0.1109375
1 0.5890625 0.240625 0.109375 0.1109375
0 0.5890625 0.33515625 0.09765625 0.0984375
1 0.58515625 0.465625 0.109375 0.11015625
1 0.58515625 0.59296875 0.09765625 0.09765625
1 0.58203125 0.7921875 0.109375 0.1109375
1 0.4984375 0.64609375 0.09765625 0.0984375
1 0.49453125 0.534375 0.11015625 0.1109375
1 0.4953125 0.4109375 0.11015625 0.11015625
1 0.4921875 0.3 0.109375 0.11015625
1 0.49609375 0.18828125 0.109375 0.11015625
1 0.4859375 0.0921875 0.11015625 0.11015625
1 0.40703125 0.2484375 0.09765625 0.09765625
1 0.41015625 0.353125 0.09765625 0.0984375
1 0.4140625 0.446875 0.09765625 0.0984375
1 0.41015625 0.58671875 0.109375 0.11015625
1 0.4140625 0.69765625 0.109375 0.11015625
1 0.4 0.8046875 0.11015625 0.1109375
1 0.2984375 0.84765625 0.109375 0.1109375
1 0.3 0.7421875 0.11015625 0.1109375
1 0.3 0.62578125 0.08515625 0.0859375
1 0.30546875 0.40390625 0.09765625 0.0984375
1 0.30859375 0.30390625 0.109375 0.1109375
1 0.30234375 0.196875 0.11015625 0.11015625
1 0.30625 0.0765625 0.11015625 0.1109375
1 0.125 0.07578125 0.09765625 0.0984375
1 0.1234375 0.53046875 0.08515625 0.0859375
1 0.1234375 0.63125 0.09765625 0.0984375
1 0.2203125 0.7953125 0.09765625 0.0984375