1 0.5734375 0.3609375 0.09765625 0.0984375
1 0.6671875 0.4171875 0.109375 0.11015625
1 0.47578125 0.090625 0.09765625 0.0984375
1 0.0953125 0.0796875 0.109375 0.1109375
1 0.1 0.1921875 0.109375 0.1109375
1 0.09765625 0.30234375 0.09765625 0.0984375
1 0.1046875 0.41484375 0.11015625 0.11015625
1 0.096875 0.521875 0.11015625 0.11015625
1 0.1921875 0.1453125 0.109375 0.1109375
1 0.1890625 0.25078125 0.109375 0.1109375
1 0.19140625 0.3578125 0.09765625 0.09765625
1 0.190625 0.46640625 0.109375 0.11015625
1 0.190625 0.58671875 0.09765625 0.0984375
1 0.28828125 0.09453125 0.09765625 0.0984375
1 0.2828125 0.1921875 0.11015625 0.1109375
1 0.2875 0.303125 0.109375 0.1109375
1 0.284375 0.41484375 0.109375 0.1109375
1 0.2859375 0.5296875 0.109375 0.11015625
1 0.384375 0.3625 0.11015625 0.1109375
1 0.3859375 0.4453125 0.0734375 0.07421875
1 0.37578125 0.58515625 0.09765625 0.09765625
1 0.47578125 0.196875 0.109375 0.11015625
1 0.47578125 0.4125 0.09765625 0.09765625
1 0.47265625 0.521875 0.09765625 0.09765625
1 0.56484375 0.146875 0.11015625 0.11015625
1 0.56953125 0.2484375 0.109375 0.11015625
1 0.57421875 0.47421875 0.109375 0.11015625
1 0.571875 0.578125 0.11015625 0.1109375
1 0.6609375 0.08671875 0.08515625 0.0859375
1 0.69453125 0.12578125 0.08515625 0.0859375
1 0.66484375 0.2078125 0.11015625 0.11015625
1 0.66484375 0.52265625 0.09765625 0.0984375
1 0.6671875 0.63359375 0.09765625 0.09765625
1 0.665625 0.74921875 0.0859375 0.0859375
2 0.66640625 0.85390625 0.06171875 0.06171875
1 0.75859375 0.90703125 0.0859375 0.0859375
1 0.5703125 0.6921875 0.09765625 0.09765625
1 0.56953125 0.8 0.08515625 0.0859375
1 0.57109375 0.91953125 0.11015625 0.11015625
1 0.471875 0.61640625 0.11015625 0.1109375
1 0.4828125 0.73671875 0.09765625 0.0984375
2 0.47265625 0.85703125 0.0609375 0.06171875
1 0.3828125 0.68671875 0.09765625 0.0984375
1 0.38671875 0.803125 0.09765625 0.0984375
1 0.37890625 0.90859375 0.09765625 0.0984375
1 0.28515625 0.63359375 0.09765625 0.0984375
1 0.2859375 0.74296875 0.09765625 0.0984375
2 0.28671875 0.85859375 0.0734375 0.0734375
1 0.19609375 0.69296875 0.11015625 0.11015625
1 0.18828125 0.790625 0.09765625 0.0984375
1 0.1859375 0.9203125 0.09765625 0.0984375
1 0.09921875 0.63984375 0.11015625 0.11015625
1 0.10078125 0.7484375 0.109375 0.11015625
1 0.10078125 0.865625 0.09765625 0.0984375
1 0.9546875 0.91015625 0.08515625 0.0859375