2 0.2953125 0.85 0.0734375 0.0734375
2 0.36953125 0.92265625 0.0734375 0.07421875
1 0.9421875 0.9171875 0.09765625 0.09765625
1 0.9375 0.8078125 0.09765625 0.09765625
1 0.9390625 0.70390625 0.11015625 0.11015625
1 0.9375 0.584375 0.109375 0.1109375
1 0.9390625 0.4796875 0.11015625 0.11015625
1 0.85234375 0.41875 0.09765625 0.0984375
1 0.85234375 0.528125 0.109375 0.11015625
1 0.8546875 0.64609375 0.11015625 0.11015625
1 0.85 0.75859375 0.109375 0.11015625
1 0.84453125 0.8640625 0.11015625 0.11015625
1 0.74921875 0.79765625 0.09765625 0.0984375
1 0.75 0.5875 0.09765625 0.0984375
1 0.75390625 0.4671875 0.09765625 0.09765625
1 0.65859375 0.5328125 0.08515625 0.0859375
1 0.6625 0.64140625 0.109375 0.11015625
1 0.6515625 0.753125 0.11015625 0.1109375
1 0.5625 0.68671875 0.09765625 0.09765625
1 0.56171875 0.5484375 0.09765625 0.0984375
1 0.56171875 0.45859375 0.109375 0.11015625
1 0.46953125 0.41875 0.09765625 0.0984375
1 0.4734375 0.5359375 0.109375 0.11015625
1 0.47578125 0.64765625 0.08515625 0.0859375
2 0.19609375 0.46875 0.0484375 0.0484375
1 0.371875 0.48203125 0.08515625 0.08671875
1 0.371875 0.578125 0.08515625 0.0859375
1 0.384375 0.703125 0.11015625 0.1109375
1 0.29140625 0.725 0.11015625 0.11015625
1 0.1921875 0.6796875 0.08515625 0.0859375
1 0.28359375 0.52734375 0.08515625 0.0859375
2 0.28515625 0.63359375 0.0484375 0.0484375
1 0.4890625 0.89140625 0.08515625 0.0859375
1 0.19453125 0.9109375 0.109375 0.1109375
2 0.1015625 0.53046875 0.0484375 0.0484375
1 0.1046875 0.63671875 0.09765625 0.09765625
1 0.0953125 0.7484375 0.11015625 0.11015625
1 0.10546875 0.8625 0.109375 0.11015625
2 0.1890625 0.5765625 0.0484375 0.05
1 0.8546875 0.1390625 0.109375 0.11015625
1 0.66171875 0.11171875 0.11015625 0.11015625
1 0.76640625 0.12109375 0.109375 0.1109375
1 0.565625 0.15 0.11015625 0.11015625
1 0.4828125 0.11015625 0.09765625 0.09765625
2 0.38515625 0.05703125 0.0734375 0.0734375
1 0.39140625 0.15546875 0.09765625 0.0984375
1 0.20390625 0.08515625 0.09765625 0.0984375