2 0.30703125 0.115625 0.0734375 0.07421875
2 0.2046875 0.15859375 0.0734375 0.0734375
1 0.421875 0.0671875 0.09765625 0.09765625
1 0.61171875 0.0671875 0.08515625 0.0859375
2 0.028125 0.05546875 0.0484375 0.05
1 0.13203125 0.121875 0.09765625 0.0984375
1 0.13046875 0.22890625 0.11015625 0.11015625
1 0.1296875 0.35 0.109375 0.11015625
1 0.13125 0.4546875 0.09765625 0.0984375
1 0.1265625 0.56328125 0.109375 0.11015625
1 0.21796875 0.303125 0.09765625 0.0984375
1 0.215625 0.39765625 0.09765625 0.0984375
1 0.228125 0.51640625 0.109375 0.11015625
1 0.30546875 0.24375 0.09765625 0.0984375
1 0.31171875 0.34296875 0.08515625 0.0859375
1 0.309375 0.45390625 0.08515625 0.08671875
1 0.3125 0.55390625 0.09765625 0.0984375
1 0.4265625 0.17265625 0.09765625 0.09765625
1 0.41875 0.28359375 0.09765625 0.0984375
1 0.42265625 0.39140625 0.109375 0.11015625
1 0.4234375 0.509375 0.11015625 0.11015625
1 0.41875 0.62578125 0.11015625 0.11015625
1 0.51640625 0.121875 0.09765625 0.09765625
1 0.51484375 0.23515625 0.11015625 0.1109375
1 0.5140625 0.3390625 0.109375 0.11015625
1 0.5140625 0.45078125 0.09765625 0.0984375
1 0.5109375 0.56484375 0.109375 0.11015625
1 0.6125 0.1828125 0.11015625 0.1109375
1 0.60859375 0.2921875 0.09765625 0.09765625
1 0.60859375 0.403125 0.09765625 0.09765625
1 0.60703125 0.5109375 0.08515625 0.0859375
1 0.6078125 0.62421875 0.0859375 0.0859375
1 0.70390625 0.1265625 0.0859375 0.0859375
1 0.703125 0.2390625 0.09765625 0.09765625
1 0.7078125 0.3484375 0.11015625 0.1109375
1 0.7 0.459375 0.11015625 0.1109375
1 0.70546875 0.56484375 0.11015625 0.11015625
1 0.79765625 0.0703125 0.08515625 0.0859375
2 0.8 0.1796875 0.0859375 0.0859375
1 0.796875 0.290625 0.0859375 0.0859375
1 0.803125 0.3921875 0.109375 0.1109375
1 0.8 0.5015625 0.109375 0.1109375
1 0.7953125 0.62578125 0.11015625 0.11015625
1 0.8921875 0.1265625 0.11015625 0.11015625
1 0.89296875 0.23984375 0.11015625 0.11015625
1 0.9015625 0.34296875 0.109375 0.11015625
1 0.8953125 0.45390625 0.109375 0.11015625
1 0.89453125 0.56875 0.109375 0.1109375
1 0.89140625 0.678125 0.109375 0.1109375
1 0.89453125 0.7875 0.109375 0.11015625
1 0.8859375 0.89609375 0.11015625 0.11015625
1 0.79765625 0.73359375 0.11015625 0.11015625
2 0.79375 0.83359375 0.06171875 0.06171875
2 0.70390625 0.6828125 0.06171875 0.06171875
2 0.6984375 0.79140625 0.06171875 0.06171875
1 0.7 0.9015625 0.109375 0.11015625
1 0.61015625 0.7328125 0.109375 0.11015625
1 0.6046875 0.85859375 0.0859375 0.0859375
1 0.5125 0.675 0.109375 0.11015625
1 0.509375 0.7875 0.11015625 0.11015625
1 0.51328125 0.89765625 0.11015625 0.11015625
1 0.41640625 0.72734375 0.11015625 0.11015625
1 0.41875 0.84453125 0.11015625 0.11015625
1 0.41875 0.94375 0.109375 0.11015625
1 0.31875 0.6609375 0.09765625 0.0984375
1 0.32734375 0.7796875 0.109375 0.11015625
1 0.3265625 0.89375 0.109375 0.1109375
1 0.22578125 0.61796875 0.109375 0.11015625
1 0.2234375 0.71796875 0.09765625 0.09765625
1 0.225 0.84453125 0.09765625 0.09765625
1 0.1265625 0.68359375 0.109375 0.1109375
1 0.121875 0.790625 0.08515625 0.0859375
1 0.12578125 0.88671875 0.09765625 0.09765625