2 0.540625 0.4328125 0.0734375 0.07421875
1 0.0703125 0.05 0.09765625 0.0984375
1 0.0765625 0.1578125 0.109375 0.11015625
1 0.16640625 0.10625 0.08515625 0.0859375
1 0.353125 0.10078125 0.0859375 0.0859375
1 0.7296875 0.1 0.0859375 0.0859375
1 0.54453125 0.11328125 0.08515625 0.0859375
1 0.73046875 0.20703125 0.0859375 0.0859375
1 0.7265625 0.315625 0.09765625 0.09765625
1 0.7296875 0.43828125 0.08515625 0.0859375
1 0.73125 0.5328125 0.08515625 0.0859375
1 0.7296875 0.65625 0.08515625 0.0859375
1 0.634375 0.1515625 0.08515625 0.0859375
1 0.63359375 0.26875 0.09765625 0.09765625
1 0.6359375 0.3796875 0.09765625 0.09765625
1 0.63984375 0.4875 0.0859375 0.0859375
1 0.63359375 0.59453125 0.0859375 0.0859375
3 0.540625 0.2078125 0.08515625 0.0859375
1 0.540625 0.31953125 0.09765625 0.09765625
1 0.54609375 0.540625 0.09765625 0.0984375
1 0.4515625 0.15546875 0.0859375 0.0859375
1 0.4484375 0.2671875 0.09765625 0.0984375
1 0.44921875 0.38046875 0.09765625 0.0984375
1 0.44609375 0.48359375 0.08515625 0.0859375
1 0.446875 0.59921875 0.09765625 0.0984375
1 0.35625 0.2046875 0.09765625 0.0984375
1 0.353125 0.31875 0.09765625 0.0984375
1 0.35234375 0.425 0.09765625 0.0984375
1 0.3515625 0.53984375 0.09765625 0.0984375
1 0.35 0.653125 0.09765625 0.0984375
1 0.25546875 0.1578125 0.08515625 0.0859375
1 0.25859375 0.2703125 0.08515625 0.0859375
1 0.2546875 0.37734375 0.09765625 0.0984375
1 0.259375 0.4875 0.09765625 0.0984375
1 0.25625 0.60234375 0.0859375 0.0859375
1 0.1671875 0.2125 0.09765625 0.0984375
1 0.16484375 0.31875 0.09765625 0.0984375
1 0.16328125 0.43203125 0.09765625 0.0984375
1 0.16484375 0.53984375 0.09765625 0.0984375
1 0.16328125 0.66015625 0.08515625 0.0859375
1 0.06953125 0.26796875 0.109375 0.11015625
1 0.07109375 0.38359375 0.11015625 0.11015625
1 0.075 0.48515625 0.09765625 0.0984375
1 0.0640625 0.59375 0.09765625 0.09765625
1 0.06875 0.709375 0.08515625 0.0859375
1 0.0671875 0.8203125 0.09765625 0.09765625
1 0.1671875 0.7671875 0.09765625 0.09765625
1 0.1609375 0.8625 0.08515625 0.0859375
1 0.25625 0.7125 0.0859375 0.0859375
1 0.2578125 0.81640625 0.0859375 0.0859375
1 0.3515625 0.7578125 0.0859375 0.0859375
1 0.3484375 0.865625 0.0859375 0.0859375
1 0.45234375 0.70625 0.08515625 0.0859375
1 0.44453125 0.80703125 0.09765625 0.0984375
1 0.54375 0.65859375 0.09765625 0.0984375
1 0.5421875 0.76015625 0.09765625 0.0984375
3 0.63359375 0.703125 0.0859375 0.0859375
1 0.6390625 0.81328125 0.09765625 0.0984375
1 0.7359375 0.76484375 0.0859375 0.0859375