2 0.465625 0.11640625 0.0734375 0.0734375
2 0.5609375 0.16796875 0.08515625 0.0859375
2 0.55390625 0.05625 0.06171875 0.06171875
2 0.5578125 0.284375 0.0859375 0.0859375
1 0.4625 0.22265625 0.0859375 0.0859375
1 0.4640625 0.334375 0.09765625 0.09765625
1 0.36328125 0.06015625 0.09765625 0.0984375
1 0.36640625 0.16796875 0.0859375 0.0859375
1 0.36640625 0.27421875 0.09765625 0.09765625
1 0.27265625 0.1171875 0.08515625 0.0859375
1 0.27578125 0.22578125 0.08515625 0.0859375
1 0.27421875 0.3296875 0.09765625 0.09765625
1 0.18125 0.05625 0.09765625 0.09765625
1 0.178125 0.17578125 0.08515625 0.0859375
1 0.1765625 0.278125 0.09765625 0.09765625
1 0.08828125 0.1171875 0.0734375 0.07421875
1 0.08671875 0.22578125 0.0734375 0.07421875
1 0.07890625 0.3375 0.0734375 0.0734375
1 0.08359375 0.44375 0.0734375 0.07421875
1 0.0796875 0.55546875 0.09765625 0.09765625
1 0.08515625 0.6671875 0.08515625 0.0859375
1 0.084375 0.778125 0.09765625 0.0984375
1 0.18125 0.3859375 0.09765625 0.0984375
1 0.178125 0.5 0.0859375 0.0859375
1 0.17578125 0.60234375 0.09765625 0.09765625
1 0.1765625 0.7171875 0.0859375 0.0859375
1 0.1796875 0.8328125 0.0859375 0.0859375
1 0.27421875 0.43828125 0.09765625 0.0984375
1 0.2796875 0.55625 0.09765625 0.0984375
1 0.28203125 0.6625 0.09765625 0.09765625
1 0.28125 0.7796875 0.09765625 0.09765625
1 0.36796875 0.3890625 0.0859375 0.08671875
1 0.36796875 0.496875 0.09765625 0.0984375
1 0.3671875 0.6046875 0.09765625 0.0984375
1 0.36796875 0.73515625 0.09765625 0.0984375
1 0.46796875 0.44296875 0.09765625 0.0984375
1 0.4609375 0.5515625 0.09765625 0.0984375
1 0.46015625 0.665625 0.0859375 0.0859375
1 0.46328125 0.775 0.08515625 0.0859375
1 0.55703125 0.3828125 0.08515625 0.0859375
1 0.55703125 0.4953125 0.08515625 0.0859375
1 0.5578125 0.60859375 0.09765625 0.0984375
1 0.559375 0.7203125 0.0859375 0.0859375
1 0.55546875 0.83203125 0.0859375 0.0859375
1 0.3703125 0.8453125 0.08515625 0.0859375
1 0.55625 0.9390625 0.0859375 0.0859375
1 0.46015625 0.88359375 0.08515625 0.0859375
3 0.36640625 0.940625 0.08515625 0.0859375
1 0.27734375 0.8875 0.0859375 0.0859375
1 0.1828125 0.93671875 0.09765625 0.0984375
1 0.08125 0.890625 0.08515625 0.0859375