2 0.175 0.6890625 0.0734375 0.0734375
2 0.26796875 0.28046875 0.0734375 0.07421875
2 0.0828125 0.76171875 0.0734375 0.07421875
2 0.378125 0.91953125 0.0734375 0.0734375
2 0.940625 0.0828125 0.0734375 0.07421875
2 0.95703125 0.7765625 0.0484375 0.05
2 0.26015625 0.96328125 0.06171875 0.06171875
1 0.7484375 0.57734375 0.0859375 0.0859375
1 0.75 0.6734375 0.09765625 0.09765625
1 0.6484375 0.53203125 0.109375 0.11015625
1 0.74140625 0.92109375 0.09765625 0.09765625
1 0.64765625 0.8765625 0.08515625 0.0859375
1 0.5484375 0.9265625 0.109375 0.11015625
1 0.559375 0.8015625 0.11015625 0.11015625
1 0.5515625 0.596875 0.09765625 0.09765625
1 0.4640625 0.53203125 0.109375 0.11015625
1 0.45546875 0.87265625 0.11015625 0.11015625
1 0.36640625 0.5890625 0.11015625 0.1109375
1 0.2765625 0.5640625 0.109375 0.11015625
1 0.26875 0.66015625 0.09765625 0.09765625
1 0.17265625 0.5875 0.09765625 0.0984375
1 0.18046875 0.81640625 0.09765625 0.09765625
1 0.3734375 0.79765625 0.0859375 0.0859375
1 0.0859375 0.53125 0.09765625 0.09765625
1 0.07734375 0.63984375 0.0859375 0.0859375
1 0.0890625 0.86796875 0.09765625 0.09765625
1 0.75234375 0.059375 0.08515625 0.0859375
1 0.8390625 0.115625 0.08515625 0.0859375
1 0.94375 0.16015625 0.08515625 0.0859375
1 0.84296875 0.5140625 0.0859375 0.0859375
1 0.7453125 0.4703125 0.11015625 0.11015625
1 0.75 0.365625 0.09765625 0.09765625
1 0.75390625 0.271875 0.09765625 0.09765625
1 0.94375 0.2609375 0.09765625 0.0984375
1 0.8375 0.32109375 0.09765625 0.0984375
1 0.840625 0.4234375 0.08515625 0.0859375
1 0.75390625 0.17109375 0.0859375 0.0859375
1 0.83515625 0.2078125 0.08515625 0.0859375
1 0.653125 0.08515625 0.109375 0.11015625
1 0.64921875 0.2125 0.11015625 0.1109375
1 0.653125 0.3078125 0.11015625 0.11015625
1 0.659375 0.4328125 0.109375 0.1109375
1 0.5625 0.37265625 0.109375 0.11015625
1 0.5625 0.26640625 0.109375 0.11015625
1 0.55859375 0.15703125 0.109375 0.11015625
1 0.46953125 0.1 0.0859375 0.0859375
1 0.4640625 0.21640625 0.09765625 0.0984375
1 0.4625 0.31953125 0.09765625 0.09765625
1 0.07890625 0.08203125 0.0859375 0.0859375
1 0.08515625 0.2140625 0.08515625 0.0859375
1 0.19296875 0.23046875 0.08515625 0.0859375
1 0.1890625 0.14765625 0.08515625 0.0859375
1 0.271875 0.109375 0.08515625 0.0859375
1 0.27265625 0.19140625 0.08515625 0.0859375
1 0.37109375 0.3421875 0.0859375 0.0859375
1 0.36875 0.234375 0.08515625 0.0859375
1 0.3765625 0.13984375 0.08515625 0.0859375
1 0.36875 0.0453125 0.08515625 0.0859375
1 0.55625 0.04609375 0.08515625 0.0859375
1 0.3671875 0.490625 0.09765625 0.0984375
1 0.275 0.4703125 0.109375 0.11015625
1 0.178125 0.48671875 0.11015625 0.11015625
1 0.084375 0.41875 0.09765625 0.09765625