2 0.11953125 0.40859375 0.0734375 0.0734375
2 0.209375 0.5546875 0.0734375 0.07421875
2 0.21015625 0.45 0.0734375 0.0734375
2 0.30625 0.49296875 0.0734375 0.0734375
2 0.121875 0.50390625 0.0734375 0.07421875
2 0.1265625 0.6203125 0.0734375 0.07421875
2 0.309375 0.59765625 0.0859375 0.0859375
2 0.21328125 0.675 0.0734375 0.07421875
2 0.68125 0.5359375 0.0734375 0.07421875
2 0.665625 0.42890625 0.0734375 0.07421875
2 0.4953125 0.86015625 0.0734375 0.0734375
2 0.48359375 0.746875 0.0734375 0.0734375
2 0.68046875 0.7375 0.0734375 0.0734375
2 0.89140625 0.8515625 0.08515625 0.0859375
2 0.7828125 0.8078125 0.0734375 0.0734375
2 0.784375 0.6828125 0.0734375 0.0734375
2 0.40234375 0.79296875 0.0859375 0.0859375
2 0.68125 0.62421875 0.0734375 0.0734375
2 0.7765625 0.5859375 0.0734375 0.07421875
2 0.39609375 0.67421875 0.0734375 0.0734375
1 0.1203125 0.1171875 0.0859375 0.0859375
1 0.215625 0.059375 0.09765625 0.0984375
1 0.41015625 0.06484375 0.09765625 0.0984375
2 0.11796875 0.3109375 0.0609375 0.06171875
1 0.1203125 0.753125 0.09765625 0.09765625
2 0.20625 0.34296875 0.0609375 0.06171875
1 0.2203125 0.81328125 0.08515625 0.0859375
2 0.29453125 0.2953125 0.06171875 0.06171875
2 0.2953125 0.38203125 0.06171875 0.06171875
1 0.31328125 0.734375 0.0859375 0.0859375
1 0.31328125 0.85078125 0.08515625 0.0859375
2 0.4 0.3625 0.0484375 0.05
2 0.39921875 0.46640625 0.0484375 0.05
2 0.403125 0.57578125 0.0734375 0.0734375
2 0.475 0.32578125 0.0609375 0.06171875
2 0.478125 0.4234375 0.0609375 0.06171875
2 0.478125 0.50859375 0.0609375 0.06171875
2 0.4875 0.61640625 0.06171875 0.06171875
2 0.56328125 0.37734375 0.06171875 0.06171875
2 0.57109375 0.4828125 0.0734375 0.0734375
2 0.584375 0.57109375 0.0734375 0.0734375
2 0.5828125 0.68203125 0.0734375 0.0734375
2 0.58515625 0.803125 0.0734375 0.0734375
2 0.653125 0.3171875 0.06171875 0.06171875
1 0.69609375 0.85234375 0.0859375 0.08671875
1 0.771875 0.46875 0.0734375 0.07421875
1 0.8828125 0.3109375 0.09765625 0.0984375
1 0.88828125 0.428125 0.11015625 0.1109375
1 0.89375 0.53203125 0.11015625 0.1109375
1 0.8890625 0.6375 0.0734375 0.07421875
1 0.8875 0.74921875 0.0734375 0.07421875
1 0.78984375 0.921875 0.0859375 0.0859375
1 0.5890625 0.9203125 0.08515625 0.08671875
1 0.40390625 0.91640625 0.0734375 0.0734375
1 0.31484375 0.94609375 0.08515625 0.0859375
1 0.2203125 0.925 0.09765625 0.09765625
1 0.1265625 0.86796875 0.0859375 0.0859375