2 0.14296875 0.11640625 0.0734375 0.07421875
2 0.24921875 0.32421875 0.0734375 0.07421875
3 0.9015625 0.7875 0.09765625 0.09765625
1 0.8953125 0.89140625 0.09765625 0.0984375
1 0.80625 0.8390625 0.11015625 0.11015625
1 0.80546875 0.946875 0.09765625 0.0984375
1 0.71015625 0.7828125 0.11015625 0.11015625
1 0.7125 0.8859375 0.109375 0.1109375
1 0.5375 0.76875 0.11015625 0.1109375
1 0.5296875 0.86875 0.109375 0.11015625
1 0.4203125 0.8265625 0.109375 0.11015625
1 0.33125 0.78359375 0.09765625 0.0984375
1 0.33046875 0.87734375 0.11015625 0.11015625
1 0.05625 0.81875 0.0859375 0.0859375
1 0.05859375 0.91484375 0.09765625 0.09765625
1 0.90234375 0.68125 0.109375 0.11015625
1 0.7953125 0.72421875 0.109375 0.11015625
1 0.80859375 0.3921875 0.09765625 0.09765625
1 0.9046875 0.1125 0.09765625 0.0984375
1 0.90390625 0.23359375 0.11015625 0.11015625
1 0.90546875 0.346875 0.109375 0.11015625
1 0.8125 0.07109375 0.09765625 0.09765625
1 0.80546875 0.1703125 0.09765625 0.09765625
1 0.81328125 0.2828125 0.109375 0.1109375
1 0.71796875 0.1109375 0.109375 0.1109375
0 0.71796875 0.20625 0.09765625 0.0984375
1 0.7140625 0.33671875 0.109375 0.11015625
1 0.7140625 0.4640625 0.09765625 0.09765625
1 0.7109375 0.66328125 0.109375 0.1109375
1 0.6265625 0.5171875 0.09765625 0.0984375
1 0.6234375 0.40546875 0.11015625 0.1109375
1 0.62421875 0.28203125 0.11015625 0.11015625
1 0.62109375 0.17109375 0.109375 0.11015625
1 0.625 0.059375 0.109375 0.11015625
1 0.5359375 0.11875 0.09765625 0.09765625
1 0.5390625 0.22421875 0.09765625 0.0984375
1 0.54296875 0.31796875 0.09765625 0.0984375
1 0.5390625 0.4578125 0.109375 0.11015625
1 0.54296875 0.56875 0.109375 0.11015625
1 0.52890625 0.67578125 0.11015625 0.1109375
1 0.428125 0.71875 0.109375 0.1109375
1 0.42890625 0.61328125 0.11015625 0.1109375
1 0.42890625 0.496875 0.08515625 0.0859375
1 0.434375 0.275 0.09765625 0.0984375
1 0.4375 0.175 0.109375 0.1109375
1 0.43125 0.06796875 0.11015625 0.11015625
1 0.06953125 0.04453125 0.0859375 0.08671875
1 0.06796875 0.15625 0.08515625 0.0859375
1 0.1375 0.20703125 0.0859375 0.0859375
1 0.0609375 0.30078125 0.08515625 0.0859375
1 0.14765625 0.35625 0.08515625 0.0859375
1 0.25234375 0.4015625 0.08515625 0.0859375
1 0.1515625 0.7546875 0.0859375 0.0859375
1 0.05859375 0.60625 0.09765625 0.09765625
1 0.0625 0.5125 0.09765625 0.09765625
1 0.2515625 0.50234375 0.09765625 0.0984375
1 0.146875 0.56171875 0.09765625 0.0984375
1 0.14921875 0.66484375 0.08515625 0.0859375
1 0.0625 0.4125 0.0859375 0.0859375
1 0.14375 0.44921875 0.08515625 0.0859375
1 0.35 0.66640625 0.09765625 0.0984375