1 0.57890625 0.5203125 0.109375 0.11015625
1 0.19609375 0.0828125 0.11015625 0.11015625
1 0.2953125 0.14375 0.09765625 0.0984375
1 0.3921875 0.0875 0.09765625 0.0984375
1 0.4796875 0.13984375 0.109375 0.11015625
1 0.57890625 0.084375 0.11015625 0.1109375
1 0.76953125 0.08125 0.109375 0.11015625
1 0.86640625 0.1375 0.109375 0.11015625
1 0.865625 0.24921875 0.109375 0.11015625
1 0.8671875 0.353125 0.109375 0.1109375
1 0.86875 0.46796875 0.109375 0.1109375
1 0.8640625 0.5671875 0.11015625 0.1109375
1 0.7671875 0.19375 0.109375 0.11015625
1 0.76875 0.3046875 0.11015625 0.1109375
1 0.76640625 0.4125 0.11015625 0.1109375
1 0.77109375 0.51875 0.11015625 0.11015625
1 0.66953125 0.1375 0.11015625 0.1109375
1 0.67109375 0.2453125 0.11015625 0.1109375
1 0.675 0.3625 0.11015625 0.11015625
1 0.6796875 0.4671875 0.109375 0.11015625
1 0.58125 0.2015625 0.11015625 0.1109375
1 0.5796875 0.30625 0.09765625 0.0984375
1 0.57734375 0.4125 0.109375 0.11015625
1 0.484375 0.2484375 0.09765625 0.0984375
1 0.4796875 0.36015625 0.109375 0.11015625
1 0.48359375 0.4640625 0.109375 0.11015625
2 0.4859375 0.57734375 0.0484375 0.05
2 0.578125 0.63203125 0.0484375 0.05
2 0.67265625 0.5703125 0.0484375 0.0484375
1 0.384375 0.19296875 0.109375 0.11015625
1 0.38984375 0.3078125 0.11015625 0.11015625
1 0.38984375 0.41875 0.11015625 0.11015625
1 0.39296875 0.53046875 0.11015625 0.11015625
1 0.3921875 0.63671875 0.08515625 0.0859375
1 0.2953125 0.2453125 0.09765625 0.0984375
1 0.290625 0.35625 0.11015625 0.11015625
1 0.29609375 0.4671875 0.09765625 0.0984375
1 0.2015625 0.196875 0.109375 0.11015625
1 0.1984375 0.30546875 0.109375 0.11015625
1 0.203125 0.41484375 0.109375 0.11015625
1 0.20234375 0.51875 0.109375 0.11015625
1 0.20390625 0.640625 0.0734375 0.07421875
1 0.11015625 0.14296875 0.109375 0.11015625
1 0.109375 0.2515625 0.09765625 0.0984375
1 0.1109375 0.36640625 0.11015625 0.11015625
1 0.1046875 0.459375 0.11015625 0.11015625
1 0.10703125 0.58125 0.11015625 0.1109375
1 0.10078125 0.7015625 0.11015625 0.11015625
1 0.1046875 0.803125 0.11015625 0.11015625
1 0.1046875 0.9234375 0.11015625 0.11015625
1 0.2015625 0.74453125 0.0859375 0.08671875
1 0.2875 0.68984375 0.0734375 0.0734375
1 0.39296875 0.7390625 0.11015625 0.11015625
1 0.48359375 0.68984375 0.109375 0.11015625
1 0.5796875 0.7390625 0.109375 0.1109375
1 0.6828125 0.79765625 0.0859375 0.0859375
1 0.6765625 0.6859375 0.08515625 0.0859375
2 0.77265625 0.63671875 0.08515625 0.0859375
1 0.7703125 0.74296875 0.08515625 0.0859375
1 0.77734375 0.85078125 0.09765625 0.09765625
2 0.86640625 0.68515625 0.0734375 0.0734375
1 0.86953125 0.796875 0.08515625 0.0859375