1 0.165625 0.6078125 0.109375 0.11015625
2 0.83203125 0.54453125 0.0859375 0.08671875
2 0.34609375 0.7078125 0.0734375 0.07421875
1 0.9265625 0.140625 0.109375 0.1109375
1 0.92734375 0.2484375 0.08515625 0.0859375
1 0.9234375 0.3734375 0.09765625 0.0984375
1 0.93125 0.4828125 0.09765625 0.0984375
1 0.8265625 0.1078125 0.11015625 0.1109375
1 0.8296875 0.215625 0.08515625 0.0859375
1 0.82265625 0.33515625 0.08515625 0.0859375
1 0.82890625 0.43828125 0.0859375 0.0859375
1 0.7375 0.0484375 0.08515625 0.0859375
2 0.74453125 0.1625 0.02421875 0.02421875
2 0.73828125 0.28125 0.0375 0.0375
2 0.740625 0.3875 0.02421875 0.02421875
2 0.73515625 0.50078125 0.02421875 0.02421875
2 0.64296875 0.309375 0.02421875 0.02421875
2 0.64296875 0.41953125 0.02421875 0.02421875
2 0.6390625 0.534375 0.02421875 0.02421875
1 0.6453125 0.084375 0.09765625 0.0984375
1 0.64375 0.18984375 0.09765625 0.0984375
2 0.63515625 0.64375 0.02421875 0.02421875
2 0.63828125 0.72578125 0.02421875 0.02421875
2 0.7359375 0.5875 0.02421875 0.02421875
2 0.72890625 0.69453125 0.02421875 0.02421875
2 0.82890625 0.72578125 0.0375 0.0375
1 0.8265625 0.64296875 0.109375 0.11015625
1 0.9359375 0.58671875 0.0859375 0.0859375
1 0.9359375 0.69609375 0.0734375 0.0734375
1 0.35234375 0.275 0.09765625 0.0984375
1 0.35625 0.378125 0.109375 0.11015625
1 0.34765625 0.4890625 0.09765625 0.09765625
1 0.35234375 0.60078125 0.09765625 0.09765625
3 0.2546875 0.3296875 0.0859375 0.0859375
1 0.25625 0.44375 0.09765625 0.09765625
1 0.2515625 0.5484375 0.11015625 0.11015625
1 0.2515625 0.6578125 0.09765625 0.0984375
1 0.16640625 0.26640625 0.11015625 0.1109375
1 0.16484375 0.3796875 0.11015625 0.1109375
1 0.1640625 0.4921875 0.09765625 0.09765625
1 0.16875 0.71328125 0.0734375 0.0734375
1 0.0671875 0.21875 0.11015625 0.1109375
1 0.06640625 0.321875 0.109375 0.1109375
1 0.06328125 0.44375 0.109375 0.11015625
1 0.065625 0.5515625 0.09765625 0.0984375
1 0.06953125 0.65546875 0.09765625 0.0984375
1 0.07265625 0.93046875 0.08515625 0.0859375
2 0.16484375 0.87734375 0.0609375 0.06171875
1 0.25703125 0.93359375 0.0859375 0.0859375
2 0.3546875 0.884375 0.0359375 0.0375
1 0.45078125 0.9421875 0.08515625 0.0859375
2 0.55078125 0.8890625 0.0609375 0.06171875
1 0.63984375 0.9375 0.0859375 0.0859375
2 0.73671875 0.89609375 0.06171875 0.06171875
1 0.83125 0.9390625 0.09765625 0.0984375
2 0.92109375 0.90625 0.0484375 0.0484375