2 0.9 0.35625 0.0734375 0.07421875
1 0.24140625 0.084375 0.11015625 0.11015625
1 0.4359375 0.08125 0.109375 0.11015625
3 0.9 0.13203125 0.08515625 0.0859375
1 0.9 0.24296875 0.09765625 0.09765625
1 0.90546875 0.4640625 0.09765625 0.0984375
1 0.8109375 0.07890625 0.0859375 0.0859375
1 0.8078125 0.190625 0.09765625 0.0984375
1 0.80859375 0.30390625 0.09765625 0.0984375
1 0.80546875 0.40703125 0.08515625 0.0859375
1 0.80625 0.52265625 0.09765625 0.0984375
1 0.715625 0.128125 0.09765625 0.0984375
1 0.7125 0.24296875 0.09765625 0.0984375
1 0.71171875 0.34921875 0.09765625 0.0984375
1 0.7109375 0.46328125 0.09765625 0.0984375
1 0.709375 0.5765625 0.09765625 0.0984375
1 0.61484375 0.08203125 0.08515625 0.0859375
1 0.61796875 0.19453125 0.08515625 0.0859375
1 0.6140625 0.3015625 0.09765625 0.0984375
1 0.61875 0.41171875 0.09765625 0.0984375
1 0.615625 0.5265625 0.0859375 0.0859375
1 0.5265625 0.1359375 0.09765625 0.0984375
1 0.52421875 0.24296875 0.09765625 0.0984375
1 0.52265625 0.35625 0.09765625 0.0984375
1 0.52421875 0.46328125 0.09765625 0.0984375
1 0.52265625 0.584375 0.08515625 0.0859375
1 0.42890625 0.1921875 0.109375 0.11015625
1 0.43046875 0.30703125 0.11015625 0.11015625
1 0.434375 0.40859375 0.09765625 0.0984375
1 0.4234375 0.5171875 0.09765625 0.09765625
3 0.32890625 0.14375 0.11015625 0.11015625
3 0.2328125 0.1921875 0.11015625 0.11015625
1 0.33046875 0.24296875 0.11015625 0.11015625
1 0.32734375 0.3578125 0.11015625 0.11015625
1 0.33046875 0.47578125 0.11015625 0.1109375
1 0.328125 0.5828125 0.0859375 0.0859375
1 0.23203125 0.3140625 0.0734375 0.07421875
1 0.23515625 0.41328125 0.09765625 0.09765625
1 0.228125 0.53125 0.09765625 0.09765625
1 0.1328125 0.1375 0.109375 0.11015625
1 0.1359375 0.2484375 0.109375 0.1109375
1 0.13984375 0.3484375 0.109375 0.1109375
1 0.1328125 0.46796875 0.09765625 0.0984375
1 0.13359375 0.58515625 0.08515625 0.0859375
1 0.04765625 0.29296875 0.08515625 0.0859375
1 0.0515625 0.528125 0.09765625 0.0984375
1 0.05546875 0.63203125 0.0859375 0.0859375
1 0.05625 0.740625 0.0734375 0.0734375
1 0.13671875 0.690625 0.09765625 0.0984375
2 0.12734375 0.80625 0.06171875 0.06171875
1 0.228125 0.6375 0.09765625 0.0984375
1 0.23359375 0.74453125 0.09765625 0.0984375
1 0.33671875 0.69453125 0.09765625 0.09765625
1 0.428125 0.6328125 0.08515625 0.0859375
1 0.4265625 0.74375 0.09765625 0.09765625
1 0.5265625 0.69140625 0.09765625 0.09765625
1 0.5203125 0.7859375 0.08515625 0.0859375
1 0.615625 0.63671875 0.0859375 0.0859375
1 0.6171875 0.740625 0.0859375 0.0859375
1 0.7109375 0.68125 0.0859375 0.0859375
1 0.7078125 0.7890625 0.0859375 0.0859375
1 0.81171875 0.6296875 0.08515625 0.0859375
1 0.80390625 0.73125 0.09765625 0.0984375
1 0.903125 0.5828125 0.09765625 0.0984375
1 0.9015625 0.684375 0.09765625 0.0984375
2 0.040625 0.9515625 0.0484375 0.0484375
2 0.88203125 0.9671875 0.06171875 0.06171875