2 0.653125 0.07109375 0.0859375 0.0859375
2 0.846875 0.07578125 0.0734375 0.0734375
2 0.840625 0.29296875 0.08515625 0.0859375
2 0.8453125 0.409375 0.0734375 0.0734375
2 0.93515625 0.23515625 0.0734375 0.0734375
2 0.940625 0.4609375 0.08515625 0.0859375
2 0.934375 0.34921875 0.06171875 0.06171875
2 0.9375 0.57734375 0.0859375 0.0859375
2 0.9421875 0.1296875 0.0734375 0.0734375
1 0.0921875 0.07265625 0.09765625 0.0984375
1 0.1890625 0.115625 0.11015625 0.1109375
1 0.2796875 0.07734375 0.09765625 0.09765625
1 0.46640625 0.075 0.0734375 0.07421875
1 0.7515625 0.13046875 0.0859375 0.08671875
1 0.5640625 0.12421875 0.09765625 0.0984375
1 0.8390625 0.184375 0.0734375 0.0734375
1 0.84296875 0.515625 0.0859375 0.0859375
1 0.84375 0.6265625 0.09765625 0.09765625
1 0.746875 0.24140625 0.0859375 0.0859375
1 0.74296875 0.353125 0.09765625 0.0984375
1 0.74609375 0.4609375 0.0859375 0.0859375
1 0.74609375 0.5671875 0.09765625 0.09765625
1 0.65 0.18828125 0.09765625 0.0984375
1 0.65 0.2953125 0.09765625 0.0984375
1 0.653125 0.41015625 0.08515625 0.0859375
1 0.65546875 0.51875 0.08515625 0.0859375
1 0.6546875 0.6234375 0.09765625 0.09765625
1 0.55859375 0.23671875 0.09765625 0.0984375
1 0.56171875 0.35 0.09765625 0.09765625
1 0.5578125 0.46875 0.08515625 0.0859375
1 0.55625 0.57109375 0.09765625 0.09765625
1 0.46875 0.18125 0.09765625 0.09765625
1 0.465625 0.3015625 0.0859375 0.0859375
1 0.46796875 0.41015625 0.0734375 0.07421875
1 0.46640625 0.51875 0.0734375 0.07421875
1 0.45859375 0.63046875 0.0734375 0.0734375
1 0.37109375 0.13125 0.109375 0.1109375
1 0.3703125 0.2421875 0.09765625 0.09765625
1 0.37421875 0.35546875 0.09765625 0.09765625
1 0.37421875 0.4609375 0.08515625 0.0859375
1 0.37578125 0.56953125 0.09765625 0.0984375
1 0.2765625 0.184375 0.09765625 0.09765625
1 0.2765625 0.2953125 0.09765625 0.0984375
1 0.27890625 0.40625 0.08515625 0.0859375
1 0.27734375 0.51796875 0.09765625 0.0984375
1 0.27734375 0.63203125 0.09765625 0.0984375
1 0.1828125 0.24375 0.11015625 0.11015625
1 0.18515625 0.35078125 0.11015625 0.11015625
1 0.18125 0.46171875 0.0859375 0.0859375
1 0.18359375 0.57109375 0.09765625 0.0984375
1 0.08515625 0.18515625 0.09765625 0.0984375
1 0.08203125 0.29453125 0.09765625 0.0984375
1 0.090625 0.4078125 0.09765625 0.0984375
1 0.0921875 0.51484375 0.09765625 0.0984375
1 0.0890625 0.6265625 0.09765625 0.0984375
1 0.090625 0.7390625 0.109375 0.11015625
1 0.090625 0.846875 0.09765625 0.0984375
1 0.18359375 0.67890625 0.109375 0.11015625
1 0.190625 0.803125 0.109375 0.11015625
1 0.18359375 0.90703125 0.109375 0.11015625
1 0.278125 0.73359375 0.09765625 0.09765625
1 0.275 0.84921875 0.11015625 0.11015625
1 0.371875 0.684375 0.0734375 0.07421875
1 0.37421875 0.7921875 0.09765625 0.09765625
1 0.3703125 0.9 0.11015625 0.11015625
1 0.46328125 0.7359375 0.0734375 0.07421875
1 0.46015625 0.8484375 0.09765625 0.09765625
1 0.56171875 0.67890625 0.09765625 0.0984375
1 0.5578125 0.79296875 0.0859375 0.0859375
1 0.55546875 0.8953125 0.09765625 0.09765625
1 0.6546875 0.73125 0.09765625 0.0984375
1 0.659375 0.84921875 0.09765625 0.0984375
1 0.7484375 0.68203125 0.0859375 0.08671875
1 0.7484375 0.78984375 0.09765625 0.0984375
1 0.746875 0.89765625 0.09765625 0.0984375
1 0.84765625 0.7359375 0.09765625 0.0984375
1 0.840625 0.84453125 0.09765625 0.0984375
1 0.93671875 0.67578125 0.08515625 0.0859375
1 0.93671875 0.78828125 0.08515625 0.0859375
1 0.9375 0.9015625 0.09765625 0.0984375