2 0.21015625 0.37265625 0.0734375 0.0734375
2 0.20390625 0.15625 0.0734375 0.07421875
2 0.121875 0.4859375 0.0609375 0.06171875
1 0.9484375 0.88984375 0.08515625 0.0859375
1 0.8515625 0.9046875 0.09765625 0.0984375
1 0.8515625 0.81484375 0.109375 0.11015625
1 0.759375 0.775 0.09765625 0.0984375
1 0.7640625 0.8921875 0.109375 0.11015625
2 0.4859375 0.825 0.0484375 0.0484375
1 0.66171875 0.83828125 0.08515625 0.08671875
1 0.66171875 0.934375 0.08515625 0.0859375
1 0.5734375 0.88359375 0.08515625 0.0859375
2 0.39140625 0.88671875 0.0484375 0.0484375
2 0.3015625 0.8421875 0.0484375 0.0484375
2 0.296875 0.9421875 0.0484375 0.0484375
2 0.20703125 0.8953125 0.0375 0.0375
2 0.025 0.8796875 0.0359375 0.0375
2 0.10625 0.9359375 0.02421875 0.025
2 0.4796875 0.9328125 0.0484375 0.05
2 0.85859375 0.2015625 0.06171875 0.06171875
1 0.7796875 0.0546875 0.09765625 0.09765625
3 0.85625 0.2921875 0.0734375 0.0734375
1 0.86015625 0.39765625 0.09765625 0.0984375
1 0.85625 0.50625 0.11015625 0.11015625
1 0.77265625 0.4671875 0.09765625 0.09765625
1 0.77734375 0.3890625 0.09765625 0.0984375
1 0.6875 0.10625 0.09765625 0.09765625
1 0.5890625 0.06875 0.0859375 0.0859375
1 0.59140625 0.1609375 0.11015625 0.11015625
1 0.584375 0.27265625 0.09765625 0.0984375
2 0.675 0.41328125 0.0734375 0.0734375
1 0.68125 0.5125 0.09765625 0.0984375
1 0.49453125 0.10625 0.11015625 0.11015625
1 0.4984375 0.2140625 0.11015625 0.11015625
1 0.496875 0.3234375 0.109375 0.11015625
1 0.49375 0.4421875 0.09765625 0.0984375
1 0.39375 0.0578125 0.09765625 0.0984375
1 0.3890625 0.1671875 0.09765625 0.0984375
1 0.384375 0.27265625 0.09765625 0.0984375
1 0.39609375 0.38203125 0.08515625 0.0859375
1 0.3 0.4296875 0.08515625 0.0859375
1 0.2890625 0.1296875 0.0859375 0.0859375
1 0.29140625 0.215625 0.08515625 0.08671875
1 0.29765625 0.3234375 0.09765625 0.09765625
1 0.2171875 0.0515625 0.09765625 0.0984375
2 0.125 0.13828125 0.0609375 0.06171875
2 0.12421875 0.24140625 0.0734375 0.07421875
1 0.12734375 0.32734375 0.08515625 0.0859375
1 0.11796875 0.40625 0.0859375 0.0859375
1 0.2078125 0.26015625 0.09765625 0.0984375