2 0.19765625 0.54609375 0.0734375 0.0734375
2 0.1984375 0.43828125 0.08515625 0.0859375
2 0.1234375 0.9328125 0.08515625 0.0859375
2 0.77421875 0.64765625 0.0609375 0.06171875
2 0.40625 0.45 0.0609375 0.06171875
2 0.67265625 0.4921875 0.0734375 0.07421875
1 0.121875 0.4859375 0.09765625 0.0984375
1 0.121875 0.60234375 0.09765625 0.09765625
1 0.12265625 0.7171875 0.0734375 0.07421875
1 0.11796875 0.81875 0.0734375 0.07421875
1 0.221875 0.6515625 0.0734375 0.07421875
1 0.2171875 0.765625 0.09765625 0.09765625
1 0.21953125 0.8765625 0.09765625 0.09765625
1 0.3078125 0.48515625 0.08515625 0.08671875
1 0.31171875 0.5984375 0.11015625 0.11015625
1 0.3171875 0.7140625 0.11015625 0.11015625
1 0.3109375 0.82109375 0.11015625 0.11015625
1 0.3109375 0.93671875 0.109375 0.1109375
1 0.41328125 0.54140625 0.121875 0.121875
1 0.415625 0.65703125 0.09765625 0.0984375
1 0.40625 0.76875 0.09765625 0.0984375
1 0.40625 0.8875 0.09765625 0.0984375
1 0.496875 0.4984375 0.0859375 0.0859375
1 0.5015625 0.60390625 0.09765625 0.0984375
1 0.49375 0.7171875 0.09765625 0.0984375
1 0.4984375 0.825 0.0859375 0.0859375
1 0.5078125 0.93515625 0.09765625 0.0984375
1 0.58515625 0.55078125 0.08515625 0.0859375
1 0.5875 0.67265625 0.08515625 0.0859375
1 0.5921875 0.771875 0.0859375 0.08671875
1 0.5921875 0.88125 0.0859375 0.0859375
1 0.6734375 0.61640625 0.08515625 0.0859375
1 0.67109375 0.7265625 0.08515625 0.0859375
1 0.67109375 0.8265625 0.08515625 0.0859375
1 0.665625 0.94140625 0.08515625 0.0859375
2 0.778125 0.55390625 0.0484375 0.0484375
1 0.7703125 0.75859375 0.0859375 0.0859375
1 0.7703125 0.875 0.08515625 0.0859375
2 0.76484375 0.9640625 0.0484375 0.05
2 0.8734375 0.60234375 0.0609375 0.0609375