2 0.46328125 0.64140625 0.0734375 0.0734375
2 0.5515625 0.709375 0.0734375 0.07421875
2 0.6546875 0.65 0.0734375 0.07421875
2 0.6609375 0.5359375 0.0734375 0.07421875
2 0.67109375 0.41875 0.0734375 0.07421875
1 0.6765625 0.09375 0.0859375 0.0859375
1 0.67109375 0.20703125 0.08515625 0.0859375
1 0.553125 0.25859375 0.0859375 0.0859375
1 0.07890625 0.640625 0.0859375 0.0859375
2 0.75703125 0.5828125 0.0484375 0.0484375
1 0.0890625 0.09453125 0.09765625 0.0984375
1 0.08515625 0.20625 0.109375 0.11015625
1 0.08203125 0.31015625 0.09765625 0.0984375
1 0.08359375 0.41875 0.11015625 0.11015625
1 0.084375 0.5390625 0.08515625 0.0859375
1 0.1828125 0.1609375 0.11015625 0.11015625
1 0.1859375 0.2625 0.109375 0.11015625
1 0.17890625 0.36640625 0.09765625 0.09765625
1 0.1734375 0.478125 0.109375 0.11015625
1 0.18046875 0.59453125 0.11015625 0.11015625
1 0.27734375 0.0984375 0.109375 0.11015625
1 0.27890625 0.2078125 0.11015625 0.11015625
1 0.275 0.3109375 0.11015625 0.1109375
1 0.2671875 0.41953125 0.11015625 0.11015625
1 0.2703125 0.53984375 0.109375 0.11015625
1 0.3796875 0.14375 0.09765625 0.0984375
1 0.378125 0.2609375 0.0859375 0.0859375
1 0.38125 0.378125 0.0859375 0.0859375
1 0.46015625 0.3109375 0.09765625 0.09765625
1 0.46875 0.2015625 0.0859375 0.0859375
1 0.46640625 0.10234375 0.11015625 0.1109375
1 0.55625 0.15 0.0859375 0.0859375
1 0.9421875 0.815625 0.109375 0.11015625
1 0.9515625 0.37578125 0.08515625 0.0859375
1 0.846875 0.3078125 0.08515625 0.0859375
1 0.75703125 0.371875 0.09765625 0.09765625
1 0.56015625 0.4859375 0.08515625 0.0859375
1 0.55 0.60234375 0.09765625 0.0984375
1 0.46171875 0.759375 0.08515625 0.0859375
1 0.653125 0.7609375 0.08515625 0.0859375
1 0.9390625 0.4828125 0.08515625 0.08671875
1 0.93359375 0.5953125 0.0859375 0.0859375
1 0.9421875 0.6984375 0.09765625 0.0984375
1 0.8453125 0.76484375 0.09765625 0.0984375
1 0.84296875 0.87578125 0.0859375 0.0859375
1 0.74609375 0.81875 0.09765625 0.09765625
1 0.6484375 0.87578125 0.09765625 0.0984375
1 0.8328125 0.640625 0.08515625 0.0859375
1 0.75078125 0.6984375 0.0859375 0.0859375
1 0.45625 0.534375 0.08515625 0.0859375
1 0.3765625 0.5953125 0.08515625 0.0859375
1 0.3703125 0.70234375 0.09765625 0.09765625
1 0.3671875 0.8140625 0.09765625 0.0984375
1 0.271875 0.8671875 0.09765625 0.09765625
1 0.2671875 0.7546875 0.09765625 0.0984375
1 0.178125 0.81796875 0.09765625 0.0984375
1 0.0796875 0.865625 0.09765625 0.0984375
1 0.940625 0.928125 0.09765625 0.0984375
1 0.74921875 0.9203125 0.09765625 0.09765625
1 0.55234375 0.92265625 0.11015625 0.1109375
1 0.55390625 0.81953125 0.09765625 0.09765625
1 0.4625 0.8734375 0.09765625 0.09765625
1 0.36640625 0.92109375 0.109375 0.11015625
1 0.1828125 0.925 0.09765625 0.0984375