2 0.79375 0.10234375 0.0734375 0.0734375
2 0.86640625 0.253125 0.0734375 0.07421875
1 0.86640625 0.3703125 0.0859375 0.0859375
1 0.86796875 0.48359375 0.08515625 0.0859375
1 0.875 0.596875 0.09765625 0.09765625
1 0.87890625 0.7 0.109375 0.11015625
1 0.8890625 0.83671875 0.08515625 0.0859375
1 0.8796875 0.93125 0.09765625 0.0984375
1 0.78203125 0.88515625 0.11015625 0.11015625
1 0.784375 0.7578125 0.11015625 0.1109375
1 0.7875 0.65625 0.109375 0.1109375
1 0.78515625 0.540625 0.09765625 0.0984375
3 0.7859375 0.42890625 0.0734375 0.07421875
1 0.68828125 0.36640625 0.08515625 0.0859375
1 0.68515625 0.4875 0.08515625 0.0859375
1 0.6875 0.59609375 0.109375 0.11015625
1 0.690625 0.7046875 0.09765625 0.0984375
1 0.69609375 0.828125 0.0859375 0.0859375
1 0.69140625 0.9265625 0.109375 0.1109375
1 0.60078125 0.8734375 0.08515625 0.0859375
1 0.61015625 0.7640625 0.08515625 0.0859375
1 0.6125 0.6515625 0.08515625 0.0859375
1 0.61328125 0.5453125 0.09765625 0.0984375
1 0.5984375 0.440625 0.0859375 0.0859375
1 0.5046875 0.36953125 0.09765625 0.0984375
1 0.50078125 0.49375 0.11015625 0.11015625
1 0.5015625 0.6 0.11015625 0.11015625
1 0.50546875 0.709375 0.096875 0.0984375
1 0.50625 0.81328125 0.08515625 0.0859375
1 0.49921875 0.92890625 0.09765625 0.0984375
1 0.41328125 0.8703125 0.08515625 0.08671875
1 0.31484375 0.93125 0.08515625 0.0859375
1 0.4140625 0.4390625 0.109375 0.11015625
1 0.4140625 0.5453125 0.09765625 0.0984375
1 0.41328125 0.65546875 0.11015625 0.11015625
1 0.4109375 0.76875 0.109375 0.11015625
1 0.228125 0.41796875 0.08515625 0.0859375
1 0.2390625 0.54765625 0.09765625 0.09765625
1 0.23515625 0.653125 0.09765625 0.0984375
1 0.22265625 0.76875 0.09765625 0.0984375
1 0.12578125 0.37578125 0.09765625 0.09765625
1 0.1140625 0.48515625 0.109375 0.11015625
1 0.1234375 0.6 0.09765625 0.09765625
1 0.12109375 0.715625 0.09765625 0.0984375
1 0.1234375 0.8265625 0.09765625 0.09765625
3 0.790625 0.3046875 0.0734375 0.07421875
3 0.7859375 0.196875 0.0734375 0.0734375
1 0.6921875 0.15546875 0.0859375 0.0859375
1 0.6921875 0.2703125 0.0859375 0.0859375
3 0.88125 0.159375 0.0734375 0.07421875
3 0.88125 0.03984375 0.0734375 0.0734375
1 0.6046875 0.1125 0.0859375 0.0859375
1 0.60546875 0.20234375 0.0859375 0.0859375
1 0.50078125 0.06875 0.09765625 0.0984375
1 0.50625 0.15 0.09765625 0.0984375
1 0.40703125 0.2234375 0.08515625 0.0859375
1 0.4078125 0.31875 0.09765625 0.0984375
1 0.5046875 0.2640625 0.09765625 0.0984375
1 0.609375 0.31484375 0.09765625 0.0984375
1 0.41015625 0.115625 0.09765625 0.0984375
1 0.3171875 0.26640625 0.09765625 0.09765625
1 0.31640625 0.1515625 0.09765625 0.0984375
1 0.31796875 0.0515625 0.08515625 0.0859375
1 0.225 0.10546875 0.0859375 0.0859375
1 0.228125 0.20703125 0.0859375 0.0859375
1 0.221875 0.315625 0.0859375 0.08671875
1 0.1265625 0.1578125 0.08515625 0.0859375
1 0.1328125 0.26875 0.0859375 0.0859375
1 0.31484375 0.4859375 0.11015625 0.11015625
1 0.31640625 0.6078125 0.109375 0.11015625
1 0.31640625 0.7234375 0.109375 0.11015625
1 0.31171875 0.81875 0.109375 0.11015625
1 0.3171875 0.3796875 0.08515625 0.0859375