2 0.1296875 0.06328125 0.0734375 0.07421875
2 0.69375 0.821875 0.0734375 0.07421875
1 0.87578125 0.93828125 0.109375 0.11015625
1 0.871875 0.83125 0.109375 0.11015625
1 0.88125 0.7328125 0.09765625 0.0984375
1 0.88125 0.61484375 0.11015625 0.11015625
1 0.88671875 0.5015625 0.09765625 0.0984375
1 0.7875 0.44765625 0.109375 0.11015625
1 0.78046875 0.56328125 0.11015625 0.1109375
1 0.78828125 0.67421875 0.109375 0.11015625
1 0.7875 0.77421875 0.109375 0.11015625
1 0.78828125 0.88984375 0.109375 0.11015625
1 0.690625 0.9359375 0.08515625 0.0859375
1 0.7015625 0.7078125 0.08515625 0.0859375
1 0.69609375 0.6125 0.09765625 0.0984375
1 0.6953125 0.49921875 0.109375 0.11015625
1 0.59296875 0.4484375 0.11015625 0.11015625
1 0.5984375 0.5578125 0.109375 0.11015625
1 0.60234375 0.67265625 0.11015625 0.11015625
1 0.596875 0.775 0.109375 0.1109375
1 0.5875 0.88203125 0.109375 0.11015625
1 0.4984375 0.84921875 0.11015625 0.11015625
1 0.50546875 0.7171875 0.11015625 0.1109375
1 0.50546875 0.60859375 0.11015625 0.11015625
1 0.4046875 0.45 0.11015625 0.11015625
1 0.50390625 0.4953125 0.109375 0.11015625
1 0.403125 0.559375 0.09765625 0.0984375
1 0.4109375 0.6609375 0.09765625 0.0984375
1 0.40703125 0.7765625 0.11015625 0.11015625
1 0.40703125 0.8921875 0.09765625 0.0984375
1 0.30546875 0.93515625 0.09765625 0.0984375
1 0.31484375 0.8375 0.11015625 0.11015625
1 0.31640625 0.7234375 0.09765625 0.0984375
1 0.31328125 0.60078125 0.11015625 0.11015625
1 0.3140625 0.503125 0.11015625 0.11015625
1 0.215625 0.459375 0.0859375 0.0859375
1 0.21953125 0.56875 0.0859375 0.0859375
1 0.22109375 0.66328125 0.08515625 0.0859375
1 0.221875 0.7796875 0.08515625 0.0859375
1 0.225 0.88671875 0.0859375 0.0859375
1 0.1203125 0.94296875 0.09765625 0.0984375
1 0.1203125 0.8328125 0.0859375 0.0859375
1 0.12109375 0.72578125 0.09765625 0.09765625
1 0.128125 0.60078125 0.109375 0.1109375
1 0.1328125 0.5203125 0.09765625 0.0984375
1 0.88125 0.0578125 0.109375 0.1109375
1 0.88125 0.17265625 0.09765625 0.09765625
1 0.8765625 0.27421875 0.11015625 0.11015625
1 0.87578125 0.3859375 0.09765625 0.0984375
1 0.7875 0.33671875 0.09765625 0.0984375
1 0.7859375 0.23203125 0.11015625 0.11015625
1 0.7859375 0.1125 0.09765625 0.0984375
1 0.69140625 0.17421875 0.09765625 0.0984375
1 0.69375 0.2796875 0.109375 0.11015625
1 0.68671875 0.396875 0.09765625 0.0984375
1 0.59765625 0.353125 0.09765625 0.0984375
1 0.6 0.22578125 0.109375 0.11015625
1 0.59375 0.11875 0.109375 0.11015625
1 0.50703125 0.178125 0.09765625 0.0984375
1 0.503125 0.275 0.11015625 0.11015625
1 0.5 0.3875 0.09765625 0.0984375
1 0.4140625 0.33671875 0.109375 0.11015625
1 0.4140625 0.225 0.09765625 0.0984375
1 0.4109375 0.10859375 0.08515625 0.0859375
1 0.315625 0.0640625 0.09765625 0.0984375
1 0.3109375 0.27734375 0.09765625 0.09765625
1 0.31328125 0.38203125 0.0859375 0.0859375
1 0.221875 0.33671875 0.08515625 0.0859375
1 0.21953125 0.2171875 0.08515625 0.0859375
1 0.12890625 0.16875 0.09765625 0.09765625
1 0.12890625 0.2796875 0.09765625 0.09765625
1 0.128125 0.39140625 0.09765625 0.09765625