2 0.2625 0.1140625 0.0734375 0.07421875
2 0.1703125 0.19453125 0.0734375 0.0734375
2 0.3625 0.4015625 0.0734375 0.07421875
2 0.93125 0.059375 0.0734375 0.0734375
2 0.165625 0.08046875 0.06171875 0.06171875
1 0.07265625 0.11875 0.08515625 0.0859375
1 0.075 0.24921875 0.0859375 0.0859375
1 0.3671875 0.05703125 0.109375 0.11015625
1 0.36640625 0.29140625 0.09765625 0.0984375
1 0.546875 0.05859375 0.0859375 0.0859375
1 0.46171875 0.1125 0.08515625 0.0859375
1 0.92890625 0.178125 0.08515625 0.0859375
1 0.8375 0.1203125 0.09765625 0.09765625
1 0.83515625 0.23203125 0.09765625 0.0984375
1 0.7390625 0.28515625 0.09765625 0.09765625
1 0.73515625 0.17265625 0.09765625 0.0984375
1 0.6453125 0.2359375 0.09765625 0.0984375
1 0.54765625 0.28359375 0.09765625 0.0984375
1 0.92890625 0.8375 0.109375 0.11015625
1 0.8265625 0.78671875 0.11015625 0.11015625
1 0.83203125 0.89609375 0.109375 0.11015625
1 0.63828125 0.7875 0.11015625 0.11015625
1 0.7375 0.83359375 0.109375 0.11015625
1 0.63671875 0.896875 0.09765625 0.0984375
1 0.54609375 0.9390625 0.11015625 0.11015625
1 0.54765625 0.84140625 0.11015625 0.11015625
1 0.44921875 0.796875 0.0859375 0.0859375
1 0.453125 0.90625 0.0859375 0.0859375
1 0.3609375 0.93828125 0.109375 0.1109375
1 0.36640625 0.8578125 0.09765625 0.0984375
1 0.2765625 0.79765625 0.0859375 0.0859375
1 0.2609375 0.9046875 0.09765625 0.0984375
1 0.16875 0.73515625 0.09765625 0.09765625
1 0.171875 0.8484375 0.09765625 0.09765625
1 0.1703125 0.95 0.09765625 0.0984375
1 0.06953125 0.6875 0.0859375 0.0859375
1 0.07109375 0.7859375 0.08515625 0.0859375
1 0.0734375 0.9 0.0859375 0.0859375
1 0.93046875 0.290625 0.09765625 0.09765625
1 0.92109375 0.38203125 0.09765625 0.0984375
1 0.925 0.5125 0.09765625 0.0984375
1 0.9265625 0.61796875 0.109375 0.11015625
1 0.9203125 0.73515625 0.09765625 0.0984375
1 0.83125 0.690625 0.09765625 0.0984375
1 0.8328125 0.5640625 0.109375 0.11015625
1 0.82734375 0.45625 0.109375 0.11015625
1 0.834375 0.3390625 0.109375 0.11015625
1 0.740625 0.51640625 0.09765625 0.0984375
1 0.73671875 0.6125 0.11015625 0.11015625
1 0.73359375 0.725 0.09765625 0.0984375
1 0.64765625 0.67421875 0.109375 0.11015625
1 0.64765625 0.56328125 0.09765625 0.0984375
1 0.64375 0.44609375 0.08515625 0.0859375
1 0.65 0.34296875 0.09765625 0.0984375
1 0.5484375 0.4015625 0.09765625 0.0984375
1 0.54375 0.615625 0.09765625 0.09765625
1 0.546875 0.71953125 0.0859375 0.0859375
1 0.45546875 0.675 0.08515625 0.0859375
1 0.45234375 0.5546875 0.08515625 0.0859375
1 0.459375 0.3390625 0.0859375 0.0859375
1 0.3625 0.50703125 0.09765625 0.09765625
1 0.3625 0.6171875 0.09765625 0.09765625
1 0.3609375 0.7296875 0.09765625 0.09765625
1 0.26875 0.6765625 0.09765625 0.0984375
1 0.27265625 0.56328125 0.09765625 0.09765625
1 0.2671875 0.45703125 0.08515625 0.0859375
1 0.2703125 0.3484375 0.11015625 0.1109375
1 0.17890625 0.39765625 0.09765625 0.09765625
1 0.1703125 0.50078125 0.09765625 0.09765625
1 0.16328125 0.61875 0.09765625 0.0984375
1 0.07109375 0.590625 0.08515625 0.0859375