2 0.7796875 0.94765625 0.0734375 0.0734375
2 0.77890625 0.84609375 0.0734375 0.0734375
2 0.1046875 0.0203125 0.02421875 0.02421875
2 0.29609375 0.01953125 0.0375 0.0375
2 0.47421875 0.05546875 0.06171875 0.06171875
1 0.10625 0.23125 0.0859375 0.0859375
1 0.0984375 0.34140625 0.09765625 0.0984375
1 0.10859375 0.4515625 0.109375 0.11015625
1 0.10625 0.56328125 0.121875 0.1234375
2 0.1046875 0.675 0.06171875 0.06171875
2 0.20390625 0.18984375 0.06171875 0.06171875
1 0.2 0.28359375 0.09765625 0.0984375
1 0.2046875 0.3984375 0.121875 0.1234375
1 0.196875 0.50703125 0.109375 0.11015625
1 0.20078125 0.621875 0.121875 0.1234375
1 0.203125 0.728125 0.109375 0.1109375
1 0.29765625 0.2328125 0.09765625 0.0984375
1 0.29375 0.3421875 0.11015625 0.11015625
1 0.2859375 0.44609375 0.121875 0.1234375
1 0.29453125 0.56875 0.11015625 0.11015625
1 0.2953125 0.671875 0.121875 0.1234375
2 0.3875 0.2 0.0484375 0.0484375
1 0.384375 0.2859375 0.09765625 0.0984375
1 0.384375 0.40078125 0.121875 0.121875
1 0.38828125 0.50703125 0.121875 0.1234375
1 0.3875 0.6234375 0.11015625 0.11015625
1 0.38359375 0.7265625 0.121875 0.1234375
1 0.4734375 0.2328125 0.0734375 0.0734375
1 0.47734375 0.3453125 0.109375 0.11015625
1 0.478125 0.4546875 0.109375 0.11015625
1 0.478125 0.5625 0.0859375 0.0859375
1 0.48359375 0.6765625 0.11015625 0.11015625
1 0.58359375 0.28515625 0.121875 0.1234375
1 0.571875 0.39375 0.121875 0.1234375
1 0.57890625 0.5140625 0.09765625 0.0984375
1 0.5796875 0.6125 0.09765625 0.0984375
1 0.5765625 0.7328125 0.121875 0.1234375
1 0.67734375 0.23046875 0.0734375 0.07421875
1 0.6828125 0.34296875 0.09765625 0.09765625
1 0.6890625 0.45625 0.121875 0.1234375
1 0.684375 0.56875 0.09765625 0.0984375
1 0.67265625 0.67109375 0.09765625 0.0984375
1 0.778125 0.2859375 0.121875 0.1234375
1 0.77421875 0.40625 0.121875 0.1234375
1 0.77578125 0.51484375 0.08515625 0.0859375
1 0.7734375 0.63515625 0.09765625 0.0984375
1 0.86796875 0.2375 0.09765625 0.09765625
1 0.871875 0.35078125 0.09765625 0.09765625
1 0.871875 0.4546875 0.09765625 0.09765625
1 0.87421875 0.56953125 0.09765625 0.09765625
1 0.8734375 0.67578125 0.121875 0.1234375
1 0.771875 0.7453125 0.0734375 0.0734375
1 0.8734375 0.7859375 0.121875 0.1234375
2 0.95859375 0.2890625 0.0734375 0.07421875
1 0.86953125 0.89375 0.11015625 0.11015625
1 0.66875 0.7859375 0.09765625 0.0984375
1 0.67109375 0.8953125 0.09765625 0.0984375
1 0.5734375 0.846875 0.11015625 0.11015625
1 0.471875 0.78203125 0.11015625 0.11015625
1 0.48046875 0.89296875 0.09765625 0.0984375
1 0.38359375 0.83828125 0.09765625 0.0984375
1 0.3859375 0.94453125 0.09765625 0.09765625
1 0.29140625 0.7828125 0.121875 0.1234375
1 0.290625 0.89453125 0.09765625 0.09765625
1 0.19375 0.83984375 0.09765625 0.09765625
1 0.2 0.95 0.09765625 0.09765625
1 0.1078125 0.778125 0.11015625 0.1109375
1 0.103125 0.89375 0.09765625 0.09765625