2 0.2828125 0.30390625 0.0734375 0.07421875
2 0.1890625 0.24296875 0.0609375 0.06171875
2 0.29140625 0.74375 0.0734375 0.0734375
2 0.36484375 0.89453125 0.0734375 0.07421875
2 0.478125 0.1734375 0.0734375 0.07421875
3 0.28828125 0.94609375 0.0734375 0.07421875
3 0.28359375 0.83828125 0.0734375 0.0734375
1 0.190625 0.796875 0.0859375 0.0859375
1 0.190625 0.9125 0.0859375 0.0859375
3 0.3796875 0.80078125 0.0734375 0.07421875
3 0.3796875 0.68125 0.0734375 0.0734375
1 0.94453125 0.35390625 0.09765625 0.0984375
1 0.940625 0.46328125 0.09765625 0.0984375
1 0.940625 0.5765625 0.09765625 0.0984375
1 0.9421875 0.6890625 0.09765625 0.09765625
1 0.9421875 0.7875 0.109375 0.1109375
1 0.93671875 0.89921875 0.11015625 0.11015625
1 0.84609375 0.203125 0.08515625 0.0859375
1 0.84296875 0.309375 0.08515625 0.0859375
1 0.84609375 0.40625 0.08515625 0.0859375
1 0.84296875 0.5203125 0.08515625 0.0859375
1 0.8453125 0.634375 0.09765625 0.09765625
1 0.84296875 0.75859375 0.08515625 0.0859375
1 0.8484375 0.8609375 0.08515625 0.0859375
1 0.75390625 0.90703125 0.09765625 0.0984375
1 0.7484375 0.8 0.11015625 0.1109375
1 0.7546875 0.6890625 0.09765625 0.09765625
1 0.7609375 0.5734375 0.109375 0.11015625
1 0.759375 0.46796875 0.09765625 0.0984375
3 0.75546875 0.36015625 0.08515625 0.0859375
1 0.7546875 0.2484375 0.08515625 0.0859375
1 0.66015625 0.1890625 0.0859375 0.0859375
1 0.6609375 0.303125 0.0859375 0.0859375
1 0.65625 0.4125 0.09765625 0.09765625
1 0.665625 0.5296875 0.109375 0.1109375
1 0.6609375 0.62578125 0.09765625 0.0984375
1 0.6671875 0.746875 0.11015625 0.11015625
1 0.6625 0.84921875 0.109375 0.11015625
1 0.56875 0.90078125 0.11015625 0.11015625
1 0.57421875 0.8078125 0.109375 0.1109375
1 0.56171875 0.684375 0.109375 0.11015625
1 0.56171875 0.571875 0.109375 0.11015625
1 0.565625 0.46171875 0.109375 0.11015625
1 0.56953125 0.3578125 0.109375 0.1109375
1 0.575 0.23515625 0.09765625 0.0984375
1 0.48046875 0.2875 0.0859375 0.0859375
1 0.4765625 0.5125 0.09765625 0.0984375
1 0.47265625 0.3953125 0.0859375 0.08671875
1 0.3796875 0.4609375 0.08515625 0.0859375
1 0.3765625 0.35859375 0.0859375 0.0859375
1 0.46953125 0.7265625 0.0859375 0.0859375
1 0.475 0.846875 0.0859375 0.0859375
1 0.471875 0.6265625 0.08515625 0.0859375
1 0.4734375 0.953125 0.08515625 0.0859375
1 0.37421875 0.23515625 0.09765625 0.0984375
1 0.28984375 0.20234375 0.09765625 0.09765625
1 0.284375 0.41328125 0.09765625 0.09765625
1 0.28515625 0.51640625 0.09765625 0.0984375
1 0.29140625 0.63671875 0.08515625 0.0859375
1 0.3765625 0.56953125 0.08515625 0.0859375
1 0.196875 0.3625 0.109375 0.1109375
1 0.190625 0.46953125 0.11015625 0.11015625
1 0.1921875 0.5765625 0.11015625 0.11015625
1 0.19296875 0.696875 0.11015625 0.11015625
1 0.10234375 0.75390625 0.0859375 0.0859375
1 0.103125 0.84375 0.0859375 0.0859375
1 0.1078125 0.6453125 0.08515625 0.0859375
1 0.10390625 0.5140625 0.11015625 0.11015625
1 0.1 0.4125 0.11015625 0.11015625
1 0.1046875 0.3078125 0.0859375 0.0859375
1 0.1078125 0.19609375 0.09765625 0.0984375
1 0.10625 0.065625 0.08515625 0.0859375
1 0.19375 0.14375 0.08515625 0.0859375
1 0.2921875 0.10625 0.09765625 0.0984375
1 0.38203125 0.1359375 0.08515625 0.0859375
1 0.4703125 0.071875 0.08515625 0.0859375
1 0.56953125 0.1390625 0.11015625 0.1109375
1 0.6640625 0.07890625 0.09765625 0.09765625
1 0.7546875 0.13515625 0.09765625 0.0984375
1 0.85078125 0.0734375 0.09765625 0.0984375
1 0.9484375 0.13125 0.09765625 0.0984375