2 0.0875 0.0578125 0.0734375 0.0734375
1 0.44296875 0.671875 0.08515625 0.0859375
1 0.4390625 0.79453125 0.11015625 0.11015625
1 0.4390625 0.90703125 0.11015625 0.1109375
1 0.3375 0.840625 0.109375 0.1109375
1 0.3390625 0.73671875 0.11015625 0.11015625
1 0.253125 0.675 0.09765625 0.0984375
1 0.253125 0.784375 0.109375 0.11015625
1 0.25546875 0.903125 0.11015625 0.11015625
1 0.15 0.84453125 0.09765625 0.0984375
1 0.1546875 0.7234375 0.09765625 0.09765625
1 0.059375 0.78984375 0.08515625 0.0859375
1 0.0625 0.89765625 0.109375 0.11015625
1 0.91328125 0.86015625 0.09765625 0.0984375
1 0.90625 0.74921875 0.09765625 0.09765625
1 0.9171875 0.634375 0.09765625 0.09765625
1 0.8171875 0.690625 0.109375 0.1109375
1 0.81640625 0.80234375 0.109375 0.11015625
1 0.81171875 0.9125 0.11015625 0.11015625
1 0.725 0.625 0.0859375 0.0859375
1 0.715625 0.74375 0.11015625 0.11015625
1 0.71796875 0.84765625 0.0859375 0.0859375
1 0.62578125 0.90078125 0.09765625 0.0984375
1 0.621875 0.80078125 0.09765625 0.09765625
1 0.62890625 0.6796875 0.09765625 0.09765625
1 0.5359375 0.640625 0.109375 0.1109375
1 0.53203125 0.74375 0.09765625 0.0984375
1 0.5359375 0.85234375 0.08515625 0.0859375
1 0.9234375 0.44765625 0.109375 0.11015625
1 0.9125 0.33984375 0.11015625 0.1109375
1 0.91875 0.2265625 0.109375 0.1109375
1 0.925 0.12734375 0.09765625 0.0984375
1 0.8296875 0.05859375 0.09765625 0.09765625
1 0.8296875 0.171875 0.09765625 0.09765625
1 0.8265625 0.28515625 0.09765625 0.09765625
1 0.734375 0.1328125 0.09765625 0.09765625
1 0.73203125 0.221875 0.11015625 0.11015625
1 0.73125 0.34296875 0.09765625 0.0984375
1 0.7328125 0.43828125 0.11015625 0.1109375
1 0.81796875 0.39140625 0.11015625 0.1109375
1 0.634375 0.3859375 0.09765625 0.0984375
1 0.6390625 0.26640625 0.0859375 0.0859375
1 0.6390625 0.1671875 0.109375 0.11015625
1 0.55078125 0.10390625 0.09765625 0.0984375
1 0.56328125 0.2484375 0.109375 0.11015625
1 0.55078125 0.34453125 0.109375 0.11015625
1 0.5359375 0.446875 0.09765625 0.09765625
1 0.4546875 0.39765625 0.109375 0.11015625
1 0.4515625 0.2796875 0.109375 0.11015625
0 0.45234375 0.18125 0.08515625 0.0859375
1 0.45 0.059375 0.09765625 0.09765625
1 0.3515625 0.1234375 0.09765625 0.0984375
1 0.3515625 0.225 0.09765625 0.09765625
1 0.3515625 0.340625 0.109375 0.11015625
1 0.353125 0.43828125 0.11015625 0.11015625
1 0.2546875 0.39609375 0.109375 0.11015625
1 0.25625 0.28203125 0.09765625 0.0984375
1 0.26640625 0.165625 0.109375 0.1109375
1 0.2578125 0.06484375 0.109375 0.11015625
1 0.175 0.12421875 0.0859375 0.0859375
1 0.0828125 0.1828125 0.09765625 0.09765625
1 0.06484375 0.2828125 0.11015625 0.11015625
1 0.06171875 0.36875 0.11015625 0.11015625
1 0.1671875 0.378125 0.109375 0.1109375
1 0.1578125 0.23359375 0.09765625 0.0984375