2 0.3265625 0.17109375 0.0734375 0.07421875
2 0.89765625 0.4 0.0734375 0.07421875
1 0.88203125 0.8421875 0.09765625 0.09765625
1 0.8859375 0.7203125 0.09765625 0.09765625
1 0.88203125 0.628125 0.109375 0.11015625
1 0.79609375 0.678125 0.09765625 0.09765625
1 0.7859375 0.7984375 0.09765625 0.09765625
1 0.79375 0.8953125 0.09765625 0.0984375
3 0.4078125 0.91015625 0.0859375 0.0859375
1 0.690625 0.55 0.0859375 0.0859375
1 0.69296875 0.740625 0.08515625 0.0859375
1 0.6015625 0.4640625 0.109375 0.11015625
1 0.6 0.571875 0.08515625 0.0859375
1 0.6 0.9015625 0.0859375 0.0859375
1 0.69140625 0.840625 0.0859375 0.08671875
1 0.50703125 0.5171875 0.0859375 0.0859375
1 0.50703125 0.62578125 0.09765625 0.0984375
1 0.503125 0.715625 0.09765625 0.0984375
1 0.50390625 0.95 0.09765625 0.0984375
1 0.4171875 0.4515625 0.09765625 0.09765625
1 0.4125 0.57734375 0.09765625 0.09765625
1 0.41015625 0.67265625 0.09765625 0.0984375
1 0.4109375 0.77890625 0.09765625 0.0984375
1 0.31953125 0.828125 0.0859375 0.0859375
1 0.3234375 0.72265625 0.0859375 0.0859375
1 0.32109375 0.6171875 0.08515625 0.0859375
1 0.32109375 0.51484375 0.08515625 0.0859375
1 0.228125 0.4546875 0.11015625 0.11015625
1 0.22421875 0.57109375 0.11015625 0.11015625
1 0.2171875 0.684375 0.11015625 0.11015625
1 0.215625 0.796875 0.109375 0.1109375
1 0.21953125 0.8984375 0.109375 0.1109375
1 0.13203125 0.8453125 0.109375 0.11015625
1 0.13203125 0.72109375 0.109375 0.11015625
1 0.13203125 0.62890625 0.11015625 0.1109375
1 0.1390625 0.5015625 0.109375 0.11015625
1 0.8953125 0.0828125 0.09765625 0.09765625
1 0.8921875 0.184375 0.09765625 0.09765625
1 0.8921875 0.2921875 0.09765625 0.0984375
1 0.80390625 0.121875 0.0859375 0.0859375
1 0.7953125 0.2359375 0.08515625 0.0859375
1 0.80078125 0.353125 0.0859375 0.0859375
1 0.80078125 0.45625 0.09765625 0.0984375
1 0.70703125 0.07109375 0.09765625 0.09765625
1 0.696875 0.1828125 0.09765625 0.0984375
1 0.6984375 0.28984375 0.08515625 0.0859375
1 0.69453125 0.403125 0.08515625 0.0859375
1 0.60625 0.1296875 0.11015625 0.11015625
1 0.59921875 0.24296875 0.11015625 0.11015625
1 0.60546875 0.353125 0.109375 0.11015625
1 0.5171875 0.40546875 0.109375 0.1109375
1 0.50859375 0.28671875 0.109375 0.11015625
1 0.5046875 0.18046875 0.109375 0.11015625
1 0.5140625 0.08125 0.09765625 0.0984375
1 0.4203125 0.12265625 0.109375 0.11015625
1 0.42109375 0.2390625 0.109375 0.11015625
1 0.41015625 0.35703125 0.109375 0.11015625
1 0.3234375 0.40546875 0.08515625 0.0859375
1 0.3234375 0.284375 0.08515625 0.0859375
1 0.334375 0.05625 0.08515625 0.0859375
1 0.2296875 0.12421875 0.109375 0.1109375
1 0.2203125 0.23125 0.109375 0.11015625
1 0.22578125 0.33828125 0.109375 0.11015625
1 0.1296875 0.3921875 0.109375 0.11015625
1 0.12890625 0.303125 0.109375 0.11015625
1 0.13125 0.19765625 0.11015625 0.11015625
1 0.13828125 0.065625 0.11015625 0.1109375