2 0.33203125 0.24453125 0.0859375 0.08671875
1 0.9046875 0.11875 0.09765625 0.0984375
1 0.903125 0.2390625 0.08515625 0.0859375
1 0.8140625 0.0640625 0.09765625 0.0984375
1 0.80390625 0.17265625 0.09765625 0.09765625
1 0.71015625 0.13125 0.11015625 0.1109375
1 0.7078125 0.23828125 0.0859375 0.0859375
1 0.615625 0.06875 0.09765625 0.09765625
1 0.60859375 0.18671875 0.09765625 0.09765625
1 0.5125 0.1234375 0.09765625 0.0984375
1 0.51328125 0.240625 0.08515625 0.0859375
1 0.4234375 0.0734375 0.09765625 0.0984375
1 0.43125 0.1828125 0.09765625 0.0984375
1 0.32890625 0.1390625 0.0859375 0.0859375
2 0.240625 0.0875 0.02421875 0.02421875
2 0.23515625 0.20078125 0.02421875 0.02421875
2 0.14296875 0.11953125 0.02421875 0.02421875
2 0.1390625 0.23515625 0.02421875 0.02421875
2 0.13515625 0.34453125 0.02421875 0.02421875
2 0.13828125 0.4265625 0.02421875 0.02421875
2 0.2359375 0.2875 0.02421875 0.02421875
2 0.22890625 0.3953125 0.02421875 0.02421875
2 0.32890625 0.42578125 0.0375 0.0375
1 0.3265625 0.34296875 0.109375 0.11015625
1 0.4359375 0.2875 0.0859375 0.0859375
1 0.4359375 0.39609375 0.0734375 0.0734375
1 0.51640625 0.34609375 0.09765625 0.0984375
2 0.50703125 0.46171875 0.06171875 0.06171875
1 0.60859375 0.2921875 0.09765625 0.0984375
1 0.61328125 0.4 0.09765625 0.0984375
1 0.7171875 0.35 0.09765625 0.09765625
1 0.8078125 0.28828125 0.08515625 0.0859375
1 0.80625 0.39921875 0.09765625 0.09765625
1 0.90625 0.346875 0.09765625 0.09765625
1 0.9 0.44140625 0.08515625 0.0859375
2 0.05078125 0.5890625 0.0609375 0.06171875
1 0.13984375 0.6375 0.0859375 0.0859375
1 0.13203125 0.74765625 0.09765625 0.0984375
1 0.14140625 0.8578125 0.109375 0.11015625
2 0.23671875 0.59609375 0.06171875 0.06171875
1 0.23359375 0.68984375 0.09765625 0.0984375
1 0.2375 0.8046875 0.121875 0.1234375
1 0.23046875 0.91328125 0.109375 0.11015625
1 0.33125 0.6390625 0.09765625 0.0984375
1 0.3265625 0.7484375 0.11015625 0.11015625
1 0.31875 0.85234375 0.121875 0.1234375
2 0.42109375 0.60625 0.0484375 0.0484375
1 0.41796875 0.6921875 0.09765625 0.0984375
1 0.4171875 0.80703125 0.121875 0.121875
1 0.42109375 0.91328125 0.121875 0.1234375
1 0.50625 0.6390625 0.0734375 0.0734375
1 0.5109375 0.7515625 0.109375 0.11015625
1 0.51171875 0.8609375 0.109375 0.11015625
1 0.61640625 0.69140625 0.121875 0.1234375
1 0.6046875 0.8 0.121875 0.1234375
1 0.6125 0.9203125 0.09765625 0.0984375
1 0.71015625 0.63671875 0.0734375 0.07421875
1 0.715625 0.74921875 0.09765625 0.09765625
1 0.721875 0.8625 0.121875 0.1234375
1 0.8109375 0.6921875 0.121875 0.1234375
1 0.80703125 0.8125 0.121875 0.1234375
1 0.809375 0.92109375 0.08515625 0.0859375
1 0.9015625 0.64375 0.09765625 0.09765625
1 0.90546875 0.75703125 0.09765625 0.09765625
1 0.90546875 0.8609375 0.09765625 0.09765625