2 0.0734375 0.653125 0.0734375 0.07421875
1 0.9109375 0.80546875 0.109375 0.11015625
1 0.8234375 0.753125 0.0859375 0.0859375
1 0.8125 0.8578125 0.0859375 0.0859375
1 0.9109375 0.9171875 0.08515625 0.0859375
1 0.7234375 0.70390625 0.09765625 0.0984375
1 0.72734375 0.81953125 0.0859375 0.0859375
1 0.72578125 0.92734375 0.09765625 0.0984375
1 0.6328125 0.76875 0.09765625 0.09765625
1 0.63359375 0.87109375 0.09765625 0.09765625
1 0.54609375 0.71953125 0.11015625 0.11015625
1 0.53984375 0.83359375 0.09765625 0.0984375
1 0.5359375 0.94296875 0.09765625 0.0984375
1 0.4421875 0.6828125 0.08515625 0.0859375
1 0.4390625 0.7890625 0.08515625 0.0859375
1 0.4421875 0.8859375 0.08515625 0.0859375
1 0.35546875 0.94765625 0.09765625 0.0984375
3 0.35078125 0.83984375 0.08515625 0.0859375
1 0.35 0.72734375 0.08515625 0.0859375
1 0.25625 0.66875 0.0859375 0.0859375
1 0.25703125 0.78203125 0.0859375 0.0859375
1 0.2515625 0.89140625 0.09765625 0.09765625
1 0.1609375 0.940625 0.109375 0.11015625
1 0.16484375 0.83671875 0.109375 0.1109375
1 0.17109375 0.7140625 0.09765625 0.0984375
1 0.0765625 0.76640625 0.0859375 0.0859375
1 0.06875 0.87421875 0.0859375 0.08671875
1 0.08515625 0.1109375 0.09765625 0.0984375
1 0.07421875 0.22578125 0.0859375 0.0859375
1 0.06953125 0.33984375 0.08515625 0.0859375
1 0.06875 0.44609375 0.08515625 0.0859375
1 0.065625 0.5515625 0.08515625 0.0859375
1 0.165625 0.065625 0.09765625 0.09765625
1 0.16328125 0.175 0.0859375 0.0859375
1 0.159375 0.284375 0.0859375 0.0859375
1 0.15625 0.4 0.09765625 0.0984375
1 0.17109375 0.521875 0.09765625 0.0984375
1 0.165625 0.61796875 0.11015625 0.1109375
1 0.2578125 0.1203125 0.0859375 0.0859375
1 0.25859375 0.240625 0.09765625 0.0984375
1 0.2546875 0.34765625 0.0859375 0.0859375
1 0.253125 0.45234375 0.08515625 0.0859375
1 0.259375 0.55859375 0.09765625 0.09765625
1 0.35078125 0.61484375 0.09765625 0.0984375
1 0.34921875 0.50859375 0.08515625 0.0859375
1 0.3546875 0.390625 0.0859375 0.0859375
1 0.3484375 0.28671875 0.08515625 0.08671875
1 0.3515625 0.1765625 0.09765625 0.0984375
1 0.353125 0.06015625 0.09765625 0.0984375
1 0.44609375 0.1109375 0.09765625 0.0984375
1 0.44921875 0.21953125 0.09765625 0.0984375
1 0.446875 0.3421875 0.0859375 0.0859375
1 0.4484375 0.4515625 0.09765625 0.0984375
1 0.44609375 0.553125 0.09765625 0.0984375
1 0.54609375 0.0640625 0.09765625 0.09765625
1 0.53984375 0.1671875 0.08515625 0.0859375
1 0.5375 0.2765625 0.09765625 0.09765625
1 0.546875 0.3921875 0.09765625 0.0984375
1 0.53984375 0.5046875 0.09765625 0.0984375
1 0.54375 0.6109375 0.09765625 0.0984375
1 0.6359375 0.653125 0.09765625 0.0984375
1 0.6421875 0.5421875 0.09765625 0.09765625
1 0.634375 0.434375 0.09765625 0.0984375
1 0.6375 0.3234375 0.09765625 0.09765625
1 0.63671875 0.21015625 0.09765625 0.0984375
1 0.64453125 0.1 0.09765625 0.09765625
1 0.73046875 0.14921875 0.09765625 0.0984375
1 0.7296875 0.2640625 0.09765625 0.09765625
1 0.72578125 0.3796875 0.09765625 0.0984375
1 0.72890625 0.484375 0.08515625 0.0859375
1 0.728125 0.58671875 0.09765625 0.0984375
1 0.825 0.6375 0.11015625 0.11015625
1 0.8234375 0.52890625 0.109375 0.11015625
1 0.81875 0.42109375 0.109375 0.11015625
1 0.825 0.31953125 0.11015625 0.11015625
1 0.8234375 0.20625 0.11015625 0.11015625
1 0.82109375 0.0921875 0.109375 0.11015625
1 0.921875 0.1453125 0.109375 0.1109375
1 0.9140625 0.25703125 0.109375 0.11015625
1 0.91640625 0.3625 0.08515625 0.0859375
1 0.91875 0.45234375 0.0859375 0.0859375
1 0.9140625 0.58515625 0.09765625 0.0984375
1 0.91484375 0.696875 0.0859375 0.0859375