1 0.090625 0.06328125 0.109375 0.11015625
1 0.090625 0.1828125 0.09765625 0.0984375
1 0.18671875 0.1265625 0.109375 0.11015625
1 0.28671875 0.0421875 0.0734375 0.07421875
1 0.2765625 0.18125 0.09765625 0.09765625
1 0.3734375 0.11796875 0.09765625 0.09765625
1 0.475 0.07109375 0.109375 0.11015625
1 0.471875 0.175 0.11015625 0.1109375
1 0.565625 0.11953125 0.09765625 0.0984375
1 0.5671875 0.23046875 0.09765625 0.09765625
1 0.56640625 0.3453125 0.0859375 0.0859375
2 0.5671875 0.45078125 0.06171875 0.06171875
1 0.5671875 0.56484375 0.09765625 0.0984375
3 0.565625 0.67109375 0.11015625 0.11015625
1 0.659375 0.50390625 0.0859375 0.0859375
1 0.67421875 0.62109375 0.08515625 0.0859375
1 0.4703125 0.2890625 0.09765625 0.09765625
1 0.4703125 0.396875 0.08515625 0.0859375
1 0.47109375 0.51640625 0.11015625 0.11015625
1 0.471875 0.621875 0.109375 0.11015625
1 0.37265625 0.2125 0.11015625 0.1109375
1 0.3828125 0.33359375 0.09765625 0.0984375
2 0.3734375 0.45390625 0.0609375 0.06171875
1 0.375 0.55234375 0.109375 0.11015625
1 0.3734375 0.67109375 0.109375 0.11015625
1 0.2828125 0.28359375 0.09765625 0.0984375
1 0.2875 0.4 0.09765625 0.0984375
1 0.2796875 0.50546875 0.09765625 0.0984375
1 0.2796875 0.6140625 0.09765625 0.0984375
1 0.1859375 0.2296875 0.09765625 0.0984375
1 0.18671875 0.3390625 0.09765625 0.0984375
2 0.18671875 0.45546875 0.0734375 0.0734375
1 0.18828125 0.56015625 0.09765625 0.0984375
1 0.18671875 0.6734375 0.09765625 0.0984375
1 0.09609375 0.28984375 0.11015625 0.11015625
1 0.0890625 0.3875 0.09765625 0.0984375
1 0.0859375 0.5171875 0.09765625 0.0984375
1 0.0921875 0.62265625 0.109375 0.11015625
1 0.09453125 0.7234375 0.11015625 0.11015625
1 0.09296875 0.84453125 0.0859375 0.0859375
1 0.1890625 0.78203125 0.11015625 0.11015625
1 0.18828125 0.88671875 0.11015625 0.1109375
1 0.2828125 0.72421875 0.109375 0.11015625
1 0.28046875 0.84140625 0.11015625 0.11015625
1 0.37109375 0.77578125 0.109375 0.11015625
1 0.3703125 0.8890625 0.109375 0.11015625
1 0.4703125 0.72578125 0.09765625 0.0984375
1 0.4703125 0.8375 0.109375 0.11015625
1 0.4734375 0.94375 0.09765625 0.0984375
1 0.56953125 0.77265625 0.11015625 0.11015625
1 0.56484375 0.8875 0.11015625 0.11015625
1 0.6703125 0.728125 0.0859375 0.0859375
1 0.6734375 0.8296875 0.08515625 0.0859375
1 0.66875 0.94140625 0.08515625 0.0859375
1 0.75625 0.56328125 0.09765625 0.09765625
1 0.76875 0.67109375 0.09765625 0.09765625
1 0.76484375 0.7828125 0.109375 0.11015625
1 0.7625 0.88828125 0.109375 0.11015625
1 0.8609375 0.6171875 0.11015625 0.1109375
1 0.86484375 0.7265625 0.11015625 0.1109375
1 0.8640625 0.83828125 0.109375 0.11015625
1 0.86015625 0.940625 0.09765625 0.0984375
1 0.8546875 0.50703125 0.08515625 0.0859375