3 0.54453125 0.86796875 0.0734375 0.07421875
1 0.91875 0.87890625 0.09765625 0.09765625
1 0.82890625 0.92421875 0.11015625 0.11015625
1 0.72734375 0.87421875 0.09765625 0.0984375
1 0.6375 0.9265625 0.11015625 0.1109375
1 0.34453125 0.871875 0.09765625 0.0984375
1 0.259375 0.9265625 0.09765625 0.0984375
1 0.06953125 0.92734375 0.11015625 0.11015625
3 0.6375 0.50078125 0.0859375 0.0859375
3 0.26015625 0.69453125 0.06171875 0.06171875
1 0.353125 0.76484375 0.08515625 0.0859375
1 0.45 0.7234375 0.0859375 0.0859375
1 0.45 0.81328125 0.0859375 0.0859375
1 0.54609375 0.7546875 0.0859375 0.0859375
1 0.55390625 0.66796875 0.0859375 0.0859375
1 0.9203125 0.140625 0.0859375 0.0859375
1 0.92265625 0.33125 0.08515625 0.0859375
1 0.8296875 0.16328125 0.08515625 0.0859375
1 0.82890625 0.4921875 0.0859375 0.0859375
1 0.8265625 0.59609375 0.11015625 0.11015625
1 0.82734375 0.71640625 0.11015625 0.11015625
1 0.82890625 0.8171875 0.09765625 0.09765625
1 0.925 0.77578125 0.09765625 0.0984375
1 0.92890625 0.6640625 0.09765625 0.09765625
1 0.928125 0.54296875 0.09765625 0.09765625
1 0.92109375 0.43125 0.0859375 0.08671875
1 0.7359375 0.10859375 0.0859375 0.0859375
1 0.7359375 0.21640625 0.09765625 0.0984375
1 0.7328125 0.30625 0.09765625 0.0984375
1 0.73359375 0.540625 0.09765625 0.0984375
1 0.73359375 0.64765625 0.09765625 0.0984375
1 0.7265625 0.76796875 0.09765625 0.0984375
1 0.6359375 0.81328125 0.08515625 0.0859375
1 0.64140625 0.16796875 0.09765625 0.09765625
1 0.63984375 0.26328125 0.09765625 0.0984375
1 0.640625 0.36953125 0.09765625 0.0984375
1 0.63359375 0.60078125 0.09765625 0.0984375
1 0.6328125 0.70625 0.09765625 0.0984375
1 0.5484375 0.41875 0.0859375 0.0859375
1 0.553125 0.31328125 0.0859375 0.0859375
1 0.55 0.2078125 0.08515625 0.0859375
1 0.55 0.10546875 0.08515625 0.0859375
1 0.45390625 0.16171875 0.11015625 0.11015625
1 0.446875 0.275 0.11015625 0.11015625
1 0.4453125 0.3875 0.109375 0.1109375
1 0.44921875 0.4890625 0.109375 0.1109375
1 0.353125 0.5453125 0.109375 0.1109375
1 0.3609375 0.4359375 0.109375 0.11015625
1 0.3609375 0.31171875 0.109375 0.11015625
1 0.36171875 0.21953125 0.11015625 0.1109375
1 0.36796875 0.0921875 0.109375 0.11015625
1 0.25625 0.1515625 0.109375 0.11015625
1 0.2640625 0.26875 0.09765625 0.0984375
1 0.2640625 0.378125 0.09765625 0.0984375
1 0.265625 0.48515625 0.09765625 0.0984375
1 0.265625 0.56875 0.09765625 0.09765625
1 0.16328125 0.52265625 0.09765625 0.0984375
1 0.17578125 0.10078125 0.109375 0.11015625
1 0.17265625 0.2375 0.109375 0.11015625
1 0.16484375 0.31953125 0.0859375 0.0859375
1 0.17265625 0.42109375 0.109375 0.11015625
1 0.084375 0.153125 0.0859375 0.0859375
1 0.0734375 0.2484375 0.109375 0.1109375
1 0.07109375 0.346875 0.11015625 0.11015625
1 0.08359375 0.46171875 0.11015625 0.11015625
1 0.25859375 0.81328125 0.109375 0.11015625
1 0.16484375 0.87578125 0.11015625 0.11015625
1 0.07265625 0.82578125 0.11015625 0.11015625
1 0.1703125 0.7484375 0.0859375 0.0859375
1 0.078125 0.71171875 0.109375 0.11015625
1 0.07109375 0.6375 0.09765625 0.0984375
1 0.08671875 0.04609375 0.08515625 0.0859375