2 0.4265625 0.1671875 0.0734375 0.07421875
2 0.6046875 0.859375 0.0734375 0.07421875
2 0.60703125 0.9453125 0.0734375 0.07421875
2 0.8078125 0.92734375 0.0734375 0.0734375
2 0.8015625 0.7109375 0.0734375 0.07421875
2 0.5265625 0.9125 0.0734375 0.0734375
1 0.90703125 0.33671875 0.11015625 0.1109375
1 0.9109375 0.46171875 0.121875 0.1234375
1 0.90390625 0.5671875 0.08515625 0.0859375
1 0.88671875 0.684375 0.0859375 0.0859375
1 0.8890625 0.7703125 0.08515625 0.08671875
1 0.8953125 0.878125 0.09765625 0.09765625
1 0.8109375 0.2859375 0.11015625 0.11015625
1 0.81484375 0.3953125 0.11015625 0.11015625
1 0.8125 0.50703125 0.09765625 0.0984375
1 0.8140625 0.60625 0.09765625 0.0984375
2 0.72265625 0.69296875 0.0609375 0.06171875
2 0.721875 0.79609375 0.0734375 0.07421875
1 0.725 0.88203125 0.08515625 0.0859375
1 0.7171875 0.35234375 0.109375 0.11015625
1 0.72421875 0.4484375 0.11015625 0.11015625
1 0.721875 0.5640625 0.109375 0.11015625
1 0.62578125 0.290625 0.0859375 0.0859375
1 0.62109375 0.4015625 0.109375 0.11015625
1 0.6234375 0.50859375 0.11015625 0.11015625
1 0.6234375 0.60859375 0.109375 0.1109375
1 0.6109375 0.75078125 0.09765625 0.0984375
1 0.52734375 0.7984375 0.09765625 0.0984375
1 0.5421875 0.68359375 0.0859375 0.0859375
1 0.528125 0.340625 0.08515625 0.08671875
1 0.534375 0.44453125 0.09765625 0.09765625
1 0.52734375 0.57578125 0.09765625 0.0984375
1 0.42578125 0.284375 0.0859375 0.0859375
1 0.42734375 0.39765625 0.08515625 0.0859375
1 0.434375 0.5109375 0.09765625 0.09765625
1 0.43828125 0.6140625 0.109375 0.11015625
1 0.4484375 0.75078125 0.08515625 0.0859375
1 0.4390625 0.8453125 0.09765625 0.0984375
1 0.34921875 0.89296875 0.11015625 0.11015625
1 0.34140625 0.79921875 0.11015625 0.11015625
1 0.34453125 0.671875 0.11015625 0.1109375
1 0.346875 0.5703125 0.109375 0.1109375
1 0.34453125 0.4546875 0.09765625 0.0984375
3 0.3453125 0.34296875 0.0734375 0.07421875
1 0.24765625 0.28046875 0.08515625 0.0859375
1 0.24453125 0.4015625 0.08515625 0.0859375
1 0.246875 0.51015625 0.109375 0.11015625
1 0.25 0.61875 0.09765625 0.0984375
1 0.25625 0.7421875 0.0859375 0.0859375
1 0.25078125 0.840625 0.109375 0.1109375
1 0.2515625 0.94765625 0.09765625 0.0984375
1 0.16015625 0.90625 0.0859375 0.0859375
1 0.1609375 0.7875 0.08515625 0.0859375
1 0.16953125 0.678125 0.08515625 0.0859375
1 0.17265625 0.565625 0.08515625 0.0859375
1 0.17265625 0.459375 0.09765625 0.0984375
1 0.1578125 0.3546875 0.0859375 0.0859375
1 0.0640625 0.28359375 0.09765625 0.0984375
1 0.06015625 0.4078125 0.11015625 0.11015625
1 0.0609375 0.5140625 0.11015625 0.11015625
1 0.06484375 0.6234375 0.096875 0.0984375
1 0.065625 0.72734375 0.08515625 0.0859375
1 0.05859375 0.84296875 0.09765625 0.0984375
3 0.35 0.21875 0.0734375 0.07421875
3 0.3453125 0.1109375 0.0734375 0.0734375
1 0.2515625 0.06953125 0.0859375 0.0859375
1 0.2515625 0.184375 0.0859375 0.0859375
3 0.440625 0.0734375 0.0734375 0.07421875
1 0.909375 0.13359375 0.08515625 0.0859375
1 0.815625 0.17890625 0.09765625 0.0984375
1 0.81015625 0.071875 0.11015625 0.1109375
1 0.7234375 0.121875 0.109375 0.11015625
1 0.63046875 0.1734375 0.11015625 0.11015625
1 0.7234375 0.2375 0.0859375 0.0859375
1 0.6359375 0.0796875 0.109375 0.1109375
1 0.5359375 0.11875 0.0859375 0.0859375
1 0.534375 0.22578125 0.08515625 0.0859375
1 0.16484375 0.11640625 0.0859375 0.0859375
1 0.065625 0.0640625 0.09765625 0.0984375
1 0.0640625 0.178125 0.09765625 0.0984375
1 0.16875 0.22890625 0.09765625 0.0984375
1 0.91328125 0.24453125 0.11015625 0.11015625
1 0.80546875 0.81484375 0.09765625 0.0984375