2 0.41328125 0.2359375 0.0734375 0.0734375
2 0.48671875 0.38671875 0.0734375 0.07421875
2 0.86171875 0.93046875 0.0734375 0.07421875
1 0.946875 0.9046875 0.0859375 0.0859375
1 0.871875 0.50546875 0.11015625 0.11015625
1 0.87578125 0.61484375 0.11015625 0.11015625
1 0.8734375 0.72734375 0.09765625 0.0984375
1 0.875 0.82578125 0.09765625 0.0984375
2 0.7828125 0.9125 0.0609375 0.06171875
1 0.77734375 0.571875 0.109375 0.11015625
1 0.784375 0.66875 0.11015625 0.11015625
1 0.78203125 0.78359375 0.109375 0.11015625
1 0.68671875 0.5109375 0.0859375 0.0859375
1 0.68125 0.621875 0.109375 0.11015625
1 0.684375 0.728125 0.11015625 0.11015625
1 0.68359375 0.828125 0.109375 0.1109375
1 0.60234375 0.903125 0.0859375 0.0859375
1 0.58828125 0.56015625 0.08515625 0.08671875
1 0.59453125 0.6640625 0.09765625 0.09765625
1 0.5875 0.7953125 0.09765625 0.0984375
1 0.4859375 0.50390625 0.0859375 0.0859375
1 0.4875 0.6171875 0.08515625 0.0859375
1 0.4953125 0.73046875 0.09765625 0.09765625
1 0.49921875 0.83359375 0.109375 0.11015625
1 0.4046875 0.89140625 0.11015625 0.1109375
1 0.40703125 0.78984375 0.109375 0.1109375
1 0.40546875 0.67421875 0.09765625 0.0984375
3 0.40546875 0.5625 0.0734375 0.07421875
1 0.3078125 0.5 0.08515625 0.0859375
1 0.30546875 0.62109375 0.08515625 0.0859375
1 0.3078125 0.7296875 0.109375 0.11015625
1 0.3109375 0.83828125 0.09765625 0.0984375
1 0.2296875 0.89765625 0.08515625 0.0859375
1 0.2328125 0.78515625 0.08515625 0.0859375
1 0.23359375 0.67890625 0.09765625 0.0984375
1 0.21875 0.57421875 0.0859375 0.0859375
1 0.125 0.503125 0.09765625 0.0984375
1 0.1203125 0.62734375 0.11015625 0.11015625
1 0.121875 0.73359375 0.11015625 0.11015625
1 0.12578125 0.84296875 0.096875 0.0984375
1 0.1265625 0.946875 0.08515625 0.0859375
3 0.4109375 0.43828125 0.0734375 0.07421875
3 0.40546875 0.33046875 0.0734375 0.0734375
1 0.3125 0.2890625 0.0859375 0.0859375
1 0.3125 0.4046875 0.0859375 0.0859375
3 0.5015625 0.29296875 0.0734375 0.07421875
3 0.5015625 0.1734375 0.0734375 0.0734375
1 0.87578125 0.39921875 0.09765625 0.0984375
1 0.8703125 0.2921875 0.11015625 0.1109375
1 0.8765625 0.18125 0.09765625 0.09765625
1 0.8828125 0.065625 0.109375 0.11015625
1 0.7828125 0.11796875 0.09765625 0.0984375
1 0.78984375 0.2390625 0.11015625 0.11015625
1 0.784375 0.34140625 0.109375 0.11015625
1 0.690625 0.39296875 0.11015625 0.11015625
1 0.784375 0.45703125 0.0859375 0.0859375
1 0.69609375 0.3 0.109375 0.1109375
1 0.68359375 0.1765625 0.109375 0.11015625
1 0.68359375 0.0640625 0.109375 0.11015625
1 0.5921875 0.21875 0.0859375 0.0859375
1 0.596875 0.3390625 0.0859375 0.0859375
1 0.59453125 0.11875 0.08515625 0.0859375
1 0.5953125 0.4453125 0.08515625 0.0859375
1 0.41328125 0.12890625 0.08515625 0.0859375
1 0.4984375 0.06171875 0.08515625 0.0859375
1 0.3140625 0.06875 0.11015625 0.11015625
1 0.31484375 0.1890625 0.11015625 0.11015625
1 0.225 0.24609375 0.0859375 0.0859375
1 0.22578125 0.3359375 0.0859375 0.0859375
1 0.2296875 0.1375 0.08515625 0.0859375
1 0.11875 0.0953125 0.11015625 0.11015625
1 0.12109375 0.20234375 0.09765625 0.0984375
1 0.12578125 0.28359375 0.09765625 0.0984375
1 0.125 0.39765625 0.09765625 0.0984375
1 0.2296875 0.4484375 0.09765625 0.0984375