2 0.42265625 0.76015625 0.0859375 0.08671875
1 0.23359375 0.075 0.09765625 0.09765625
1 0.228125 0.1921875 0.09765625 0.0984375
1 0.3296875 0.13359375 0.0734375 0.07421875
1 0.4265625 0.08671875 0.09765625 0.09765625
1 0.42890625 0.196875 0.09765625 0.09765625
1 0.5140625 0.1453125 0.109375 0.11015625
1 0.51484375 0.253125 0.109375 0.1109375
1 0.6125 0.0875 0.11015625 0.11015625
1 0.6140625 0.19609375 0.109375 0.11015625
1 0.71328125 0.13984375 0.11015625 0.11015625
1 0.7125 0.25546875 0.11015625 0.11015625
1 0.8078125 0.0921875 0.109375 0.11015625
1 0.8046875 0.19609375 0.109375 0.11015625
1 0.9 0.1453125 0.09765625 0.0984375
1 0.90625 0.25234375 0.109375 0.11015625
1 0.89921875 0.3625 0.109375 0.11015625
1 0.90078125 0.478125 0.11015625 0.11015625
1 0.90546875 0.5796875 0.09765625 0.0984375
1 0.89453125 0.68828125 0.09765625 0.09765625
3 0.79921875 0.31484375 0.11015625 0.11015625
3 0.70390625 0.3625 0.11015625 0.11015625
1 0.8015625 0.41328125 0.11015625 0.11015625
1 0.7984375 0.52890625 0.11015625 0.11015625
1 0.8015625 0.646875 0.11015625 0.1109375
1 0.7984375 0.75390625 0.0859375 0.0859375
1 0.70234375 0.48515625 0.0734375 0.07421875
1 0.70625 0.584375 0.09765625 0.09765625
1 0.69921875 0.70234375 0.09765625 0.09765625
1 0.603125 0.3078125 0.109375 0.11015625
1 0.60625 0.41875 0.109375 0.1109375
1 0.61015625 0.51953125 0.109375 0.1109375
1 0.603125 0.6390625 0.09765625 0.0984375
1 0.60390625 0.75625 0.08515625 0.0859375
1 0.5171875 0.35625 0.109375 0.1109375
1 0.51796875 0.4640625 0.08515625 0.0859375
1 0.51484375 0.5890625 0.09765625 0.0984375
1 0.52265625 0.6984375 0.09765625 0.0984375
1 0.4171875 0.3234375 0.11015625 0.1109375
1 0.4203125 0.43125 0.08515625 0.0859375
1 0.41328125 0.55078125 0.08515625 0.0859375
1 0.4203125 0.6546875 0.0859375 0.0859375
1 0.32890625 0.26484375 0.08515625 0.0859375
2 0.33515625 0.378125 0.02421875 0.02421875
2 0.32890625 0.496875 0.0375 0.0375
2 0.33125 0.603125 0.02421875 0.02421875
2 0.32578125 0.71640625 0.02421875 0.02421875
2 0.23359375 0.525 0.02421875 0.02421875
2 0.23359375 0.63515625 0.02421875 0.02421875
2 0.2296875 0.75078125 0.02421875 0.02421875
1 0.2359375 0.3 0.09765625 0.0984375
1 0.234375 0.40546875 0.09765625 0.0984375
2 0.22578125 0.86015625 0.02421875 0.02421875
2 0.22890625 0.9421875 0.02421875 0.02421875
2 0.3265625 0.803125 0.02421875 0.02421875
2 0.31953125 0.9109375 0.02421875 0.02421875
2 0.4203125 0.94140625 0.0375 0.0375
1 0.4171875 0.85859375 0.109375 0.11015625
1 0.5265625 0.803125 0.0859375 0.0859375
1 0.5265625 0.91171875 0.0734375 0.0734375
1 0.6078125 0.86171875 0.09765625 0.0984375
1 0.69921875 0.8078125 0.09765625 0.0984375
1 0.70390625 0.915625 0.09765625 0.0984375
1 0.8078125 0.865625 0.09765625 0.09765625
1 0.89921875 0.80390625 0.08515625 0.0859375
1 0.89765625 0.91484375 0.09765625 0.09765625