2 0.09140625 0.7890625 0.0734375 0.07421875
1 0.8640625 0.915625 0.109375 0.11015625
1 0.09765625 0.12421875 0.109375 0.11015625
1 0.09296875 0.23515625 0.109375 0.11015625
1 0.19453125 0.06875 0.109375 0.11015625
1 0.196875 0.1828125 0.09765625 0.0984375
1 0.19140625 0.29375 0.109375 0.11015625
1 0.28671875 0.13046875 0.11015625 0.11015625
1 0.29375 0.2453125 0.11015625 0.11015625
1 0.3875 0.075 0.11015625 0.1109375
1 0.38828125 0.1875 0.11015625 0.1109375
1 0.384375 0.303125 0.11015625 0.11015625
1 0.478125 0.12890625 0.109375 0.1109375
1 0.47734375 0.24296875 0.109375 0.1109375
1 0.57265625 0.075 0.11015625 0.11015625
1 0.575 0.1859375 0.09765625 0.09765625
1 0.578125 0.303125 0.109375 0.1109375
1 0.6734375 0.13515625 0.11015625 0.11015625
1 0.66875 0.24453125 0.11015625 0.11015625
1 0.671875 0.3546875 0.09765625 0.09765625
1 0.47265625 0.34921875 0.109375 0.11015625
3 0.953125 0.6375 0.0859375 0.0859375
1 0.86484375 0.57421875 0.11015625 0.1109375
1 0.8625 0.6875 0.11015625 0.1109375
1 0.8625 0.8 0.09765625 0.09765625
1 0.76484375 0.5265625 0.11015625 0.1109375
1 0.76484375 0.6296875 0.109375 0.1109375
1 0.76171875 0.7515625 0.109375 0.11015625
1 0.7640625 0.85859375 0.09765625 0.0984375
1 0.6671875 0.57734375 0.109375 0.11015625
1 0.671875 0.6859375 0.09765625 0.0984375
1 0.67265625 0.79609375 0.09765625 0.0984375
1 0.67265625 0.903125 0.09765625 0.0984375
1 0.6703125 0.4671875 0.109375 0.1109375
1 0.5734375 0.52421875 0.109375 0.11015625
1 0.56953125 0.628125 0.08515625 0.0859375
1 0.57421875 0.7296875 0.09765625 0.0984375
1 0.5765625 0.853125 0.09765625 0.0984375
1 0.47734375 0.46640625 0.11015625 0.11015625
1 0.47578125 0.56875 0.11015625 0.11015625
1 0.484375 0.68125 0.09765625 0.0984375
1 0.478125 0.78671875 0.09765625 0.0984375
1 0.4796875 0.90546875 0.09765625 0.0984375
1 0.38125 0.51875 0.11015625 0.11015625
1 0.38671875 0.6234375 0.109375 0.11015625
1 0.3875 0.73671875 0.09765625 0.0984375
1 0.38671875 0.85078125 0.09765625 0.0984375
1 0.38671875 0.95625 0.0859375 0.0859375
1 0.28515625 0.465625 0.0859375 0.08671875
1 0.2875 0.5734375 0.109375 0.11015625
1 0.28828125 0.68046875 0.09765625 0.0984375
1 0.2875 0.79375 0.09765625 0.0984375
1 0.29375 0.89765625 0.08515625 0.0859375
1 0.18828125 0.5140625 0.109375 0.11015625
1 0.19375 0.62578125 0.09765625 0.0984375
1 0.18984375 0.7328125 0.08515625 0.0859375
1 0.1921875 0.8421875 0.08515625 0.0859375
1 0.09296875 0.4515625 0.09765625 0.0984375
1 0.09140625 0.56640625 0.08515625 0.0859375
1 0.096875 0.6828125 0.08515625 0.0859375
1 0.0984375 0.8953125 0.0734375 0.07421875
1 0.575 0.41171875 0.109375 0.11015625
1 0.38359375 0.409375 0.08515625 0.0859375
1 0.2859375 0.34609375 0.109375 0.11015625
1 0.1921875 0.40390625 0.109375 0.11015625
1 0.096875 0.34609375 0.11015625 0.11015625