2 0.14609375 0.93125 0.0734375 0.0734375
1 0.1390625 0.48359375 0.08515625 0.0859375
1 0.14453125 0.3546875 0.0859375 0.0859375
1 0.14453125 0.24375 0.0859375 0.0859375
1 0.14453125 0.13828125 0.09765625 0.0984375
1 0.2375 0.42109375 0.0859375 0.0859375
1 0.25390625 0.31015625 0.09765625 0.0984375
1 0.2484375 0.2 0.109375 0.11015625
1 0.2453125 0.0921875 0.08515625 0.0859375
1 0.33515625 0.0515625 0.09765625 0.0984375
1 0.33984375 0.146875 0.09765625 0.09765625
1 0.334375 0.25859375 0.09765625 0.0984375
1 0.3265625 0.36875 0.11015625 0.11015625
1 0.325 0.48203125 0.09765625 0.0984375
1 0.42578125 0.41484375 0.09765625 0.0984375
1 0.4359375 0.3171875 0.09765625 0.0984375
1 0.4328125 0.2 0.109375 0.11015625
1 0.43046875 0.10078125 0.08515625 0.0859375
1 0.52734375 0.14765625 0.09765625 0.0984375
1 0.52421875 0.2609375 0.09765625 0.0984375
1 0.5171875 0.365625 0.09765625 0.09765625
1 0.521875 0.465625 0.109375 0.11015625
1 0.6203125 0.42265625 0.09765625 0.0984375
1 0.6203125 0.31171875 0.109375 0.11015625
1 0.61875 0.21015625 0.11015625 0.11015625
1 0.62109375 0.09609375 0.09765625 0.0984375
1 0.7125 0.1515625 0.09765625 0.0984375
1 0.71875 0.25703125 0.09765625 0.0984375
1 0.71796875 0.3796875 0.09765625 0.0984375
1 0.7140625 0.4796875 0.08515625 0.0859375
1 0.80859375 0.43046875 0.09765625 0.0984375
1 0.80625 0.31484375 0.11015625 0.11015625
1 0.81171875 0.2078125 0.109375 0.1109375
1 0.815625 0.096875 0.09765625 0.0984375
1 0.9125 0.1578125 0.109375 0.11015625
1 0.89921875 0.26875 0.09765625 0.0984375
1 0.903125 0.38125 0.09765625 0.0984375
1 0.9046875 0.48671875 0.09765625 0.0984375
1 0.33125 0.90546875 0.0859375 0.0859375
2 0.2375 0.96015625 0.0734375 0.07421875
1 0.89375 0.928125 0.09765625 0.0984375
1 0.80078125 0.8796875 0.09765625 0.09765625
1 0.703125 0.92265625 0.09765625 0.0984375
1 0.51875 0.915625 0.109375 0.1109375
1 0.90234375 0.7984375 0.09765625 0.09765625
1 0.896875 0.6921875 0.09765625 0.0984375
1 0.896875 0.60625 0.09765625 0.0984375
1 0.803125 0.53984375 0.09765625 0.0984375
1 0.8015625 0.646875 0.109375 0.11015625
1 0.80078125 0.75859375 0.09765625 0.09765625
1 0.71484375 0.803125 0.09765625 0.09765625
1 0.70703125 0.5875 0.09765625 0.09765625
1 0.71171875 0.7015625 0.09765625 0.09765625
1 0.6203125 0.53828125 0.09765625 0.09765625
1 0.6203125 0.65234375 0.09765625 0.09765625
1 0.6125 0.7625 0.09765625 0.09765625
1 0.61171875 0.8640625 0.11015625 0.11015625
1 0.5234375 0.81328125 0.09765625 0.0984375
1 0.52109375 0.70078125 0.11015625 0.11015625
1 0.52109375 0.578125 0.11015625 0.1109375
3 0.4296875 0.6421875 0.0859375 0.0859375
1 0.4265625 0.50859375 0.09765625 0.09765625
1 0.334375 0.58671875 0.109375 0.11015625
1 0.3328125 0.709375 0.09765625 0.0984375
1 0.3328125 0.80390625 0.08515625 0.08671875
1 0.24375 0.87578125 0.08515625 0.0859375
1 0.2375 0.75234375 0.11015625 0.11015625
1 0.2390625 0.64296875 0.11015625 0.11015625
1 0.2390625 0.5328125 0.09765625 0.0984375
1 0.13984375 0.59140625 0.09765625 0.0984375
1 0.14140625 0.7015625 0.09765625 0.0984375
1 0.140625 0.80546875 0.0859375 0.0859375
1 0.04609375 0.64140625 0.0859375 0.0859375
1 0.0453125 0.53515625 0.0859375 0.0859375
1 0.4296875 0.76484375 0.109375 0.11015625
1 0.425 0.85625 0.109375 0.11015625