2 0.10390625 0.165625 0.0734375 0.07421875
2 0.1125 0.60625 0.0734375 0.0734375
2 0.1859375 0.75703125 0.0734375 0.07421875
1 0.85546875 0.91328125 0.09765625 0.0984375
1 0.759375 0.8796875 0.09765625 0.09765625
1 0.66640625 0.9265625 0.11015625 0.1109375
1 0.57109375 0.87578125 0.11015625 0.11015625
1 0.4765625 0.9421875 0.109375 0.11015625
1 0.3859375 0.88125 0.0859375 0.0859375
1 0.2875 0.93046875 0.08515625 0.08671875
1 0.1859375 0.87421875 0.0859375 0.0859375
3 0.1046875 0.9328125 0.0734375 0.07421875
3 0.11015625 0.80859375 0.0734375 0.07421875
3 0.1046875 0.70078125 0.0734375 0.0734375
3 0.20078125 0.66328125 0.0734375 0.07421875
3 0.20078125 0.54375 0.0734375 0.0734375
1 0.94921875 0.08671875 0.09765625 0.0984375
1 0.953125 0.20234375 0.0859375 0.0859375
1 0.9484375 0.41875 0.08515625 0.0859375
1 0.946875 0.53671875 0.09765625 0.0984375
1 0.9484375 0.65 0.09765625 0.0984375
1 0.85859375 0.1515625 0.09765625 0.09765625
1 0.859375 0.25390625 0.09765625 0.09765625
1 0.86015625 0.3640625 0.08515625 0.0859375
1 0.859375 0.48203125 0.09765625 0.0984375
1 0.85546875 0.59453125 0.0859375 0.0859375
1 0.85234375 0.70390625 0.09765625 0.09765625
1 0.84765625 0.803125 0.0859375 0.0859375
1 0.771875 0.10234375 0.11015625 0.11015625
1 0.765625 0.21640625 0.09765625 0.0984375
1 0.76171875 0.32578125 0.09765625 0.0984375
1 0.76171875 0.4390625 0.09765625 0.0984375
1 0.7640625 0.5515625 0.09765625 0.09765625
1 0.7640625 0.64921875 0.109375 0.1109375
1 0.75859375 0.7609375 0.11015625 0.11015625
1 0.6671875 0.065625 0.08515625 0.0859375
1 0.66484375 0.171875 0.08515625 0.0859375
1 0.6671875 0.26875 0.08515625 0.0859375
1 0.66484375 0.3828125 0.08515625 0.0859375
1 0.6671875 0.496875 0.09765625 0.09765625
1 0.66484375 0.62109375 0.08515625 0.0859375
1 0.66953125 0.7234375 0.08515625 0.0859375
1 0.575 0.76875 0.09765625 0.0984375
1 0.56953125 0.6625 0.11015625 0.1109375
1 0.5765625 0.5515625 0.09765625 0.09765625
1 0.58203125 0.4359375 0.109375 0.11015625
1 0.58125 0.33046875 0.09765625 0.0984375
3 0.5765625 0.22265625 0.08515625 0.0859375
1 0.57578125 0.11015625 0.08515625 0.0859375
1 0.48125 0.0515625 0.0859375 0.0859375
1 0.4828125 0.16484375 0.0859375 0.0859375
1 0.47734375 0.27421875 0.09765625 0.09765625
1 0.4875 0.39140625 0.109375 0.1109375
1 0.4828125 0.4875 0.09765625 0.0984375
1 0.4890625 0.60859375 0.11015625 0.11015625
1 0.48359375 0.71171875 0.109375 0.11015625
1 0.38984375 0.76328125 0.11015625 0.11015625
1 0.48359375 0.82734375 0.0859375 0.0859375
1 0.3953125 0.6703125 0.109375 0.1109375
1 0.3828125 0.54609375 0.109375 0.11015625
1 0.3828125 0.434375 0.109375 0.11015625
1 0.38671875 0.3234375 0.109375 0.11015625
1 0.390625 0.21953125 0.109375 0.1109375
1 0.396875 0.096875 0.09765625 0.0984375
1 0.3015625 0.14921875 0.0859375 0.0859375
1 0.29765625 0.37421875 0.09765625 0.0984375
1 0.29375 0.25703125 0.0859375 0.08671875
1 0.20078125 0.3234375 0.08515625 0.0859375
1 0.1984375 0.2203125 0.0859375 0.0859375
1 0.290625 0.5890625 0.0859375 0.0859375
1 0.29609375 0.709375 0.0859375 0.0859375
1 0.29375 0.4890625 0.08515625 0.0859375
1 0.29453125 0.815625 0.08515625 0.0859375
1 0.1953125 0.096875 0.09765625 0.0984375
1 0.1109375 0.0640625 0.09765625 0.09765625
1 0.10546875 0.275 0.09765625 0.09765625
1 0.10625 0.378125 0.09765625 0.0984375
1 0.1125 0.49921875 0.08515625 0.0859375
1 0.19765625 0.43125 0.08515625 0.0859375
1 0.6734375 0.834375 0.11015625 0.11015625