2 0.4671875 0.63125 0.0734375 0.07421875
2 0.46953125 0.7171875 0.0734375 0.07421875
2 0.6703125 0.6984375 0.0734375 0.0734375
2 0.66328125 0.4828125 0.0734375 0.07421875
2 0.3890625 0.684375 0.0734375 0.0734375
2 0.58203125 0.81171875 0.0609375 0.06171875
2 0.3875 0.78203125 0.0734375 0.0734375
3 0.9515625 0.21015625 0.0859375 0.0859375
1 0.95390625 0.315625 0.08515625 0.0859375
1 0.8625 0.06171875 0.09765625 0.09765625
1 0.8671875 0.153125 0.09765625 0.0984375
1 0.85234375 0.25703125 0.09765625 0.09765625
1 0.853125 0.384375 0.09765625 0.0984375
1 0.8484375 0.49375 0.09765625 0.0984375
1 0.84453125 0.59921875 0.09765625 0.0984375
1 0.85625 0.7078125 0.08515625 0.0859375
1 0.76015625 0.75625 0.08515625 0.0859375
1 0.76875 0.10859375 0.11015625 0.1109375
1 0.77265625 0.23359375 0.121875 0.1234375
1 0.76640625 0.3390625 0.08515625 0.0859375
1 0.74921875 0.45625 0.0859375 0.0859375
1 0.7515625 0.54140625 0.08515625 0.08671875
1 0.7578125 0.64921875 0.09765625 0.09765625
1 0.6734375 0.05703125 0.11015625 0.11015625
1 0.67734375 0.16640625 0.11015625 0.11015625
1 0.675 0.27890625 0.09765625 0.0984375
1 0.6765625 0.37734375 0.09765625 0.0984375
2 0.58515625 0.4640625 0.0609375 0.06171875
2 0.584375 0.5671875 0.0734375 0.07421875
1 0.5875 0.653125 0.08515625 0.0859375
1 0.578125 0.7328125 0.0859375 0.0859375
2 0.45234375 0.815625 0.06171875 0.06171875
1 0.20625 0.76953125 0.0859375 0.0859375
1 0.57890625 0.1234375 0.109375 0.11015625
1 0.58671875 0.2203125 0.11015625 0.11015625
1 0.584375 0.33515625 0.109375 0.11015625
1 0.48828125 0.0625 0.0859375 0.0859375
1 0.48359375 0.1734375 0.109375 0.11015625
1 0.4859375 0.2796875 0.11015625 0.11015625
1 0.48515625 0.3796875 0.109375 0.1109375
1 0.4734375 0.521875 0.09765625 0.0984375
1 0.38984375 0.56953125 0.09765625 0.0984375
1 0.4046875 0.4546875 0.0859375 0.0859375
1 0.38984375 0.11171875 0.08515625 0.08671875
1 0.396875 0.215625 0.09765625 0.09765625
1 0.38984375 0.346875 0.09765625 0.0984375
1 0.28828125 0.05546875 0.0859375 0.0859375
1 0.28984375 0.16875 0.08515625 0.0859375
1 0.296875 0.28203125 0.09765625 0.09765625
1 0.30078125 0.38515625 0.109375 0.11015625
1 0.3109375 0.52265625 0.08515625 0.0859375
1 0.3015625 0.61640625 0.09765625 0.0984375
1 0.28828125 0.7375 0.08515625 0.0859375
1 0.21171875 0.66484375 0.11015625 0.11015625
1 0.20390625 0.57109375 0.11015625 0.11015625
1 0.20625 0.44375 0.11015625 0.1109375
1 0.209375 0.3421875 0.109375 0.1109375
1 0.20703125 0.22578125 0.09765625 0.0984375
3 0.2078125 0.1140625 0.0734375 0.07421875
1 0.11015625 0.0515625 0.08515625 0.0859375
1 0.10703125 0.17265625 0.08515625 0.0859375
1 0.109375 0.28203125 0.109375 0.11015625
1 0.1125 0.38984375 0.09765625 0.0984375
1 0.11796875 0.5140625 0.0859375 0.0859375
1 0.11328125 0.6125 0.109375 0.1109375
1 0.1140625 0.71953125 0.09765625 0.0984375
1 0.10859375 0.82734375 0.08515625 0.0859375
1 0.66796875 0.58671875 0.09765625 0.0984375