2 0.153125 0.5671875 0.0734375 0.0734375
1 0.8859375 0.2328125 0.109375 0.11015625
1 0.89453125 0.4609375 0.09765625 0.09765625
1 0.8953125 0.5671875 0.09765625 0.09765625
1 0.8953125 0.68046875 0.09765625 0.09765625
1 0.89140625 0.79375 0.09765625 0.09765625
1 0.796875 0.18984375 0.09765625 0.0984375
2 0.73125 0.42421875 0.0484375 0.05
2 0.034375 0.6109375 0.06171875 0.06171875
1 0.79609375 0.28359375 0.11015625 0.11015625
1 0.8 0.64140625 0.09765625 0.09765625
1 0.79765625 0.73125 0.11015625 0.11015625
1 0.796875 0.85234375 0.09765625 0.0984375
1 0.88359375 0.9 0.11015625 0.1109375
1 0.7 0.8953125 0.09765625 0.0984375
1 0.70390625 0.775 0.0859375 0.0859375
1 0.70390625 0.6765625 0.109375 0.11015625
1 0.61640625 0.6125 0.09765625 0.0984375
1 0.62890625 0.75703125 0.109375 0.11015625
1 0.61640625 0.853125 0.109375 0.11015625
1 0.5203125 0.90703125 0.109375 0.11015625
1 0.51640625 0.78828125 0.109375 0.11015625
0 0.51796875 0.690625 0.08515625 0.0859375
1 0.52265625 0.225 0.0859375 0.0859375
1 0.52421875 0.32109375 0.09765625 0.09765625
1 0.42265625 0.17890625 0.109375 0.11015625
1 0.515625 0.56875 0.09765625 0.09765625
1 0.42265625 0.52421875 0.08515625 0.0859375
1 0.4171875 0.63203125 0.09765625 0.0984375
1 0.4171875 0.73359375 0.09765625 0.09765625
1 0.4171875 0.84921875 0.109375 0.11015625
1 0.3203125 0.9046875 0.109375 0.11015625
1 0.32109375 0.790625 0.09765625 0.0984375
1 0.33203125 0.675 0.109375 0.1109375
1 0.3234375 0.5734375 0.109375 0.11015625
1 0.33359375 0.4484375 0.11015625 0.11015625
1 0.3265625 0.24375 0.09765625 0.09765625
1 0.23828125 0.17890625 0.109375 0.11015625
1 0.2296875 0.5203125 0.11015625 0.11015625
1 0.240625 0.6328125 0.0859375 0.0859375
1 0.14140625 0.2359375 0.11015625 0.1109375
1 0.14765625 0.4453125 0.0859375 0.0859375
1 0.1484375 0.69140625 0.09765625 0.09765625
1 0.13046875 0.79140625 0.11015625 0.11015625
1 0.12734375 0.87734375 0.11015625 0.11015625
1 0.2328125 0.88671875 0.109375 0.1109375
1 0.2234375 0.74296875 0.09765625 0.0984375
1 0.89375 0.125 0.109375 0.1109375
1 0.6171875 0.1609375 0.0859375 0.0859375
1 0.5203125 0.11796875 0.11015625 0.11015625
1 0.61484375 0.07109375 0.08515625 0.0859375
1 0.43359375 0.0796875 0.109375 0.1109375
1 0.14140625 0.13828125 0.09765625 0.0984375
1 0.815625 0.07265625 0.09765625 0.0984375