2 0.1546875 0.2265625 0.0859375 0.0859375
2 0.3484375 0.23125 0.0734375 0.0734375
2 0.34140625 0.4484375 0.08515625 0.0859375
2 0.34609375 0.56484375 0.0734375 0.0734375
2 0.4359375 0.38984375 0.0734375 0.0734375
2 0.4421875 0.61640625 0.08515625 0.0859375
2 0.43515625 0.5046875 0.06171875 0.06171875
2 0.43828125 0.7328125 0.0859375 0.0859375
2 0.44296875 0.284375 0.0734375 0.0734375
1 0.059375 0.0671875 0.0734375 0.0734375
0 0.0609375 0.178125 0.0734375 0.0734375
1 0.153125 0.12265625 0.0859375 0.08671875
1 0.2484375 0.06640625 0.08515625 0.0859375
1 0.24921875 0.1734375 0.08515625 0.0859375
2 0.34453125 0.12265625 0.06171875 0.06171875
1 0.253125 0.2859375 0.0859375 0.08671875
1 0.065625 0.2796875 0.09765625 0.0984375
1 0.4375 0.065625 0.0859375 0.0859375
1 0.43828125 0.1734375 0.0859375 0.0859375
1 0.340625 0.3390625 0.0734375 0.0734375
1 0.34375 0.67109375 0.0859375 0.0859375
1 0.34453125 0.78203125 0.09765625 0.09765625
1 0.2484375 0.396875 0.0859375 0.0859375
1 0.24375 0.50859375 0.09765625 0.0984375
1 0.246875 0.61640625 0.0859375 0.0859375
1 0.246875 0.72265625 0.09765625 0.09765625
1 0.1515625 0.34296875 0.09765625 0.0984375
1 0.1515625 0.45078125 0.09765625 0.0984375
1 0.15390625 0.565625 0.08515625 0.0859375
1 0.15703125 0.6734375 0.08515625 0.0859375
1 0.15546875 0.778125 0.09765625 0.09765625
1 0.059375 0.3921875 0.09765625 0.0984375
1 0.0625 0.5046875 0.09765625 0.09765625
1 0.059375 0.62421875 0.08515625 0.0859375
1 0.0578125 0.7265625 0.09765625 0.09765625
1 0.0625 0.834375 0.09765625 0.0984375
1 0.05859375 0.9484375 0.0859375 0.0859375
1 0.15546875 0.8859375 0.09765625 0.0984375
1 0.24921875 0.8375 0.0859375 0.08671875
1 0.24921875 0.94453125 0.09765625 0.0984375
1 0.3484375 0.89140625 0.09765625 0.0984375
1 0.43828125 0.83125 0.08515625 0.0859375
1 0.43828125 0.94375 0.08515625 0.0859375