2 0.38046875 0.68046875 0.0734375 0.0734375
2 0.38125 0.571875 0.08515625 0.0859375
2 0.1109375 0.9421875 0.0734375 0.0734375
2 0.103125 0.84453125 0.0734375 0.07421875
2 0.95703125 0.78203125 0.0609375 0.06171875
2 0.5890625 0.58359375 0.0609375 0.06171875
2 0.8546875 0.62578125 0.0734375 0.07421875
1 0.0984375 0.72734375 0.0734375 0.07421875
1 0.209375 0.56953125 0.09765625 0.0984375
1 0.2140625 0.68671875 0.11015625 0.1109375
1 0.2203125 0.790625 0.11015625 0.1109375
1 0.215625 0.896875 0.0734375 0.07421875
1 0.3046875 0.61953125 0.09765625 0.0984375
1 0.3046875 0.7359375 0.09765625 0.09765625
1 0.30546875 0.85078125 0.0734375 0.07421875
1 0.3 0.95234375 0.0734375 0.07421875
1 0.4046875 0.78515625 0.0734375 0.07421875
1 0.39921875 0.89921875 0.09765625 0.09765625
1 0.490625 0.61875 0.08515625 0.08671875
1 0.49453125 0.73203125 0.11015625 0.11015625
1 0.49921875 0.8484375 0.11015625 0.11015625
1 0.59609375 0.675 0.121875 0.121875
1 0.5984375 0.790625 0.09765625 0.0984375
1 0.5890625 0.903125 0.09765625 0.0984375
1 0.6796875 0.63203125 0.0859375 0.0859375
1 0.684375 0.7375 0.09765625 0.0984375
1 0.6765625 0.85078125 0.09765625 0.0984375
1 0.76796875 0.684375 0.08515625 0.0859375
1 0.7703125 0.80625 0.08515625 0.0859375
1 0.77421875 0.90546875 0.0859375 0.08671875
1 0.85625 0.75 0.08515625 0.0859375
1 0.85390625 0.86015625 0.08515625 0.0859375
2 0.9609375 0.6875 0.0484375 0.0484375
1 0.953125 0.8921875 0.0859375 0.0859375