1 0.10546875 0.06484375 0.09765625 0.0984375
1 0.109375 0.17265625 0.109375 0.11015625
1 0.11015625 0.290625 0.11015625 0.11015625
1 0.1046875 0.40703125 0.11015625 0.11015625
1 0.2 0.1203125 0.109375 0.11015625
1 0.2 0.23203125 0.09765625 0.0984375
1 0.196875 0.34609375 0.109375 0.11015625
1 0.2953125 0.0734375 0.09765625 0.09765625
1 0.2953125 0.184375 0.09765625 0.09765625
1 0.29375 0.2921875 0.08515625 0.0859375
1 0.29375 0.40546875 0.0859375 0.0859375
1 0.39375 0.1296875 0.11015625 0.1109375
1 0.3859375 0.240625 0.11015625 0.1109375
1 0.3921875 0.34609375 0.11015625 0.11015625
1 0.48359375 0.071875 0.0859375 0.0859375
1 0.4890625 0.1734375 0.109375 0.1109375
1 0.4859375 0.2828125 0.109375 0.1109375
1 0.48203125 0.40703125 0.11015625 0.11015625
1 0.5875 0.12421875 0.109375 0.11015625
1 0.58203125 0.23515625 0.109375 0.11015625
1 0.58125 0.35 0.109375 0.1109375
1 0.678125 0.07109375 0.11015625 0.11015625
1 0.67265625 0.17890625 0.09765625 0.0984375
1 0.675 0.2890625 0.08515625 0.0859375
1 0.67578125 0.40234375 0.09765625 0.09765625
1 0.76640625 0.1265625 0.09765625 0.0984375
1 0.771875 0.2390625 0.11015625 0.11015625
1 0.7640625 0.3453125 0.11015625 0.11015625
1 0.8640625 0.0828125 0.109375 0.11015625
1 0.8640625 0.18515625 0.09765625 0.0984375
1 0.86875 0.3015625 0.109375 0.11015625
1 0.86640625 0.41171875 0.11015625 0.11015625
1 0.8578125 0.50859375 0.11015625 0.11015625
1 0.8609375 0.6203125 0.09765625 0.09765625
1 0.8625 0.73046875 0.11015625 0.1109375
1 0.8625 0.84921875 0.11015625 0.11015625
1 0.76875 0.46171875 0.11015625 0.11015625
1 0.77109375 0.578125 0.11015625 0.1109375
1 0.76171875 0.6875 0.09765625 0.09765625
1 0.771875 0.80546875 0.109375 0.11015625
1 0.67265625 0.51484375 0.109375 0.1109375
2 0.671875 0.634375 0.0609375 0.06171875
1 0.66796875 0.740625 0.109375 0.11015625
1 0.6703125 0.85078125 0.109375 0.11015625
1 0.578125 0.459375 0.109375 0.1109375
1 0.58125 0.56875 0.109375 0.11015625
1 0.57265625 0.67734375 0.11015625 0.11015625
1 0.5765625 0.79765625 0.11015625 0.11015625
1 0.48359375 0.51484375 0.11015625 0.11015625
2 0.4796875 0.61484375 0.06171875 0.06171875
1 0.48125 0.7359375 0.11015625 0.11015625
1 0.48046875 0.85234375 0.109375 0.11015625
2 0.38984375 0.4640625 0.06171875 0.06171875
2 0.38515625 0.57265625 0.06171875 0.06171875
1 0.38671875 0.6828125 0.109375 0.11015625
1 0.3859375 0.80234375 0.109375 0.11015625
1 0.296875 0.5140625 0.109375 0.11015625
1 0.290625 0.63984375 0.0859375 0.0859375
1 0.290625 0.73984375 0.109375 0.11015625
1 0.29296875 0.8484375 0.09765625 0.0984375
1 0.19921875 0.45625 0.109375 0.11015625
1 0.19609375 0.56875 0.11015625 0.11015625
1 0.2 0.67890625 0.11015625 0.11015625
1 0.20078125 0.79140625 0.11015625 0.11015625
1 0.103125 0.50859375 0.11015625 0.11015625
1 0.1046875 0.62578125 0.11015625 0.11015625
1 0.10546875 0.725 0.109375 0.11015625
1 0.10078125 0.83984375 0.109375 0.1109375
1 0.20390625 0.8984375 0.11015625 0.1109375
1 0.29609375 0.95 0.09765625 0.09765625
1 0.390625 0.9015625 0.09765625 0.0984375
1 0.571875 0.90703125 0.11015625 0.11015625
1 0.7703125 0.9015625 0.09765625 0.0984375