2 0.74453125 0.13125 0.0734375 0.0734375
2 0.371875 0.24609375 0.0734375 0.07421875
2 0.35625 0.1390625 0.0734375 0.07421875
2 0.66484375 0.62109375 0.08515625 0.0859375
2 0.1859375 0.56953125 0.0734375 0.0734375
2 0.17421875 0.45625 0.0734375 0.0734375
2 0.6703125 0.5171875 0.08515625 0.0859375
2 0.3703125 0.44765625 0.0734375 0.0734375
2 0.58125 0.56171875 0.08515625 0.0859375
2 0.4734375 0.51796875 0.0734375 0.0734375
2 0.475 0.39296875 0.0734375 0.0734375
2 0.09296875 0.503125 0.0859375 0.0859375
2 0.371875 0.334375 0.0734375 0.0734375
2 0.4671875 0.29609375 0.0734375 0.07421875
2 0.08671875 0.384375 0.0734375 0.0734375
2 0.953125 0.034375 0.0609375 0.06171875
2 0.090625 0.07265625 0.0484375 0.05
2 0.08984375 0.1765625 0.0484375 0.05
2 0.09296875 0.2859375 0.0734375 0.0734375
2 0.16484375 0.0359375 0.0609375 0.06171875
2 0.16875 0.13359375 0.0609375 0.06171875
2 0.16875 0.21796875 0.0609375 0.06171875
2 0.178125 0.3265625 0.06171875 0.06171875
2 0.253125 0.0875 0.06171875 0.06171875
2 0.2609375 0.19296875 0.0734375 0.0734375
2 0.275 0.28046875 0.0734375 0.0734375
2 0.27265625 0.3921875 0.0734375 0.0734375
2 0.27578125 0.51328125 0.0734375 0.0734375
1 0.38671875 0.56171875 0.0859375 0.08671875
1 0.4625 0.17890625 0.0734375 0.07421875
1 0.57890625 0.1375 0.11015625 0.1109375
1 0.584375 0.2421875 0.11015625 0.1109375
1 0.5796875 0.34765625 0.0734375 0.07421875
1 0.57734375 0.459375 0.0734375 0.07421875
1 0.66875 0.07109375 0.09765625 0.0984375
1 0.66875 0.1875 0.09765625 0.09765625
1 0.66953125 0.3015625 0.0734375 0.07421875
1 0.66484375 0.403125 0.0734375 0.07421875
1 0.76875 0.2359375 0.0734375 0.07421875
1 0.7640625 0.35078125 0.09765625 0.09765625
1 0.76640625 0.46171875 0.09765625 0.09765625
1 0.8546875 0.06953125 0.08515625 0.08671875
1 0.85859375 0.1828125 0.11015625 0.11015625
1 0.8640625 0.29921875 0.11015625 0.11015625
1 0.8578125 0.40546875 0.11015625 0.11015625
1 0.8578125 0.521875 0.109375 0.1109375
1 0.8546875 0.6296875 0.09765625 0.09765625
1 0.86015625 0.7453125 0.109375 0.1109375
1 0.85859375 0.853125 0.11015625 0.1109375
1 0.7625 0.578125 0.109375 0.1109375
1 0.7609375 0.68828125 0.11015625 0.1109375
1 0.76015625 0.79765625 0.11015625 0.11015625
1 0.75859375 0.909375 0.11015625 0.11015625
1 0.66875 0.721875 0.08515625 0.0859375
1 0.66328125 0.8390625 0.08515625 0.0859375
1 0.57265625 0.68828125 0.0734375 0.0734375
1 0.571875 0.79375 0.109375 0.11015625
1 0.57421875 0.9078125 0.109375 0.11015625
1 0.48046875 0.63203125 0.0859375 0.0859375
1 0.47578125 0.74765625 0.109375 0.11015625
1 0.47734375 0.85234375 0.11015625 0.11015625
1 0.38046875 0.6890625 0.11015625 0.11015625
1 0.38046875 0.79921875 0.11015625 0.11015625
1 0.38203125 0.9125 0.08515625 0.0859375
1 0.2796875 0.63046875 0.08515625 0.08671875
1 0.290625 0.74140625 0.09765625 0.0984375
1 0.28984375 0.853125 0.0859375 0.0859375
1 0.1875 0.67578125 0.0859375 0.0859375
1 0.19140625 0.7984375 0.0859375 0.0859375
1 0.1984375 0.91015625 0.09765625 0.09765625
1 0.09453125 0.6265625 0.0734375 0.0734375
1 0.10234375 0.7390625 0.09765625 0.0984375
1 0.09921875 0.85078125 0.08515625 0.0859375