2 0.440625 0.59765625 0.0734375 0.07421875
2 0.9203125 0.215625 0.0734375 0.07421875
1 0.53984375 0.08984375 0.08515625 0.0859375
1 0.1609375 0.1 0.09765625 0.0984375
1 0.35078125 0.10234375 0.09765625 0.09765625
1 0.6328125 0.06328125 0.0859375 0.0859375
1 0.9234375 0.10625 0.09765625 0.0984375
1 0.9125 0.878125 0.09765625 0.09765625
1 0.91875 0.753125 0.109375 0.1109375
1 0.9234375 0.67265625 0.09765625 0.0984375
1 0.834375 0.6125 0.0859375 0.0859375
1 0.81875 0.71953125 0.09765625 0.0984375
1 0.8203125 0.8265625 0.09765625 0.0984375
1 0.8234375 0.93359375 0.09765625 0.09765625
1 0.7265625 0.55 0.09765625 0.09765625
1 0.7296875 0.66328125 0.09765625 0.09765625
1 0.72734375 0.7640625 0.09765625 0.0984375
1 0.7234375 0.871875 0.0859375 0.0859375
1 0.6265625 0.5015625 0.0859375 0.0859375
1 0.628125 0.60078125 0.08515625 0.0859375
1 0.63125 0.71484375 0.0859375 0.0859375
1 0.63203125 0.82421875 0.0859375 0.0859375
1 0.63203125 0.9265625 0.0859375 0.0859375
1 0.5328125 0.54296875 0.08515625 0.0859375
1 0.52890625 0.6453125 0.08515625 0.0859375
1 0.52890625 0.7609375 0.08515625 0.0859375
1 0.52734375 0.86953125 0.109375 0.11015625
1 0.4328125 0.92421875 0.11015625 0.11015625
1 0.434375 0.81171875 0.11015625 0.11015625
1 0.4359375 0.7 0.09765625 0.09765625
1 0.346875 0.63671875 0.0859375 0.0859375
1 0.33125 0.7640625 0.09765625 0.0984375
1 0.33671875 0.8734375 0.09765625 0.0984375
1 0.2453125 0.934375 0.09765625 0.0984375
1 0.25078125 0.8109375 0.09765625 0.0984375
1 0.15 0.54140625 0.09765625 0.0984375
1 0.0578125 0.49296875 0.09765625 0.09765625
1 0.059375 0.5890625 0.09765625 0.0984375
1 0.9203125 0.32109375 0.09765625 0.09765625
1 0.9203125 0.43125 0.09765625 0.09765625
1 0.91875 0.54375 0.09765625 0.09765625
1 0.8265625 0.490625 0.09765625 0.0984375
1 0.8296875 0.378125 0.09765625 0.09765625
1 0.825 0.271875 0.08515625 0.0859375
1 0.82734375 0.16328125 0.11015625 0.1109375
1 0.7359375 0.21171875 0.09765625 0.09765625
1 0.72734375 0.315625 0.09765625 0.09765625
1 0.7203125 0.4328125 0.09765625 0.0984375
1 0.628125 0.40546875 0.08515625 0.0859375
1 0.44765625 0.15703125 0.08515625 0.0859375
1 0.43515625 0.26484375 0.11015625 0.11015625
1 0.33984375 0.20390625 0.109375 0.11015625
1 0.33984375 0.31875 0.09765625 0.0984375
1 0.265625 0.1390625 0.0859375 0.08671875
1 0.26640625 0.2375 0.09765625 0.0984375
1 0.2609375 0.359375 0.08515625 0.0859375
1 0.159375 0.4125 0.09765625 0.09765625
1 0.153125 0.30546875 0.09765625 0.0984375
1 0.153125 0.21953125 0.09765625 0.0984375
1 0.059375 0.153125 0.09765625 0.0984375
1 0.05859375 0.26015625 0.109375 0.11015625
1 0.0578125 0.371875 0.09765625 0.09765625