1 0.81875 0.0828125 0.09765625 0.0984375
1 0.6296875 0.0765625 0.09765625 0.0984375
1 0.43359375 0.0828125 0.109375 0.1109375
1 0.24140625 0.06875 0.11015625 0.1109375
2 0.05078125 0.07109375 0.0484375 0.0484375
1 0.0609375 0.2984375 0.0859375 0.0859375
1 0.05390625 0.18671875 0.08515625 0.0859375
2 0.15078125 0.1375 0.08515625 0.0859375
1 0.14765625 0.24375 0.08515625 0.0859375
1 0.15546875 0.3515625 0.09765625 0.09765625
1 0.15 0.45625 0.09765625 0.09765625
1 0.1453125 0.57265625 0.09765625 0.0984375
2 0.24453125 0.1859375 0.0734375 0.0734375
1 0.24765625 0.29765625 0.08515625 0.0859375
1 0.246875 0.51484375 0.0734375 0.07421875
1 0.3328125 0.13203125 0.09765625 0.0984375
1 0.3390625 0.24140625 0.09765625 0.0984375
1 0.334375 0.35703125 0.09765625 0.0984375
1 0.34375 0.46796875 0.09765625 0.09765625
1 0.3453125 0.578125 0.09765625 0.09765625
1 0.4359375 0.18671875 0.11015625 0.11015625
1 0.43671875 0.3015625 0.11015625 0.11015625
1 0.43125 0.4078125 0.109375 0.11015625
1 0.43046875 0.52578125 0.109375 0.11015625
1 0.43125 0.63359375 0.109375 0.1109375
1 0.53046875 0.1359375 0.11015625 0.11015625
1 0.528125 0.24765625 0.11015625 0.11015625
1 0.521875 0.35625 0.11015625 0.11015625
1 0.5296875 0.46796875 0.11015625 0.11015625
1 0.53125 0.5765625 0.109375 0.11015625
1 0.63203125 0.1890625 0.109375 0.11015625
1 0.63203125 0.29765625 0.09765625 0.0984375
1 0.62734375 0.409375 0.11015625 0.11015625
1 0.63046875 0.52109375 0.11015625 0.11015625
1 0.6296875 0.6359375 0.11015625 0.11015625
1 0.725 0.1296875 0.109375 0.11015625
1 0.73125 0.253125 0.109375 0.11015625
1 0.725 0.35703125 0.109375 0.11015625
1 0.725 0.4734375 0.109375 0.11015625
1 0.721875 0.5765625 0.109375 0.11015625
1 0.81953125 0.18359375 0.09765625 0.09765625
1 0.815625 0.29921875 0.11015625 0.11015625
1 0.821875 0.41484375 0.109375 0.11015625
1 0.8171875 0.52578125 0.09765625 0.0984375
1 0.8234375 0.63359375 0.109375 0.11015625
1 0.9125 0.134375 0.0734375 0.07421875
1 0.91484375 0.2421875 0.09765625 0.09765625
1 0.91171875 0.35 0.11015625 0.11015625
1 0.91484375 0.4671875 0.11015625 0.11015625
1 0.91328125 0.58203125 0.08515625 0.0859375
1 0.9140625 0.68828125 0.09765625 0.0984375
1 0.9125 0.79453125 0.09765625 0.0984375
1 0.91015625 0.9078125 0.09765625 0.0984375
1 0.81640625 0.74375 0.109375 0.11015625
1 0.81796875 0.85859375 0.11015625 0.11015625
3 0.71640625 0.69609375 0.11015625 0.11015625
3 0.6203125 0.74375 0.11015625 0.11015625
1 0.71796875 0.79453125 0.11015625 0.11015625
1 0.715625 0.909375 0.11015625 0.11015625
1 0.61953125 0.86640625 0.0734375 0.07421875
1 0.5203125 0.6890625 0.109375 0.11015625
1 0.5234375 0.8 0.109375 0.1109375
1 0.52734375 0.9 0.109375 0.1109375
1 0.434375 0.7375 0.109375 0.1109375
1 0.43515625 0.84453125 0.08515625 0.0859375
1 0.334375 0.70390625 0.11015625 0.1109375
1 0.3375 0.8125 0.08515625 0.0859375
1 0.33046875 0.93125 0.08515625 0.0859375
1 0.2453125 0.6453125 0.08515625 0.0859375
2 0.25234375 0.759375 0.02421875 0.02421875
2 0.24609375 0.878125 0.0375 0.0375
2 0.2484375 0.98359375 0.02421875 0.02421875
2 0.15078125 0.90546875 0.02421875 0.02421875
1 0.153125 0.68125 0.09765625 0.0984375
1 0.1515625 0.78671875 0.09765625 0.0984375