2 0.471875 0.46796875 0.0734375 0.07421875
2 0.56875 0.95234375 0.0734375 0.07421875
1 0.08984375 0.2546875 0.09765625 0.0984375
1 0.09609375 0.378125 0.08515625 0.0859375
1 0.09609375 0.46640625 0.08515625 0.08671875
1 0.09375 0.57734375 0.0859375 0.0859375
1 0.09453125 0.69453125 0.0859375 0.0859375
1 0.09453125 0.7875 0.09765625 0.0984375
1 0.09296875 0.9171875 0.09765625 0.0984375
1 0.196875 0.84375 0.08515625 0.0859375
1 0.18828125 0.2546875 0.09765625 0.0984375
1 0.19375 0.3234375 0.09765625 0.09765625
1 0.18671875 0.40390625 0.09765625 0.0984375
1 0.2 0.5328125 0.08515625 0.0859375
1 0.20625 0.63984375 0.0859375 0.0859375
1 0.19921875 0.75078125 0.0859375 0.0859375
1 0.284375 0.921875 0.08515625 0.0859375
1 0.28671875 0.259375 0.08515625 0.0859375
1 0.28984375 0.378125 0.0859375 0.0859375
1 0.2875 0.45859375 0.09765625 0.0984375
1 0.28203125 0.584375 0.0859375 0.0859375
1 0.2859375 0.6828125 0.0859375 0.0859375
1 0.278125 0.80859375 0.0859375 0.0859375
1 0.38125 0.190625 0.0859375 0.0859375
1 0.38125 0.3140625 0.0859375 0.0859375
1 0.378125 0.4421875 0.0859375 0.08671875
1 0.378125 0.5453125 0.0859375 0.0859375
1 0.38046875 0.65625 0.08515625 0.0859375
1 0.3796875 0.74765625 0.09765625 0.0984375
1 0.3828125 0.884375 0.09765625 0.0984375
1 0.4734375 0.9140625 0.08515625 0.0859375
1 0.4734375 0.7984375 0.08515625 0.0859375
1 0.4796875 0.696875 0.08515625 0.0859375
1 0.46796875 0.57734375 0.08515625 0.0859375
1 0.465625 0.25625 0.09765625 0.09765625
1 0.47265625 0.3578125 0.09765625 0.09765625
1 0.5734375 0.26484375 0.09765625 0.0984375
1 0.5796875 0.409375 0.09765625 0.0984375
1 0.56953125 0.52421875 0.0859375 0.0859375
1 0.56484375 0.6390625 0.08515625 0.0859375
1 0.5640625 0.7453125 0.08515625 0.0859375
1 0.5609375 0.85078125 0.08515625 0.0859375
1 0.65703125 0.2578125 0.0859375 0.0859375
1 0.6609375 0.3640625 0.09765625 0.09765625
1 0.6578125 0.4734375 0.0859375 0.0859375
1 0.6546875 0.5828125 0.0859375 0.0859375
1 0.6515625 0.6984375 0.09765625 0.0984375
1 0.665625 0.82109375 0.09765625 0.0984375
1 0.6609375 0.9171875 0.11015625 0.1109375
1 0.753125 0.3140625 0.0859375 0.0859375
1 0.753125 0.41875 0.0859375 0.0859375
1 0.75390625 0.53984375 0.09765625 0.0984375
1 0.75 0.646875 0.0859375 0.0859375
1 0.7484375 0.75078125 0.08515625 0.0859375
1 0.7546875 0.8578125 0.09765625 0.09765625
1 0.8453125 0.91328125 0.09765625 0.0984375
1 0.84453125 0.8078125 0.08515625 0.0859375
1 0.85 0.6890625 0.0859375 0.0859375
1 0.84296875 0.58515625 0.08515625 0.08671875
1 0.846875 0.475 0.09765625 0.0984375
1 0.8484375 0.35859375 0.09765625 0.0984375
1 0.84453125 0.25234375 0.09765625 0.0984375
1 0.94140625 0.30625 0.109375 0.11015625
1 0.94140625 0.409375 0.09765625 0.0984375
1 0.94453125 0.51796875 0.09765625 0.0984375
1 0.9421875 0.640625 0.0859375 0.0859375
1 0.94375 0.75078125 0.09765625 0.0984375
1 0.94140625 0.85234375 0.09765625 0.0984375
1 0.940625 0.084375 0.11015625 0.11015625
1 0.8453125 0.14375 0.0859375 0.0859375
1 0.7453125 0.20625 0.08515625 0.0859375
1 0.753125 0.090625 0.09765625 0.0984375
1 0.65859375 0.13984375 0.08515625 0.0859375
1 0.5640625 0.1703125 0.09765625 0.09765625
1 0.5640625 0.07109375 0.109375 0.11015625
1 0.465625 0.14453125 0.0859375 0.0859375
1 0.378125 0.084375 0.09765625 0.09765625
1 0.28828125 0.1421875 0.08515625 0.0859375
1 0.19453125 0.071875 0.109375 0.11015625
1 0.19609375 0.15859375 0.09765625 0.0984375
1 0.09296875 0.14609375 0.09765625 0.0984375