3 0.52890625 0.190625 0.0734375 0.07421875
3 0.52734375 0.31015625 0.0609375 0.06171875
1 0.89921875 0.85546875 0.11015625 0.1109375
1 0.9015625 0.75078125 0.109375 0.11015625
1 0.9015625 0.6421875 0.09765625 0.0984375
1 0.9109375 0.5453125 0.08515625 0.0859375
1 0.9046875 0.4328125 0.0859375 0.0859375
1 0.903125 0.30546875 0.0859375 0.0859375
1 0.903125 0.2015625 0.09765625 0.09765625
1 0.81328125 0.246875 0.11015625 0.11015625
1 0.81015625 0.3625 0.11015625 0.1109375
1 0.809375 0.4734375 0.09765625 0.0984375
1 0.81015625 0.57578125 0.11015625 0.11015625
1 0.80859375 0.69375 0.109375 0.11015625
1 0.80546875 0.80234375 0.109375 0.11015625
2 0.81171875 0.91328125 0.06171875 0.06171875
1 0.71171875 0.196875 0.09765625 0.0984375
1 0.7171875 0.31328125 0.11015625 0.11015625
1 0.725 0.41484375 0.09765625 0.0984375
1 0.7140625 0.5328125 0.08515625 0.08671875
1 0.71796875 0.64453125 0.08515625 0.0859375
1 0.7140625 0.74609375 0.0859375 0.0859375
1 0.71171875 0.859375 0.08515625 0.0859375
1 0.621875 0.24921875 0.11015625 0.1109375
1 0.628125 0.35703125 0.09765625 0.0984375
1 0.61953125 0.59765625 0.08515625 0.0859375
1 0.625 0.6984375 0.0859375 0.0859375
1 0.62109375 0.78984375 0.0859375 0.0859375
1 0.6203125 0.9046875 0.08515625 0.0859375
1 0.540625 0.43359375 0.0859375 0.0859375
1 0.5328125 0.5140625 0.109375 0.11015625
1 0.53046875 0.6328125 0.11015625 0.1109375
1 0.521875 0.7484375 0.109375 0.11015625
1 0.5296875 0.8578125 0.109375 0.11015625
1 0.4328125 0.27890625 0.09765625 0.0984375
1 0.4359375 0.35078125 0.0859375 0.0859375
1 0.43046875 0.46484375 0.11015625 0.1109375
1 0.4234375 0.5890625 0.11015625 0.11015625
1 0.42578125 0.69375 0.109375 0.11015625
1 0.4296875 0.79375 0.09765625 0.09765625
1 0.43046875 0.90859375 0.09765625 0.0984375
1 0.32890625 0.19375 0.09765625 0.0984375
1 0.3359375 0.30703125 0.09765625 0.0984375
1 0.3328125 0.4203125 0.0859375 0.08671875
1 0.3359375 0.52578125 0.09765625 0.0984375
1 0.3375 0.63984375 0.09765625 0.0984375
1 0.334375 0.7484375 0.09765625 0.0984375
1 0.3390625 0.8546875 0.08515625 0.08671875
1 0.24375 0.2484375 0.09765625 0.0984375
1 0.240625 0.36015625 0.09765625 0.09765625
1 0.240625 0.4625 0.0859375 0.0859375
1 0.24140625 0.5734375 0.09765625 0.0984375
1 0.240625 0.68984375 0.09765625 0.0984375
1 0.2375 0.79609375 0.09765625 0.0984375
1 0.2421875 0.915625 0.09765625 0.09765625
1 0.14453125 0.30390625 0.109375 0.11015625
1 0.1515625 0.4171875 0.09765625 0.0984375
1 0.14296875 0.5296875 0.08515625 0.0859375
1 0.14296875 0.6671875 0.08515625 0.0859375
1 0.13984375 0.753125 0.08515625 0.0859375
1 0.14140625 0.85625 0.109375 0.11015625
1 0.05390625 0.47109375 0.09765625 0.0984375
1 0.05 0.5796875 0.09765625 0.09765625
1 0.0578125 0.69453125 0.09765625 0.0984375
1 0.3375 0.08671875 0.08515625 0.0859375
1 0.434375 0.04609375 0.0859375 0.0859375
1 0.434375 0.1359375 0.0859375 0.0859375
1 0.53046875 0.07734375 0.0859375 0.0859375
1 0.81328125 0.13984375 0.09765625 0.09765625
1 0.909375 0.0984375 0.09765625 0.0984375
1 0.7109375 0.090625 0.09765625 0.0984375
1 0.6203125 0.1359375 0.08515625 0.0859375
1 0.24296875 0.13515625 0.109375 0.11015625
1 0.14921875 0.19765625 0.11015625 0.11015625
1 0.05703125 0.14765625 0.11015625 0.11015625
1 0.1546875 0.0703125 0.0859375 0.0859375