2 0.50703125 0.0890625 0.0734375 0.07421875
1 0.8765625 0.87421875 0.11015625 0.11015625
1 0.88359375 0.7421875 0.11015625 0.1109375
1 0.88359375 0.634375 0.11015625 0.11015625
1 0.7828125 0.475 0.11015625 0.11015625
1 0.88203125 0.52109375 0.109375 0.11015625
1 0.78125 0.584375 0.09765625 0.0984375
1 0.7890625 0.6859375 0.09765625 0.0984375
1 0.784375 0.80234375 0.11015625 0.11015625
1 0.78515625 0.9171875 0.09765625 0.0984375
1 0.69296875 0.8625 0.11015625 0.11015625
1 0.69453125 0.7484375 0.09765625 0.0984375
1 0.690625 0.6265625 0.11015625 0.11015625
1 0.6921875 0.52890625 0.11015625 0.11015625
1 0.59375 0.484375 0.0859375 0.0859375
1 0.59765625 0.59375 0.0859375 0.0859375
1 0.59921875 0.68828125 0.08515625 0.0859375
1 0.6 0.8046875 0.08515625 0.0859375
1 0.60234375 0.9125 0.0859375 0.0859375
1 0.4984375 0.85859375 0.0859375 0.0859375
1 0.49921875 0.75078125 0.09765625 0.09765625
1 0.50625 0.62578125 0.109375 0.1109375
1 0.5109375 0.5453125 0.09765625 0.0984375
1 0.42109375 0.48515625 0.0859375 0.0859375
1 0.40546875 0.5921875 0.09765625 0.0984375
1 0.40703125 0.7 0.09765625 0.0984375
1 0.41015625 0.80625 0.09765625 0.09765625
1 0.41015625 0.928125 0.09765625 0.09765625
1 0.31328125 0.42265625 0.09765625 0.09765625
1 0.31640625 0.5359375 0.09765625 0.09765625
1 0.3140625 0.6375 0.09765625 0.0984375
1 0.3109375 0.7453125 0.0859375 0.0859375
1 0.3171875 0.865625 0.09765625 0.09765625
1 0.21796875 0.909375 0.09765625 0.09765625
1 0.2140625 0.375 0.0859375 0.0859375
1 0.215625 0.4734375 0.08515625 0.0859375
1 0.21796875 0.5875 0.0859375 0.0859375
1 0.21875 0.696875 0.0859375 0.0859375
1 0.21875 0.8 0.0859375 0.0859375
1 0.11953125 0.415625 0.08515625 0.0859375
1 0.115625 0.51875 0.08515625 0.0859375
1 0.115625 0.63359375 0.08515625 0.0859375
1 0.1140625 0.74296875 0.109375 0.11015625
1 0.1125 0.85 0.08515625 0.0859375
1 0.884375 0.20390625 0.09765625 0.0984375
1 0.88125 0.3 0.11015625 0.11015625
1 0.878125 0.4125 0.09765625 0.0984375
1 0.7921875 0.36171875 0.109375 0.11015625
1 0.7921875 0.25078125 0.09765625 0.0984375
1 0.78828125 0.13359375 0.08515625 0.0859375
1 0.69375 0.0890625 0.09765625 0.0984375
1 0.68828125 0.303125 0.09765625 0.09765625
1 0.69140625 0.40703125 0.0859375 0.0859375
1 0.6 0.3625 0.08515625 0.0859375
1 0.596875 0.2421875 0.08515625 0.0859375
1 0.50703125 0.19453125 0.09765625 0.09765625
1 0.50703125 0.3046875 0.09765625 0.09765625
1 0.50625 0.4171875 0.09765625 0.09765625
1 0.41328125 0.3640625 0.09765625 0.0984375
1 0.4171875 0.25078125 0.09765625 0.09765625
1 0.41171875 0.14453125 0.08515625 0.0859375
1 0.3234375 0.08515625 0.09765625 0.09765625
1 0.3140625 0.18828125 0.09765625 0.09765625
1 0.3078125 0.30625 0.09765625 0.0984375
1 0.215625 0.278125 0.08515625 0.0859375