1 0.8890625 0.0578125 0.109375 0.1109375
1 0.90390625 0.17109375 0.11015625 0.1109375
1 0.90390625 0.275 0.11015625 0.1109375
1 0.79921875 0.1078125 0.08515625 0.0859375
1 0.8015625 0.2203125 0.109375 0.11015625
1 0.80859375 0.33125 0.109375 0.11015625
1 0.703125 0.05078125 0.09765625 0.09765625
1 0.70625 0.15703125 0.09765625 0.0984375
1 0.70234375 0.26875 0.0859375 0.0859375
1 0.70703125 0.3828125 0.0859375 0.0859375
1 0.609375 0.103125 0.09765625 0.0984375
1 0.60625 0.21171875 0.0859375 0.0859375
1 0.6125 0.3265625 0.08515625 0.08671875
1 0.515625 0.15703125 0.09765625 0.0984375
1 0.51484375 0.26796875 0.08515625 0.08671875
1 0.4234375 0.09375 0.08515625 0.0859375
1 0.42265625 0.2125 0.09765625 0.0984375
1 0.4234375 0.32265625 0.09765625 0.0984375
1 0.3265625 0.16328125 0.09765625 0.0984375
1 0.3296875 0.26796875 0.109375 0.11015625
1 0.23359375 0.096875 0.11015625 0.11015625
1 0.23125 0.21328125 0.09765625 0.0984375
1 0.2296875 0.32421875 0.08515625 0.0859375
1 0.14140625 0.15390625 0.11015625 0.11015625
1 0.1375 0.25859375 0.09765625 0.09765625
1 0.1375 0.378125 0.09765625 0.09765625
1 0.32734375 0.378125 0.08515625 0.0859375
1 0.1421875 0.48359375 0.09765625 0.09765625
1 0.134375 0.59453125 0.09765625 0.0984375
1 0.1390625 0.7015625 0.109375 0.11015625
1 0.1390625 0.81953125 0.11015625 0.11015625
1 0.134375 0.9359375 0.11015625 0.11015625
1 0.2328125 0.4328125 0.09765625 0.09765625
1 0.23125 0.54609375 0.11015625 0.1109375
1 0.2296875 0.65 0.109375 0.11015625
1 0.2296875 0.7609375 0.09765625 0.0984375
1 0.2265625 0.87578125 0.109375 0.11015625
1 0.32890625 0.49296875 0.11015625 0.1109375
1 0.32421875 0.60234375 0.09765625 0.09765625
1 0.32421875 0.7140625 0.09765625 0.09765625
1 0.32265625 0.82109375 0.08515625 0.0859375
1 0.3234375 0.934375 0.0859375 0.0859375
1 0.4203125 0.4375 0.0859375 0.0859375
1 0.41875 0.55 0.09765625 0.09765625
1 0.4234375 0.659375 0.11015625 0.1109375
1 0.415625 0.76953125 0.11015625 0.1109375
1 0.42109375 0.87578125 0.11015625 0.11015625
1 0.51328125 0.38125 0.08515625 0.0859375
2 0.515625 0.490625 0.0859375 0.0859375
1 0.5125 0.6015625 0.0859375 0.0859375
1 0.51875 0.703125 0.109375 0.1109375
1 0.515625 0.8125 0.109375 0.1109375
1 0.5109375 0.9359375 0.11015625 0.11015625
1 0.6078125 0.43671875 0.11015625 0.11015625
1 0.60859375 0.55 0.11015625 0.11015625
1 0.6171875 0.65390625 0.109375 0.11015625
1 0.6109375 0.7640625 0.109375 0.11015625
1 0.61015625 0.87890625 0.109375 0.1109375
1 0.709375 0.48515625 0.11015625 0.11015625
1 0.7078125 0.6 0.11015625 0.11015625
1 0.70234375 0.70859375 0.09765625 0.0984375
1 0.7046875 0.81875 0.08515625 0.0859375
1 0.7046875 0.93125 0.09765625 0.09765625
1 0.80390625 0.44375 0.109375 0.11015625
1 0.80546875 0.54375 0.109375 0.11015625
1 0.79609375 0.65546875 0.09765625 0.0984375
1 0.8015625 0.76796875 0.11015625 0.11015625
1 0.79375 0.87421875 0.11015625 0.11015625
1 0.884375 0.3875 0.11015625 0.11015625
1 0.8921875 0.503125 0.109375 0.11015625
1 0.89375 0.61171875 0.109375 0.11015625
1 0.89375 0.7140625 0.09765625 0.0984375
1 0.8984375 0.83046875 0.109375 0.11015625
1 0.89609375 0.940625 0.11015625 0.11015625