2 0.409375 0.43359375 0.0734375 0.07421875
1 0.22265625 0.1015625 0.0859375 0.0859375
1 0.50625 0.04375 0.08515625 0.0859375
1 0.5984375 0.10078125 0.0859375 0.0859375
1 0.41328125 0.1140625 0.08515625 0.0859375
1 0.6 0.2078125 0.0859375 0.0859375
1 0.5953125 0.31640625 0.09765625 0.09765625
1 0.59921875 0.4390625 0.08515625 0.0859375
1 0.6 0.534375 0.08515625 0.0859375
1 0.59921875 0.65703125 0.08515625 0.0859375
1 0.503125 0.15234375 0.08515625 0.0859375
1 0.503125 0.26953125 0.09765625 0.09765625
1 0.5046875 0.38125 0.09765625 0.09765625
1 0.50859375 0.48828125 0.0859375 0.0859375
1 0.503125 0.5953125 0.0859375 0.0859375
3 0.409375 0.209375 0.08515625 0.0859375
1 0.41015625 0.3203125 0.09765625 0.09765625
1 0.41484375 0.54140625 0.09765625 0.0984375
1 0.3203125 0.15625 0.0859375 0.0859375
1 0.3171875 0.26796875 0.09765625 0.0984375
1 0.31875 0.38125 0.09765625 0.0984375
1 0.31484375 0.484375 0.08515625 0.0859375
1 0.31640625 0.6 0.09765625 0.0984375
1 0.22578125 0.20546875 0.09765625 0.0984375
1 0.22265625 0.31953125 0.09765625 0.0984375
1 0.221875 0.4265625 0.09765625 0.0984375
1 0.2203125 0.540625 0.09765625 0.0984375
1 0.21875 0.65390625 0.09765625 0.0984375
1 0.12421875 0.159375 0.08515625 0.0859375
1 0.12734375 0.271875 0.08515625 0.0859375
1 0.12421875 0.378125 0.09765625 0.0984375
1 0.12890625 0.4890625 0.09765625 0.0984375
1 0.125 0.603125 0.0859375 0.0859375
1 0.125 0.7140625 0.0859375 0.0859375
1 0.1265625 0.8171875 0.0859375 0.0859375
1 0.2203125 0.75859375 0.0859375 0.0859375
1 0.21796875 0.86640625 0.0859375 0.0859375
1 0.321875 0.70703125 0.08515625 0.0859375
1 0.31328125 0.8078125 0.09765625 0.0984375
1 0.41328125 0.659375 0.09765625 0.0984375
1 0.4109375 0.7609375 0.09765625 0.0984375
3 0.503125 0.70390625 0.0859375 0.0859375
1 0.5078125 0.8140625 0.09765625 0.0984375
1 0.60546875 0.765625 0.0859375 0.0859375