2 0.103125 0.57890625 0.0734375 0.07421875
2 0.20859375 0.88359375 0.0734375 0.0734375
2 0.10625 0.9328125 0.0734375 0.07421875
2 0.86171875 0.3859375 0.0734375 0.07421875
1 0.21015625 0.68046875 0.0859375 0.0859375
1 0.10546875 0.81328125 0.109375 0.11015625
1 0.1015625 0.69453125 0.09765625 0.0984375
1 0.95390625 0.33125 0.08515625 0.0859375
1 0.95 0.43359375 0.08515625 0.0859375
2 0.3890625 0.7671875 0.0484375 0.0484375
1 0.38828125 0.86875 0.08515625 0.0859375
1 0.95 0.5484375 0.08515625 0.0859375
1 0.946875 0.76484375 0.08515625 0.0859375
1 0.9453125 0.884375 0.09765625 0.0984375
1 0.8546875 0.9359375 0.11015625 0.11015625
1 0.8546875 0.82734375 0.11015625 0.11015625
1 0.85390625 0.7125 0.11015625 0.11015625
1 0.8546875 0.6 0.11015625 0.11015625
1 0.85625 0.48828125 0.09765625 0.09765625
1 0.7671875 0.425 0.0859375 0.0859375
1 0.7515625 0.55234375 0.09765625 0.0984375
1 0.7578125 0.66171875 0.09765625 0.0984375
1 0.7546875 0.77109375 0.11015625 0.11015625
1 0.7609375 0.88203125 0.109375 0.11015625
1 0.66875 0.9109375 0.09765625 0.09765625
1 0.665625 0.81171875 0.09765625 0.0984375
1 0.665625 0.721875 0.09765625 0.0984375
1 0.671875 0.59921875 0.09765625 0.0984375
1 0.57109375 0.871875 0.08515625 0.0859375
1 0.57109375 0.3296875 0.09765625 0.0984375
1 0.478125 0.28125 0.09765625 0.09765625
1 0.48046875 0.37734375 0.09765625 0.0984375
1 0.47578125 0.49453125 0.109375 0.11015625
1 0.47265625 0.6 0.109375 0.11015625
1 0.38125 0.3234375 0.09765625 0.0984375
1 0.3875 0.42890625 0.09765625 0.0984375
1 0.38203125 0.54140625 0.11015625 0.11015625
1 0.3796875 0.65546875 0.11015625 0.11015625
1 0.28828125 0.6 0.109375 0.1109375
1 0.296875 0.465625 0.09765625 0.09765625
1 0.2921875 0.3640625 0.109375 0.1109375
1 0.19609375 0.3171875 0.109375 0.1109375
1 0.2015625 0.425 0.11015625 0.11015625
1 0.1984375 0.56953125 0.11015625 0.11015625
1 0.29296875 0.70625 0.109375 0.11015625
1 0.29296875 0.8140625 0.0859375 0.0859375
1 0.10234375 0.3734375 0.08515625 0.0859375
1 0.7609375 0.10703125 0.09765625 0.0984375
1 0.68203125 0.14765625 0.08515625 0.0859375
1 0.5796875 0.2 0.09765625 0.09765625
1 0.57421875 0.09296875 0.09765625 0.0984375
1 0.478125 0.16015625 0.09765625 0.09765625
1 0.3921875 0.20390625 0.09765625 0.09765625
1 0.38984375 0.10234375 0.09765625 0.09765625
1 0.29765625 0.05390625 0.09765625 0.09765625
1 0.28984375 0.1640625 0.09765625 0.09765625
1 0.28984375 0.26484375 0.11015625 0.11015625
1 0.2015625 0.2140625 0.09765625 0.0984375
1 0.1984375 0.10234375 0.11015625 0.11015625
3 0.1078125 0.04375 0.0859375 0.0859375
1 0.1078125 0.16640625 0.109375 0.11015625
1 0.10234375 0.25703125 0.109375 0.11015625