2 0.24453125 0.1453125 0.0734375 0.0734375
1 0.6 0.75859375 0.08515625 0.0859375
1 0.59609375 0.88125 0.11015625 0.11015625
1 0.4953125 0.928125 0.109375 0.1109375
1 0.496875 0.8234375 0.11015625 0.11015625
1 0.41015625 0.7625 0.09765625 0.0984375
1 0.41015625 0.871875 0.109375 0.11015625
1 0.3078125 0.93125 0.09765625 0.0984375
1 0.31171875 0.8109375 0.09765625 0.09765625
1 0.21640625 0.8765625 0.08515625 0.0859375
1 0.11875 0.8921875 0.09765625 0.0984375
1 0.11875 0.80234375 0.109375 0.11015625
1 0.88203125 0.71171875 0.0859375 0.0859375
1 0.87265625 0.83046875 0.11015625 0.11015625
1 0.875 0.934375 0.0859375 0.0859375
1 0.7796875 0.8875 0.09765625 0.09765625
1 0.7859375 0.76640625 0.09765625 0.09765625
1 0.69375 0.72734375 0.109375 0.1109375
1 0.6890625 0.83046875 0.09765625 0.0984375
1 0.69296875 0.9390625 0.08515625 0.0859375
2 0.1265625 0.1890625 0.06171875 0.06171875
1 0.89140625 0.21953125 0.09765625 0.09765625
1 0.8890625 0.309375 0.11015625 0.11015625
1 0.8890625 0.43046875 0.09765625 0.0984375
1 0.88984375 0.525 0.11015625 0.1109375
1 0.7921875 0.4734375 0.09765625 0.0984375
1 0.79609375 0.353125 0.0859375 0.0859375
1 0.79609375 0.2546875 0.109375 0.11015625
1 0.7078125 0.190625 0.09765625 0.0984375
1 0.7203125 0.33515625 0.109375 0.11015625
1 0.7078125 0.43125 0.109375 0.11015625
1 0.69375 0.534375 0.09765625 0.09765625
1 0.6125 0.48515625 0.109375 0.11015625
1 0.60859375 0.36640625 0.109375 0.11015625
0 0.61015625 0.26875 0.08515625 0.0859375
1 0.6078125 0.146875 0.09765625 0.09765625
1 0.5140625 0.10234375 0.08515625 0.0859375
1 0.50859375 0.21015625 0.09765625 0.0984375
1 0.50859375 0.31171875 0.09765625 0.09765625
1 0.50859375 0.42734375 0.109375 0.11015625
1 0.51015625 0.525 0.11015625 0.11015625
1 0.4125 0.4828125 0.109375 0.11015625
1 0.41328125 0.36875 0.09765625 0.0984375
1 0.4234375 0.253125 0.109375 0.1109375
1 0.41484375 0.1515625 0.109375 0.11015625
1 0.321875 0.0984375 0.11015625 0.11015625
1 0.33203125 0.2109375 0.0859375 0.0859375
1 0.240625 0.26953125 0.09765625 0.09765625
1 0.221875 0.36953125 0.11015625 0.11015625
1 0.21953125 0.45546875 0.11015625 0.11015625
1 0.32421875 0.46484375 0.109375 0.1109375
1 0.315625 0.32109375 0.09765625 0.0984375
3 0.1234375 0.2796875 0.0734375 0.0734375
1 0.128125 0.38515625 0.09765625 0.0984375
1 0.1234375 0.49375 0.11015625 0.11015625