2 0.534375 0.14375 0.0859375 0.08671875
2 0.0484375 0.3078125 0.0734375 0.07421875
1 0.91015625 0.1375 0.0859375 0.0859375
1 0.8109375 0.0859375 0.09765625 0.09765625
1 0.715625 0.13984375 0.08515625 0.0859375
1 0.63359375 0.0828125 0.09765625 0.0984375
2 0.43671875 0.1 0.02421875 0.02421875
2 0.3453125 0.01875 0.02421875 0.02421875
2 0.34140625 0.134375 0.02421875 0.02421875
2 0.3375 0.24375 0.02421875 0.02421875
2 0.340625 0.32578125 0.02421875 0.02421875
2 0.43828125 0.18671875 0.02421875 0.02421875
2 0.43125 0.29453125 0.02421875 0.02421875
2 0.53125 0.325 0.0375 0.0375
1 0.528125 0.24296875 0.109375 0.11015625
1 0.6375 0.18671875 0.0859375 0.0859375
1 0.63828125 0.2953125 0.0734375 0.0734375
1 0.71875 0.2453125 0.09765625 0.0984375
2 0.709375 0.3609375 0.06171875 0.06171875
1 0.8109375 0.1921875 0.09765625 0.0984375
1 0.815625 0.29921875 0.09765625 0.0984375
1 0.91875 0.24921875 0.09765625 0.09765625
1 0.05 0.0890625 0.09765625 0.09765625
1 0.0546875 0.2 0.09765625 0.09765625
2 0.05703125 0.484375 0.0359375 0.0375
1 0.0578125 0.5828125 0.09765625 0.09765625
1 0.05625 0.6921875 0.109375 0.11015625
1 0.059375 0.92265625 0.109375 0.11015625
1 0.153125 0.5421875 0.08515625 0.0859375
1 0.15 0.63984375 0.09765625 0.09765625
1 0.14921875 0.75625 0.11015625 0.1109375
1 0.1453125 0.86796875 0.121875 0.1234375
2 0.253125 0.4890625 0.0609375 0.06171875
1 0.2453125 0.58671875 0.0859375 0.0859375
1 0.246875 0.6984375 0.11015625 0.1109375
1 0.2390625 0.81171875 0.121875 0.1234375
1 0.2390625 0.91953125 0.11015625 0.11015625
1 0.3421875 0.5375 0.0859375 0.0859375
1 0.334375 0.646875 0.09765625 0.0984375
1 0.34375 0.75703125 0.109375 0.11015625
1 0.34140625 0.86875 0.121875 0.1234375
2 0.4390625 0.4953125 0.06171875 0.06171875
1 0.4359375 0.5890625 0.09765625 0.0984375
1 0.43984375 0.70390625 0.121875 0.1234375
1 0.4328125 0.81328125 0.109375 0.11015625
1 0.4359375 0.928125 0.121875 0.1234375
1 0.5328125 0.53828125 0.09765625 0.0984375
1 0.52890625 0.64765625 0.11015625 0.11015625
1 0.52109375 0.7515625 0.121875 0.1234375
1 0.5296875 0.87421875 0.11015625 0.11015625
2 0.6234375 0.50625 0.0484375 0.0484375
1 0.6203125 0.59140625 0.09765625 0.0984375
1 0.61953125 0.70625 0.121875 0.121875
1 0.6234375 0.8125 0.121875 0.1234375
1 0.62265625 0.92890625 0.11015625 0.11015625
1 0.70859375 0.53828125 0.0734375 0.0734375
1 0.7125 0.65078125 0.109375 0.11015625
1 0.7140625 0.76015625 0.109375 0.11015625
1 0.7140625 0.86796875 0.0859375 0.0859375
1 0.81875 0.590625 0.121875 0.1234375
1 0.80703125 0.69921875 0.121875 0.1234375
1 0.8140625 0.81953125 0.09765625 0.0984375
1 0.815625 0.91875 0.09765625 0.0984375
1 0.9125 0.5359375 0.0734375 0.07421875
1 0.91796875 0.6484375 0.09765625 0.09765625
1 0.92421875 0.76171875 0.121875 0.1234375
1 0.9203125 0.87421875 0.09765625 0.0984375