1 0.7546875 0.16171875 0.109375 0.11015625
2 0.284375 0.4828125 0.0734375 0.0734375
2 0.18984375 0.440625 0.0734375 0.07421875
2 0.93515625 0.26171875 0.0734375 0.07421875
1 0.94140625 0.1546875 0.09765625 0.09765625
1 0.840625 0.10234375 0.11015625 0.11015625
1 0.840625 0.21171875 0.09765625 0.0984375
1 0.75703125 0.2671875 0.0734375 0.0734375
1 0.6546875 0.1046875 0.09765625 0.0984375
1 0.6578125 0.209375 0.09765625 0.0984375
1 0.56328125 0.14921875 0.09765625 0.0984375
2 0.565625 0.2609375 0.0734375 0.0734375
1 0.4671875 0.09921875 0.09765625 0.0984375
1 0.4671875 0.20859375 0.09765625 0.0984375
1 0.3703125 0.1515625 0.09765625 0.0984375
2 0.37421875 0.25390625 0.0734375 0.07421875
1 0.27734375 0.096875 0.09765625 0.0984375
1 0.27734375 0.20234375 0.0859375 0.0859375
1 0.184375 0.14375 0.08515625 0.0859375
1 0.18046875 0.25078125 0.09765625 0.09765625
1 0.0828125 0.0875 0.08515625 0.0859375
1 0.0890625 0.20234375 0.09765625 0.09765625
1 0.084375 0.49296875 0.09765625 0.09765625
1 0.0921875 0.6 0.121875 0.1234375
1 0.0921875 0.709375 0.11015625 0.1109375
1 0.090625 0.8109375 0.11015625 0.11015625
1 0.08359375 0.9265625 0.11015625 0.11015625
1 0.1796875 0.5359375 0.109375 0.11015625
1 0.184375 0.6484375 0.109375 0.1109375
1 0.184375 0.7609375 0.121875 0.1234375
1 0.18203125 0.87578125 0.11015625 0.11015625
1 0.2796875 0.59296875 0.11015625 0.11015625
1 0.2828125 0.70390625 0.121875 0.1234375
1 0.28203125 0.81640625 0.121875 0.1234375
1 0.2875 0.92109375 0.109375 0.1109375
2 0.37734375 0.43203125 0.06171875 0.06171875
1 0.37578125 0.53828125 0.09765625 0.0984375
1 0.375 0.65078125 0.09765625 0.0984375
1 0.38203125 0.74375 0.09765625 0.09765625
1 0.37578125 0.87109375 0.121875 0.1234375
1 0.47578125 0.48125 0.09765625 0.0984375
1 0.46953125 0.59921875 0.09765625 0.0984375
1 0.46953125 0.6953125 0.121875 0.1234375
1 0.46796875 0.81171875 0.121875 0.1234375
1 0.46796875 0.925 0.121875 0.1234375
2 0.571875 0.43046875 0.0609375 0.06171875
1 0.5640625 0.53671875 0.09765625 0.0984375
1 0.5640625 0.64609375 0.09765625 0.0984375
1 0.5671875 0.7625 0.121875 0.1234375
1 0.56484375 0.878125 0.121875 0.1234375
1 0.66171875 0.484375 0.08515625 0.0859375
1 0.65703125 0.5921875 0.09765625 0.0984375
1 0.6609375 0.70625 0.121875 0.121875
1 0.66484375 0.8140625 0.09765625 0.0984375
1 0.659375 0.925 0.121875 0.1234375
2 0.75390625 0.43125 0.0609375 0.06171875
1 0.75703125 0.540625 0.09765625 0.0984375
1 0.7515625 0.653125 0.09765625 0.0984375
1 0.753125 0.7640625 0.09765625 0.0984375
1 0.75703125 0.865625 0.09765625 0.0984375
1 0.8453125 0.4875 0.0859375 0.0859375
1 0.846875 0.59140625 0.09765625 0.0984375
1 0.8484375 0.7046875 0.09765625 0.0984375
1 0.8453125 0.81796875 0.09765625 0.0984375
1 0.84609375 0.93203125 0.121875 0.121875
2 0.94375 0.43828125 0.0359375 0.0375
1 0.94453125 0.5375 0.09765625 0.09765625
1 0.94375 0.64609375 0.109375 0.11015625