2 0.55078125 0.134375 0.0859375 0.08671875
2 0.06484375 0.29765625 0.0734375 0.07421875
1 0.9265625 0.128125 0.0859375 0.0859375
1 0.82734375 0.0765625 0.09765625 0.09765625
1 0.73203125 0.1296875 0.08515625 0.0859375
1 0.65 0.07265625 0.09765625 0.0984375
2 0.45390625 0.090625 0.02421875 0.02421875
2 0.3578125 0.12421875 0.02421875 0.02421875
2 0.35390625 0.23359375 0.02421875 0.02421875
2 0.35703125 0.315625 0.02421875 0.02421875
2 0.4546875 0.17734375 0.02421875 0.02421875
2 0.44765625 0.284375 0.02421875 0.02421875
2 0.54765625 0.315625 0.0375 0.0375
1 0.5453125 0.2328125 0.109375 0.11015625
1 0.6546875 0.1765625 0.0859375 0.0859375
1 0.6546875 0.2859375 0.0734375 0.0734375
1 0.73515625 0.2359375 0.09765625 0.0984375
2 0.72578125 0.35078125 0.06171875 0.06171875
1 0.82734375 0.18203125 0.09765625 0.0984375
1 0.83203125 0.28984375 0.09765625 0.0984375
1 0.9359375 0.2390625 0.09765625 0.09765625
1 0.06640625 0.07890625 0.09765625 0.09765625
1 0.07109375 0.190625 0.09765625 0.09765625
2 0.0734375 0.475 0.0359375 0.0375
1 0.07421875 0.5734375 0.09765625 0.09765625
1 0.0734375 0.68203125 0.109375 0.11015625
1 0.07109375 0.803125 0.121875 0.1234375
1 0.0765625 0.9125 0.109375 0.11015625
1 0.16953125 0.53203125 0.08515625 0.0859375
1 0.1671875 0.6296875 0.09765625 0.09765625
1 0.165625 0.74609375 0.11015625 0.1109375
1 0.16171875 0.85859375 0.121875 0.1234375
2 0.26953125 0.47890625 0.0609375 0.06171875
1 0.26171875 0.57734375 0.0859375 0.0859375
1 0.26328125 0.68828125 0.11015625 0.1109375
1 0.25546875 0.8015625 0.121875 0.1234375
1 0.25546875 0.909375 0.11015625 0.11015625
1 0.35859375 0.52734375 0.0859375 0.0859375
1 0.35078125 0.6375 0.09765625 0.0984375
1 0.36015625 0.74765625 0.109375 0.11015625
1 0.3578125 0.859375 0.121875 0.1234375
2 0.45546875 0.4859375 0.06171875 0.06171875
1 0.45234375 0.5796875 0.09765625 0.0984375
1 0.45625 0.69453125 0.121875 0.1234375
1 0.44921875 0.803125 0.109375 0.11015625
1 0.45234375 0.91796875 0.121875 0.1234375
1 0.55 0.52890625 0.09765625 0.0984375
1 0.5453125 0.63828125 0.11015625 0.11015625
1 0.5375 0.7421875 0.121875 0.1234375
1 0.54609375 0.86484375 0.11015625 0.11015625
2 0.63984375 0.49609375 0.0484375 0.0484375
1 0.63671875 0.58125 0.09765625 0.0984375
1 0.6359375 0.696875 0.121875 0.121875
1 0.63984375 0.803125 0.121875 0.1234375
1 0.6390625 0.91953125 0.11015625 0.11015625
1 0.725 0.52890625 0.0734375 0.0734375
1 0.7296875 0.64140625 0.109375 0.11015625
1 0.73046875 0.75078125 0.109375 0.11015625
1 0.73046875 0.85859375 0.0859375 0.0859375
1 0.83515625 0.58125 0.121875 0.1234375
1 0.8234375 0.6890625 0.121875 0.1234375
1 0.83125 0.81015625 0.09765625 0.0984375
1 0.83203125 0.90859375 0.09765625 0.0984375
1 0.92890625 0.5265625 0.0734375 0.07421875
1 0.934375 0.6390625 0.09765625 0.09765625
1 0.93671875 0.86484375 0.09765625 0.0984375