2 0.89375 0.72109375 0.0734375 0.0734375
1 0.04375 0.1234375 0.08515625 0.0859375
1 0.1375 0.2984375 0.109375 0.11015625
1 0.14375 0.175 0.11015625 0.1109375
1 0.1375 0.06953125 0.09765625 0.09765625
1 0.2390625 0.11796875 0.11015625 0.11015625
1 0.2359375 0.221875 0.11015625 0.1109375
1 0.334375 0.178125 0.09765625 0.09765625
1 0.3234375 0.071875 0.08515625 0.0859375
1 0.425 0.1109375 0.09765625 0.09765625
1 0.421875 0.2125 0.0859375 0.0859375
1 0.3265625 0.29609375 0.09765625 0.09765625
1 0.51875 0.26484375 0.09765625 0.0984375
1 0.5140625 0.06328125 0.09765625 0.0984375
1 0.61484375 0.10625 0.11015625 0.1109375
1 0.6078125 0.215625 0.11015625 0.11015625
1 0.70625 0.26640625 0.09765625 0.09765625
1 0.71015625 0.15546875 0.09765625 0.0984375
1 0.7921875 0.10390625 0.09765625 0.0984375
1 0.796875 0.21015625 0.09765625 0.0984375
1 0.8875 0.2734375 0.08515625 0.0859375
1 0.8921875 0.14453125 0.0859375 0.0859375
1 0.79375 0.75703125 0.08515625 0.0859375
1 0.1359375 0.8375 0.09765625 0.0984375
1 0.13203125 0.73125 0.09765625 0.0984375
1 0.228125 0.784375 0.109375 0.11015625
1 0.228125 0.88828125 0.09765625 0.0984375
1 0.3234375 0.72578125 0.09765625 0.0984375
1 0.328125 0.8421875 0.09765625 0.09765625
1 0.321875 0.94453125 0.08515625 0.0859375
1 0.4265625 0.8765625 0.09765625 0.09765625
1 0.4203125 0.76875 0.09765625 0.0984375
1 0.50859375 0.71171875 0.09765625 0.09765625
1 0.51484375 0.81875 0.09765625 0.0984375
1 0.5125 0.9265625 0.09765625 0.0984375
1 0.603125 0.86953125 0.109375 0.11015625
1 0.60234375 0.75859375 0.11015625 0.1109375
1 0.7 0.715625 0.09765625 0.09765625
1 0.69140625 0.81875 0.109375 0.11015625
1 0.70390625 0.92265625 0.109375 0.1109375
1 0.7921875 0.85859375 0.109375 0.11015625
1 0.88984375 0.81953125 0.08515625 0.0859375
1 0.8890625 0.91875 0.09765625 0.09765625
1 0.8875 0.38125 0.09765625 0.0984375
1 0.88984375 0.49140625 0.09765625 0.0984375
1 0.8890625 0.5953125 0.0859375 0.0859375
1 0.790625 0.65390625 0.109375 0.11015625
1 0.79375 0.54921875 0.09765625 0.0984375
1 0.79375 0.43125 0.0859375 0.0859375
1 0.79296875 0.325 0.0859375 0.0859375
1 0.70234375 0.371875 0.09765625 0.0984375
1 0.69921875 0.47890625 0.09765625 0.0984375
1 0.7046875 0.58515625 0.09765625 0.09765625
1 0.6125 0.63671875 0.109375 0.1109375
1 0.6109375 0.5359375 0.11015625 0.1109375
1 0.6046875 0.44609375 0.11015625 0.11015625
1 0.6109375 0.31953125 0.11015625 0.11015625
1 0.5203125 0.371875 0.09765625 0.09765625
1 0.5203125 0.48359375 0.09765625 0.09765625
1 0.5140625 0.59375 0.0859375 0.0859375
1 0.421875 0.659375 0.09765625 0.0984375
1 0.41796875 0.55625 0.0859375 0.0859375
1 0.42578125 0.4359375 0.09765625 0.09765625
1 0.41796875 0.32890625 0.09765625 0.09765625
1 0.32890625 0.4 0.09765625 0.09765625
1 0.3234375 0.496875 0.09765625 0.0984375
1 0.32109375 0.61953125 0.09765625 0.0984375
1 0.234375 0.6765625 0.109375 0.11015625
1 0.228125 0.56328125 0.11015625 0.11015625
1 0.240625 0.45 0.11015625 0.11015625
1 0.23203125 0.33828125 0.11015625 0.11015625
1 0.1453125 0.4046875 0.09765625 0.0984375
1 0.13125 0.51640625 0.109375 0.11015625
1 0.1328125 0.621875 0.0859375 0.0859375