2 0.5671875 0.24609375 0.08515625 0.0859375
2 0.571875 0.3625 0.0734375 0.0734375
2 0.66171875 0.18828125 0.0734375 0.0734375
2 0.6671875 0.4140625 0.08515625 0.0859375
2 0.6609375 0.30234375 0.06171875 0.06171875
2 0.6640625 0.53046875 0.0859375 0.0859375
2 0.66875 0.0828125 0.0734375 0.0734375
1 0.478125 0.08359375 0.0859375 0.08671875
1 0.290625 0.07734375 0.09765625 0.0984375
1 0.565625 0.1375 0.0734375 0.0734375
1 0.56953125 0.46875 0.0859375 0.0859375
1 0.5703125 0.5796875 0.09765625 0.09765625
1 0.4734375 0.19453125 0.0859375 0.0859375
1 0.46953125 0.30625 0.09765625 0.0984375
1 0.47265625 0.4140625 0.0859375 0.0859375
1 0.47265625 0.5203125 0.09765625 0.09765625
1 0.3765625 0.14140625 0.09765625 0.0984375
1 0.3765625 0.2484375 0.09765625 0.0984375
1 0.3796875 0.36328125 0.08515625 0.0859375
1 0.38203125 0.471875 0.08515625 0.0859375
1 0.38125 0.5765625 0.09765625 0.09765625
1 0.28515625 0.18984375 0.09765625 0.0984375
1 0.28828125 0.303125 0.09765625 0.09765625
1 0.284375 0.421875 0.08515625 0.0859375
1 0.2828125 0.52421875 0.09765625 0.09765625
1 0.1953125 0.134375 0.09765625 0.09765625
1 0.1921875 0.2546875 0.0859375 0.0859375
1 0.19453125 0.36328125 0.0734375 0.07421875
1 0.19296875 0.471875 0.0734375 0.07421875
1 0.18515625 0.58359375 0.0734375 0.0734375
1 0.09765625 0.084375 0.109375 0.1109375
1 0.096875 0.1953125 0.09765625 0.09765625
1 0.10078125 0.30859375 0.09765625 0.09765625
1 0.10078125 0.4140625 0.08515625 0.0859375
1 0.10234375 0.52265625 0.09765625 0.0984375
1 0.0984375 0.6375 0.0734375 0.07421875
1 0.10078125 0.7453125 0.09765625 0.09765625
1 0.096875 0.853125 0.11015625 0.11015625
1 0.18984375 0.6890625 0.0734375 0.07421875
1 0.18671875 0.8015625 0.09765625 0.09765625
1 0.1921875 0.91328125 0.08515625 0.0859375
1 0.28828125 0.63203125 0.09765625 0.0984375
1 0.284375 0.74609375 0.0859375 0.0859375
1 0.28203125 0.8484375 0.09765625 0.09765625
1 0.38125 0.684375 0.09765625 0.0984375
1 0.3859375 0.80234375 0.09765625 0.0984375
1 0.3890625 0.9078125 0.09765625 0.09765625
1 0.475 0.63515625 0.0859375 0.08671875
1 0.475 0.74296875 0.09765625 0.0984375
1 0.4734375 0.85078125 0.09765625 0.0984375
1 0.57421875 0.6890625 0.09765625 0.0984375
1 0.5671875 0.79765625 0.09765625 0.0984375
1 0.56640625 0.9125 0.0859375 0.0859375
1 0.66328125 0.62890625 0.08515625 0.0859375
1 0.66328125 0.74140625 0.08515625 0.0859375
1 0.6640625 0.8546875 0.09765625 0.0984375