2 0.7078125 0.80390625 0.0734375 0.0734375
2 0.60859375 0.63515625 0.06171875 0.06171875
2 0.70390625 0.68125 0.06171875 0.06171875
2 0.796875 0.6421875 0.0609375 0.0609375
2 0.43046875 0.6375 0.06171875 0.06171875
1 0.1421875 0.696875 0.09765625 0.0984375
1 0.1421875 0.803125 0.09765625 0.09765625
1 0.1453125 0.9109375 0.09765625 0.09765625
1 0.23828125 0.64921875 0.109375 0.11015625
1 0.24140625 0.7546875 0.09765625 0.0984375
1 0.24296875 0.8578125 0.09765625 0.0984375
1 0.33203125 0.69375 0.09765625 0.0984375
1 0.334375 0.79765625 0.09765625 0.0984375
1 0.3359375 0.9125 0.109375 0.11015625
1 0.42578125 0.75078125 0.09765625 0.0984375
1 0.42890625 0.85625 0.09765625 0.0984375
1 0.5203125 0.68984375 0.09765625 0.0984375
1 0.52265625 0.80546875 0.0859375 0.08671875
1 0.51875 0.915625 0.08515625 0.0859375
1 0.6140625 0.74921875 0.0859375 0.0859375
1 0.6109375 0.859375 0.0859375 0.0859375
1 0.7109375 0.9234375 0.0859375 0.0859375
1 0.80546875 0.74609375 0.09765625 0.09765625
1 0.80390625 0.8546875 0.08515625 0.0859375
0 0.896875 0.68828125 0.0734375 0.07421875
1 0.90234375 0.7984375 0.09765625 0.09765625
1 0.90234375 0.91015625 0.09765625 0.09765625