2 0.071875 0.24375 0.0734375 0.07421875
1 0.84453125 0.3703125 0.109375 0.11015625
2 0.37421875 0.6921875 0.0734375 0.0734375
2 0.2796875 0.64921875 0.0734375 0.07421875
3 0.93359375 0.09296875 0.0859375 0.0859375
1 0.934375 0.20625 0.09765625 0.09765625
1 0.93046875 0.3109375 0.11015625 0.11015625
1 0.93046875 0.4203125 0.09765625 0.0984375
1 0.84296875 0.1421875 0.11015625 0.1109375
1 0.84296875 0.2546875 0.09765625 0.09765625
1 0.846875 0.47578125 0.0734375 0.0734375
1 0.7453125 0.08515625 0.109375 0.1109375
1 0.7421875 0.20625 0.109375 0.11015625
1 0.74375 0.3140625 0.09765625 0.0984375
1 0.7484375 0.41875 0.09765625 0.0984375
1 0.65234375 0.14140625 0.09765625 0.0984375
1 0.653125 0.2515625 0.09765625 0.0984375
1 0.653125 0.3578125 0.09765625 0.0984375
2 0.65546875 0.4703125 0.0734375 0.0734375
1 0.55 0.0828125 0.08515625 0.0859375
1 0.5546875 0.18515625 0.09765625 0.0984375
1 0.55625 0.3078125 0.09765625 0.0984375
1 0.55625 0.4171875 0.09765625 0.0984375
1 0.46484375 0.1359375 0.09765625 0.0984375
1 0.459375 0.24140625 0.09765625 0.0984375
1 0.46015625 0.3609375 0.09765625 0.0984375
2 0.4640625 0.4625 0.0734375 0.07421875
1 0.3671875 0.07890625 0.109375 0.11015625
1 0.36796875 0.1921875 0.09765625 0.0984375
1 0.3671875 0.30625 0.09765625 0.0984375
1 0.3671875 0.4109375 0.0859375 0.0859375
1 0.26875 0.13515625 0.09765625 0.0984375
1 0.2671875 0.2484375 0.09765625 0.0984375
1 0.27421875 0.35234375 0.08515625 0.0859375
1 0.2703125 0.46015625 0.09765625 0.09765625
1 0.1734375 0.08046875 0.09765625 0.0984375
1 0.1703125 0.1875 0.08515625 0.0859375
1 0.17265625 0.296875 0.08515625 0.0859375
1 0.17890625 0.4109375 0.09765625 0.09765625
1 0.07734375 0.1375 0.08515625 0.0859375
1 0.07890625 0.35078125 0.0734375 0.07421875
2 0.07421875 0.4546875 0.0609375 0.06171875
1 0.0796875 0.6390625 0.08515625 0.0859375
1 0.08125 0.75078125 0.121875 0.1234375
1 0.1734375 0.70234375 0.09765625 0.09765625
1 0.18203125 0.80859375 0.121875 0.1234375
1 0.18203125 0.91796875 0.11015625 0.1109375
1 0.26953125 0.74453125 0.109375 0.11015625
1 0.27421875 0.8578125 0.109375 0.1109375
1 0.36953125 0.80234375 0.11015625 0.11015625
1 0.37265625 0.91328125 0.121875 0.1234375
2 0.4671875 0.64140625 0.06171875 0.06171875
1 0.465625 0.74765625 0.09765625 0.0984375
1 0.46484375 0.86015625 0.09765625 0.0984375
1 0.565625 0.68984375 0.09765625 0.0984375
1 0.559375 0.8078125 0.09765625 0.0984375
1 0.559375 0.9046875 0.121875 0.1234375
2 0.6625 0.6390625 0.0609375 0.06171875
1 0.6546875 0.7453125 0.09765625 0.0984375
1 0.6546875 0.8546875 0.09765625 0.0984375
1 0.7515625 0.69375 0.08515625 0.0859375
1 0.746875 0.8015625 0.09765625 0.0984375
1 0.75078125 0.915625 0.121875 0.121875
2 0.84375 0.63984375 0.0609375 0.06171875
1 0.846875 0.74921875 0.09765625 0.0984375
1 0.8421875 0.86171875 0.09765625 0.0984375
1 0.9359375 0.69609375 0.0859375 0.0859375
1 0.93671875 0.8 0.09765625 0.0984375
1 0.93828125 0.91328125 0.09765625 0.0984375