2 0.2234375 0.32734375 0.0734375 0.07421875
1 0.8859375 0.92890625 0.109375 0.1109375
1 0.87890625 0.8171875 0.09765625 0.0984375
1 0.88828125 0.71953125 0.11015625 0.11015625
1 0.88984375 0.6046875 0.09765625 0.0984375
1 0.8859375 0.4828125 0.11015625 0.11015625
1 0.8875 0.38515625 0.11015625 0.11015625
1 0.7890625 0.340625 0.0859375 0.0859375
1 0.79296875 0.45 0.0859375 0.0859375
1 0.79453125 0.5453125 0.08515625 0.0859375
1 0.7953125 0.6609375 0.08515625 0.0859375
1 0.79765625 0.76875 0.0859375 0.0859375
1 0.803125 0.8859375 0.0859375 0.0859375
1 0.69375 0.825 0.09765625 0.0984375
1 0.69375 0.71484375 0.0859375 0.0859375
1 0.69453125 0.6078125 0.09765625 0.09765625
1 0.7015625 0.4828125 0.109375 0.1109375
1 0.70625 0.4015625 0.09765625 0.0984375
1 0.61640625 0.3421875 0.0859375 0.0859375
1 0.60078125 0.4484375 0.09765625 0.0984375
1 0.60234375 0.55625 0.09765625 0.0984375
1 0.60546875 0.66328125 0.09765625 0.09765625
1 0.60546875 0.784375 0.09765625 0.09765625
1 0.6078125 0.8921875 0.09765625 0.0984375
1 0.50859375 0.2796875 0.09765625 0.09765625
1 0.51171875 0.3921875 0.09765625 0.09765625
1 0.509375 0.49375 0.09765625 0.0984375
1 0.50625 0.6015625 0.0859375 0.0859375
1 0.5125 0.721875 0.09765625 0.09765625
1 0.509375 0.83984375 0.109375 0.1109375
1 0.50625 0.9375 0.09765625 0.09765625
1 0.4125 0.884375 0.09765625 0.0984375
1 0.41328125 0.765625 0.09765625 0.09765625
1 0.409375 0.23125 0.0859375 0.0859375
1 0.4109375 0.3296875 0.08515625 0.0859375
1 0.41328125 0.44453125 0.0859375 0.0859375
1 0.4140625 0.55390625 0.0859375 0.0859375
1 0.4140625 0.65625 0.0859375 0.0859375
1 0.31484375 0.27265625 0.08515625 0.0859375
1 0.3109375 0.375 0.08515625 0.0859375
1 0.3109375 0.490625 0.08515625 0.0859375
1 0.309375 0.59921875 0.109375 0.11015625
1 0.3078125 0.70625 0.08515625 0.0859375
1 0.30625 0.82578125 0.09765625 0.0984375
1 0.31171875 0.940625 0.109375 0.11015625
1 0.21640625 0.87734375 0.11015625 0.11015625
1 0.21640625 0.76875 0.11015625 0.11015625
1 0.215625 0.65390625 0.11015625 0.11015625
1 0.21640625 0.54140625 0.11015625 0.11015625
1 0.21796875 0.4296875 0.09765625 0.09765625
1 0.12890625 0.36640625 0.0859375 0.0859375
1 0.11328125 0.49375 0.09765625 0.0984375
1 0.11875 0.603125 0.09765625 0.0984375
1 0.115625 0.7125 0.11015625 0.11015625
1 0.121875 0.8234375 0.109375 0.11015625
1 0.11796875 0.9359375 0.11015625 0.11015625
1 0.88359375 0.159375 0.09765625 0.09765625
1 0.88671875 0.2640625 0.0859375 0.0859375
1 0.7953125 0.21875 0.08515625 0.0859375
1 0.7921875 0.0984375 0.08515625 0.0859375
1 0.70234375 0.05078125 0.09765625 0.09765625
1 0.70234375 0.1609375 0.09765625 0.09765625
1 0.7015625 0.2734375 0.09765625 0.09765625
1 0.60859375 0.2203125 0.09765625 0.0984375
1 0.6125 0.1078125 0.09765625 0.09765625
1 0.503125 0.1625 0.09765625 0.0984375
1 0.4109375 0.134375 0.08515625 0.0859375
1 0.04375 0.0890625 0.08515625 0.0859375