1 0.25 0.05703125 0.109375 0.11015625
1 0.440625 0.05703125 0.11015625 0.11015625
1 0.9171875 0.1109375 0.09765625 0.09765625
1 0.92109375 0.225 0.09765625 0.09765625
1 0.92109375 0.3296875 0.08515625 0.0859375
1 0.92265625 0.4390625 0.09765625 0.0984375
1 0.8234375 0.05390625 0.09765625 0.09765625
1 0.8234375 0.16484375 0.09765625 0.0984375
1 0.82578125 0.275 0.08515625 0.0859375
1 0.82421875 0.3875 0.09765625 0.0984375
1 0.82421875 0.5015625 0.09765625 0.0984375
1 0.7296875 0.1125 0.11015625 0.11015625
1 0.73203125 0.2203125 0.11015625 0.11015625
1 0.728125 0.33125 0.0859375 0.0859375
1 0.73046875 0.43984375 0.09765625 0.0984375
1 0.63203125 0.05390625 0.09765625 0.0984375
1 0.62890625 0.16328125 0.09765625 0.0984375
1 0.6375 0.2765625 0.09765625 0.0984375
1 0.6390625 0.384375 0.09765625 0.0984375
1 0.6359375 0.4953125 0.09765625 0.0984375
1 0.5328125 0.115625 0.109375 0.11015625
1 0.53203125 0.228125 0.109375 0.11015625
1 0.5359375 0.33046875 0.11015625 0.11015625
1 0.53203125 0.43828125 0.11015625 0.11015625
1 0.44296875 0.16875 0.11015625 0.11015625
1 0.434375 0.27890625 0.11015625 0.11015625
1 0.43984375 0.39296875 0.11015625 0.11015625
1 0.4390625 0.5015625 0.109375 0.1109375
1 0.35078125 0.1109375 0.09765625 0.0984375
1 0.353125 0.21875 0.0859375 0.0859375
1 0.34296875 0.33203125 0.09765625 0.09765625
1 0.346875 0.4484375 0.09765625 0.09765625
1 0.24921875 0.16953125 0.109375 0.11015625
1 0.25078125 0.2734375 0.109375 0.1109375
1 0.253125 0.3875 0.109375 0.1109375
1 0.24765625 0.4875 0.11015625 0.1109375
1 0.1515625 0.1140625 0.109375 0.11015625
1 0.153125 0.225 0.11015625 0.1109375
1 0.15 0.33203125 0.11015625 0.1109375
1 0.1546875 0.4390625 0.11015625 0.11015625
1 0.059375 0.2828125 0.11015625 0.11015625
1 0.06328125 0.3875 0.109375 0.11015625
2 0.05625 0.490625 0.0484375 0.0484375
1 0.06640625 0.71796875 0.0859375 0.0859375
1 0.06015625 0.60546875 0.08515625 0.0859375
2 0.15703125 0.55625 0.08515625 0.0859375
1 0.15390625 0.66328125 0.08515625 0.0859375
1 0.1609375 0.7703125 0.09765625 0.09765625
1 0.15625 0.875 0.09765625 0.09765625
2 0.25078125 0.6046875 0.0734375 0.0734375
1 0.253125 0.7171875 0.08515625 0.0859375
1 0.25234375 0.93359375 0.0734375 0.07421875
1 0.3390625 0.5515625 0.09765625 0.0984375
1 0.34453125 0.6609375 0.09765625 0.0984375
1 0.33984375 0.77578125 0.09765625 0.0984375
1 0.35 0.88671875 0.09765625 0.09765625
1 0.4421875 0.60625 0.11015625 0.11015625
1 0.44296875 0.7203125 0.11015625 0.11015625
1 0.4375 0.8265625 0.109375 0.11015625
1 0.53671875 0.55546875 0.11015625 0.11015625
1 0.53359375 0.66640625 0.11015625 0.11015625
1 0.528125 0.775 0.11015625 0.11015625
1 0.5359375 0.8875 0.11015625 0.11015625
1 0.6375 0.6078125 0.109375 0.11015625
1 0.6375 0.71640625 0.09765625 0.0984375
1 0.63359375 0.82890625 0.11015625 0.11015625
1 0.6359375 0.93984375 0.11015625 0.11015625
1 0.73046875 0.5484375 0.109375 0.11015625
1 0.7375 0.67265625 0.109375 0.11015625
1 0.73046875 0.77578125 0.109375 0.11015625
1 0.73046875 0.8921875 0.109375 0.11015625
1 0.825 0.60234375 0.09765625 0.09765625
1 0.821875 0.71796875 0.11015625 0.11015625
1 0.828125 0.83359375 0.109375 0.11015625
1 0.8234375 0.94453125 0.09765625 0.0984375
1 0.91875 0.55390625 0.0734375 0.07421875
1 0.92109375 0.6609375 0.09765625 0.09765625
1 0.9171875 0.76875 0.11015625 0.11015625
1 0.9203125 0.8859375 0.11015625 0.11015625