2 0.77421875 0.278125 0.0734375 0.0734375
2 0.846875 0.42890625 0.0734375 0.07421875
1 0.9484375 0.60234375 0.08515625 0.08671875
1 0.9484375 0.8375 0.09765625 0.0984375
1 0.846875 0.54609375 0.0859375 0.0859375
1 0.8484375 0.659375 0.08515625 0.0859375
1 0.85546875 0.77265625 0.09765625 0.09765625
1 0.859375 0.87578125 0.109375 0.11015625
1 0.76484375 0.93359375 0.11015625 0.1109375
1 0.7671875 0.83203125 0.109375 0.1109375
1 0.765625 0.71640625 0.09765625 0.0984375
3 0.76640625 0.6046875 0.0734375 0.07421875
1 0.66875 0.5421875 0.08515625 0.0859375
1 0.665625 0.66328125 0.08515625 0.0859375
1 0.66796875 0.771875 0.109375 0.11015625
1 0.67109375 0.88046875 0.09765625 0.0984375
1 0.590625 0.9390625 0.08515625 0.0859375
1 0.59296875 0.82734375 0.08515625 0.0859375
1 0.59375 0.72109375 0.09765625 0.0984375
1 0.57890625 0.61640625 0.0859375 0.0859375
1 0.48515625 0.5453125 0.09765625 0.0984375
1 0.48125 0.66953125 0.11015625 0.11015625
1 0.48203125 0.77578125 0.11015625 0.11015625
1 0.4859375 0.88515625 0.096875 0.0984375
1 0.39453125 0.61484375 0.109375 0.11015625
1 0.39453125 0.72109375 0.09765625 0.0984375
1 0.39375 0.83125 0.11015625 0.11015625
1 0.20859375 0.59375 0.08515625 0.0859375
1 0.21953125 0.7234375 0.09765625 0.09765625
1 0.215625 0.82890625 0.09765625 0.0984375
1 0.203125 0.94453125 0.09765625 0.0984375
1 0.10625 0.5515625 0.09765625 0.09765625
1 0.09453125 0.6609375 0.109375 0.11015625
1 0.103125 0.775 0.09765625 0.09765625
1 0.1015625 0.89140625 0.09765625 0.0984375
3 0.77109375 0.48046875 0.0734375 0.07421875
3 0.76640625 0.37265625 0.0734375 0.0734375
1 0.67265625 0.33125 0.0859375 0.0859375
1 0.67265625 0.44609375 0.0859375 0.0859375
3 0.86171875 0.33515625 0.0734375 0.07421875
3 0.86171875 0.215625 0.0734375 0.0734375
1 0.3875 0.0515625 0.0859375 0.0859375
1 0.95234375 0.2609375 0.0859375 0.0859375
1 0.9546875 0.1609375 0.08515625 0.0859375
1 0.95546875 0.4875 0.08515625 0.0859375
1 0.7671875 0.05 0.09765625 0.0984375
1 0.77421875 0.17109375 0.08515625 0.0859375
1 0.85859375 0.103125 0.08515625 0.0859375
1 0.67421875 0.1109375 0.11015625 0.11015625
1 0.675 0.23125 0.11015625 0.11015625
1 0.58515625 0.28828125 0.0859375 0.0859375
1 0.5859375 0.378125 0.0859375 0.0859375
1 0.590625 0.1796875 0.08515625 0.0859375
1 0.47890625 0.1375 0.11015625 0.11015625
1 0.48125 0.24453125 0.09765625 0.0984375
1 0.4859375 0.32578125 0.09765625 0.0984375
1 0.3875 0.39921875 0.08515625 0.0859375
1 0.3890625 0.49453125 0.09765625 0.0984375
1 0.48515625 0.43984375 0.09765625 0.0984375
1 0.58984375 0.490625 0.09765625 0.0984375
1 0.390625 0.29140625 0.09765625 0.0984375
1 0.2953125 0.12890625 0.08515625 0.0859375
1 0.3921875 0.1984375 0.0859375 0.0859375
1 0.2125 0.0828125 0.0859375 0.0859375
1 0.29765625 0.4421875 0.09765625 0.09765625
1 0.296875 0.32734375 0.09765625 0.0984375
1 0.2984375 0.22734375 0.08515625 0.0859375
1 0.215625 0.1765625 0.09765625 0.09765625
1 0.2046875 0.28125 0.0859375 0.0859375
1 0.209375 0.3828125 0.0859375 0.0859375
1 0.20234375 0.49140625 0.0859375 0.08671875
1 0.1078125 0.10625 0.09765625 0.09765625
1 0.10625 0.22109375 0.09765625 0.0984375
1 0.10703125 0.334375 0.08515625 0.0859375
1 0.11328125 0.44453125 0.0859375 0.0859375
1 0.2953125 0.66171875 0.11015625 0.11015625
1 0.296875 0.78359375 0.109375 0.11015625
1 0.296875 0.89921875 0.109375 0.11015625
1 0.29765625 0.55546875 0.08515625 0.0859375