1 0.12421875 0.06171875 0.109375 0.11015625
1 0.2203125 0.11796875 0.109375 0.11015625
1 0.31484375 0.06796875 0.11015625 0.11015625
1 0.3171875 0.1734375 0.109375 0.11015625
1 0.415625 0.11640625 0.08515625 0.0859375
1 0.5109375 0.06484375 0.09765625 0.0984375
1 0.50859375 0.1734375 0.11015625 0.11015625
1 0.609375 0.11875 0.109375 0.11015625
1 0.70625 0.0578125 0.09765625 0.0984375
1 0.803125 0.10078125 0.11015625 0.1109375
1 0.89375 0.0625 0.09765625 0.09765625
1 0.890625 0.1703125 0.09765625 0.09765625
1 0.890625 0.28046875 0.09765625 0.0984375
1 0.89296875 0.39140625 0.08515625 0.0859375
1 0.89140625 0.503125 0.09765625 0.0984375
1 0.89140625 0.61796875 0.09765625 0.0984375
1 0.79765625 0.22890625 0.11015625 0.11015625
1 0.79921875 0.33671875 0.11015625 0.11015625
1 0.79609375 0.446875 0.0859375 0.0859375
1 0.79765625 0.55625 0.09765625 0.0984375
1 0.69921875 0.1703125 0.09765625 0.0984375
1 0.69609375 0.2796875 0.09765625 0.0984375
1 0.7046875 0.39296875 0.09765625 0.0984375
1 0.70625 0.50078125 0.09765625 0.0984375
1 0.703125 0.61171875 0.09765625 0.0984375
1 0.60078125 0.23203125 0.109375 0.11015625
1 0.6 0.34453125 0.109375 0.11015625
1 0.603125 0.446875 0.11015625 0.11015625
1 0.59921875 0.55390625 0.11015625 0.11015625
1 0.51015625 0.284375 0.11015625 0.11015625
1 0.5015625 0.3953125 0.11015625 0.11015625
1 0.50703125 0.509375 0.11015625 0.11015625
1 0.50703125 0.61796875 0.109375 0.1109375
1 0.41796875 0.22734375 0.09765625 0.0984375
1 0.42109375 0.33515625 0.0859375 0.0859375
1 0.41015625 0.4484375 0.09765625 0.09765625
1 0.4140625 0.5640625 0.09765625 0.09765625
1 0.31640625 0.2859375 0.109375 0.11015625
1 0.31875 0.38984375 0.109375 0.1109375
1 0.3203125 0.50390625 0.109375 0.1109375
1 0.31484375 0.603125 0.11015625 0.1109375
1 0.21875 0.2296875 0.109375 0.11015625
1 0.2203125 0.340625 0.11015625 0.1109375
1 0.2171875 0.4484375 0.11015625 0.1109375
1 0.221875 0.55546875 0.11015625 0.11015625
1 0.1203125 0.1734375 0.11015625 0.1109375
1 0.12265625 0.28125 0.11015625 0.1109375
1 0.1265625 0.39921875 0.11015625 0.11015625
1 0.13125 0.503125 0.109375 0.11015625
2 0.0296875 0.66875 0.0484375 0.05
2 0.12421875 0.60625 0.0484375 0.0484375
1 0.13359375 0.834375 0.0859375 0.0859375
1 0.12734375 0.721875 0.08515625 0.0859375
2 0.22421875 0.67265625 0.08515625 0.0859375
1 0.22109375 0.7796875 0.08515625 0.0859375
1 0.228125 0.88671875 0.09765625 0.09765625
2 0.31796875 0.72109375 0.0734375 0.0734375
1 0.32109375 0.8328125 0.08515625 0.0859375
1 0.40625 0.6671875 0.09765625 0.0984375
1 0.4125 0.7765625 0.09765625 0.0984375
1 0.40703125 0.8921875 0.09765625 0.0984375
1 0.509375 0.721875 0.11015625 0.11015625
1 0.51015625 0.83671875 0.11015625 0.11015625
1 0.5046875 0.94296875 0.109375 0.11015625
1 0.60390625 0.67109375 0.11015625 0.11015625
1 0.60078125 0.7828125 0.11015625 0.11015625
1 0.5953125 0.89140625 0.11015625 0.11015625
1 0.7046875 0.72421875 0.109375 0.11015625
1 0.7046875 0.8328125 0.09765625 0.0984375
1 0.79765625 0.66484375 0.109375 0.11015625
1 0.8046875 0.78828125 0.109375 0.11015625
1 0.79765625 0.8921875 0.109375 0.11015625
1 0.8921875 0.71875 0.09765625 0.09765625
1 0.8890625 0.834375 0.11015625 0.11015625