1 0.84296875 0.9328125 0.09765625 0.0984375
1 0.65859375 0.921875 0.11015625 0.1109375
1 0.46484375 0.93671875 0.109375 0.11015625
1 0.27890625 0.9171875 0.11015625 0.11015625
1 0.09296875 0.91484375 0.109375 0.11015625
1 0.9484375 0.653125 0.09765625 0.0984375
1 0.940625 0.55390625 0.11015625 0.1109375
1 0.94375 0.4484375 0.109375 0.11015625
1 0.94375 0.340625 0.09765625 0.0984375
1 0.95234375 0.24296875 0.08515625 0.0859375
1 0.94609375 0.13125 0.0859375 0.0859375
1 0.85234375 0.0609375 0.11015625 0.1109375
1 0.8515625 0.17109375 0.09765625 0.0984375
1 0.85234375 0.27421875 0.11015625 0.11015625
1 0.85078125 0.3921875 0.109375 0.11015625
1 0.84765625 0.50078125 0.109375 0.11015625
2 0.85390625 0.61171875 0.06171875 0.06171875
1 0.85 0.7046875 0.08515625 0.08671875
1 0.76640625 0.1125 0.09765625 0.0984375
1 0.75625 0.23125 0.08515625 0.08671875
1 0.76015625 0.34296875 0.08515625 0.0859375
1 0.75625 0.44453125 0.0859375 0.0859375
1 0.753125 0.5578125 0.08515625 0.0859375
1 0.7609375 0.6703125 0.09765625 0.0984375
1 0.6703125 0.05546875 0.09765625 0.0984375
1 0.66171875 0.29609375 0.08515625 0.0859375
1 0.6671875 0.396875 0.0859375 0.0859375
1 0.66328125 0.48828125 0.0859375 0.0859375
1 0.6625 0.60234375 0.08515625 0.0859375
1 0.65703125 0.71328125 0.09765625 0.0984375
1 0.5828125 0.13203125 0.0859375 0.0859375
1 0.575 0.2125 0.109375 0.11015625
1 0.57265625 0.33125 0.11015625 0.1109375
1 0.56328125 0.446875 0.109375 0.11015625
1 0.57109375 0.55625 0.109375 0.11015625
1 0.5609375 0.6640625 0.109375 0.1109375
1 0.47734375 0.0484375 0.0859375 0.0859375
1 0.471875 0.16328125 0.11015625 0.1109375
1 0.465625 0.2875 0.11015625 0.11015625
1 0.46796875 0.3921875 0.109375 0.11015625
1 0.471875 0.4921875 0.09765625 0.09765625
1 0.47265625 0.60703125 0.09765625 0.0984375
1 0.46796875 0.7203125 0.0859375 0.0859375
1 0.375 0.11875 0.0859375 0.08671875
1 0.378125 0.22421875 0.09765625 0.0984375
1 0.3796875 0.33828125 0.09765625 0.0984375
1 0.37578125 0.446875 0.09765625 0.0984375
1 0.38125 0.553125 0.08515625 0.08671875
1 0.3796875 0.659375 0.109375 0.11015625
1 0.28203125 0.05859375 0.09765625 0.09765625
1 0.28203125 0.1609375 0.0859375 0.0859375
1 0.2828125 0.271875 0.09765625 0.0984375
1 0.28203125 0.38828125 0.09765625 0.0984375
1 0.2796875 0.49453125 0.09765625 0.0984375
1 0.284375 0.6140625 0.09765625 0.09765625
1 0.27890625 0.7203125 0.08515625 0.0859375
1 0.19375 0.115625 0.09765625 0.0984375
1 0.18515625 0.22734375 0.08515625 0.0859375
1 0.18515625 0.365625 0.08515625 0.0859375
1 0.18203125 0.4515625 0.08515625 0.0859375
1 0.18359375 0.55390625 0.109375 0.11015625
1 0.18984375 0.66875 0.121875 0.1234375
1 0.09453125 0.0625 0.109375 0.1109375
1 0.0953125 0.16953125 0.09765625 0.0984375
1 0.0921875 0.278125 0.09765625 0.09765625
1 0.1 0.39296875 0.09765625 0.0984375
1 0.090625 0.503125 0.11015625 0.11015625
1 0.090625 0.60234375 0.11015625 0.11015625
1 0.08671875 0.70625 0.11015625 0.11015625