1 0.91796875 0.909375 0.09765625 0.0984375
1 0.925 0.80546875 0.09765625 0.09765625
1 0.921875 0.6921875 0.09765625 0.09765625
1 0.925 0.58984375 0.09765625 0.09765625
1 0.9234375 0.47890625 0.09765625 0.0984375
1 0.82890625 0.5359375 0.09765625 0.0984375
1 0.821875 0.64375 0.109375 0.1109375
1 0.82734375 0.75078125 0.09765625 0.0984375
1 0.82109375 0.84921875 0.11015625 0.11015625
1 0.7265625 0.90390625 0.09765625 0.0984375
1 0.73203125 0.7875 0.11015625 0.11015625
1 0.73828125 0.68671875 0.109375 0.1109375
3 0.7359375 0.57890625 0.11015625 0.11015625
1 0.73984375 0.46796875 0.11015625 0.1109375
1 0.63984375 0.53046875 0.11015625 0.1109375
1 0.6359375 0.64140625 0.11015625 0.11015625
1 0.63984375 0.734375 0.11015625 0.1109375
1 0.63359375 0.85 0.11015625 0.11015625
1 0.54765625 0.909375 0.109375 0.11015625
1 0.54140625 0.79296875 0.11015625 0.1109375
1 0.5421875 0.68984375 0.109375 0.11015625
1 0.5484375 0.5796875 0.11015625 0.11015625
1 0.54609375 0.4828125 0.109375 0.11015625
1 0.45390625 0.51953125 0.109375 0.1109375
1 0.45 0.6265625 0.09765625 0.0984375
1 0.44921875 0.734375 0.09765625 0.09765625
1 0.4484375 0.846875 0.11015625 0.11015625
1 0.3546875 0.89921875 0.09765625 0.09765625
1 0.35 0.7953125 0.09765625 0.0984375
1 0.35078125 0.6859375 0.109375 0.11015625
1 0.3546875 0.56875 0.09765625 0.0984375
1 0.36015625 0.46328125 0.11015625 0.11015625
1 0.26015625 0.52265625 0.11015625 0.11015625
1 0.2625 0.63515625 0.109375 0.11015625
1 0.26484375 0.73515625 0.11015625 0.1109375
1 0.25859375 0.85 0.109375 0.11015625
1 0.15390625 0.8953125 0.11015625 0.11015625
1 0.16328125 0.790625 0.09765625 0.09765625
1 0.16484375 0.68046875 0.11015625 0.1109375
1 0.1734375 0.46015625 0.109375 0.11015625
1 0.1671875 0.56875 0.109375 0.11015625
1 0.06796875 0.51875 0.11015625 0.11015625
1 0.06875 0.6203125 0.11015625 0.11015625
1 0.0625 0.74296875 0.109375 0.11015625
1 0.06171875 0.846875 0.11015625 0.11015625
2 0.93515625 0.1578125 0.06171875 0.06171875
1 0.93125 0.25078125 0.08515625 0.08671875
1 0.834375 0.103125 0.08515625 0.0859375
1 0.8421875 0.21640625 0.09765625 0.0984375
1 0.74375 0.1484375 0.08515625 0.0859375
1 0.73828125 0.259375 0.09765625 0.0984375
1 0.65234375 0.10234375 0.109375 0.11015625
1 0.64140625 0.21015625 0.109375 0.1109375
1 0.55390625 0.153125 0.09765625 0.0984375
1 0.5484375 0.26640625 0.0859375 0.0859375
1 0.4625 0.09921875 0.08515625 0.08671875
1 0.4609375 0.20546875 0.109375 0.11015625
1 0.365625 0.16015625 0.09765625 0.09765625
1 0.36015625 0.26640625 0.08515625 0.0859375
1 0.26484375 0.1 0.109375 0.11015625
1 0.27109375 0.21484375 0.121875 0.1234375
1 0.17109375 0.14765625 0.11015625 0.11015625
1 0.1671875 0.25234375 0.11015625 0.11015625
1 0.07734375 0.1 0.09765625 0.0984375
1 0.078125 0.2015625 0.109375 0.11015625