3 0.5828125 0.078125 0.0734375 0.07421875
3 0.58125 0.19765625 0.0609375 0.06171875
1 0.86640625 0.134375 0.11015625 0.11015625
1 0.8640625 0.25 0.11015625 0.1109375
1 0.86328125 0.3609375 0.09765625 0.0984375
1 0.8640625 0.46328125 0.11015625 0.11015625
1 0.8625 0.58125 0.109375 0.11015625
1 0.859375 0.68984375 0.109375 0.11015625
2 0.865625 0.8015625 0.06171875 0.06171875
1 0.86171875 0.89375 0.08515625 0.08671875
1 0.765625 0.084375 0.09765625 0.0984375
1 0.77109375 0.20078125 0.11015625 0.11015625
1 0.778125 0.30234375 0.09765625 0.0984375
1 0.76796875 0.4203125 0.08515625 0.08671875
1 0.771875 0.53203125 0.08515625 0.0859375
1 0.7671875 0.63359375 0.0859375 0.0859375
1 0.76484375 0.746875 0.08515625 0.0859375
1 0.77265625 0.86015625 0.09765625 0.0984375
1 0.675 0.13671875 0.11015625 0.1109375
1 0.68125 0.24453125 0.09765625 0.0984375
1 0.6734375 0.48515625 0.08515625 0.0859375
1 0.67890625 0.5859375 0.0859375 0.0859375
1 0.675 0.678125 0.0859375 0.0859375
1 0.67421875 0.7921875 0.08515625 0.0859375
1 0.66875 0.903125 0.09765625 0.0984375
1 0.59453125 0.32109375 0.0859375 0.0859375
1 0.58671875 0.4015625 0.109375 0.11015625
1 0.584375 0.5203125 0.11015625 0.1109375
1 0.575 0.6359375 0.109375 0.11015625
1 0.5828125 0.7453125 0.109375 0.11015625
1 0.571875 0.853125 0.109375 0.1109375
1 0.4859375 0.16640625 0.09765625 0.0984375
1 0.4890625 0.23828125 0.0859375 0.0859375
1 0.48359375 0.35234375 0.11015625 0.1109375
1 0.47734375 0.47734375 0.11015625 0.11015625
1 0.4796875 0.58125 0.109375 0.11015625
1 0.48359375 0.68125 0.09765625 0.09765625
1 0.484375 0.79609375 0.09765625 0.0984375
1 0.4796875 0.91015625 0.0859375 0.0859375
1 0.3828125 0.08125 0.09765625 0.0984375
1 0.38984375 0.19453125 0.09765625 0.0984375
1 0.38671875 0.3078125 0.0859375 0.08671875
1 0.38984375 0.41328125 0.09765625 0.0984375
1 0.39140625 0.528125 0.09765625 0.0984375
1 0.3875 0.6359375 0.09765625 0.0984375
1 0.39296875 0.74296875 0.08515625 0.08671875
1 0.39140625 0.84921875 0.109375 0.11015625
1 0.29765625 0.1359375 0.09765625 0.0984375
1 0.29375 0.2484375 0.09765625 0.09765625
1 0.29375 0.35078125 0.0859375 0.0859375
1 0.2953125 0.46171875 0.09765625 0.0984375
1 0.29375 0.57734375 0.09765625 0.0984375
1 0.290625 0.684375 0.09765625 0.0984375
1 0.29609375 0.80390625 0.09765625 0.09765625
1 0.290625 0.91015625 0.08515625 0.0859375
1 0.1984375 0.1921875 0.109375 0.11015625
1 0.2046875 0.30546875 0.09765625 0.0984375
1 0.196875 0.4171875 0.08515625 0.0859375
1 0.196875 0.5546875 0.08515625 0.0859375
1 0.19375 0.640625 0.08515625 0.0859375
1 0.1953125 0.74375 0.109375 0.11015625
1 0.2015625 0.85859375 0.121875 0.1234375
1 0.1078125 0.1375 0.11015625 0.11015625
1 0.10625 0.2515625 0.109375 0.1109375
1 0.1078125 0.35859375 0.09765625 0.0984375
1 0.103125 0.46796875 0.09765625 0.09765625
1 0.1109375 0.5828125 0.09765625 0.0984375
1 0.10234375 0.69296875 0.11015625 0.11015625
1 0.10234375 0.79140625 0.11015625 0.11015625
1 0.0984375 0.89609375 0.11015625 0.11015625
1 0.20234375 0.08515625 0.11015625 0.11015625