1 0.2484375 0.13828125 0.09765625 0.0984375
1 0.44609375 0.6828125 0.09765625 0.0984375
1 0.53984375 0.73984375 0.109375 0.11015625
1 0.54375 0.0828125 0.0734375 0.07421875
2 0.54453125 0.18828125 0.06171875 0.06171875
1 0.540625 0.3046875 0.08515625 0.0859375
1 0.44453125 0.13359375 0.08515625 0.0859375
1 0.4453125 0.24296875 0.09765625 0.0984375
1 0.44453125 0.3609375 0.11015625 0.11015625
1 0.346875 0.084375 0.09765625 0.0984375
1 0.35234375 0.18671875 0.0859375 0.0859375
1 0.346875 0.29921875 0.0859375 0.08671875
1 0.3484375 0.4125 0.09765625 0.0984375
1 0.25078125 0.24375 0.09765625 0.0984375
1 0.253125 0.35859375 0.09765625 0.0984375
1 0.15703125 0.07265625 0.09765625 0.0984375
1 0.1625 0.19375 0.09765625 0.0984375
2 0.1703125 0.2953125 0.06171875 0.06171875
1 0.0671875 0.3578125 0.109375 0.11015625
2 0.065625 0.16015625 0.0359375 0.0375
2 0.06171875 0.24921875 0.0359375 0.0375
1 0.065625 0.46796875 0.109375 0.1109375
1 0.0625 0.5734375 0.109375 0.1109375
1 0.0640625 0.6796875 0.09765625 0.09765625
1 0.06328125 0.78828125 0.109375 0.11015625
1 0.06328125 0.90859375 0.09765625 0.0984375
1 0.1609375 0.41640625 0.09765625 0.0984375
1 0.15546875 0.51484375 0.11015625 0.1109375
1 0.16015625 0.625 0.109375 0.1109375
1 0.15703125 0.7375 0.109375 0.1109375
1 0.159375 0.85234375 0.109375 0.11015625
1 0.25703125 0.684375 0.11015625 0.1109375
1 0.259375 0.7671875 0.0734375 0.07421875
1 0.24921875 0.90703125 0.09765625 0.09765625
1 0.3484375 0.51875 0.109375 0.11015625
1 0.3484375 0.734375 0.09765625 0.09765625
1 0.3453125 0.84375 0.09765625 0.09765625
1 0.43828125 0.46953125 0.11015625 0.11015625
1 0.4421875 0.57109375 0.109375 0.11015625
1 0.446875 0.79609375 0.109375 0.11015625
1 0.44453125 0.9 0.11015625 0.1109375
1 0.53359375 0.409375 0.08515625 0.0859375
1 0.56796875 0.4484375 0.08515625 0.0859375
1 0.5375 0.5296875 0.11015625 0.11015625
1 0.53828125 0.8453125 0.09765625 0.0984375
1 0.3453125 0.93828125 0.11015625 0.1109375