2 0.56328125 0.609375 0.0734375 0.07421875
2 0.46953125 0.5484375 0.0609375 0.06171875
2 0.75859375 0.4796875 0.0734375 0.07421875
1 0.940625 0.4953125 0.0859375 0.0859375
1 0.94140625 0.60859375 0.0859375 0.0859375
1 0.93671875 0.71796875 0.09765625 0.09765625
1 0.94140625 0.93125 0.09765625 0.0984375
1 0.8421875 0.87734375 0.109375 0.11015625
1 0.8453125 0.7671875 0.109375 0.11015625
1 0.85 0.66328125 0.109375 0.1109375
1 0.85546875 0.540625 0.09765625 0.0984375
1 0.7609375 0.59296875 0.0859375 0.0859375
1 0.75703125 0.81796875 0.09765625 0.0984375
1 0.753125 0.70078125 0.0859375 0.08671875
1 0.659375 0.76640625 0.08515625 0.0859375
1 0.65703125 0.6640625 0.0859375 0.0859375
1 0.278125 0.68046875 0.0859375 0.0859375
1 0.09453125 0.79375 0.0859375 0.0859375
1 0.1859375 0.8234375 0.0859375 0.0859375
1 0.75234375 0.9328125 0.08515625 0.0859375
1 0.6546875 0.540625 0.09765625 0.0984375
1 0.5703125 0.5078125 0.09765625 0.09765625
1 0.5640625 0.71875 0.09765625 0.09765625
1 0.565625 0.821875 0.09765625 0.0984375
1 0.571875 0.9421875 0.08515625 0.0859375
1 0.65703125 0.875 0.08515625 0.0859375
1 0.47734375 0.66796875 0.109375 0.1109375
1 0.47109375 0.775 0.11015625 0.11015625
1 0.471875 0.88203125 0.11015625 0.11015625
1 0.38828125 0.9515625 0.08515625 0.0859375
1 0.384375 0.81953125 0.11015625 0.11015625
1 0.38046875 0.71796875 0.11015625 0.11015625
1 0.384375 0.61328125 0.0859375 0.0859375
1 0.3875 0.5015625 0.09765625 0.0984375
1 0.28203125 0.55703125 0.09765625 0.0984375
1 0.28046875 0.79765625 0.11015625 0.1109375
1 0.2765625 0.90859375 0.11015625 0.11015625
1 0.090625 0.665625 0.09765625 0.09765625
1 0.0875 0.55078125 0.08515625 0.0859375
1 0.1859375 0.50078125 0.0859375 0.0859375
3 0.196875 0.60234375 0.09765625 0.09765625
1 0.190625 0.71875 0.0859375 0.0859375
1 0.09296875 0.9 0.08515625 0.0859375
1 0.096875 0.440625 0.09765625 0.0984375
1 0.0953125 0.3359375 0.08515625 0.0859375
1 0.09453125 0.11953125 0.08515625 0.08671875
1 0.1 0.221875 0.09765625 0.0984375
1 0.19375 0.38984375 0.09765625 0.0984375
1 0.18984375 0.06328125 0.08515625 0.0859375
1 0.19609375 0.16953125 0.09765625 0.0984375
1 0.18828125 0.29375 0.09765625 0.09765625
1 0.2828125 0.1046875 0.0859375 0.0859375
1 0.284375 0.221875 0.0859375 0.0859375
1 0.284375 0.31484375 0.09765625 0.0984375
1 0.28203125 0.44453125 0.09765625 0.0984375
1 0.3859375 0.37109375 0.08515625 0.0859375
1 0.3890625 0.0609375 0.08515625 0.0859375
1 0.3953125 0.1671875 0.0859375 0.0859375
1 0.3890625 0.278125 0.0859375 0.0859375
1 0.47421875 0.44921875 0.08515625 0.0859375
1 0.471875 0.1109375 0.0859375 0.0859375
1 0.47578125 0.21015625 0.0859375 0.0859375
1 0.46796875 0.3359375 0.0859375 0.0859375
1 0.5671875 0.071875 0.0859375 0.0859375
1 0.56953125 0.18359375 0.08515625 0.0859375
1 0.56953125 0.275 0.09765625 0.0984375
1 0.571875 0.41171875 0.09765625 0.0984375
1 0.6625 0.44140625 0.08515625 0.0859375
1 0.6625 0.3265625 0.08515625 0.0859375
1 0.66953125 0.225 0.08515625 0.0859375
1 0.6578125 0.1046875 0.08515625 0.0859375
1 0.75859375 0.0515625 0.0859375 0.0859375
1 0.7546875 0.165625 0.08515625 0.0859375
1 0.753125 0.27265625 0.08515625 0.0859375
1 0.75078125 0.378125 0.08515625 0.0859375
1 0.84375 0.11015625 0.0859375 0.0859375
1 0.840625 0.22578125 0.09765625 0.0984375
1 0.85546875 0.3484375 0.09765625 0.0984375
1 0.85 0.44453125 0.11015625 0.1109375
1 0.94375 0.0671875 0.09765625 0.0984375
1 0.9390625 0.1734375 0.0859375 0.0859375
1 0.93828125 0.278125 0.08515625 0.0859375
1 0.94453125 0.384375 0.09765625 0.09765625