2 0.75546875 0.94140625 0.0734375 0.07421875
1 0.85390625 0.43359375 0.08515625 0.0859375
1 0.84921875 0.32890625 0.08515625 0.0859375
1 0.84921875 0.2109375 0.08515625 0.0859375
1 0.7671875 0.16796875 0.0859375 0.0859375
1 0.6609375 0.21953125 0.08515625 0.0859375
1 0.6640625 0.3109375 0.0859375 0.08671875
1 0.7609375 0.26953125 0.08515625 0.0859375
1 0.75703125 0.3671875 0.08515625 0.0859375
1 0.0984375 0.1046875 0.09765625 0.0984375
1 0.0953125 0.21796875 0.09765625 0.0984375
1 0.0890625 0.321875 0.09765625 0.09765625
1 0.09296875 0.42265625 0.109375 0.11015625
1 0.19140625 0.3796875 0.09765625 0.0984375
1 0.19140625 0.26875 0.109375 0.11015625
1 0.18984375 0.1671875 0.11015625 0.11015625
1 0.1921875 0.053125 0.09765625 0.0984375
1 0.284375 0.10859375 0.09765625 0.0984375
1 0.28984375 0.2140625 0.09765625 0.0984375
1 0.2890625 0.33671875 0.09765625 0.0984375
1 0.2859375 0.43671875 0.08515625 0.0859375
1 0.3796875 0.3875 0.09765625 0.0984375
1 0.37734375 0.271875 0.11015625 0.11015625
1 0.3828125 0.16484375 0.109375 0.1109375
1 0.38671875 0.05390625 0.09765625 0.0984375
1 0.48359375 0.11484375 0.109375 0.11015625
1 0.4703125 0.22578125 0.09765625 0.0984375
1 0.475 0.33828125 0.09765625 0.0984375
1 0.47578125 0.44375 0.09765625 0.0984375
1 0.58125 0.38359375 0.09765625 0.09765625
1 0.58125 0.28125 0.08515625 0.0859375
1 0.57109375 0.1640625 0.109375 0.1109375
1 0.57109375 0.07421875 0.109375 0.1109375
1 0.665625 0.09921875 0.09765625 0.0984375
1 0.66484375 0.44609375 0.09765625 0.09765625
1 0.76171875 0.0515625 0.09765625 0.0984375
1 0.8609375 0.07734375 0.09765625 0.09765625
1 0.95 0.1734375 0.0859375 0.0859375
1 0.94453125 0.27734375 0.08515625 0.0859375
1 0.946875 0.40703125 0.0859375 0.0859375
1 0.94140625 0.8453125 0.0859375 0.0859375
1 0.94296875 0.94453125 0.08515625 0.0859375
1 0.846875 0.88671875 0.08515625 0.0859375
1 0.46484375 0.88515625 0.09765625 0.0984375
1 0.371875 0.83671875 0.09765625 0.09765625
1 0.37421875 0.9328125 0.09765625 0.0984375
1 0.27421875 0.8796875 0.09765625 0.0984375
1 0.1859375 0.9203125 0.109375 0.1109375
1 0.08984375 0.8734375 0.109375 0.1109375
1 0.94296875 0.74921875 0.08515625 0.0859375
1 0.7625 0.50078125 0.08515625 0.0859375
1 0.74921875 0.60859375 0.11015625 0.11015625
1 0.6546875 0.54765625 0.109375 0.11015625
1 0.6546875 0.6625 0.09765625 0.0984375
1 0.5796875 0.4828125 0.0859375 0.08671875
1 0.58125 0.58125 0.09765625 0.0984375
1 0.57578125 0.703125 0.08515625 0.0859375
1 0.4734375 0.75625 0.09765625 0.09765625
1 0.46796875 0.64921875 0.09765625 0.0984375
1 0.46796875 0.56328125 0.09765625 0.0984375
1 0.37421875 0.496875 0.09765625 0.0984375
1 0.3734375 0.60390625 0.109375 0.11015625
1 0.371875 0.715625 0.09765625 0.09765625
1 0.2859375 0.759375 0.09765625 0.09765625
1 0.278125 0.5453125 0.09765625 0.09765625
1 0.2828125 0.6578125 0.09765625 0.09765625
1 0.19140625 0.4953125 0.09765625 0.09765625
1 0.19140625 0.609375 0.09765625 0.09765625
1 0.18359375 0.71953125 0.09765625 0.09765625
1 0.1828125 0.82109375 0.11015625 0.11015625
1 0.09453125 0.7703125 0.09765625 0.0984375
1 0.0921875 0.6578125 0.11015625 0.11015625
1 0.0921875 0.53515625 0.11015625 0.1109375