1 0.15546875 0.32734375 0.109375 0.11015625
1 0.92421875 0.1078125 0.11015625 0.11015625
1 0.92109375 0.21875 0.0859375 0.0859375
1 0.92265625 0.32734375 0.09765625 0.0984375
1 0.82109375 0.0515625 0.09765625 0.0984375
1 0.8296875 0.16484375 0.09765625 0.0984375
1 0.83125 0.271875 0.09765625 0.0984375
1 0.828125 0.38359375 0.09765625 0.0984375
1 0.725 0.115625 0.109375 0.11015625
1 0.728125 0.21796875 0.11015625 0.11015625
1 0.72421875 0.32578125 0.11015625 0.11015625
1 0.63515625 0.05625 0.11015625 0.11015625
1 0.6265625 0.16640625 0.11015625 0.11015625
1 0.63203125 0.28046875 0.11015625 0.11015625
1 0.63203125 0.38984375 0.109375 0.1109375
1 0.54609375 0.10625 0.0859375 0.0859375
1 0.53515625 0.21953125 0.09765625 0.09765625
1 0.5390625 0.3359375 0.09765625 0.09765625
1 0.44140625 0.05703125 0.109375 0.11015625
1 0.44375 0.1609375 0.109375 0.1109375
1 0.4453125 0.275 0.109375 0.1109375
1 0.43984375 0.375 0.11015625 0.1109375
1 0.3453125 0.1125 0.11015625 0.1109375
1 0.3421875 0.21953125 0.11015625 0.1109375
1 0.346875 0.3265625 0.11015625 0.11015625
1 0.2515625 0.1703125 0.11015625 0.11015625
1 0.25625 0.275 0.109375 0.11015625
1 0.15625 0.1140625 0.09765625 0.0984375
1 0.153125 0.2203125 0.109375 0.11015625
1 0.0609375 0.05625 0.09765625 0.0984375
1 0.05546875 0.1671875 0.109375 0.11015625
1 0.059375 0.271875 0.109375 0.11015625
2 0.0625 0.38515625 0.0484375 0.05
2 0.1546875 0.43984375 0.0484375 0.05
2 0.24921875 0.378125 0.0484375 0.0484375
1 0.059375 0.49765625 0.109375 0.11015625
1 0.15625 0.546875 0.109375 0.1109375
1 0.25859375 0.60546875 0.0859375 0.0859375
1 0.25234375 0.49296875 0.08515625 0.0859375
2 0.34921875 0.44453125 0.08515625 0.0859375
1 0.34609375 0.55078125 0.08515625 0.0859375
1 0.353125 0.6578125 0.09765625 0.09765625
1 0.3484375 0.7625 0.09765625 0.09765625
1 0.34375 0.8796875 0.09765625 0.0984375
2 0.44296875 0.49296875 0.0734375 0.0734375
1 0.44609375 0.6046875 0.08515625 0.0859375
1 0.44453125 0.82109375 0.0734375 0.07421875
1 0.53125 0.4390625 0.09765625 0.0984375
1 0.5375 0.5484375 0.09765625 0.0984375
1 0.53203125 0.66328125 0.09765625 0.0984375
1 0.5421875 0.77421875 0.09765625 0.09765625
1 0.54375 0.884375 0.09765625 0.09765625
1 0.634375 0.49375 0.11015625 0.11015625
1 0.63515625 0.6078125 0.11015625 0.11015625
1 0.6296875 0.7140625 0.109375 0.11015625
1 0.62890625 0.8328125 0.109375 0.11015625
1 0.6296875 0.940625 0.109375 0.1109375
1 0.72890625 0.44296875 0.11015625 0.11015625
1 0.72578125 0.55390625 0.11015625 0.11015625
1 0.7203125 0.6625 0.11015625 0.11015625
1 0.728125 0.775 0.11015625 0.11015625
1 0.7296875 0.88359375 0.109375 0.11015625
1 0.8296875 0.4953125 0.109375 0.11015625
1 0.8296875 0.60390625 0.09765625 0.0984375
1 0.82578125 0.71640625 0.11015625 0.11015625
1 0.82890625 0.82734375 0.11015625 0.11015625
1 0.82734375 0.94296875 0.11015625 0.11015625
1 0.92265625 0.4359375 0.109375 0.11015625
1 0.9296875 0.56015625 0.109375 0.11015625
1 0.92265625 0.66328125 0.109375 0.11015625
1 0.92265625 0.7796875 0.109375 0.11015625
1 0.9203125 0.88359375 0.109375 0.11015625
1 0.44375 0.95234375 0.08515625 0.0859375