2 0.92421875 0.3390625 0.06171875 0.06171875
1 0.24921875 0.065625 0.09765625 0.09765625
1 0.2484375 0.18046875 0.0859375 0.0859375
2 0.2484375 0.2859375 0.06171875 0.06171875
1 0.24921875 0.4 0.09765625 0.0984375
3 0.24765625 0.50625 0.11015625 0.11015625
1 0.340625 0.3390625 0.0859375 0.0859375
1 0.35625 0.45625 0.08515625 0.0859375
1 0.15234375 0.12421875 0.09765625 0.09765625
1 0.1515625 0.23125 0.08515625 0.0859375
1 0.153125 0.35078125 0.11015625 0.11015625
1 0.153125 0.45625 0.109375 0.11015625
1 0.0640625 0.16875 0.09765625 0.0984375
2 0.0546875 0.28828125 0.0609375 0.06171875
1 0.05625 0.3875 0.109375 0.11015625
1 0.059375 0.83515625 0.109375 0.11015625
1 0.15234375 0.5609375 0.09765625 0.0984375
1 0.15234375 0.67265625 0.109375 0.11015625
1 0.15546875 0.77890625 0.09765625 0.0984375
1 0.15625 0.89140625 0.109375 0.11015625
1 0.2515625 0.6078125 0.11015625 0.11015625
1 0.246875 0.721875 0.11015625 0.11015625
1 0.25078125 0.84140625 0.11015625 0.11015625
1 0.3515625 0.56328125 0.0859375 0.0859375
1 0.3546875 0.66484375 0.08515625 0.0859375
1 0.35 0.7765625 0.08515625 0.0859375
1 0.35078125 0.88984375 0.08515625 0.0859375
1 0.4375 0.3984375 0.09765625 0.09765625
1 0.45 0.50625 0.09765625 0.09765625
1 0.44609375 0.61796875 0.109375 0.11015625
1 0.44453125 0.7234375 0.109375 0.11015625
1 0.44609375 0.83828125 0.09765625 0.0984375
1 0.5421875 0.45234375 0.11015625 0.1109375
1 0.54609375 0.56171875 0.11015625 0.1109375
1 0.54609375 0.6734375 0.109375 0.11015625
1 0.5421875 0.77578125 0.09765625 0.0984375
1 0.5453125 0.8921875 0.109375 0.11015625
1 0.53671875 0.3421875 0.08515625 0.0859375
1 0.63671875 0.39921875 0.09765625 0.0984375
1 0.63671875 0.5046875 0.09765625 0.09765625
1 0.63984375 0.61328125 0.09765625 0.09765625
1 0.64140625 0.721875 0.11015625 0.1109375
1 0.64140625 0.83125 0.09765625 0.0984375
1 0.7328125 0.35078125 0.109375 0.11015625
1 0.73515625 0.45625 0.09765625 0.0984375
1 0.7375 0.56015625 0.09765625 0.0984375
1 0.728125 0.67265625 0.109375 0.1109375
1 0.73125 0.77734375 0.11015625 0.1109375
1 0.7390625 0.87421875 0.11015625 0.1109375
1 0.8265625 0.39609375 0.09765625 0.0984375
1 0.828125 0.49921875 0.09765625 0.0984375
1 0.8296875 0.61484375 0.109375 0.11015625
1 0.82734375 0.721875 0.09765625 0.09765625
1 0.82890625 0.8359375 0.09765625 0.09765625
1 0.9203125 0.45234375 0.09765625 0.0984375
1 0.92265625 0.5578125 0.09765625 0.0984375
1 0.92109375 0.66953125 0.11015625 0.11015625
1 0.92109375 0.7765625 0.09765625 0.0984375
1 0.92109375 0.88984375 0.109375 0.1109375
1 0.8265625 0.94375 0.09765625 0.09765625
1 0.634375 0.94375 0.09765625 0.0984375