2 0.67109375 0.49375 0.0734375 0.0734375
2 0.57265625 0.325 0.06171875 0.06171875
2 0.6671875 0.3703125 0.06171875 0.06171875
2 0.7609375 0.33203125 0.0609375 0.0609375
2 0.39375 0.3265625 0.06171875 0.06171875
2 0.67265625 0.8171875 0.0859375 0.0859375
2 0.86640625 0.821875 0.0734375 0.0734375
2 0.96171875 0.87578125 0.0734375 0.0734375
1 0.10625 0.3859375 0.09765625 0.0984375
1 0.10625 0.4921875 0.09765625 0.09765625
1 0.109375 0.60078125 0.09765625 0.09765625
1 0.1109375 0.709375 0.11015625 0.1109375
1 0.1109375 0.81875 0.09765625 0.0984375
1 0.20234375 0.33828125 0.109375 0.11015625
1 0.2046875 0.44375 0.09765625 0.0984375
1 0.20703125 0.54765625 0.09765625 0.0984375
1 0.1984375 0.66015625 0.109375 0.1109375
1 0.20078125 0.76484375 0.11015625 0.1109375
1 0.20859375 0.8609375 0.11015625 0.1109375
1 0.29609375 0.38359375 0.09765625 0.0984375
1 0.29765625 0.48671875 0.09765625 0.0984375
1 0.3 0.60234375 0.109375 0.11015625
1 0.296875 0.709375 0.09765625 0.09765625
1 0.2984375 0.8234375 0.09765625 0.09765625
1 0.38984375 0.43984375 0.09765625 0.0984375
1 0.3921875 0.5453125 0.09765625 0.0984375
1 0.39140625 0.65703125 0.11015625 0.11015625
1 0.390625 0.7640625 0.09765625 0.0984375
1 0.484375 0.3796875 0.09765625 0.0984375
1 0.4859375 0.49453125 0.0859375 0.08671875
1 0.4828125 0.60546875 0.08515625 0.0859375
1 0.4859375 0.7125 0.08515625 0.0859375
1 0.4859375 0.82109375 0.0734375 0.07421875
1 0.578125 0.43828125 0.0859375 0.0859375
1 0.575 0.5484375 0.0859375 0.0859375
1 0.57734375 0.6578125 0.0734375 0.0734375
0 0.5796875 0.76875 0.0734375 0.0734375
1 0.675 0.61328125 0.0859375 0.0859375
1 0.671875 0.71328125 0.0859375 0.08671875
1 0.76953125 0.4359375 0.09765625 0.09765625
1 0.76796875 0.54375 0.08515625 0.0859375
1 0.7671875 0.65703125 0.08515625 0.0859375
1 0.76796875 0.76484375 0.08515625 0.0859375
0 0.8609375 0.378125 0.0734375 0.07421875
0 0.95390625 0.43125 0.0859375 0.0859375
0 0.959375 0.54375 0.0734375 0.07421875
1 0.86640625 0.48828125 0.09765625 0.09765625
1 0.86640625 0.6 0.09765625 0.09765625
2 0.8625 0.71328125 0.06171875 0.06171875
1 0.771875 0.8765625 0.0859375 0.08671875
1 0.584375 0.8703125 0.09765625 0.0984375
1 0.95625 0.65625 0.0859375 0.0859375
1 0.85859375 0.93046875 0.0734375 0.0734375
1 0.6703125 0.934375 0.09765625 0.0984375
1 0.48828125 0.928125 0.09765625 0.09765625
1 0.390625 0.8765625 0.109375 0.1109375
1 0.29609375 0.93046875 0.09765625 0.09765625
1 0.1046875 0.93125 0.09765625 0.0984375