2 0.459375 0.690625 0.0734375 0.07421875
1 0.9375 0.31484375 0.09765625 0.0984375
1 0.9328125 0.4265625 0.09765625 0.09765625
1 0.9328125 0.5375 0.109375 0.11015625
1 0.93671875 0.64140625 0.0859375 0.0859375
1 0.928125 0.75625 0.08515625 0.0859375
1 0.93359375 0.8734375 0.0859375 0.0859375
1 0.8359375 0.26328125 0.109375 0.11015625
1 0.83671875 0.37578125 0.109375 0.1109375
1 0.840625 0.4828125 0.109375 0.11015625
1 0.83984375 0.590625 0.09765625 0.09765625
1 0.8296875 0.70234375 0.09765625 0.0984375
1 0.83125 0.809375 0.08515625 0.0859375
1 0.82734375 0.92265625 0.08515625 0.0859375
1 0.73359375 0.340625 0.09765625 0.09765625
1 0.7359375 0.4328125 0.109375 0.11015625
1 0.73515625 0.534375 0.11015625 0.11015625
1 0.7390625 0.64921875 0.11015625 0.11015625
1 0.73203125 0.7625 0.11015625 0.11015625
1 0.73828125 0.87265625 0.109375 0.11015625
1 0.65 0.925 0.109375 0.1109375
1 0.64140625 0.80625 0.109375 0.11015625
1 0.6375 0.7 0.109375 0.11015625
1 0.646875 0.60078125 0.09765625 0.0984375
1 0.646875 0.4828125 0.11015625 0.11015625
1 0.65234375 0.36953125 0.09765625 0.0984375
1 0.553125 0.315625 0.109375 0.11015625
1 0.54609375 0.43125 0.11015625 0.1109375
1 0.55390625 0.5421875 0.109375 0.11015625
1 0.553125 0.6421875 0.109375 0.11015625
1 0.55390625 0.75859375 0.109375 0.11015625
1 0.54296875 0.8765625 0.109375 0.11015625
1 0.45625 0.925 0.08515625 0.0859375
1 0.45625 0.80390625 0.08515625 0.0859375
1 0.4671875 0.5765625 0.08515625 0.0859375
1 0.46171875 0.48125 0.09765625 0.0984375
1 0.4609375 0.36796875 0.109375 0.11015625
1 0.35859375 0.3171875 0.11015625 0.11015625
1 0.3640625 0.4265625 0.109375 0.11015625
1 0.36796875 0.540625 0.11015625 0.11015625
1 0.3625 0.64375 0.109375 0.1109375
1 0.353125 0.75078125 0.109375 0.11015625
1 0.35859375 0.8578125 0.109375 0.11015625
1 0.2625 0.91171875 0.109375 0.11015625
1 0.26171875 0.82265625 0.109375 0.11015625
1 0.2640625 0.7171875 0.11015625 0.11015625
1 0.27109375 0.58515625 0.11015625 0.1109375
1 0.27109375 0.47734375 0.11015625 0.11015625
1 0.1703125 0.31796875 0.11015625 0.11015625
1 0.26953125 0.3640625 0.109375 0.11015625
1 0.16875 0.42734375 0.09765625 0.0984375
1 0.1765625 0.52890625 0.09765625 0.0984375
1 0.17265625 0.6453125 0.11015625 0.11015625
1 0.17265625 0.76015625 0.09765625 0.0984375
1 0.17109375 0.86875 0.109375 0.11015625
1 0.078125 0.91484375 0.109375 0.1109375
1 0.07109375 0.803125 0.09765625 0.0984375
1 0.08046875 0.70546875 0.11015625 0.11015625
1 0.08203125 0.59140625 0.09765625 0.0984375
1 0.07890625 0.46953125 0.11015625 0.11015625
1 0.0796875 0.371875 0.11015625 0.11015625
1 0.940625 0.09765625 0.09765625 0.09765625
1 0.934375 0.2015625 0.09765625 0.09765625
1 0.83515625 0.14375 0.109375 0.1109375
1 0.740625 0.20546875 0.09765625 0.0984375
1 0.753125 0.0890625 0.09765625 0.09765625
1 0.6421875 0.1421875 0.11015625 0.11015625
1 0.64140625 0.2546875 0.09765625 0.0984375
1 0.553125 0.2046875 0.09765625 0.0984375
1 0.5515625 0.1 0.11015625 0.11015625
1 0.459375 0.14765625 0.109375 0.11015625
1 0.45234375 0.26484375 0.09765625 0.0984375
1 0.36328125 0.22109375 0.09765625 0.0984375
1 0.365625 0.09453125 0.109375 0.11015625
1 0.26875 0.14296875 0.11015625 0.11015625
1 0.265625 0.25546875 0.09765625 0.0984375
1 0.1796875 0.2046875 0.109375 0.11015625
1 0.1796875 0.09296875 0.09765625 0.0984375
1 0.0765625 0.1453125 0.09765625 0.09765625
1 0.07890625 0.25 0.0859375 0.0859375