1 0.75390625 0.434375 0.109375 0.11015625
2 0.28359375 0.75546875 0.0734375 0.0734375
2 0.1890625 0.7125 0.0734375 0.07421875
2 0.934375 0.534375 0.0734375 0.07421875
1 0.940625 0.10078125 0.09765625 0.0984375
1 0.94453125 0.2046875 0.109375 0.11015625
1 0.9359375 0.315625 0.09765625 0.09765625
1 0.940625 0.4265625 0.09765625 0.09765625
3 0.84296875 0.15625 0.0859375 0.0859375
1 0.84375 0.26953125 0.09765625 0.09765625
1 0.8390625 0.37421875 0.11015625 0.11015625
1 0.83984375 0.48359375 0.09765625 0.0984375
1 0.7546875 0.09296875 0.11015625 0.1109375
1 0.75234375 0.20625 0.11015625 0.1109375
1 0.7515625 0.31875 0.09765625 0.09765625
1 0.75625 0.53984375 0.0734375 0.0734375
1 0.6546875 0.1484375 0.109375 0.1109375
1 0.6515625 0.2703125 0.109375 0.11015625
1 0.653125 0.37734375 0.09765625 0.0984375
1 0.65703125 0.48203125 0.09765625 0.0984375
1 0.55625 0.09609375 0.109375 0.11015625
1 0.56171875 0.2046875 0.09765625 0.0984375
1 0.5625 0.31484375 0.09765625 0.0984375
1 0.5625 0.42109375 0.09765625 0.0984375
2 0.56484375 0.53359375 0.0734375 0.0734375
1 0.459375 0.146875 0.08515625 0.0859375
1 0.4640625 0.2484375 0.09765625 0.0984375
1 0.465625 0.371875 0.09765625 0.0984375
1 0.465625 0.48125 0.09765625 0.0984375
1 0.365625 0.0875 0.11015625 0.11015625
1 0.37421875 0.2 0.09765625 0.0984375
1 0.36796875 0.30546875 0.09765625 0.0984375
1 0.36875 0.42421875 0.09765625 0.0984375
2 0.3734375 0.5265625 0.0734375 0.07421875
1 0.2765625 0.1421875 0.109375 0.11015625
1 0.27734375 0.25546875 0.09765625 0.0984375
1 0.2765625 0.36953125 0.09765625 0.0984375
1 0.2765625 0.475 0.0859375 0.0859375
1 0.1765625 0.0921875 0.109375 0.11015625
1 0.178125 0.1984375 0.09765625 0.0984375
1 0.1765625 0.31171875 0.09765625 0.0984375
1 0.1828125 0.415625 0.08515625 0.0859375
1 0.1796875 0.5234375 0.09765625 0.09765625
1 0.0828125 0.14375 0.09765625 0.0984375
1 0.0796875 0.25078125 0.08515625 0.0859375
1 0.08125 0.36015625 0.08515625 0.0859375
1 0.0875 0.475 0.09765625 0.09765625
1 0.0828125 0.765625 0.09765625 0.09765625
1 0.09140625 0.871875 0.121875 0.1234375
1 0.17890625 0.8078125 0.109375 0.11015625
1 0.18359375 0.92109375 0.109375 0.1109375
1 0.27890625 0.865625 0.11015625 0.11015625
2 0.3765625 0.7046875 0.06171875 0.06171875
1 0.375 0.8109375 0.09765625 0.0984375
1 0.37421875 0.9234375 0.09765625 0.0984375
1 0.475 0.753125 0.09765625 0.0984375
1 0.46875 0.871875 0.09765625 0.0984375
2 0.57109375 0.70234375 0.0609375 0.06171875
1 0.56328125 0.809375 0.09765625 0.0984375
1 0.56328125 0.91875 0.09765625 0.0984375
1 0.6609375 0.75703125 0.08515625 0.0859375
1 0.65625 0.86484375 0.09765625 0.0984375
2 0.753125 0.70390625 0.0609375 0.06171875
1 0.75625 0.81328125 0.09765625 0.0984375
1 0.75078125 0.925 0.09765625 0.0984375
1 0.84453125 0.759375 0.0859375 0.0859375
1 0.8453125 0.8640625 0.09765625 0.0984375
2 0.94296875 0.7109375 0.0359375 0.0375
1 0.94375 0.809375 0.09765625 0.09765625
1 0.9421875 0.91875 0.109375 0.11015625