2 0.31875 0.18671875 0.0734375 0.0734375
1 0.13125 0.85 0.09765625 0.0984375
1 0.13125 0.7359375 0.09765625 0.0984375
1 0.12578125 0.62734375 0.109375 0.11015625
1 0.1265625 0.5203125 0.11015625 0.11015625
1 0.12890625 0.39921875 0.09765625 0.0984375
1 0.13046875 0.3015625 0.08515625 0.08671875
1 0.13046875 0.190625 0.11015625 0.11015625
1 0.225 0.25078125 0.0859375 0.0859375
1 0.228125 0.3578125 0.09765625 0.09765625
1 0.21796875 0.4625 0.09765625 0.0984375
1 0.221875 0.571875 0.109375 0.11015625
1 0.21796875 0.684375 0.109375 0.11015625
1 0.2125 0.7984375 0.09765625 0.0984375
1 0.21796875 0.9046875 0.09765625 0.0984375
1 0.31328125 0.8390625 0.0859375 0.0859375
1 0.31328125 0.728125 0.0859375 0.0859375
1 0.31796875 0.3109375 0.11015625 0.1109375
1 0.31328125 0.4046875 0.09765625 0.09765625
1 0.315625 0.52265625 0.09765625 0.09765625
1 0.31328125 0.62265625 0.09765625 0.0984375
1 0.40625 0.90546875 0.0859375 0.0859375
1 0.42265625 0.79453125 0.09765625 0.0984375
1 0.4171875 0.684375 0.109375 0.11015625
1 0.41484375 0.5765625 0.08515625 0.0859375
1 0.4203125 0.46796875 0.0859375 0.0859375
1 0.425 0.3609375 0.109375 0.1109375
1 0.425 0.26015625 0.11015625 0.11015625
1 0.50859375 0.1984375 0.09765625 0.0984375
1 0.50625 0.3109375 0.08515625 0.0859375
1 0.51015625 0.41484375 0.08515625 0.0859375
1 0.50390625 0.5359375 0.09765625 0.0984375
1 0.50859375 0.63125 0.09765625 0.09765625
1 0.503125 0.74296875 0.09765625 0.0984375
1 0.4953125 0.853125 0.11015625 0.11015625
1 0.59453125 0.89921875 0.09765625 0.0984375
1 0.6046875 0.8015625 0.09765625 0.0984375
1 0.6015625 0.684375 0.109375 0.11015625
1 0.59921875 0.58515625 0.08515625 0.0859375
1 0.60078125 0.4640625 0.09765625 0.0984375
1 0.60234375 0.3515625 0.08515625 0.0859375
1 0.6046875 0.2484375 0.09765625 0.0984375
1 0.703125 0.19765625 0.109375 0.11015625
1 0.68984375 0.30390625 0.11015625 0.11015625
1 0.690625 0.40703125 0.11015625 0.1109375
1 0.696875 0.51640625 0.109375 0.1109375
1 0.69609375 0.63203125 0.09765625 0.0984375
1 0.69375 0.7453125 0.09765625 0.0984375
1 0.68671875 0.85 0.09765625 0.09765625
1 0.7890625 0.90703125 0.09765625 0.0984375
1 0.7890625 0.79609375 0.109375 0.11015625
1 0.7875 0.69453125 0.11015625 0.11015625
1 0.78984375 0.26015625 0.11015625 0.11015625
1 0.7921875 0.36171875 0.109375 0.11015625
1 0.790625 0.47890625 0.09765625 0.0984375
1 0.78984375 0.58046875 0.09765625 0.0984375
1 0.8796875 0.22421875 0.109375 0.11015625
1 0.88125 0.31484375 0.11015625 0.11015625
1 0.884375 0.41953125 0.09765625 0.0984375
1 0.88203125 0.51640625 0.09765625 0.09765625
1 0.88203125 0.6359375 0.09765625 0.0984375
1 0.8875 0.74140625 0.09765625 0.0984375
1 0.88671875 0.8640625 0.09765625 0.0984375