2 0.51015625 0.56328125 0.0734375 0.07421875
2 0.5984375 0.50390625 0.0734375 0.07421875
2 0.90078125 0.9515625 0.0734375 0.0734375
2 0.80625 0.909375 0.0734375 0.07421875
1 0.88828125 0.23359375 0.11015625 0.11015625
1 0.89375 0.33828125 0.109375 0.11015625
1 0.89453125 0.4515625 0.09765625 0.0984375
1 0.89375 0.565625 0.09765625 0.0984375
1 0.89375 0.67109375 0.0859375 0.0859375
1 0.7921875 0.18046875 0.0859375 0.08671875
1 0.79375 0.28828125 0.109375 0.11015625
1 0.7953125 0.3953125 0.09765625 0.0984375
1 0.79375 0.50859375 0.09765625 0.0984375
1 0.8 0.6125 0.08515625 0.0859375
1 0.796875 0.71953125 0.09765625 0.09765625
1 0.6953125 0.22890625 0.109375 0.11015625
1 0.7 0.340625 0.09765625 0.0984375
1 0.696875 0.446875 0.08515625 0.0859375
1 0.6984375 0.55625 0.08515625 0.0859375
1 0.7046875 0.67109375 0.09765625 0.09765625
1 0.6 0.16640625 0.09765625 0.0984375
1 0.5984375 0.28125 0.08515625 0.0859375
1 0.60390625 0.39765625 0.08515625 0.0859375
1 0.6046875 0.61015625 0.0734375 0.07421875
2 0.60078125 0.7140625 0.0609375 0.06171875
1 0.88984375 0.12421875 0.08515625 0.0859375
1 0.79296875 0.0609375 0.109375 0.11015625
1 0.69921875 0.11875 0.109375 0.11015625
1 0.60390625 0.0609375 0.11015625 0.11015625
1 0.5125 0.11875 0.09765625 0.0984375
1 0.51171875 0.22734375 0.09765625 0.09765625
1 0.509375 0.3359375 0.09765625 0.09765625
1 0.51640625 0.446875 0.0859375 0.0859375
3 0.415625 0.0609375 0.0859375 0.0859375
3 0.1296875 0.1046875 0.08515625 0.0859375
1 0.05 0.38984375 0.09765625 0.0984375
1 0.13125 0.21875 0.109375 0.1109375
1 0.12578125 0.3328125 0.0859375 0.0859375
1 0.128125 0.446875 0.0859375 0.0859375
1 0.2203125 0.17109375 0.11015625 0.1109375
1 0.2203125 0.2765625 0.09765625 0.09765625
1 0.225 0.40546875 0.09765625 0.09765625
1 0.32421875 0.1046875 0.09765625 0.0984375
1 0.32578125 0.2234375 0.08515625 0.0859375
1 0.3265625 0.3390625 0.08515625 0.0859375
1 0.31796875 0.4421875 0.08515625 0.0859375
1 0.4234375 0.16328125 0.09765625 0.0984375
1 0.4234375 0.290625 0.109375 0.11015625
1 0.421875 0.3890625 0.0859375 0.0859375
1 0.421875 0.4890625 0.09765625 0.09765625
3 0.5109375 0.65 0.0734375 0.07421875
1 0.41796875 0.6046875 0.09765625 0.09765625
2 0.41171875 0.6984375 0.0734375 0.07421875
1 0.3234375 0.55859375 0.08515625 0.0859375
2 0.3234375 0.6578125 0.0734375 0.0734375
1 0.221875 0.6203125 0.09765625 0.0984375
1 0.22734375 0.50703125 0.0859375 0.0859375
1 0.13125 0.55625 0.0859375 0.0859375
1 0.128125 0.65546875 0.0859375 0.08671875
2 0.11875 0.8640625 0.0734375 0.0734375
2 0.12265625 0.93984375 0.0734375 0.0734375
2 0.21796875 0.878125 0.0734375 0.0734375
1 0.41796875 0.90078125 0.09765625 0.0984375
1 0.5140625 0.8734375 0.08515625 0.0859375
1 0.60625 0.8984375 0.08515625 0.0859375