2 0.4046875 0.0921875 0.0734375 0.07421875
1 0.8765625 0.92109375 0.09765625 0.0984375
1 0.88125 0.8109375 0.109375 0.11015625
1 0.78046875 0.759375 0.109375 0.1109375
1 0.7796875 0.8640625 0.11015625 0.11015625
1 0.6859375 0.8078125 0.109375 0.11015625
1 0.67890625 0.92265625 0.11015625 0.11015625
1 0.5859375 0.85 0.0859375 0.0859375
1 0.48515625 0.8046875 0.0859375 0.0859375
1 0.4890625 0.925 0.09765625 0.09765625
1 0.39375 0.8546875 0.109375 0.1109375
1 0.3015625 0.9125 0.109375 0.11015625
1 0.29140625 0.8171875 0.11015625 0.11015625
1 0.1078125 0.92109375 0.11015625 0.11015625
1 0.11171875 0.80078125 0.11015625 0.1109375
1 0.87578125 0.7140625 0.109375 0.11015625
1 0.875 0.5890625 0.09765625 0.0984375
1 0.875 0.4796875 0.0859375 0.0859375
1 0.87578125 0.371875 0.09765625 0.09765625
1 0.8828125 0.246875 0.109375 0.1109375
1 0.8875 0.16640625 0.09765625 0.0984375
1 0.79765625 0.10625 0.0859375 0.0859375
1 0.78203125 0.21328125 0.09765625 0.0984375
1 0.784375 0.32109375 0.09765625 0.0984375
1 0.7875 0.428125 0.09765625 0.09765625
1 0.7875 0.5484375 0.09765625 0.09765625
1 0.7890625 0.65703125 0.09765625 0.0984375
1 0.69375 0.15703125 0.09765625 0.09765625
1 0.69140625 0.25859375 0.09765625 0.0984375
1 0.6875 0.36640625 0.0859375 0.0859375
1 0.69453125 0.4859375 0.09765625 0.09765625
1 0.69140625 0.6046875 0.109375 0.1109375
1 0.6875 0.70234375 0.09765625 0.09765625
1 0.5890625 0.74921875 0.0859375 0.0859375
1 0.59375 0.64921875 0.09765625 0.0984375
1 0.59453125 0.53046875 0.09765625 0.09765625
1 0.5921875 0.09453125 0.08515625 0.0859375
1 0.59453125 0.209375 0.0859375 0.0859375
1 0.5953125 0.31875 0.0859375 0.0859375
1 0.5953125 0.42109375 0.0859375 0.0859375
1 0.49296875 0.13984375 0.08515625 0.0859375
1 0.49296875 0.2546875 0.08515625 0.0859375
1 0.49140625 0.3640625 0.109375 0.11015625
1 0.48984375 0.4703125 0.08515625 0.0859375
1 0.48828125 0.590625 0.09765625 0.0984375
1 0.49296875 0.70546875 0.109375 0.11015625
1 0.4015625 0.75390625 0.109375 0.1109375
1 0.39765625 0.6421875 0.11015625 0.11015625
1 0.39765625 0.53359375 0.11015625 0.11015625
1 0.396875 0.41875 0.11015625 0.11015625
1 0.39765625 0.30625 0.11015625 0.11015625
1 0.39921875 0.19453125 0.09765625 0.09765625
1 0.3109375 0.13125 0.0859375 0.0859375
1 0.2953125 0.25859375 0.09765625 0.0984375
1 0.30078125 0.36796875 0.09765625 0.0984375
1 0.29765625 0.47734375 0.11015625 0.11015625
1 0.30390625 0.58828125 0.109375 0.11015625
1 0.29921875 0.70078125 0.11015625 0.11015625
1 0.215625 0.7546875 0.09765625 0.09765625
1 0.21171875 0.6171875 0.09765625 0.09765625
1 0.209375 0.51796875 0.09765625 0.0984375
1 0.209375 0.428125 0.09765625 0.0984375
1 0.21484375 0.30546875 0.09765625 0.0984375
1 0.11328125 0.69375 0.09765625 0.0984375
1 0.1140625 0.578125 0.08515625 0.0859375