1 0.559375 0.2984375 0.109375 0.11015625
1 0.95 0.07734375 0.0859375 0.0859375
1 0.9390625 0.190625 0.09765625 0.09765625
1 0.94375 0.30625 0.09765625 0.09765625
1 0.84765625 0.13203125 0.109375 0.1109375
1 0.85 0.24609375 0.109375 0.1109375
1 0.84453125 0.3453125 0.11015625 0.1109375
1 0.74921875 0.0828125 0.11015625 0.1109375
1 0.746875 0.190625 0.11015625 0.1109375
1 0.7515625 0.29765625 0.11015625 0.11015625
1 0.65546875 0.14140625 0.11015625 0.11015625
1 0.66015625 0.2453125 0.109375 0.11015625
1 0.5609375 0.084375 0.09765625 0.0984375
1 0.5578125 0.190625 0.109375 0.11015625
1 0.46015625 0.13828125 0.109375 0.11015625
1 0.4640625 0.24296875 0.109375 0.11015625
2 0.4671875 0.35625 0.0484375 0.05
2 0.55859375 0.4109375 0.0484375 0.05
2 0.653125 0.3484375 0.0484375 0.0484375
1 0.3703125 0.08671875 0.11015625 0.11015625
1 0.3703125 0.196875 0.11015625 0.11015625
1 0.3734375 0.309375 0.11015625 0.11015625
1 0.37265625 0.41484375 0.08515625 0.0859375
1 0.27109375 0.134375 0.11015625 0.11015625
1 0.2765625 0.2453125 0.09765625 0.0984375
1 0.17890625 0.08359375 0.109375 0.11015625
1 0.18359375 0.19296875 0.109375 0.11015625
1 0.1828125 0.29765625 0.109375 0.11015625
1 0.184375 0.41875 0.0734375 0.07421875
1 0.09140625 0.1453125 0.11015625 0.11015625
1 0.08515625 0.2375 0.11015625 0.11015625
1 0.0875 0.359375 0.11015625 0.1109375
1 0.08125 0.4796875 0.11015625 0.11015625
1 0.08515625 0.58125 0.11015625 0.11015625
1 0.08515625 0.7015625 0.11015625 0.11015625
1 0.08046875 0.8109375 0.11015625 0.11015625
1 0.084375 0.92109375 0.09765625 0.09765625
1 0.18125 0.52265625 0.0859375 0.08671875
1 0.26796875 0.46796875 0.0734375 0.0734375
1 0.3734375 0.5171875 0.11015625 0.11015625
1 0.4640625 0.46796875 0.109375 0.11015625
1 0.5609375 0.5171875 0.109375 0.1109375
1 0.66328125 0.5765625 0.0859375 0.0859375
1 0.65703125 0.4640625 0.08515625 0.0859375
2 0.753125 0.41484375 0.08515625 0.0859375
1 0.75078125 0.521875 0.08515625 0.0859375
1 0.7578125 0.62890625 0.09765625 0.09765625
1 0.753125 0.73359375 0.09765625 0.09765625
1 0.7484375 0.85 0.09765625 0.0984375
2 0.846875 0.46328125 0.0734375 0.0734375
1 0.85 0.575 0.08515625 0.0859375
1 0.84921875 0.7921875 0.0734375 0.07421875
1 0.9359375 0.409375 0.09765625 0.0984375
1 0.94140625 0.51875 0.09765625 0.0984375
1 0.93671875 0.634375 0.09765625 0.0984375
1 0.94609375 0.7453125 0.09765625 0.09765625
1 0.9484375 0.85546875 0.09765625 0.09765625
1 0.8484375 0.92265625 0.08515625 0.0859375