2 0.08671875 0.1140625 0.0734375 0.0734375
2 0.071875 0.309375 0.0734375 0.0734375
2 0.1578125 0.39140625 0.0734375 0.0734375
2 0.1546875 0.49375 0.0734375 0.07421875
2 0.2609375 0.70234375 0.0734375 0.07421875
1 0.8203125 0.7703125 0.09765625 0.09765625
1 0.92109375 0.37421875 0.0859375 0.0859375
1 0.915625 0.490625 0.09765625 0.0984375
1 0.915625 0.61171875 0.11015625 0.11015625
1 0.9171875 0.725 0.109375 0.11015625
1 0.8203125 0.32890625 0.0859375 0.0859375
1 0.82421875 0.44921875 0.09765625 0.09765625
1 0.8171875 0.54765625 0.09765625 0.09765625
1 0.825 0.6609375 0.109375 0.1109375
1 0.728125 0.37890625 0.109375 0.1109375
1 0.7296875 0.4890625 0.109375 0.1109375
0 0.7296875 0.584375 0.09765625 0.0984375
1 0.72578125 0.7140625 0.109375 0.11015625
1 0.72578125 0.8421875 0.09765625 0.09765625
1 0.6390625 0.8953125 0.09765625 0.0984375
1 0.63515625 0.7828125 0.11015625 0.1109375
1 0.6359375 0.659375 0.11015625 0.11015625
1 0.6328125 0.54921875 0.109375 0.11015625
1 0.63671875 0.43671875 0.109375 0.11015625
1 0.6265625 0.34140625 0.11015625 0.11015625
1 0.54765625 0.496875 0.09765625 0.09765625
1 0.55078125 0.60234375 0.09765625 0.0984375
1 0.5546875 0.69609375 0.09765625 0.0984375
1 0.55078125 0.83515625 0.109375 0.11015625
1 0.440625 0.875 0.08515625 0.0859375
1 0.44609375 0.653125 0.09765625 0.0984375
1 0.44921875 0.553125 0.109375 0.1109375
1 0.44296875 0.44609375 0.11015625 0.11015625
1 0.446875 0.325 0.11015625 0.1109375
1 0.265625 0.325 0.09765625 0.0984375
1 0.08125 0.42265625 0.0859375 0.08671875
1 0.0796875 0.534375 0.08515625 0.0859375
1 0.14921875 0.58515625 0.0859375 0.0859375
1 0.07265625 0.67890625 0.08515625 0.0859375
1 0.159375 0.734375 0.08515625 0.0859375
1 0.2640625 0.7796875 0.08515625 0.0859375
1 0.07421875 0.890625 0.09765625 0.09765625
1 0.2640625 0.88046875 0.09765625 0.0984375
1 0.1578125 0.93984375 0.09765625 0.0984375
1 0.07421875 0.78984375 0.0859375 0.0859375
1 0.15546875 0.82734375 0.08515625 0.0859375
2 0.08671875 0.2078125 0.0734375 0.0734375
1 0.9234375 0.2734375 0.0859375 0.0859375
1 0.92890625 0.1734375 0.09765625 0.0984375
1 0.9296875 0.0546875 0.09765625 0.09765625
1 0.26640625 0.1 0.08515625 0.0859375
1 0.26875 0.215625 0.0859375 0.08671875
1 0.8234375 0.11484375 0.09765625 0.0984375
1 0.828125 0.2296875 0.109375 0.11015625
1 0.7359375 0.278125 0.109375 0.1109375
1 0.7328125 0.16640625 0.11015625 0.11015625
1 0.7328125 0.0578125 0.11015625 0.11015625
1 0.6390625 0.1125 0.109375 0.11015625
1 0.634375 0.225 0.11015625 0.11015625
1 0.55078125 0.2796875 0.09765625 0.09765625
1 0.546875 0.14140625 0.09765625 0.09765625
1 0.4484375 0.21796875 0.09765625 0.0984375
1 0.4484375 0.10234375 0.08515625 0.0859375
1 0.17109375 0.0453125 0.0859375 0.0859375
1 0.16484375 0.278125 0.0859375 0.0859375