2 0.56875 0.0984375 0.0734375 0.07421875
2 0.67421875 0.403125 0.0734375 0.0734375
2 0.378125 0.67578125 0.0734375 0.07421875
2 0.38203125 0.32578125 0.0734375 0.0734375
2 0.571875 0.45234375 0.0734375 0.07421875
2 0.659375 0.5984375 0.0734375 0.0734375
2 0.478125 0.50546875 0.0734375 0.0734375
2 0.7453125 0.68046875 0.0734375 0.0734375
2 0.74296875 0.7828125 0.0734375 0.07421875
1 0.853125 0.6140625 0.09765625 0.0984375
1 0.56953125 0.65625 0.0859375 0.0859375
1 0.5578125 0.76953125 0.0859375 0.0859375
1 0.66875 0.71171875 0.0859375 0.08671875
1 0.6671875 0.8234375 0.08515625 0.0859375
1 0.7375 0.87421875 0.0859375 0.0859375
1 0.5640625 0.903125 0.11015625 0.11015625
1 0.378125 0.909375 0.0859375 0.0859375
1 0.278125 0.615625 0.09765625 0.0984375
1 0.27578125 0.73203125 0.11015625 0.11015625
1 0.178125 0.77890625 0.09765625 0.0984375
1 0.18671875 0.6703125 0.11015625 0.11015625
1 0.0890625 0.71328125 0.109375 0.11015625
1 0.08671875 0.9390625 0.0859375 0.0859375
1 0.08828125 0.825 0.08515625 0.0859375
1 0.1828125 0.8953125 0.0859375 0.0859375
1 0.2765625 0.953125 0.08515625 0.0859375
1 0.28125 0.84296875 0.0859375 0.0859375
1 0.4671875 0.71796875 0.08515625 0.0859375
1 0.465625 0.84375 0.0859375 0.0859375
1 0.4640625 0.95390625 0.08515625 0.0859375
1 0.38046875 0.7890625 0.08515625 0.0859375
2 0.67421875 0.496875 0.0734375 0.0734375
2 0.56953125 0.56171875 0.0734375 0.07421875
1 0.67578125 0.2 0.0859375 0.0859375
1 0.0921875 0.165625 0.109375 0.11015625
1 0.09453125 0.2703125 0.08515625 0.0859375
1 0.096875 0.36015625 0.0859375 0.0859375
1 0.0921875 0.49375 0.09765625 0.0984375
1 0.1921875 0.55859375 0.109375 0.1109375
1 0.09296875 0.60546875 0.0859375 0.0859375
1 0.18828125 0.43359375 0.0859375 0.0859375
1 0.18828125 0.34140625 0.09765625 0.0984375
1 0.1875 0.2203125 0.09765625 0.0984375
1 0.19296875 0.11640625 0.08515625 0.0859375
1 0.284375 0.05 0.09765625 0.09765625
1 0.2875 0.18515625 0.09765625 0.0984375
1 0.28515625 0.27421875 0.09765625 0.0984375
1 0.2765625 0.39140625 0.109375 0.11015625
1 0.27734375 0.50234375 0.109375 0.11015625
1 0.3765625 0.56328125 0.0859375 0.0859375
1 0.38359375 0.4484375 0.0859375 0.0859375
1 0.38125 0.2203125 0.08515625 0.0859375
1 0.37578125 0.08515625 0.09765625 0.0984375
1 0.4734375 0.1421875 0.08515625 0.0859375
1 0.47265625 0.27421875 0.09765625 0.0984375
1 0.4734375 0.38984375 0.09765625 0.09765625
1 0.57109375 0.3328125 0.109375 0.11015625
1 0.5671875 0.2140625 0.09765625 0.0984375
2 0.8546875 0.2875 0.0484375 0.0484375
1 0.85390625 0.3890625 0.08515625 0.0859375
1 0.85625 0.5046875 0.0859375 0.08671875
1 0.93828125 0.11953125 0.109375 0.11015625
1 0.8484375 0.0609375 0.11015625 0.11015625
1 0.8453125 0.175 0.11015625 0.11015625
1 0.75390625 0.11875 0.109375 0.1109375
1 0.66484375 0.0890625 0.11015625 0.11015625
1 0.75859375 0.22578125 0.109375 0.11015625
1 0.75859375 0.334375 0.0859375 0.0859375
1 0.753125 0.5671875 0.0859375 0.0859375