1 0.31953125 0.184375 0.09765625 0.0984375
1 0.5171875 0.72890625 0.09765625 0.0984375
1 0.6109375 0.7859375 0.109375 0.11015625
1 0.61484375 0.12890625 0.0734375 0.07421875
2 0.615625 0.23359375 0.06171875 0.06171875
1 0.61171875 0.35078125 0.08515625 0.0859375
1 0.52109375 0.0671875 0.08515625 0.0859375
1 0.51640625 0.1796875 0.08515625 0.0859375
1 0.51640625 0.28828125 0.09765625 0.0984375
1 0.51640625 0.40703125 0.11015625 0.11015625
1 0.41796875 0.13046875 0.09765625 0.0984375
1 0.4234375 0.2328125 0.0859375 0.0859375
1 0.41796875 0.3453125 0.0859375 0.08671875
1 0.4203125 0.45859375 0.09765625 0.0984375
1 0.3203125 0.075 0.09765625 0.0984375
1 0.321875 0.28984375 0.09765625 0.0984375
1 0.32421875 0.4046875 0.09765625 0.0984375
1 0.228125 0.11875 0.09765625 0.0984375
1 0.23359375 0.23984375 0.09765625 0.0984375
2 0.24140625 0.34140625 0.06171875 0.06171875
2 0.14140625 0.07109375 0.0484375 0.05
1 0.1390625 0.40390625 0.109375 0.11015625
2 0.1375 0.20625 0.0359375 0.0375
2 0.13359375 0.2953125 0.0359375 0.0375
1 0.13671875 0.5140625 0.109375 0.1109375
1 0.13359375 0.61875 0.109375 0.1109375
1 0.1359375 0.72578125 0.09765625 0.09765625
1 0.134375 0.834375 0.109375 0.11015625
1 0.2328125 0.4625 0.09765625 0.0984375
1 0.22734375 0.5609375 0.11015625 0.1109375
1 0.23125 0.67109375 0.109375 0.1109375
1 0.228125 0.7828125 0.109375 0.1109375
1 0.23046875 0.89765625 0.109375 0.11015625
1 0.32890625 0.73046875 0.11015625 0.1109375
1 0.33046875 0.81328125 0.0734375 0.07421875
1 0.4203125 0.56484375 0.109375 0.11015625
1 0.4203125 0.78046875 0.09765625 0.09765625
1 0.4171875 0.88984375 0.09765625 0.09765625
1 0.509375 0.51484375 0.11015625 0.11015625
1 0.5140625 0.61640625 0.109375 0.11015625
1 0.51875 0.8421875 0.109375 0.11015625
1 0.6046875 0.4546875 0.08515625 0.0859375
1 0.6390625 0.49375 0.08515625 0.0859375
1 0.60859375 0.57578125 0.11015625 0.11015625
1 0.609375 0.89140625 0.09765625 0.0984375