2 0.9625 0.72578125 0.0734375 0.07421875
2 0.6828125 0.47890625 0.0734375 0.0734375
2 0.77578125 0.95234375 0.0734375 0.0734375
1 0.115625 0.05390625 0.09765625 0.09765625
3 0.86796875 0.5640625 0.0859375 0.08671875
1 0.86796875 0.453125 0.0859375 0.0859375
2 0.775 0.5078125 0.0734375 0.07421875
2 0.77890625 0.61328125 0.0734375 0.07421875
1 0.5828125 0.51484375 0.08515625 0.0859375
1 0.1125 0.48359375 0.09765625 0.0984375
1 0.1171875 0.6 0.09765625 0.09765625
1 0.1109375 0.70234375 0.08515625 0.0859375
1 0.10859375 0.81171875 0.09765625 0.09765625
1 0.11796875 0.92734375 0.09765625 0.0984375
1 0.209375 0.85859375 0.09765625 0.09765625
1 0.2078125 0.7453125 0.09765625 0.0984375
1 0.215625 0.634375 0.09765625 0.09765625
1 0.209375 0.5265625 0.09765625 0.0984375
1 0.29765625 0.46953125 0.09765625 0.09765625
1 0.30390625 0.5765625 0.09765625 0.0984375
1 0.3015625 0.684375 0.09765625 0.0984375
1 0.30078125 0.7984375 0.09765625 0.09765625
1 0.296875 0.91484375 0.09765625 0.0984375
1 0.39609375 0.8546875 0.11015625 0.11015625
1 0.3953125 0.74140625 0.11015625 0.11015625
1 0.3921875 0.62734375 0.109375 0.11015625
1 0.39140625 0.51640625 0.11015625 0.1109375
1 0.4890625 0.4734375 0.09765625 0.09765625
1 0.48046875 0.5765625 0.109375 0.11015625
1 0.49296875 0.68046875 0.109375 0.1109375
1 0.48515625 0.7921875 0.109375 0.11015625
1 0.4875 0.89765625 0.08515625 0.0859375
1 0.58125 0.846875 0.09765625 0.0984375
1 0.58671875 0.74296875 0.08515625 0.0859375
1 0.58125 0.61640625 0.109375 0.11015625
1 0.67890625 0.57734375 0.08515625 0.0859375
1 0.678125 0.6765625 0.09765625 0.09765625
1 0.68046875 0.81171875 0.09765625 0.0984375
1 0.67890625 0.90078125 0.09765625 0.0984375
1 0.775 0.84765625 0.08515625 0.0859375
1 0.76953125 0.7125 0.09765625 0.0984375
1 0.86640625 0.76953125 0.08515625 0.0859375
1 0.86640625 0.90078125 0.09765625 0.0984375
1 0.87109375 0.134375 0.109375 0.11015625
1 0.8703125 0.25703125 0.09765625 0.0984375
1 0.86953125 0.35234375 0.08515625 0.08671875
1 0.78046875 0.4234375 0.08515625 0.0859375
1 0.775 0.3 0.11015625 0.11015625
1 0.77578125 0.190625 0.11015625 0.11015625
1 0.7765625 0.08046875 0.09765625 0.0984375
1 0.6765625 0.1390625 0.09765625 0.0984375
1 0.67890625 0.24921875 0.09765625 0.0984375
1 0.678125 0.353125 0.0859375 0.0859375
1 0.5796875 0.41171875 0.109375 0.11015625
1 0.5828125 0.30703125 0.09765625 0.0984375
1 0.5828125 0.1890625 0.0859375 0.0859375
1 0.58203125 0.0828125 0.0859375 0.0859375
1 0.49140625 0.1296875 0.09765625 0.0984375
1 0.48828125 0.23671875 0.09765625 0.0984375
1 0.49375 0.34296875 0.09765625 0.09765625
1 0.4015625 0.39453125 0.109375 0.1109375
1 0.4 0.29375 0.11015625 0.1109375
1 0.39375 0.20390625 0.11015625 0.11015625
1 0.4 0.07734375 0.11015625 0.11015625
1 0.309375 0.1296875 0.09765625 0.09765625
1 0.309375 0.24140625 0.09765625 0.09765625
1 0.303125 0.3515625 0.0859375 0.0859375
1 0.2109375 0.4171875 0.09765625 0.0984375
1 0.20703125 0.3140625 0.0859375 0.0859375
1 0.21484375 0.19375 0.09765625 0.09765625
1 0.20703125 0.08671875 0.09765625 0.09765625
1 0.11796875 0.1578125 0.09765625 0.09765625
1 0.1125 0.2546875 0.09765625 0.0984375
1 0.11015625 0.37734375 0.09765625 0.0984375