2 0.35 0.146875 0.0734375 0.0734375
2 0.43828125 0.21484375 0.0734375 0.07421875
2 0.54140625 0.15625 0.0734375 0.07421875
2 0.54765625 0.0421875 0.0734375 0.07421875
2 0.64375 0.0890625 0.0484375 0.0484375
1 0.0671875 0.1 0.11015625 0.11015625
1 0.9234375 0.3703125 0.09765625 0.09765625
1 0.92109375 0.15390625 0.09765625 0.0984375
1 0.9203125 0.26328125 0.09765625 0.0984375
1 0.82890625 0.321875 0.109375 0.11015625
1 0.43671875 0.1078125 0.09765625 0.0984375
1 0.3484375 0.265625 0.08515625 0.0859375
1 0.53984375 0.26640625 0.08515625 0.0859375
1 0.8203125 0.1015625 0.0859375 0.0859375
1 0.82890625 0.2046875 0.09765625 0.0984375
1 0.7328125 0.27109375 0.09765625 0.0984375
1 0.7296875 0.38203125 0.0859375 0.0859375
1 0.6328125 0.32421875 0.09765625 0.09765625
1 0.53515625 0.38125 0.09765625 0.0984375
1 0.71953125 0.146875 0.08515625 0.0859375
1 0.6375 0.20390625 0.0859375 0.0859375
1 0.26328125 0.1015625 0.08515625 0.0859375
1 0.25703125 0.2078125 0.09765625 0.09765625
1 0.25390625 0.31953125 0.09765625 0.0984375
1 0.1578125 0.3734375 0.09765625 0.09765625
1 0.1546875 0.26015625 0.09765625 0.0984375
1 0.0640625 0.3234375 0.09765625 0.0984375
1 0.9125 0.9265625 0.09765625 0.0984375
1 0.82421875 0.87265625 0.09765625 0.0984375
1 0.72265625 0.82109375 0.109375 0.11015625
1 0.7234375 0.93359375 0.109375 0.1109375
1 0.6203125 0.8984375 0.09765625 0.09765625
1 0.5390625 0.92734375 0.09765625 0.0984375
1 0.4390625 0.8734375 0.109375 0.11015625
1 0.34765625 0.925 0.109375 0.11015625
1 0.2453125 0.87421875 0.11015625 0.11015625
1 0.05703125 0.87578125 0.11015625 0.11015625
1 0.15625 0.92109375 0.109375 0.11015625
1 0.91875 0.48359375 0.109375 0.11015625
1 0.9171875 0.5890625 0.09765625 0.0984375
1 0.91875 0.709375 0.09765625 0.0984375
1 0.921875 0.82109375 0.09765625 0.09765625
1 0.82734375 0.434375 0.09765625 0.0984375
1 0.825 0.55 0.09765625 0.0984375
1 0.82734375 0.65546875 0.09765625 0.09765625
1 0.82109375 0.75859375 0.09765625 0.09765625
1 0.72734375 0.48984375 0.09765625 0.0984375
1 0.725 0.5859375 0.109375 0.1109375
1 0.721875 0.7015625 0.109375 0.1109375
1 0.6265625 0.76328125 0.09765625 0.0984375
1 0.63984375 0.646875 0.09765625 0.09765625
1 0.6453125 0.53828125 0.0859375 0.0859375
1 0.6359375 0.42578125 0.09765625 0.09765625
1 0.5328125 0.48359375 0.109375 0.1109375
1 0.5328125 0.5984375 0.09765625 0.09765625
1 0.52890625 0.7 0.11015625 0.11015625
1 0.528125 0.81171875 0.09765625 0.0984375
1 0.4390625 0.7625 0.09765625 0.0984375
1 0.43828125 0.6578125 0.11015625 0.11015625
1 0.43828125 0.53828125 0.09765625 0.0984375
1 0.4390625 0.42890625 0.11015625 0.1109375
1 0.440625 0.325 0.09765625 0.09765625
1 0.35 0.37890625 0.09765625 0.09765625
1 0.33984375 0.4703125 0.09765625 0.0984375
1 0.34375 0.6 0.09765625 0.0984375
1 0.3453125 0.70546875 0.109375 0.11015625
1 0.3390625 0.82265625 0.09765625 0.0984375
1 0.25 0.77890625 0.09765625 0.0984375
1 0.2515625 0.6515625 0.109375 0.11015625
1 0.24609375 0.54453125 0.109375 0.11015625
1 0.253125 0.42734375 0.109375 0.11015625
1 0.159375 0.60390625 0.09765625 0.0984375
1 0.15546875 0.70078125 0.11015625 0.11015625
1 0.15234375 0.81328125 0.09765625 0.0984375
1 0.06640625 0.7625 0.109375 0.11015625
1 0.06640625 0.65078125 0.09765625 0.0984375
1 0.06328125 0.534375 0.08515625 0.0859375
1 0.06953125 0.43125 0.09765625 0.0984375