1 0.45703125 0.81796875 0.109375 0.11015625
1 0.07734375 0.16484375 0.11015625 0.11015625
1 0.0796875 0.26796875 0.11015625 0.11015625
1 0.0734375 0.38046875 0.11015625 0.11015625
1 0.17578125 0.10546875 0.109375 0.1109375
1 0.17265625 0.2171875 0.109375 0.11015625
1 0.17109375 0.32578125 0.09765625 0.0984375
1 0.17265625 0.4421875 0.09765625 0.0984375
1 0.265625 0.16796875 0.0859375 0.0859375
1 0.265625 0.27421875 0.09765625 0.09765625
1 0.2703125 0.38515625 0.09765625 0.0984375
1 0.36171875 0.1046875 0.11015625 0.11015625
1 0.3609375 0.21015625 0.11015625 0.1109375
1 0.3609375 0.33203125 0.109375 0.1109375
1 0.3578125 0.43828125 0.109375 0.11015625
1 0.45390625 0.16484375 0.11015625 0.11015625
1 0.45546875 0.27109375 0.11015625 0.11015625
1 0.45625 0.38203125 0.11015625 0.1109375
1 0.54375 0.09921875 0.109375 0.11015625
1 0.54296875 0.2125 0.109375 0.11015625
1 0.55078125 0.3234375 0.109375 0.11015625
1 0.64375 0.1609375 0.109375 0.11015625
1 0.646875 0.2671875 0.09765625 0.0984375
1 0.64765625 0.3796875 0.109375 0.11015625
1 0.74296875 0.09609375 0.11015625 0.11015625
1 0.7375 0.21015625 0.11015625 0.11015625
1 0.74140625 0.3296875 0.11015625 0.11015625
1 0.74375 0.43515625 0.109375 0.11015625
1 0.84296875 0.0515625 0.0859375 0.0859375
1 0.84609375 0.153125 0.08515625 0.0859375
1 0.84140625 0.26484375 0.08515625 0.0859375
1 0.8421875 0.378125 0.08515625 0.0859375
1 0.9375 0.10625 0.109375 0.11015625
1 0.9359375 0.21171875 0.109375 0.11015625
1 0.9375 0.3265625 0.09765625 0.0984375
1 0.93515625 0.43515625 0.11015625 0.11015625
1 0.93671875 0.54609375 0.11015625 0.11015625
1 0.928125 0.65703125 0.11015625 0.11015625
1 0.934375 0.77109375 0.11015625 0.11015625
1 0.93359375 0.8796875 0.109375 0.1109375
1 0.84453125 0.4890625 0.09765625 0.0984375
1 0.84765625 0.596875 0.0859375 0.0859375
1 0.83671875 0.71015625 0.09765625 0.09765625
1 0.840625 0.8265625 0.09765625 0.09765625
1 0.74296875 0.54765625 0.109375 0.11015625
1 0.7453125 0.6515625 0.109375 0.1109375
1 0.746875 0.765625 0.109375 0.1109375
1 0.74140625 0.865625 0.11015625 0.1109375
1 0.6453125 0.49140625 0.109375 0.11015625
1 0.646875 0.60234375 0.11015625 0.1109375
1 0.64375 0.71015625 0.11015625 0.1109375
1 0.64921875 0.8171875 0.11015625 0.11015625
1 0.54765625 0.4359375 0.11015625 0.1109375
1 0.54921875 0.54296875 0.11015625 0.1109375
1 0.553125 0.6609375 0.11015625 0.11015625
1 0.5578125 0.76484375 0.109375 0.11015625
1 0.459375 0.49921875 0.11015625 0.1109375
1 0.4578125 0.60390625 0.09765625 0.0984375
1 0.4546875 0.71015625 0.109375 0.11015625
1 0.3625 0.54609375 0.09765625 0.0984375
1 0.3578125 0.6578125 0.109375 0.11015625
1 0.3609375 0.7625 0.109375 0.11015625
2 0.3640625 0.87578125 0.0484375 0.05
2 0.45625 0.93046875 0.0484375 0.05
2 0.55078125 0.86796875 0.0484375 0.0484375
1 0.2625 0.490625 0.109375 0.11015625
1 0.26796875 0.60625 0.11015625 0.11015625
1 0.26796875 0.71640625 0.11015625 0.11015625
1 0.27109375 0.82890625 0.11015625 0.11015625
1 0.2703125 0.934375 0.08515625 0.0859375
1 0.17265625 0.54375 0.09765625 0.0984375
1 0.16875 0.65390625 0.11015625 0.11015625
1 0.1734375 0.76484375 0.09765625 0.0984375
1 0.07890625 0.49453125 0.109375 0.11015625
1 0.0765625 0.603125 0.109375 0.11015625
1 0.08125 0.7125 0.109375 0.11015625
1 0.0796875 0.8171875 0.109375 0.11015625
1 0.08125 0.93828125 0.0734375 0.07421875
2 0.65078125 0.934375 0.08515625 0.0859375
1 0.8328125 0.92890625 0.09765625 0.0984375