2 0.46640625 0.09765625 0.0734375 0.07421875
2 0.56953125 0.0390625 0.0734375 0.07421875
1 0.9484375 0.14609375 0.09765625 0.0984375
1 0.8578125 0.2046875 0.109375 0.11015625
1 0.3765625 0.1484375 0.08515625 0.0859375
1 0.56796875 0.14921875 0.08515625 0.0859375
1 0.8578125 0.0875 0.09765625 0.0984375
1 0.7609375 0.15390625 0.09765625 0.0984375
1 0.7578125 0.26484375 0.0859375 0.0859375
1 0.6609375 0.20703125 0.09765625 0.09765625
1 0.56328125 0.2640625 0.09765625 0.0984375
1 0.665625 0.08671875 0.0859375 0.0859375
1 0.28515625 0.090625 0.09765625 0.09765625
1 0.28203125 0.20234375 0.09765625 0.0984375
1 0.18671875 0.25625 0.09765625 0.09765625
1 0.1828125 0.14296875 0.09765625 0.0984375
1 0.09296875 0.20625 0.09765625 0.0984375
1 0.940625 0.809375 0.09765625 0.0984375
1 0.85234375 0.75546875 0.09765625 0.0984375
1 0.84765625 0.8671875 0.09765625 0.09765625
1 0.75078125 0.70390625 0.109375 0.11015625
1 0.7515625 0.81640625 0.109375 0.1109375
1 0.75625 0.9234375 0.109375 0.11015625
1 0.6484375 0.78125 0.09765625 0.09765625
1 0.6515625 0.8734375 0.109375 0.11015625
1 0.56171875 0.9234375 0.11015625 0.11015625
1 0.5671875 0.81015625 0.09765625 0.0984375
1 0.46796875 0.75625 0.109375 0.11015625
1 0.46171875 0.871875 0.11015625 0.1109375
1 0.3765625 0.92109375 0.09765625 0.0984375
1 0.37578125 0.8078125 0.109375 0.11015625
1 0.27421875 0.75703125 0.11015625 0.11015625
1 0.2796875 0.86640625 0.109375 0.11015625
1 0.1859375 0.9171875 0.11015625 0.11015625
1 0.08515625 0.75859375 0.11015625 0.11015625
1 0.184375 0.80390625 0.109375 0.11015625
1 0.084375 0.86796875 0.09765625 0.0984375
1 0.9453125 0.471875 0.09765625 0.0984375
1 0.946875 0.5921875 0.09765625 0.0984375
1 0.95 0.70390625 0.09765625 0.09765625
1 0.85546875 0.3171875 0.09765625 0.0984375
1 0.853125 0.4328125 0.09765625 0.0984375
1 0.85546875 0.53828125 0.09765625 0.09765625
1 0.85 0.64140625 0.09765625 0.09765625
1 0.75625 0.37265625 0.09765625 0.0984375
1 0.753125 0.46875 0.109375 0.1109375
1 0.75 0.584375 0.109375 0.1109375
1 0.65546875 0.64609375 0.09765625 0.0984375
1 0.66796875 0.5296875 0.09765625 0.09765625
1 0.6734375 0.42109375 0.0859375 0.0859375
1 0.6640625 0.30859375 0.09765625 0.09765625
1 0.56171875 0.36640625 0.109375 0.1109375
1 0.56171875 0.48125 0.09765625 0.09765625
1 0.55703125 0.5828125 0.11015625 0.11015625
1 0.55625 0.69453125 0.09765625 0.0984375
1 0.46796875 0.6453125 0.09765625 0.0984375
1 0.46640625 0.540625 0.11015625 0.11015625
1 0.4671875 0.42109375 0.09765625 0.0984375
1 0.4671875 0.31171875 0.11015625 0.1109375
1 0.46875 0.2078125 0.09765625 0.09765625
1 0.378125 0.26171875 0.09765625 0.09765625
1 0.36796875 0.353125 0.09765625 0.0984375
1 0.371875 0.4828125 0.09765625 0.0984375
1 0.37421875 0.58828125 0.109375 0.11015625
1 0.3671875 0.70546875 0.09765625 0.0984375
1 0.278125 0.66171875 0.09765625 0.0984375
1 0.28046875 0.534375 0.109375 0.11015625
1 0.27421875 0.42734375 0.109375 0.11015625
1 0.28125 0.31015625 0.109375 0.11015625
1 0.1875 0.48671875 0.09765625 0.0984375
1 0.184375 0.58359375 0.11015625 0.11015625
1 0.18046875 0.69609375 0.09765625 0.0984375
1 0.09453125 0.6453125 0.109375 0.11015625
1 0.09453125 0.53359375 0.09765625 0.0984375
1 0.09140625 0.4171875 0.08515625 0.0859375
1 0.09765625 0.3140625 0.09765625 0.0984375