1 0.865625 0.13203125 0.09765625 0.0984375
1 0.76953125 0.07890625 0.09765625 0.0984375
1 0.584375 0.07734375 0.109375 0.11015625
1 0.39765625 0.075 0.11015625 0.1109375
1 0.2171875 0.071875 0.109375 0.11015625
1 0.115625 0.1234375 0.0859375 0.0859375
1 0.11796875 0.225 0.11015625 0.11015625
1 0.115625 0.340625 0.11015625 0.11015625
1 0.11015625 0.4484375 0.09765625 0.0984375
1 0.1125 0.55859375 0.08515625 0.0859375
1 0.11328125 0.671875 0.09765625 0.09765625
1 0.21171875 0.184375 0.109375 0.11015625
1 0.2140625 0.28359375 0.109375 0.11015625
1 0.20390625 0.39609375 0.09765625 0.0984375
1 0.209375 0.50859375 0.11015625 0.11015625
1 0.2015625 0.61484375 0.11015625 0.11015625
1 0.2921875 0.12734375 0.11015625 0.11015625
1 0.30078125 0.24375 0.109375 0.11015625
1 0.3015625 0.35234375 0.109375 0.11015625
1 0.3015625 0.4546875 0.09765625 0.0984375
1 0.30625 0.57109375 0.109375 0.11015625
1 0.39296875 0.18828125 0.11015625 0.11015625
1 0.396875 0.2921875 0.11015625 0.11015625
1 0.39375 0.40390625 0.11015625 0.11015625
1 0.3921875 0.51484375 0.109375 0.11015625
1 0.39375 0.62421875 0.109375 0.11015625
1 0.48515625 0.121875 0.109375 0.1109375
1 0.4890625 0.234375 0.109375 0.1109375
1 0.4875 0.34453125 0.09765625 0.0984375
1 0.49453125 0.45625 0.11015625 0.11015625
1 0.48671875 0.5640625 0.11015625 0.11015625
1 0.58203125 0.1875 0.109375 0.1109375
1 0.57890625 0.29296875 0.109375 0.1109375
1 0.58125 0.39921875 0.09765625 0.09765625
1 0.5796875 0.50859375 0.109375 0.11015625
1 0.5796875 0.628125 0.09765625 0.0984375
1 0.678125 0.1359375 0.09765625 0.0984375
1 0.67265625 0.234375 0.11015625 0.1109375
1 0.6765625 0.34453125 0.109375 0.1109375
1 0.6734375 0.45703125 0.109375 0.1109375
1 0.67578125 0.571875 0.109375 0.11015625
1 0.77421875 0.4046875 0.11015625 0.1109375
1 0.77578125 0.4875 0.0734375 0.07421875
1 0.765625 0.6265625 0.09765625 0.09765625
1 0.865625 0.2390625 0.109375 0.11015625
1 0.865625 0.45390625 0.09765625 0.09765625
1 0.8625 0.56328125 0.09765625 0.09765625
1 0.86171875 0.6578125 0.11015625 0.1109375
1 0.871875 0.77890625 0.09765625 0.0984375
2 0.8625 0.89921875 0.0609375 0.06171875
1 0.77265625 0.72890625 0.09765625 0.0984375
1 0.7765625 0.8453125 0.09765625 0.0984375
1 0.675 0.675 0.09765625 0.0984375
1 0.67578125 0.784375 0.09765625 0.0984375
2 0.6765625 0.90078125 0.0734375 0.0734375
1 0.58515625 0.73515625 0.11015625 0.11015625
1 0.578125 0.8328125 0.09765625 0.0984375
1 0.4890625 0.68203125 0.11015625 0.11015625
1 0.490625 0.790625 0.109375 0.11015625
1 0.490625 0.9078125 0.09765625 0.0984375
1 0.3953125 0.73203125 0.109375 0.11015625
1 0.39140625 0.84140625 0.109375 0.11015625
1 0.30390625 0.68125 0.11015625 0.11015625
1 0.2953125 0.778125 0.11015625 0.11015625
1 0.2984375 0.88984375 0.09765625 0.09765625
1 0.20625 0.73125 0.11015625 0.11015625
1 0.20859375 0.84765625 0.11015625 0.1109375
1 0.11015625 0.784375 0.109375 0.1109375
2 0.109375 0.90390625 0.0609375 0.06171875