1 0.934375 0.17265625 0.11015625 0.1109375
1 0.84375 0.125 0.09765625 0.09765625
2 0.8453125 0.22890625 0.0609375 0.06171875
1 0.7390625 0.0578125 0.09765625 0.09765625
1 0.7421875 0.17734375 0.109375 0.11015625
1 0.64765625 0.12578125 0.109375 0.11015625
1 0.5515625 0.059375 0.11015625 0.11015625
1 0.5484375 0.16875 0.11015625 0.11015625
1 0.45234375 0.11875 0.11015625 0.11015625
1 0.3578125 0.0609375 0.109375 0.11015625
1 0.3546875 0.17109375 0.09765625 0.0984375
1 0.26953125 0.1109375 0.09765625 0.0984375
1 0.16875 0.06015625 0.11015625 0.11015625
1 0.16640625 0.16953125 0.11015625 0.11015625
1 0.071875 0.11640625 0.09765625 0.09765625
1 0.071875 0.21796875 0.09765625 0.09765625
1 0.075 0.34140625 0.09765625 0.0984375
1 0.06640625 0.4515625 0.0859375 0.0859375
1 0.06875 0.559375 0.09765625 0.0984375
1 0.06875 0.671875 0.09765625 0.09765625
1 0.1671875 0.2796875 0.11015625 0.11015625
1 0.1734375 0.38984375 0.11015625 0.11015625
1 0.1734375 0.5015625 0.11015625 0.11015625
1 0.1734375 0.6203125 0.109375 0.11015625
1 0.25703125 0.22734375 0.109375 0.11015625
1 0.259375 0.340625 0.109375 0.11015625
1 0.2609375 0.44375 0.11015625 0.11015625
1 0.26328125 0.5671875 0.11015625 0.11015625
1 0.26640625 0.67421875 0.11015625 0.11015625
1 0.35625 0.2859375 0.109375 0.11015625
1 0.3625 0.3953125 0.109375 0.11015625
1 0.35625 0.5046875 0.109375 0.11015625
1 0.3515625 0.61484375 0.109375 0.11015625
1 0.446875 0.228125 0.11015625 0.1109375
1 0.4515625 0.3453125 0.09765625 0.09765625
1 0.453125 0.4484375 0.109375 0.11015625
1 0.45625 0.56328125 0.09765625 0.0984375
1 0.45 0.6734375 0.109375 0.11015625
1 0.54921875 0.28515625 0.11015625 0.1109375
1 0.54921875 0.4 0.11015625 0.1109375
1 0.5453125 0.51015625 0.11015625 0.11015625
1 0.55234375 0.62578125 0.11015625 0.11015625
1 0.64140625 0.23203125 0.109375 0.11015625
1 0.64765625 0.34765625 0.109375 0.1109375
1 0.64609375 0.4546875 0.11015625 0.1109375
1 0.646875 0.5671875 0.11015625 0.1109375
1 0.64296875 0.6828125 0.11015625 0.11015625
1 0.74140625 0.28984375 0.09765625 0.0984375
1 0.7375 0.40390625 0.109375 0.11015625
1 0.7375 0.50859375 0.109375 0.1109375
1 0.7359375 0.6234375 0.109375 0.1109375
1 0.834375 0.33515625 0.11015625 0.11015625
1 0.83125 0.4546875 0.11015625 0.11015625
1 0.834375 0.565625 0.09765625 0.09765625
1 0.83671875 0.6828125 0.109375 0.1109375
1 0.928125 0.29375 0.11015625 0.11015625
1 0.93203125 0.3953125 0.11015625 0.11015625
1 0.93203125 0.51484375 0.11015625 0.11015625
1 0.92734375 0.62421875 0.11015625 0.11015625
1 0.93046875 0.734375 0.09765625 0.09765625
1 0.73125 0.72890625 0.109375 0.11015625
1 0.92890625 0.846875 0.109375 0.1109375
1 0.83203125 0.90390625 0.109375 0.11015625
1 0.7359375 0.84609375 0.11015625 0.11015625
1 0.63984375 0.89921875 0.11015625 0.11015625
1 0.54375 0.8453125 0.0859375 0.08671875
1 0.446875 0.89375 0.109375 0.11015625
1 0.3515625 0.83125 0.09765625 0.0984375
1 0.35 0.94609375 0.08515625 0.0859375
1 0.834375 0.79140625 0.109375 0.11015625
1 0.6421875 0.7890625 0.08515625 0.0859375
1 0.5453125 0.72578125 0.109375 0.11015625
1 0.4515625 0.78359375 0.109375 0.11015625
1 0.35625 0.72578125 0.11015625 0.11015625
1 0.26484375 0.78359375 0.09765625 0.0984375
1 0.2640625 0.8921875 0.09765625 0.09765625
3 0.16796875 0.72578125 0.0859375 0.0859375
1 0.0765625 0.7703125 0.09765625 0.0984375
1 0.07734375 0.8890625 0.08515625 0.0859375
1 0.17578125 0.82890625 0.09765625 0.0984375