2 0.21640625 0.62890625 0.0734375 0.07421875
2 0.21796875 0.71484375 0.0734375 0.07421875
2 0.41953125 0.696875 0.0734375 0.0734375
2 0.4125 0.48046875 0.0734375 0.07421875
2 0.13828125 0.68203125 0.0734375 0.0734375
2 0.33125 0.81015625 0.0609375 0.06171875
2 0.1359375 0.7796875 0.0734375 0.0734375
2 0.88984375 0.32421875 0.0734375 0.07421875
1 0.89375 0.09375 0.09765625 0.09765625
1 0.884375 0.20234375 0.0859375 0.0859375
1 0.896875 0.43046875 0.09765625 0.09765625
1 0.79765625 0.3921875 0.0859375 0.0859375
1 0.8 0.48515625 0.11015625 0.11015625
1 0.79296875 0.596875 0.09765625 0.0984375
2 0.884375 0.7375 0.0734375 0.0734375
1 0.890625 0.83671875 0.09765625 0.0984375
1 0.70703125 0.09296875 0.09765625 0.0984375
3 0.7 0.2078125 0.0859375 0.0859375
1 0.70234375 0.31328125 0.08515625 0.0859375
1 0.70390625 0.43046875 0.11015625 0.11015625
1 0.7078125 0.53828125 0.11015625 0.11015625
1 0.70625 0.64765625 0.109375 0.11015625
1 0.703125 0.76640625 0.09765625 0.0984375
1 0.6109375 0.059375 0.09765625 0.09765625
1 0.61640625 0.15078125 0.09765625 0.0984375
1 0.6015625 0.2546875 0.09765625 0.09765625
1 0.60234375 0.38203125 0.09765625 0.0984375
1 0.59765625 0.49140625 0.09765625 0.0984375
1 0.59375 0.596875 0.09765625 0.0984375
1 0.6046875 0.70625 0.08515625 0.0859375
1 0.509375 0.75390625 0.08515625 0.0859375
1 0.51796875 0.10625 0.11015625 0.1109375
1 0.521875 0.23125 0.121875 0.1234375
1 0.51484375 0.33671875 0.08515625 0.0859375
1 0.4984375 0.45390625 0.0859375 0.0859375
1 0.50078125 0.53984375 0.08515625 0.08671875
1 0.50703125 0.64765625 0.09765625 0.09765625
1 0.4265625 0.16484375 0.11015625 0.11015625
1 0.4234375 0.2765625 0.09765625 0.0984375
1 0.42578125 0.37578125 0.09765625 0.0984375
2 0.334375 0.4625 0.0609375 0.06171875
2 0.33359375 0.565625 0.0734375 0.07421875
1 0.33671875 0.6515625 0.08515625 0.0859375
1 0.32734375 0.73046875 0.0859375 0.0859375
2 0.2015625 0.8140625 0.06171875 0.06171875
1 0.328125 0.121875 0.109375 0.11015625
1 0.33515625 0.21796875 0.11015625 0.11015625
1 0.3328125 0.33359375 0.109375 0.11015625
1 0.2375 0.0609375 0.0859375 0.0859375
1 0.2328125 0.17109375 0.109375 0.11015625
1 0.23515625 0.278125 0.11015625 0.11015625
1 0.234375 0.378125 0.109375 0.1109375
1 0.22265625 0.5203125 0.09765625 0.0984375
1 0.1390625 0.56796875 0.09765625 0.0984375
1 0.153125 0.453125 0.0859375 0.0859375
1 0.1390625 0.11015625 0.08515625 0.08671875
1 0.1453125 0.2140625 0.09765625 0.09765625
1 0.1390625 0.3453125 0.09765625 0.0984375
1 0.06015625 0.5203125 0.08515625 0.0859375
1 0.05078125 0.61484375 0.09765625 0.0984375
1 0.4171875 0.584375 0.09765625 0.0984375