2 0.21015625 0.09296875 0.0609375 0.06171875
2 0.68203125 0.93359375 0.0734375 0.07421875
2 0.6734375 0.8140625 0.0734375 0.0734375
2 0.3015625 0.83046875 0.0734375 0.0734375
2 0.74765625 0.88671875 0.0734375 0.07421875
1 0.940625 0.65 0.09765625 0.09765625
1 0.9390625 0.5125 0.09765625 0.0984375
1 0.9390625 0.42265625 0.109375 0.11015625
1 0.84765625 0.38203125 0.09765625 0.0984375
1 0.8515625 0.49921875 0.109375 0.11015625
1 0.85390625 0.6109375 0.08515625 0.0859375
2 0.57421875 0.4328125 0.0484375 0.0484375
1 0.74921875 0.44609375 0.08515625 0.08671875
1 0.74921875 0.5421875 0.08515625 0.0859375
1 0.7625 0.6671875 0.11015625 0.1109375
1 0.66953125 0.6890625 0.11015625 0.11015625
1 0.56953125 0.64375 0.08515625 0.0859375
1 0.66171875 0.49140625 0.08515625 0.0859375
2 0.66328125 0.59765625 0.0484375 0.0484375
1 0.86640625 0.85546875 0.08515625 0.0859375
1 0.571875 0.875 0.109375 0.1109375
2 0.4796875 0.49375 0.0484375 0.0484375
2 0.38984375 0.44921875 0.0484375 0.0484375
2 0.384375 0.55 0.0484375 0.0484375
2 0.2953125 0.503125 0.0375 0.0375
2 0.284375 0.61875 0.0359375 0.0359375
2 0.1125 0.4875 0.0359375 0.0375
1 0.11875 0.59453125 0.0859375 0.0859375
2 0.19375 0.54296875 0.02421875 0.025
1 0.4828125 0.60078125 0.09765625 0.09765625
1 0.4734375 0.7125 0.11015625 0.11015625
1 0.48359375 0.8265625 0.109375 0.11015625
1 0.4859375 0.93984375 0.11015625 0.11015625
1 0.384375 0.65390625 0.11015625 0.11015625
1 0.3890625 0.7828125 0.11015625 0.11015625
1 0.3890625 0.88125 0.09765625 0.0984375
1 0.3015625 0.73828125 0.09765625 0.09765625
1 0.21015625 0.6703125 0.09765625 0.0984375
1 0.2109375 0.77421875 0.09765625 0.09765625
1 0.20390625 0.89140625 0.09765625 0.09765625
1 0.1125 0.93359375 0.0859375 0.0859375
1 0.11015625 0.8234375 0.09765625 0.0984375
1 0.1109375 0.7078125 0.109375 0.1109375
2 0.5671875 0.540625 0.0484375 0.05
1 0.94375 0.1140625 0.11015625 0.11015625
1 0.86015625 0.07421875 0.09765625 0.09765625
1 0.76953125 0.11953125 0.09765625 0.0984375
2 0.08046875 0.096875 0.06171875 0.06171875