2 0.41640625 0.321875 0.0734375 0.0734375
2 0.1203125 0.59453125 0.0734375 0.07421875
2 0.12421875 0.24453125 0.0734375 0.0734375
2 0.3140625 0.37109375 0.0734375 0.07421875
2 0.4015625 0.5171875 0.0734375 0.0734375
2 0.2203125 0.42421875 0.0734375 0.0734375
2 0.4875 0.59921875 0.0734375 0.0734375
2 0.48515625 0.70234375 0.0734375 0.07421875
2 0.59140625 0.91015625 0.0734375 0.07421875
1 0.878125 0.7046875 0.09765625 0.09765625
1 0.88125 0.81015625 0.09765625 0.0984375
1 0.884375 0.90390625 0.09765625 0.0984375
1 0.7765625 0.8609375 0.09765625 0.0984375
1 0.7796875 0.7609375 0.109375 0.1109375
1 0.77265625 0.65390625 0.11015625 0.11015625
1 0.7765625 0.5328125 0.11015625 0.1109375
1 0.5953125 0.5328125 0.09765625 0.0984375
1 0.31171875 0.575 0.0859375 0.0859375
1 0.3 0.68828125 0.0859375 0.0859375
1 0.4109375 0.63046875 0.0859375 0.08671875
1 0.409375 0.7421875 0.08515625 0.0859375
1 0.4796875 0.79296875 0.0859375 0.0859375
1 0.403125 0.88671875 0.08515625 0.0859375
1 0.48984375 0.9421875 0.08515625 0.0859375
1 0.30625 0.821875 0.11015625 0.11015625
1 0.30390625 0.9125 0.109375 0.11015625
1 0.1203125 0.828125 0.0859375 0.0859375
1 0.1203125 0.9265625 0.0859375 0.0859375
1 0.209375 0.63671875 0.08515625 0.0859375
1 0.2078125 0.7625 0.0859375 0.0859375
1 0.20625 0.8734375 0.08515625 0.0859375
1 0.12265625 0.7078125 0.08515625 0.0859375
2 0.41640625 0.415625 0.0734375 0.0734375
2 0.31171875 0.48046875 0.0734375 0.07421875
1 0.41796875 0.11875 0.0859375 0.0859375
1 0.11875 0.4828125 0.0859375 0.0859375
1 0.12578125 0.3671875 0.0859375 0.0859375
1 0.1234375 0.13984375 0.08515625 0.0859375
1 0.215625 0.06171875 0.08515625 0.0859375
1 0.21484375 0.19296875 0.09765625 0.0984375
1 0.215625 0.30859375 0.09765625 0.09765625
1 0.31328125 0.2515625 0.109375 0.11015625
1 0.309375 0.13359375 0.09765625 0.0984375
2 0.596875 0.20625 0.0484375 0.0484375
1 0.59609375 0.3078125 0.08515625 0.0859375
1 0.5984375 0.4234375 0.0859375 0.08671875
1 0.88125 0.4875 0.09765625 0.09765625
1 0.8765625 0.35 0.09765625 0.09765625
1 0.87421875 0.25078125 0.09765625 0.0984375
1 0.87421875 0.1609375 0.09765625 0.0984375
1 0.778125 0.4265625 0.09765625 0.0984375
1 0.77890625 0.3109375 0.08515625 0.0859375
1 0.5875 0.09453125 0.11015625 0.11015625
1 0.50078125 0.1453125 0.109375 0.11015625
1 0.50078125 0.253125 0.0859375 0.0859375
1 0.4953125 0.4859375 0.0859375 0.0859375