1 0.871875 0.92421875 0.11015625 0.11015625
1 0.871875 0.8390625 0.09765625 0.0984375
1 0.87578125 0.72890625 0.09765625 0.0984375
1 0.8796875 0.61875 0.109375 0.11015625
1 0.7796875 0.5671875 0.109375 0.1109375
1 0.77890625 0.67109375 0.11015625 0.11015625
1 0.77890625 0.7875 0.11015625 0.11015625
1 0.77109375 0.89921875 0.11015625 0.11015625
1 0.684375 0.615625 0.109375 0.11015625
1 0.678125 0.7296875 0.11015625 0.11015625
1 0.68046875 0.840625 0.09765625 0.0984375
2 0.678125 0.95390625 0.0734375 0.0734375
1 0.58515625 0.65703125 0.0859375 0.0859375
1 0.5796875 0.77421875 0.09765625 0.0984375
1 0.5796875 0.8953125 0.11015625 0.11015625
1 0.484375 0.6125 0.0859375 0.0859375
1 0.48828125 0.7328125 0.09765625 0.09765625
1 0.48125 0.83125 0.09765625 0.09765625
1 0.3921875 0.6625 0.109375 0.1109375
1 0.39375 0.77265625 0.109375 0.1109375
0 0.39375 0.86796875 0.09765625 0.0984375
1 0.3 0.94296875 0.11015625 0.11015625
1 0.296875 0.8328125 0.109375 0.11015625
1 0.30078125 0.7203125 0.109375 0.11015625
1 0.290625 0.62421875 0.11015625 0.11015625
1 0.21171875 0.78046875 0.09765625 0.09765625
1 0.21484375 0.88515625 0.09765625 0.0984375
1 0.11015625 0.9359375 0.09765625 0.0984375
1 0.11328125 0.8359375 0.109375 0.1109375
1 0.10703125 0.72890625 0.11015625 0.11015625
1 0.1109375 0.60859375 0.11015625 0.1109375
1 0.875 0.521875 0.109375 0.11015625
1 0.87421875 0.396875 0.09765625 0.0984375
1 0.87421875 0.2875 0.0859375 0.0859375
1 0.875 0.1796875 0.09765625 0.09765625
1 0.7828125 0.128125 0.09765625 0.0984375
1 0.7859375 0.23515625 0.09765625 0.09765625
1 0.7859375 0.35625 0.09765625 0.09765625
1 0.78828125 0.4640625 0.09765625 0.0984375
1 0.690625 0.065625 0.09765625 0.0984375
1 0.68671875 0.1734375 0.0859375 0.0859375
1 0.69375 0.29375 0.09765625 0.09765625
1 0.690625 0.4125 0.109375 0.1109375
1 0.68671875 0.509375 0.09765625 0.09765625
1 0.5875 0.55625 0.0859375 0.0859375
1 0.59296875 0.45625 0.09765625 0.0984375
1 0.59375 0.3375 0.09765625 0.09765625
1 0.59453125 0.12578125 0.0859375 0.0859375
1 0.59453125 0.228125 0.0859375 0.0859375
1 0.49140625 0.0625 0.08515625 0.0859375
1 0.490625 0.17109375 0.109375 0.11015625
1 0.4890625 0.278125 0.08515625 0.0859375
1 0.4875 0.39765625 0.09765625 0.0984375
1 0.4921875 0.51328125 0.109375 0.11015625
1 0.4 0.56171875 0.109375 0.1109375
1 0.396875 0.45 0.11015625 0.11015625
1 0.396875 0.34140625 0.11015625 0.11015625
1 0.39609375 0.22578125 0.11015625 0.11015625
1 0.396875 0.1140625 0.11015625 0.11015625
1 0.29375 0.065625 0.09765625 0.0984375
1 0.3 0.175 0.09765625 0.0984375
1 0.29609375 0.284375 0.11015625 0.11015625
1 0.303125 0.39609375 0.109375 0.11015625
1 0.2984375 0.50859375 0.11015625 0.11015625
1 0.21484375 0.5625 0.09765625 0.09765625
1 0.2109375 0.425 0.09765625 0.09765625
1 0.2078125 0.32578125 0.09765625 0.0984375
1 0.2078125 0.2359375 0.09765625 0.0984375
1 0.2140625 0.1125 0.09765625 0.0984375
1 0.1125 0.5015625 0.09765625 0.0984375
1 0.1125 0.3859375 0.08515625 0.0859375