1 0.93125 0.0796875 0.09765625 0.09765625
1 0.93125 0.1875 0.08515625 0.0859375
1 0.93203125 0.30703125 0.11015625 0.11015625
1 0.9328125 0.4125 0.109375 0.11015625
1 0.84375 0.12421875 0.09765625 0.0984375
2 0.834375 0.24453125 0.0609375 0.06171875
1 0.8359375 0.34296875 0.109375 0.11015625
1 0.834375 0.4625 0.109375 0.11015625
1 0.74375 0.075 0.09765625 0.0984375
1 0.7484375 0.190625 0.09765625 0.0984375
1 0.740625 0.29609375 0.09765625 0.0984375
1 0.740625 0.4046875 0.09765625 0.0984375
1 0.64765625 0.13046875 0.09765625 0.0984375
2 0.64765625 0.246875 0.0734375 0.0734375
1 0.64921875 0.35078125 0.09765625 0.0984375
1 0.64765625 0.4640625 0.09765625 0.0984375
1 0.55703125 0.08046875 0.11015625 0.11015625
1 0.55 0.178125 0.09765625 0.0984375
1 0.546875 0.3078125 0.09765625 0.0984375
1 0.553125 0.41328125 0.109375 0.11015625
1 0.46171875 0.1359375 0.109375 0.11015625
1 0.46171875 0.253125 0.09765625 0.0984375
1 0.46171875 0.35390625 0.09765625 0.0984375
1 0.45625 0.46796875 0.109375 0.1109375
1 0.3671875 0.07734375 0.109375 0.11015625
1 0.36328125 0.18671875 0.109375 0.11015625
1 0.365625 0.29609375 0.109375 0.11015625
1 0.3640625 0.4078125 0.11015625 0.1109375
1 0.2671875 0.1234375 0.11015625 0.11015625
1 0.2703125 0.23515625 0.09765625 0.09765625
1 0.271875 0.3453125 0.11015625 0.1109375
1 0.271875 0.4640625 0.11015625 0.11015625
1 0.178125 0.0765625 0.11015625 0.11015625
1 0.18046875 0.19375 0.11015625 0.1109375
1 0.17109375 0.303125 0.09765625 0.09765625
1 0.18046875 0.4203125 0.109375 0.11015625
1 0.08203125 0.1296875 0.109375 0.1109375
2 0.08125 0.24921875 0.0609375 0.06171875
1 0.07734375 0.35625 0.109375 0.11015625
1 0.07890625 0.46640625 0.109375 0.11015625
1 0.0734375 0.58125 0.109375 0.11015625
1 0.078125 0.690625 0.09765625 0.0984375
1 0.0765625 0.79453125 0.11015625 0.11015625
1 0.1796875 0.5171875 0.09765625 0.0984375
1 0.17578125 0.62578125 0.09765625 0.0984375
1 0.1828125 0.740625 0.109375 0.11015625
1 0.184375 0.85234375 0.11015625 0.11015625
1 0.27265625 0.575 0.11015625 0.11015625
1 0.27421875 0.684375 0.109375 0.11015625
1 0.27265625 0.7875 0.109375 0.11015625
1 0.3703125 0.515625 0.11015625 0.1109375
1 0.365625 0.63203125 0.11015625 0.11015625
1 0.36796875 0.7359375 0.11015625 0.11015625
1 0.36171875 0.8484375 0.11015625 0.11015625
1 0.4640625 0.5734375 0.109375 0.1109375
1 0.4609375 0.68515625 0.109375 0.11015625
1 0.459375 0.79375 0.09765625 0.0984375
1 0.4609375 0.909375 0.09765625 0.0984375
1 0.55546875 0.5140625 0.11015625 0.11015625
1 0.55390625 0.6359375 0.0859375 0.0859375
1 0.55390625 0.7421875 0.09765625 0.09765625
1 0.55859375 0.853125 0.09765625 0.0984375
1 0.65 0.57265625 0.11015625 0.11015625
1 0.64921875 0.678125 0.11015625 0.1109375
1 0.64921875 0.8 0.109375 0.1109375
1 0.6453125 0.90546875 0.109375 0.11015625
1 0.74375 0.51484375 0.109375 0.11015625
1 0.74140625 0.63203125 0.11015625 0.11015625
1 0.74375 0.7390625 0.11015625 0.11015625
1 0.74453125 0.85 0.11015625 0.1109375
1 0.83203125 0.5671875 0.109375 0.11015625
1 0.83125 0.68046875 0.109375 0.11015625
1 0.8390625 0.79140625 0.109375 0.11015625
1 0.93125 0.5171875 0.09765625 0.0984375
1 0.93125 0.628125 0.109375 0.11015625
1 0.934375 0.73515625 0.09765625 0.0984375
1 0.9359375 0.846875 0.109375 0.11015625
1 0.83515625 0.903125 0.11015625 0.1109375
1 0.2765625 0.90859375 0.109375 0.11015625
1 0.0734375 0.9078125 0.11015625 0.11015625