2 0.2546875 0.1640625 0.0734375 0.07421875
1 0.9296875 0.11875 0.109375 0.11015625
1 0.83046875 0.16171875 0.11015625 0.11015625
1 0.73515625 0.11171875 0.11015625 0.11015625
1 0.63671875 0.16484375 0.09765625 0.0984375
1 0.5515625 0.10390625 0.09765625 0.0984375
1 0.4484375 0.1625 0.11015625 0.11015625
1 0.3546875 0.109375 0.09765625 0.09765625
1 0.3546875 0.2109375 0.09765625 0.09765625
1 0.16328125 0.10546875 0.08515625 0.0859375
1 0.0609375 0.05625 0.109375 0.11015625
1 0.0734375 0.2703125 0.09765625 0.0984375
1 0.0671875 0.38671875 0.11015625 0.1109375
1 0.071875 0.4890625 0.11015625 0.1109375
1 0.07421875 0.6 0.109375 0.1109375
1 0.16484375 0.22734375 0.109375 0.11015625
1 0.1625 0.33125 0.0859375 0.0859375
1 0.16171875 0.43359375 0.08515625 0.0859375
1 0.16171875 0.5421875 0.11015625 0.1109375
1 0.1671875 0.66484375 0.11015625 0.1109375
1 0.2609375 0.27265625 0.0859375 0.0859375
1 0.25859375 0.38359375 0.09765625 0.0984375
1 0.25390625 0.50546875 0.09765625 0.0984375
1 0.25703125 0.6109375 0.11015625 0.1109375
1 0.3578125 0.334375 0.09765625 0.0984375
1 0.3484375 0.44453125 0.0859375 0.0859375
1 0.35078125 0.55234375 0.09765625 0.0984375
1 0.35078125 0.66484375 0.09765625 0.09765625
1 0.45 0.27265625 0.11015625 0.11015625
1 0.45546875 0.38359375 0.11015625 0.11015625
1 0.45546875 0.49453125 0.11015625 0.11015625
1 0.45625 0.6140625 0.109375 0.11015625
1 0.5390625 0.2203125 0.109375 0.11015625
1 0.5421875 0.33359375 0.109375 0.11015625
1 0.54375 0.43671875 0.11015625 0.11015625
1 0.5453125 0.56015625 0.11015625 0.11015625
1 0.5484375 0.6671875 0.11015625 0.11015625
1 0.6390625 0.27890625 0.109375 0.11015625
1 0.64453125 0.38828125 0.109375 0.11015625
1 0.6390625 0.49765625 0.109375 0.11015625
1 0.63359375 0.6078125 0.109375 0.11015625
1 0.72890625 0.221875 0.11015625 0.1109375
1 0.73359375 0.3390625 0.09765625 0.09765625
1 0.73515625 0.4421875 0.109375 0.11015625
1 0.73828125 0.55625 0.09765625 0.0984375
1 0.7328125 0.66640625 0.109375 0.11015625
1 0.83125 0.278125 0.11015625 0.1109375
1 0.83125 0.39375 0.11015625 0.1109375
1 0.82734375 0.503125 0.11015625 0.11015625
1 0.834375 0.61875 0.11015625 0.11015625
1 0.9234375 0.225 0.109375 0.11015625
1 0.9296875 0.340625 0.109375 0.1109375
1 0.928125 0.4484375 0.11015625 0.1109375
1 0.92890625 0.5609375 0.11015625 0.1109375
1 0.925 0.6765625 0.11015625 0.11015625
1 0.92265625 0.8921875 0.11015625 0.11015625
1 0.8265625 0.83828125 0.0859375 0.08671875
1 0.7296875 0.8875 0.109375 0.11015625
1 0.63359375 0.825 0.09765625 0.0984375
1 0.63203125 0.9390625 0.08515625 0.0859375
1 0.92421875 0.78203125 0.08515625 0.0859375
1 0.82734375 0.71953125 0.109375 0.11015625
1 0.73359375 0.7765625 0.109375 0.11015625
1 0.63828125 0.71953125 0.11015625 0.11015625
1 0.546875 0.7765625 0.09765625 0.0984375
1 0.54609375 0.8859375 0.09765625 0.09765625
3 0.45 0.71875 0.0859375 0.0859375
3 0.16328125 0.7625 0.08515625 0.0859375
1 0.07109375 0.70390625 0.09765625 0.09765625
1 0.08203125 0.84375 0.109375 0.1109375
1 0.08203125 0.94765625 0.09765625 0.0984375
1 0.16484375 0.8765625 0.109375 0.1109375
1 0.25546875 0.70625 0.11015625 0.11015625
1 0.2546875 0.82890625 0.11015625 0.1109375
1 0.2546875 0.934375 0.09765625 0.09765625
1 0.35859375 0.76328125 0.09765625 0.0984375
1 0.36015625 0.88203125 0.08515625 0.0859375
1 0.4578125 0.821875 0.09765625 0.0984375