2 0.0796875 0.5734375 0.0734375 0.07421875
2 0.08125 0.659375 0.0734375 0.07421875
2 0.2828125 0.64140625 0.0734375 0.0734375
2 0.27578125 0.425 0.0734375 0.07421875
2 0.19453125 0.7546875 0.0609375 0.06171875
2 0.84609375 0.19609375 0.0734375 0.0734375
2 0.753125 0.26875 0.0734375 0.07421875
2 0.93125 0.4703125 0.06171875 0.06171875
1 0.9390625 0.1671875 0.09765625 0.09765625
1 0.84375 0.09453125 0.09765625 0.0984375
1 0.8515625 0.3234375 0.09765625 0.09765625
3 0.928125 0.5609375 0.0734375 0.0734375
1 0.9328125 0.66640625 0.09765625 0.0984375
1 0.928125 0.775 0.11015625 0.11015625
1 0.84453125 0.73515625 0.09765625 0.09765625
1 0.85 0.6578125 0.09765625 0.0984375
1 0.7484375 0.146875 0.0859375 0.0859375
1 0.759375 0.375 0.09765625 0.09765625
1 0.6609375 0.33671875 0.0859375 0.0859375
1 0.66328125 0.42890625 0.11015625 0.11015625
1 0.65625 0.54140625 0.09765625 0.0984375
2 0.74765625 0.68203125 0.0734375 0.0734375
1 0.75390625 0.78046875 0.09765625 0.0984375
3 0.56328125 0.15234375 0.0859375 0.0859375
1 0.565625 0.2578125 0.08515625 0.0859375
1 0.5671875 0.37421875 0.11015625 0.11015625
1 0.57109375 0.4828125 0.11015625 0.11015625
1 0.56953125 0.5921875 0.109375 0.11015625
1 0.56640625 0.71015625 0.09765625 0.0984375
1 0.4796875 0.0953125 0.09765625 0.0984375
1 0.46484375 0.19921875 0.09765625 0.09765625
1 0.465625 0.3265625 0.09765625 0.0984375
1 0.4609375 0.4359375 0.09765625 0.0984375
1 0.45703125 0.54140625 0.09765625 0.0984375
1 0.46796875 0.65 0.08515625 0.0859375
1 0.37265625 0.6984375 0.08515625 0.0859375
1 0.38515625 0.17578125 0.121875 0.1234375
1 0.378125 0.28125 0.08515625 0.0859375
1 0.3609375 0.3984375 0.0859375 0.0859375
1 0.3640625 0.48359375 0.08515625 0.08671875
1 0.3703125 0.5921875 0.09765625 0.09765625
1 0.28984375 0.10859375 0.11015625 0.11015625
1 0.2875 0.22109375 0.09765625 0.0984375
1 0.2890625 0.31953125 0.09765625 0.0984375
2 0.196875 0.40703125 0.0609375 0.06171875
2 0.196875 0.509375 0.0734375 0.07421875
1 0.2 0.5953125 0.08515625 0.0859375
1 0.190625 0.675 0.0859375 0.0859375
2 0.06484375 0.75859375 0.06171875 0.06171875
1 0.19140625 0.065625 0.109375 0.11015625
1 0.1984375 0.1625 0.11015625 0.11015625
1 0.19609375 0.278125 0.109375 0.11015625
1 0.0953125 0.115625 0.109375 0.11015625
1 0.0984375 0.221875 0.11015625 0.11015625
1 0.09765625 0.321875 0.109375 0.1109375
1 0.0859375 0.4640625 0.09765625 0.0984375
1 0.28046875 0.52890625 0.09765625 0.0984375