2 0.13046875 0.1265625 0.08515625 0.0859375
2 0.13515625 0.24375 0.0734375 0.0734375
2 0.225 0.06875 0.0734375 0.0734375
2 0.23125 0.2953125 0.08515625 0.0859375
2 0.22421875 0.1828125 0.06171875 0.06171875
2 0.22734375 0.4109375 0.0859375 0.0859375
1 0.1328125 0.35 0.0859375 0.0859375
1 0.13359375 0.4609375 0.09765625 0.09765625
1 0.1375 0.56953125 0.09765625 0.0984375
1 0.13125 0.678125 0.09765625 0.0984375
1 0.1296875 0.79296875 0.0859375 0.0859375
1 0.13359375 0.90234375 0.08515625 0.0859375
1 0.22734375 0.509375 0.08515625 0.0859375
1 0.22734375 0.621875 0.08515625 0.0859375
1 0.22734375 0.7359375 0.09765625 0.0984375
1 0.2296875 0.84765625 0.0859375 0.0859375