1 0.86953125 0.09609375 0.11015625 0.11015625
1 0.86640625 0.203125 0.11015625 0.1109375
1 0.86796875 0.3109375 0.09765625 0.09765625
2 0.8703125 0.41484375 0.0609375 0.06171875
1 0.76484375 0.1421875 0.109375 0.1109375
1 0.7640625 0.24296875 0.09765625 0.09765625
1 0.76640625 0.3625 0.109375 0.11015625
1 0.671875 0.09296875 0.09765625 0.09765625
1 0.66796875 0.20390625 0.109375 0.11015625
1 0.671875 0.3109375 0.109375 0.11015625
1 0.57734375 0.1359375 0.09765625 0.09765625
1 0.57578125 0.24453125 0.11015625 0.11015625
1 0.57265625 0.35390625 0.11015625 0.11015625
1 0.47890625 0.07890625 0.11015625 0.11015625
1 0.48359375 0.19453125 0.11015625 0.11015625
1 0.47734375 0.30390625 0.11015625 0.11015625
1 0.38359375 0.1359375 0.109375 0.11015625
1 0.38203125 0.246875 0.109375 0.11015625
1 0.37890625 0.35703125 0.09765625 0.0984375
1 0.28828125 0.0796875 0.109375 0.11015625
1 0.2890625 0.19296875 0.09765625 0.0984375
1 0.29375 0.29609375 0.09765625 0.0984375
1 0.19296875 0.13203125 0.11015625 0.11015625
1 0.19296875 0.2453125 0.11015625 0.11015625
1 0.190625 0.3546875 0.11015625 0.11015625
1 0.09375 0.07890625 0.09765625 0.0984375
1 0.0953125 0.1890625 0.09765625 0.0984375
1 0.096875 0.3015625 0.09765625 0.09765625
1 0.096875 0.403125 0.09765625 0.09765625
1 0.1 0.5265625 0.09765625 0.0984375
1 0.090625 0.63671875 0.0859375 0.0859375
1 0.09296875 0.74453125 0.09765625 0.0984375
1 0.09296875 0.8578125 0.09765625 0.09765625
1 0.1921875 0.465625 0.11015625 0.11015625
1 0.19765625 0.57578125 0.11015625 0.11015625
1 0.19765625 0.68671875 0.11015625 0.11015625
1 0.1984375 0.80625 0.109375 0.11015625
1 0.28125 0.4125 0.109375 0.11015625
1 0.284375 0.52578125 0.109375 0.11015625
1 0.2859375 0.6296875 0.11015625 0.11015625
1 0.2875 0.75234375 0.11015625 0.11015625
1 0.290625 0.86015625 0.11015625 0.11015625
1 0.38125 0.47109375 0.109375 0.11015625
1 0.38671875 0.58046875 0.109375 0.11015625
1 0.38125 0.68984375 0.109375 0.11015625
1 0.37578125 0.8 0.109375 0.11015625
1 0.47109375 0.4140625 0.11015625 0.1109375
1 0.47578125 0.53125 0.09765625 0.09765625
1 0.47734375 0.634375 0.109375 0.11015625
1 0.48046875 0.7484375 0.09765625 0.0984375
1 0.475 0.85859375 0.109375 0.11015625
1 0.5734375 0.4703125 0.11015625 0.1109375
1 0.5734375 0.5859375 0.11015625 0.1109375
1 0.56953125 0.69609375 0.11015625 0.11015625
1 0.5765625 0.8109375 0.11015625 0.11015625
1 0.665625 0.4171875 0.109375 0.11015625
1 0.671875 0.5328125 0.109375 0.1109375
1 0.6703125 0.640625 0.11015625 0.1109375
1 0.67109375 0.753125 0.11015625 0.1109375
1 0.6671875 0.86875 0.11015625 0.11015625
1 0.765625 0.475 0.09765625 0.0984375
1 0.76171875 0.5890625 0.109375 0.11015625
1 0.76171875 0.69453125 0.109375 0.1109375
1 0.7609375 0.80859375 0.109375 0.1109375
1 0.85859375 0.52109375 0.11015625 0.11015625
1 0.85625 0.63984375 0.11015625 0.11015625
1 0.85859375 0.75078125 0.09765625 0.09765625
1 0.8609375 0.86796875 0.109375 0.1109375
1 0.75625 0.91484375 0.109375 0.11015625
1 0.56953125 0.91171875 0.109375 0.11015625
1 0.38046875 0.91171875 0.11015625 0.11015625
3 0.1921875 0.9109375 0.0859375 0.0859375