2 0.2515625 0.38984375 0.0734375 0.07421875
1 0.90703125 0.8796875 0.09765625 0.0984375
1 0.91640625 0.78203125 0.11015625 0.11015625
1 0.91796875 0.6671875 0.09765625 0.0984375
1 0.91484375 0.5453125 0.11015625 0.11015625
1 0.915625 0.44765625 0.11015625 0.11015625
1 0.8171875 0.403125 0.0859375 0.0859375
1 0.82109375 0.5125 0.0859375 0.0859375
1 0.82265625 0.6078125 0.08515625 0.0859375
1 0.8234375 0.7234375 0.08515625 0.0859375
1 0.8265625 0.83125 0.0859375 0.0859375
1 0.83125 0.9484375 0.0859375 0.0859375
1 0.721875 0.8875 0.09765625 0.0984375
1 0.721875 0.77734375 0.0859375 0.0859375
1 0.72265625 0.6703125 0.09765625 0.09765625
1 0.7296875 0.5453125 0.109375 0.1109375
1 0.734375 0.4640625 0.09765625 0.0984375
1 0.64453125 0.4046875 0.0859375 0.0859375
1 0.62890625 0.5109375 0.09765625 0.0984375
1 0.63125 0.61875 0.09765625 0.0984375
1 0.63359375 0.72578125 0.09765625 0.09765625
1 0.63359375 0.846875 0.09765625 0.09765625
1 0.5375 0.3421875 0.09765625 0.09765625
1 0.53984375 0.4546875 0.09765625 0.09765625
1 0.53828125 0.55625 0.09765625 0.0984375
1 0.534375 0.6640625 0.0859375 0.0859375
1 0.540625 0.784375 0.09765625 0.09765625
1 0.53828125 0.90234375 0.109375 0.1109375
1 0.440625 0.946875 0.09765625 0.0984375
1 0.44140625 0.828125 0.09765625 0.09765625
1 0.4375 0.29375 0.0859375 0.0859375
1 0.4390625 0.3921875 0.08515625 0.0859375
1 0.44140625 0.50703125 0.0859375 0.0859375
1 0.4421875 0.61640625 0.0859375 0.0859375
1 0.4421875 0.71875 0.0859375 0.0859375
1 0.34296875 0.33515625 0.08515625 0.0859375
1 0.3390625 0.4375 0.08515625 0.0859375
1 0.3390625 0.553125 0.08515625 0.0859375
1 0.3375 0.66171875 0.109375 0.11015625
1 0.33671875 0.76875 0.08515625 0.0859375
1 0.33515625 0.88828125 0.09765625 0.0984375
1 0.24453125 0.93984375 0.11015625 0.11015625
1 0.24453125 0.83125 0.11015625 0.11015625
1 0.24375 0.71640625 0.11015625 0.11015625
1 0.24453125 0.60390625 0.11015625 0.11015625
1 0.24609375 0.4921875 0.09765625 0.09765625
1 0.15703125 0.42890625 0.0859375 0.0859375
1 0.14140625 0.55625 0.09765625 0.0984375
1 0.14765625 0.665625 0.09765625 0.0984375
1 0.14375 0.775 0.11015625 0.11015625
1 0.15 0.8859375 0.109375 0.11015625
1 0.05859375 0.91484375 0.09765625 0.09765625
1 0.05546875 0.815625 0.09765625 0.0984375
1 0.05546875 0.72578125 0.09765625 0.0984375
1 0.06171875 0.603125 0.09765625 0.0984375
1 0.9125 0.221875 0.09765625 0.09765625
1 0.91484375 0.3265625 0.0859375 0.0859375
1 0.8234375 0.28125 0.08515625 0.0859375
1 0.82109375 0.1609375 0.08515625 0.0859375
1 0.73046875 0.11328125 0.09765625 0.09765625
1 0.73046875 0.2234375 0.09765625 0.09765625
1 0.7296875 0.3359375 0.09765625 0.09765625
1 0.63671875 0.2828125 0.09765625 0.0984375
1 0.640625 0.1703125 0.09765625 0.09765625
1 0.63515625 0.06328125 0.08515625 0.0859375
1 0.53828125 0.1078125 0.09765625 0.09765625
1 0.53125 0.225 0.09765625 0.0984375
1 0.4390625 0.196875 0.08515625 0.0859375
1 0.2453125 0.05703125 0.11015625 0.11015625
1 0.15 0.1109375 0.09765625 0.0984375
1 0.071875 0.1515625 0.08515625 0.0859375