2 0.09453125 0.475 0.0734375 0.07421875
1 0.190625 0.08515625 0.08515625 0.0859375
1 0.2828125 0.14140625 0.0859375 0.0859375
1 0.0984375 0.15546875 0.08515625 0.0859375
1 0.284375 0.24921875 0.0859375 0.0859375
1 0.28046875 0.3578125 0.09765625 0.09765625
1 0.28359375 0.48046875 0.08515625 0.0859375
1 0.284375 0.575 0.08515625 0.0859375
1 0.28359375 0.6984375 0.08515625 0.0859375
1 0.18828125 0.19375 0.08515625 0.0859375
1 0.1875 0.3109375 0.09765625 0.09765625
1 0.1890625 0.421875 0.09765625 0.09765625
1 0.19375 0.5296875 0.0859375 0.0859375
1 0.1875 0.63671875 0.0859375 0.0859375
3 0.09453125 0.25 0.08515625 0.0859375
1 0.09453125 0.3609375 0.09765625 0.09765625
1 0.1 0.5828125 0.09765625 0.0984375
1 0.09765625 0.70078125 0.09765625 0.0984375
1 0.0953125 0.80234375 0.09765625 0.0984375
3 0.1875 0.7453125 0.0859375 0.0859375
1 0.1921875 0.8546875 0.09765625 0.0984375
1 0.28984375 0.80625 0.0859375 0.0859375