1 0.3203125 0.1359375 0.09765625 0.0984375
1 0.4140625 0.19296875 0.109375 0.11015625
1 0.13125 0.1375 0.11015625 0.1109375
1 0.13359375 0.2203125 0.0734375 0.07421875
1 0.1234375 0.36015625 0.09765625 0.09765625
1 0.22265625 0.1875 0.09765625 0.09765625
1 0.21953125 0.296875 0.09765625 0.09765625
1 0.32109375 0.24921875 0.109375 0.11015625
1 0.31875 0.353125 0.11015625 0.1109375
1 0.4125 0.2984375 0.09765625 0.0984375
1 0.4140625 0.409375 0.09765625 0.09765625
1 0.41328125 0.52421875 0.0859375 0.0859375
2 0.41328125 0.6296875 0.06171875 0.06171875
1 0.4140625 0.74375 0.09765625 0.0984375
3 0.4125 0.85 0.11015625 0.11015625
1 0.50625 0.6828125 0.0859375 0.0859375
1 0.52109375 0.8 0.08515625 0.0859375
1 0.3171875 0.46796875 0.09765625 0.09765625
1 0.3171875 0.575 0.08515625 0.0859375
1 0.31796875 0.69453125 0.11015625 0.11015625
1 0.31875 0.8 0.109375 0.11015625
1 0.21953125 0.39140625 0.11015625 0.1109375
1 0.2296875 0.5125 0.09765625 0.0984375
2 0.21953125 0.63203125 0.0609375 0.06171875
1 0.221875 0.73125 0.109375 0.11015625
1 0.21953125 0.85 0.109375 0.11015625
1 0.1296875 0.4625 0.09765625 0.0984375
1 0.13359375 0.57890625 0.09765625 0.0984375
1 0.12578125 0.684375 0.09765625 0.0984375
1 0.12578125 0.7921875 0.09765625 0.0984375
1 0.1296875 0.903125 0.109375 0.11015625
1 0.3171875 0.9046875 0.09765625 0.0984375
1 0.51640625 0.90703125 0.0859375 0.0859375
1 0.60234375 0.7421875 0.09765625 0.09765625
1 0.615625 0.85 0.09765625 0.09765625
1 0.7078125 0.79609375 0.11015625 0.1109375
1 0.71171875 0.90546875 0.11015625 0.1109375
1 0.7015625 0.6859375 0.08515625 0.0859375
1 0.8015625 0.74296875 0.09765625 0.0984375
1 0.8015625 0.8484375 0.09765625 0.09765625
1 0.89765625 0.69453125 0.109375 0.11015625
1 0.9 0.8 0.09765625 0.0984375
1 0.90234375 0.90390625 0.09765625 0.0984375