2 0.13046875 0.39375 0.0734375 0.07421875
1 0.8796875 0.49296875 0.0859375 0.0859375
1 0.86875 0.59765625 0.0859375 0.0859375
1 0.8734375 0.72265625 0.0859375 0.0859375
1 0.86640625 0.821875 0.0859375 0.0859375
1 0.87265625 0.95390625 0.08515625 0.0859375
1 0.78046875 0.44375 0.09765625 0.0984375
1 0.784375 0.559375 0.0859375 0.0859375
1 0.78203125 0.6671875 0.09765625 0.0984375
1 0.7796875 0.7765625 0.08515625 0.0859375
1 0.778125 0.89375 0.09765625 0.0984375
1 0.6890625 0.50859375 0.09765625 0.09765625
1 0.690625 0.6109375 0.09765625 0.09765625
1 0.690625 0.721875 0.08515625 0.0859375
1 0.690625 0.8390625 0.09765625 0.0984375
1 0.68671875 0.95234375 0.0859375 0.0859375
1 0.603125 0.459375 0.11015625 0.11015625
1 0.596875 0.5734375 0.09765625 0.0984375
1 0.59296875 0.6828125 0.09765625 0.0984375
1 0.59296875 0.79609375 0.09765625 0.0984375
1 0.59453125 0.909375 0.09765625 0.09765625
1 0.4984375 0.42265625 0.08515625 0.0859375
1 0.4953125 0.5296875 0.08515625 0.0859375
1 0.4984375 0.62578125 0.08515625 0.0859375
1 0.4953125 0.740625 0.08515625 0.0859375
1 0.4984375 0.8546875 0.09765625 0.09765625
1 0.40703125 0.909375 0.09765625 0.09765625
1 0.41328125 0.79375 0.109375 0.11015625
1 0.4125 0.68828125 0.09765625 0.0984375
3 0.4078125 0.5796875 0.08515625 0.0859375
1 0.40703125 0.46796875 0.08515625 0.0859375
1 0.3125 0.409375 0.0859375 0.0859375
1 0.31328125 0.52265625 0.0859375 0.0859375
1 0.30859375 0.63203125 0.09765625 0.09765625
1 0.31875 0.74921875 0.109375 0.1109375
1 0.31328125 0.8453125 0.09765625 0.0984375
1 0.2140625 0.90390625 0.109375 0.11015625
1 0.2140625 0.79140625 0.109375 0.11015625
1 0.21796875 0.68125 0.109375 0.11015625
1 0.221875 0.57734375 0.109375 0.1109375
1 0.22734375 0.4546875 0.09765625 0.0984375
1 0.1328125 0.50703125 0.0859375 0.0859375
1 0.12890625 0.73203125 0.09765625 0.0984375
1 0.125 0.61484375 0.0859375 0.08671875
1 0.121875 0.94609375 0.0859375 0.0859375
1 0.12421875 0.846875 0.08515625 0.0859375
1 0.1265625 0.0796875 0.08515625 0.0859375
1 0.12578125 0.18671875 0.08515625 0.0859375
1 0.12265625 0.2921875 0.08515625 0.0859375
1 0.2125 0.13984375 0.09765625 0.0984375
1 0.22734375 0.2625 0.09765625 0.0984375
1 0.221875 0.35859375 0.11015625 0.1109375
1 0.31171875 0.0875 0.0859375 0.0859375
1 0.31015625 0.1921875 0.08515625 0.0859375
1 0.31640625 0.2984375 0.09765625 0.09765625
1 0.40703125 0.3546875 0.09765625 0.0984375
1 0.40546875 0.24921875 0.08515625 0.0859375
1 0.4109375 0.13125 0.0859375 0.0859375
1 0.50390625 0.08203125 0.0859375 0.0859375
1 0.5046875 0.1921875 0.09765625 0.0984375
1 0.503125 0.29375 0.09765625 0.0984375
1 0.603125 0.13203125 0.09765625 0.0984375
1 0.596875 0.24453125 0.09765625 0.0984375
1 0.60078125 0.35078125 0.09765625 0.0984375
1 0.6921875 0.39296875 0.09765625 0.0984375
1 0.69921875 0.28203125 0.09765625 0.09765625
1 0.69140625 0.17421875 0.09765625 0.0984375
1 0.69453125 0.06328125 0.09765625 0.09765625
1 0.78203125 0.11953125 0.09765625 0.0984375
1 0.7859375 0.225 0.08515625 0.0859375
1 0.78515625 0.3265625 0.09765625 0.0984375
1 0.88125 0.37734375 0.11015625 0.11015625
1 0.8796875 0.26875 0.109375 0.11015625
1 0.875 0.16171875 0.109375 0.11015625
1 0.88125 0.06015625 0.11015625 0.11015625