2 0.29609375 0.68359375 0.0734375 0.07421875
1 0.1109375 0.47578125 0.08515625 0.0859375
1 0.1140625 0.59375 0.0859375 0.0859375
1 0.1109375 0.67421875 0.09765625 0.0984375
1 0.10625 0.8 0.0859375 0.0859375
1 0.11015625 0.8984375 0.0859375 0.0859375
1 0.2046875 0.40625 0.0859375 0.0859375
1 0.2046875 0.53046875 0.0859375 0.0859375
1 0.20234375 0.6578125 0.0859375 0.08671875
1 0.20234375 0.7609375 0.0859375 0.0859375
1 0.2046875 0.871875 0.08515625 0.0859375
1 0.30390625 0.91328125 0.08515625 0.0859375
1 0.2921875 0.79296875 0.08515625 0.0859375
1 0.28984375 0.471875 0.09765625 0.09765625
1 0.296875 0.5734375 0.09765625 0.09765625
1 0.39765625 0.48125 0.09765625 0.0984375
1 0.4046875 0.62578125 0.09765625 0.0984375
1 0.39375 0.740625 0.0859375 0.0859375
1 0.3890625 0.8546875 0.08515625 0.0859375
1 0.48125 0.4734375 0.0859375 0.0859375
1 0.48515625 0.5796875 0.09765625 0.09765625
1 0.4828125 0.6890625 0.0859375 0.0859375
1 0.478125 0.7984375 0.0859375 0.0859375
1 0.47578125 0.91484375 0.09765625 0.0984375
1 0.57734375 0.53046875 0.0859375 0.0859375
1 0.57734375 0.634375 0.0859375 0.0859375
1 0.578125 0.75546875 0.09765625 0.0984375
1 0.57421875 0.8625 0.0859375 0.0859375
1 0.6734375 0.90546875 0.0859375 0.0859375
1 0.6671875 0.8015625 0.08515625 0.08671875
1 0.67109375 0.690625 0.09765625 0.0984375
1 0.67265625 0.575 0.09765625 0.0984375
1 0.66875 0.46796875 0.09765625 0.0984375
1 0.765625 0.521875 0.109375 0.11015625
1 0.765625 0.62578125 0.09765625 0.0984375
1 0.76875 0.73359375 0.09765625 0.0984375
1 0.76640625 0.85625 0.0859375 0.0859375
1 0.86015625 0.46328125 0.09765625 0.0984375
1 0.865625 0.57890625 0.09765625 0.09765625
1 0.85859375 0.68125 0.08515625 0.0859375
1 0.85625 0.790625 0.09765625 0.09765625
1 0.86640625 0.90703125 0.09765625 0.0984375
1 0.9546875 0.29375 0.0859375 0.0859375
1 0.86640625 0.1375 0.09765625 0.09765625
1 0.86015625 0.23359375 0.09765625 0.0984375
1 0.85859375 0.35703125 0.09765625 0.0984375
1 0.771875 0.41328125 0.109375 0.11015625
1 0.76484375 0.3 0.11015625 0.11015625
1 0.778125 0.18671875 0.11015625 0.11015625
1 0.76875 0.07578125 0.11015625 0.11015625
1 0.6828125 0.1421875 0.09765625 0.0984375
1 0.66796875 0.253125 0.109375 0.11015625
1 0.6703125 0.359375 0.0859375 0.0859375
1 0.56953125 0.421875 0.08515625 0.0859375
1 0.57734375 0.30625 0.09765625 0.0984375
1 0.5828125 0.19765625 0.09765625 0.0984375
1 0.57890625 0.0890625 0.0859375 0.0859375
1 0.48515625 0.13828125 0.09765625 0.0984375
1 0.4828125 0.25703125 0.09765625 0.0984375
1 0.4828125 0.35546875 0.08515625 0.0859375
1 0.3890625 0.3859375 0.09765625 0.09765625
1 0.3890625 0.28671875 0.109375 0.11015625
1 0.3921875 0.19609375 0.11015625 0.11015625
1 0.38671875 0.0875 0.09765625 0.0984375
1 0.29609375 0.13046875 0.09765625 0.0984375
1 0.30078125 0.2265625 0.09765625 0.09765625
1 0.28984375 0.36015625 0.0859375 0.0859375
1 0.20234375 0.3 0.09765625 0.09765625
1 0.209375 0.19453125 0.09765625 0.09765625
1 0.209375 0.08828125 0.09765625 0.0984375
1 0.11796875 0.140625 0.11015625 0.1109375
1 0.11171875 0.253125 0.08515625 0.0859375
1 0.1125 0.35859375 0.08515625 0.0859375