2 0.88046875 0.240625 0.0734375 0.0734375
2 0.78671875 0.30390625 0.08515625 0.0859375
2 0.88203125 0.3359375 0.0734375 0.07421875
2 0.60625 0.85859375 0.0734375 0.0734375
2 0.8875 0.45234375 0.0734375 0.07421875
2 0.6046875 0.75703125 0.0734375 0.0734375
1 0.12421875 0.14375 0.09765625 0.0984375
1 0.11953125 0.253125 0.11015625 0.11015625
1 0.11171875 0.3578125 0.121875 0.1234375
1 0.1203125 0.4796875 0.11015625 0.11015625
1 0.121875 0.5828125 0.121875 0.1234375
2 0.2140625 0.1109375 0.0484375 0.0484375
1 0.2109375 0.196875 0.09765625 0.0984375
1 0.21015625 0.31171875 0.121875 0.121875
1 0.2140625 0.41796875 0.121875 0.1234375
1 0.21328125 0.534375 0.11015625 0.11015625
1 0.209375 0.6375 0.121875 0.1234375
1 0.29921875 0.14375 0.0734375 0.0734375
1 0.30390625 0.25625 0.109375 0.11015625
1 0.3046875 0.365625 0.109375 0.11015625
1 0.3046875 0.4734375 0.0859375 0.0859375
1 0.31015625 0.5875 0.11015625 0.11015625
1 0.409375 0.19609375 0.121875 0.1234375
1 0.39765625 0.3046875 0.121875 0.1234375
1 0.40546875 0.425 0.09765625 0.0984375
1 0.40625 0.52421875 0.09765625 0.0984375
1 0.403125 0.64375 0.121875 0.1234375
1 0.503125 0.14140625 0.0734375 0.07421875
1 0.50859375 0.25390625 0.09765625 0.09765625
1 0.51484375 0.3671875 0.121875 0.1234375
1 0.5109375 0.4796875 0.09765625 0.0984375
1 0.49921875 0.5828125 0.09765625 0.0984375
1 0.60390625 0.196875 0.121875 0.1234375
1 0.6 0.3171875 0.121875 0.1234375
1 0.60234375 0.42578125 0.08515625 0.0859375
1 0.6 0.54609375 0.09765625 0.0984375
1 0.69453125 0.1484375 0.09765625 0.09765625
1 0.6984375 0.26171875 0.09765625 0.09765625
1 0.6984375 0.36640625 0.09765625 0.09765625
1 0.7 0.48046875 0.09765625 0.09765625
1 0.7 0.58671875 0.121875 0.1234375
1 0.5984375 0.65703125 0.0734375 0.0734375
1 0.7 0.696875 0.121875 0.1234375
2 0.784375 0.2 0.0734375 0.07421875
1 0.7921875 0.421875 0.0859375 0.0859375
1 0.7890625 0.53515625 0.09765625 0.09765625
1 0.78984375 0.6453125 0.121875 0.1234375
2 0.87890625 0.14296875 0.0609375 0.06171875
1 0.88125 0.58515625 0.09765625 0.09765625
2 0.9671875 0.175 0.0609375 0.06171875
1 0.8875 0.7 0.0859375 0.0859375
1 0.88203125 0.80859375 0.109375 0.1109375
1 0.88203125 0.9125 0.0859375 0.0859375
1 0.790625 0.74921875 0.09765625 0.09765625
1 0.7859375 0.8609375 0.09765625 0.0984375
1 0.69609375 0.80546875 0.11015625 0.11015625
1 0.69453125 0.9171875 0.09765625 0.0984375
1 0.4953125 0.696875 0.09765625 0.0984375
1 0.496875 0.80625 0.09765625 0.0984375
1 0.5046875 0.915625 0.09765625 0.0984375
1 0.4 0.75859375 0.11015625 0.11015625
1 0.40234375 0.86171875 0.09765625 0.0984375
1 0.2984375 0.69296875 0.11015625 0.11015625
1 0.30625 0.80390625 0.09765625 0.0984375
1 0.3046875 0.9125 0.09765625 0.0984375
1 0.21015625 0.74921875 0.09765625 0.0984375
1 0.21171875 0.85546875 0.09765625 0.09765625
1 0.11796875 0.69453125 0.121875 0.1234375
1 0.1171875 0.80546875 0.09765625 0.09765625
1 0.1171875 0.91328125 0.09765625 0.09765625