2 0.309375 0.153125 0.0734375 0.07421875
2 0.20625 0.196875 0.0734375 0.0734375
1 0.89921875 0.05390625 0.08515625 0.08671875
1 0.71015625 0.05 0.09765625 0.0984375
1 0.51640625 0.0515625 0.08515625 0.0859375
1 0.4234375 0.10546875 0.09765625 0.09765625
1 0.6140625 0.10546875 0.08515625 0.0859375
1 0.3015625 0.05390625 0.09765625 0.09765625
1 0.20234375 0.07734375 0.09765625 0.0984375
2 0.03046875 0.09296875 0.0484375 0.05
1 0.13359375 0.159375 0.09765625 0.0984375
1 0.13203125 0.2671875 0.11015625 0.11015625
1 0.13203125 0.38828125 0.109375 0.11015625
1 0.1328125 0.49296875 0.09765625 0.0984375
1 0.12890625 0.60078125 0.109375 0.11015625
1 0.21953125 0.34140625 0.09765625 0.0984375
1 0.21796875 0.4359375 0.09765625 0.0984375
1 0.23046875 0.55390625 0.109375 0.11015625
1 0.3078125 0.28203125 0.09765625 0.0984375
1 0.3140625 0.38125 0.08515625 0.0859375
1 0.3109375 0.49140625 0.08515625 0.08671875
1 0.3140625 0.5921875 0.09765625 0.0984375
1 0.42890625 0.2109375 0.09765625 0.09765625
1 0.42109375 0.321875 0.09765625 0.0984375
1 0.425 0.42890625 0.109375 0.11015625
1 0.425 0.54765625 0.11015625 0.11015625
1 0.4203125 0.66328125 0.11015625 0.11015625
1 0.51875 0.16015625 0.09765625 0.09765625
1 0.5171875 0.2734375 0.11015625 0.1109375
1 0.515625 0.37734375 0.109375 0.11015625
1 0.515625 0.4890625 0.09765625 0.0984375
1 0.5125 0.603125 0.109375 0.11015625
1 0.61484375 0.2203125 0.11015625 0.1109375
1 0.61015625 0.3296875 0.09765625 0.09765625
1 0.61015625 0.44140625 0.09765625 0.09765625
1 0.60859375 0.5484375 0.08515625 0.0859375
1 0.609375 0.6625 0.0859375 0.0859375
1 0.70625 0.16484375 0.0859375 0.0859375
1 0.7046875 0.27734375 0.09765625 0.09765625
1 0.709375 0.38671875 0.11015625 0.1109375
1 0.7015625 0.496875 0.11015625 0.1109375
1 0.7078125 0.603125 0.11015625 0.11015625
1 0.79921875 0.10859375 0.08515625 0.0859375
2 0.8015625 0.21796875 0.0859375 0.0859375
1 0.7984375 0.32890625 0.0859375 0.0859375
1 0.8046875 0.43046875 0.109375 0.1109375
1 0.8015625 0.53984375 0.109375 0.1109375
1 0.79765625 0.66328125 0.11015625 0.11015625
1 0.89375 0.16484375 0.11015625 0.11015625
1 0.8953125 0.278125 0.11015625 0.11015625
1 0.903125 0.38125 0.109375 0.11015625
1 0.89765625 0.49140625 0.109375 0.11015625
1 0.896875 0.60625 0.109375 0.1109375
1 0.89375 0.715625 0.109375 0.1109375
1 0.896875 0.82578125 0.109375 0.11015625
1 0.88828125 0.934375 0.11015625 0.11015625
1 0.79921875 0.771875 0.11015625 0.11015625
2 0.7953125 0.871875 0.06171875 0.06171875
2 0.70546875 0.72109375 0.06171875 0.06171875
2 0.70078125 0.8296875 0.06171875 0.06171875
1 0.70234375 0.93984375 0.109375 0.11015625
1 0.6125 0.77109375 0.109375 0.11015625
1 0.60625 0.896875 0.0859375 0.0859375
1 0.51484375 0.71328125 0.109375 0.11015625
1 0.5109375 0.82578125 0.11015625 0.11015625
1 0.51484375 0.9359375 0.11015625 0.11015625
1 0.41875 0.76484375 0.11015625 0.11015625
1 0.4203125 0.88203125 0.11015625 0.11015625
1 0.3203125 0.6984375 0.09765625 0.0984375
1 0.32890625 0.81796875 0.109375 0.11015625
1 0.328125 0.93125 0.109375 0.1109375
1 0.22734375 0.65546875 0.109375 0.11015625
1 0.22578125 0.75625 0.09765625 0.09765625
1 0.2265625 0.8828125 0.09765625 0.09765625
1 0.12890625 0.721875 0.109375 0.1109375
1 0.1234375 0.82890625 0.08515625 0.0859375
1 0.128125 0.925 0.09765625 0.09765625