2 0.83671875 0.19375 0.0734375 0.07421875
2 0.9421875 0.49765625 0.0734375 0.0734375
2 0.64609375 0.7703125 0.0734375 0.07421875
2 0.65 0.4203125 0.0734375 0.0734375
2 0.8390625 0.546875 0.0734375 0.07421875
2 0.92734375 0.69296875 0.0734375 0.0734375
2 0.7453125 0.6 0.0734375 0.0734375
1 0.83671875 0.75078125 0.0859375 0.0859375
1 0.825 0.8640625 0.0859375 0.0859375
1 0.93671875 0.80625 0.0859375 0.08671875
1 0.93515625 0.91796875 0.08515625 0.0859375
1 0.54609375 0.71015625 0.09765625 0.0984375
1 0.54375 0.8265625 0.11015625 0.11015625
1 0.4453125 0.8734375 0.09765625 0.0984375
1 0.4546875 0.76484375 0.11015625 0.11015625
1 0.35625 0.8078125 0.109375 0.11015625
1 0.26875 0.75625 0.0859375 0.0859375
1 0.2578125 0.86015625 0.0859375 0.0859375
1 0.35625 0.9203125 0.08515625 0.0859375
1 0.5484375 0.9375 0.0859375 0.0859375
1 0.73515625 0.8125 0.08515625 0.0859375
1 0.73359375 0.93828125 0.0859375 0.0859375
1 0.64765625 0.88359375 0.08515625 0.0859375
1 0.16875 0.70625 0.09765625 0.0984375
1 0.17265625 0.821875 0.0859375 0.0859375
1 0.17109375 0.93046875 0.09765625 0.0984375
1 0.078125 0.771875 0.09765625 0.09765625
1 0.07890625 0.87421875 0.09765625 0.09765625
2 0.9421875 0.59140625 0.0734375 0.0734375
2 0.8375 0.65625 0.0734375 0.07421875
1 0.94375 0.2953125 0.0859375 0.0859375
2 0.653125 0.08125 0.0734375 0.07421875
1 0.08125 0.65546875 0.09765625 0.0984375
1 0.0875 0.5453125 0.09765625 0.09765625
1 0.0796875 0.43671875 0.09765625 0.0984375
1 0.0828125 0.3265625 0.09765625 0.09765625
1 0.08203125 0.21328125 0.09765625 0.0984375
1 0.08984375 0.10234375 0.09765625 0.09765625
1 0.17578125 0.1515625 0.09765625 0.0984375
1 0.175 0.26640625 0.09765625 0.09765625
1 0.17109375 0.38203125 0.09765625 0.0984375
1 0.17421875 0.4875 0.08515625 0.0859375
1 0.1734375 0.5890625 0.09765625 0.0984375
1 0.2703125 0.63984375 0.11015625 0.11015625
1 0.26875 0.53203125 0.109375 0.11015625
1 0.2640625 0.42421875 0.109375 0.11015625
1 0.2703125 0.32265625 0.11015625 0.11015625
1 0.26875 0.209375 0.11015625 0.11015625
1 0.26640625 0.0953125 0.109375 0.11015625
1 0.3671875 0.1484375 0.109375 0.1109375
1 0.359375 0.26015625 0.109375 0.11015625
1 0.36171875 0.365625 0.08515625 0.0859375
1 0.3640625 0.4546875 0.0859375 0.0859375
1 0.359375 0.58828125 0.09765625 0.0984375
1 0.46015625 0.653125 0.109375 0.1109375
1 0.36015625 0.7 0.0859375 0.0859375
1 0.45625 0.528125 0.0859375 0.0859375
1 0.45625 0.4359375 0.09765625 0.0984375
1 0.4546875 0.31484375 0.09765625 0.0984375
1 0.46015625 0.2109375 0.08515625 0.0859375
1 0.4546875 0.084375 0.109375 0.11015625
1 0.553125 0.0453125 0.08515625 0.0859375
1 0.5515625 0.14453125 0.09765625 0.09765625
1 0.5546875 0.2796875 0.09765625 0.0984375
1 0.553125 0.36875 0.09765625 0.0984375
1 0.54375 0.4859375 0.109375 0.11015625
1 0.5453125 0.596875 0.109375 0.11015625
1 0.64453125 0.6578125 0.0859375 0.0859375
1 0.6515625 0.54296875 0.0859375 0.0859375
1 0.64921875 0.315625 0.08515625 0.0859375
1 0.64375 0.18046875 0.09765625 0.0984375
1 0.740625 0.2375 0.08515625 0.0859375
1 0.740625 0.36875 0.09765625 0.0984375
1 0.74140625 0.484375 0.09765625 0.09765625
1 0.8390625 0.42734375 0.109375 0.11015625
1 0.83515625 0.309375 0.09765625 0.0984375
1 0.93203125 0.184375 0.11015625 0.11015625