2 0.31484375 0.06171875 0.0734375 0.0734375
2 0.5046875 0.3109375 0.0734375 0.07421875
1 0.3140625 0.1921875 0.0859375 0.08671875
1 0.1140625 0.7609375 0.09765625 0.0984375
1 0.11796875 0.6390625 0.08515625 0.08671875
1 0.1203125 0.5359375 0.0859375 0.0859375
1 0.12421875 0.41484375 0.0859375 0.0859375
1 0.1234375 0.30390625 0.09765625 0.09765625
1 0.1203125 0.196875 0.09765625 0.0984375
1 0.12109375 0.09140625 0.09765625 0.0984375
1 0.2171875 0.13984375 0.08515625 0.0859375
1 0.215625 0.253125 0.09765625 0.09765625
1 0.2109375 0.3609375 0.0859375 0.0859375
1 0.21875 0.46484375 0.09765625 0.09765625
1 0.2171875 0.578125 0.09765625 0.09765625
1 0.21796875 0.68671875 0.08515625 0.0859375
1 0.2046875 0.8109375 0.09765625 0.0984375
1 0.1140625 0.85625 0.09765625 0.09765625
1 0.3125 0.86171875 0.109375 0.11015625
1 0.31875 0.73828125 0.11015625 0.1109375
1 0.3125 0.6328125 0.09765625 0.09765625
1 0.31953125 0.52265625 0.09765625 0.09765625
1 0.31875 0.4171875 0.09765625 0.09765625
1 0.315625 0.30234375 0.09765625 0.0984375
1 0.4109375 0.121875 0.109375 0.11015625
1 0.40859375 0.2515625 0.11015625 0.11015625
1 0.40859375 0.36640625 0.11015625 0.1109375
1 0.4109375 0.47734375 0.09765625 0.0984375
1 0.41328125 0.58359375 0.09765625 0.0984375
1 0.41328125 0.68125 0.11015625 0.11015625
1 0.4109375 0.78515625 0.11015625 0.1109375
1 0.50859375 0.74140625 0.09765625 0.09765625
1 0.4984375 0.6359375 0.08515625 0.0859375
1 0.50859375 0.5203125 0.09765625 0.0984375
1 0.515625 0.08125 0.09765625 0.0984375
1 0.509375 0.196875 0.08515625 0.0859375
1 0.5078125 0.4171875 0.09765625 0.09765625
1 0.6015625 0.0984375 0.09765625 0.09765625
1 0.60390625 0.1984375 0.08515625 0.08671875
1 0.60625 0.3453125 0.09765625 0.09765625
1 0.6 0.459375 0.09765625 0.09765625
1 0.5953125 0.5640625 0.09765625 0.0984375
1 0.6 0.675 0.09765625 0.09765625
1 0.596875 0.7765625 0.0859375 0.0859375
1 0.50078125 0.859375 0.09765625 0.09765625
1 0.69375 0.82890625 0.09765625 0.0984375
1 0.68828125 0.6265625 0.09765625 0.0984375
1 0.69140625 0.5046875 0.09765625 0.0984375
1 0.69921875 0.39921875 0.09765625 0.0984375
1 0.69375 0.25234375 0.09765625 0.0984375
1 0.68046875 0.096875 0.09765625 0.0984375
1 0.78828125 0.1296875 0.11015625 0.1109375
1 0.78984375 0.23359375 0.109375 0.11015625
1 0.784375 0.34453125 0.11015625 0.11015625
1 0.78203125 0.44453125 0.09765625 0.0984375
1 0.7859375 0.5375 0.11015625 0.1109375
1 0.78984375 0.6703125 0.11015625 0.1109375
1 0.7828125 0.77890625 0.11015625 0.11015625
1 0.88125 0.8296875 0.09765625 0.09765625
1 0.884375 0.71953125 0.09765625 0.0984375
1 0.884375 0.6046875 0.09765625 0.0984375
1 0.8796875 0.496875 0.109375 0.11015625
1 0.88046875 0.3890625 0.11015625 0.11015625
1 0.8828125 0.26796875 0.09765625 0.0984375
1 0.884375 0.1703125 0.08515625 0.08671875
1 0.884375 0.06015625 0.11015625 0.11015625
1 0.8765625 0.93515625 0.09765625 0.0984375
1 0.7859375 0.88359375 0.11015625 0.11015625
1 0.6953125 0.9359375 0.09765625 0.09765625
1 0.59296875 0.8921875 0.09765625 0.09765625
1 0.40703125 0.9015625 0.11015625 0.11015625
1 0.2171875 0.91484375 0.0859375 0.0859375