2 0.9109375 0.81875 0.0734375 0.0734375
1 0.72109375 0.925 0.11015625 0.11015625
1 0.6265625 0.8765625 0.109375 0.1109375
1 0.53125 0.93125 0.09765625 0.09765625
1 0.53046875 0.82109375 0.09765625 0.0984375
1 0.91015625 0.93203125 0.109375 0.11015625
1 0.81875 0.88203125 0.109375 0.11015625
1 0.4359375 0.87734375 0.09765625 0.0984375
3 0.3421875 0.9203125 0.11015625 0.11015625
1 0.34609375 0.809375 0.11015625 0.1109375
1 0.246875 0.871875 0.11015625 0.1109375
1 0.1546875 0.92109375 0.11015625 0.11015625
1 0.15234375 0.825 0.109375 0.11015625
1 0.0609375 0.8609375 0.109375 0.1109375
1 0.9203125 0.5734375 0.109375 0.1109375
1 0.9203125 0.4953125 0.09765625 0.09765625
1 0.9140625 0.4109375 0.109375 0.11015625
1 0.91328125 0.2859375 0.09765625 0.0984375
1 0.91484375 0.15703125 0.09765625 0.0984375
1 0.915625 0.05 0.08515625 0.0859375
1 0.821875 0.11875 0.09765625 0.09765625
1 0.81953125 0.221875 0.08515625 0.0859375
1 0.81875 0.33125 0.0859375 0.0859375
1 0.81171875 0.45234375 0.0859375 0.0859375
1 0.815625 0.5421875 0.0859375 0.0859375
1 0.8265625 0.6328125 0.09765625 0.09765625
1 0.72578125 0.0609375 0.0859375 0.0859375
1 0.7265625 0.17109375 0.0859375 0.0859375
1 0.73046875 0.2859375 0.09765625 0.0984375
1 0.7265625 0.4015625 0.09765625 0.09765625
1 0.7265625 0.490625 0.09765625 0.0984375
1 0.725 0.5765625 0.11015625 0.11015625
1 0.6359375 0.540625 0.09765625 0.0984375
1 0.628125 0.44140625 0.11015625 0.1109375
1 0.63125 0.33671875 0.109375 0.11015625
1 0.63125 0.228125 0.09765625 0.0984375
1 0.63984375 0.13125 0.08515625 0.0859375
1 0.5390625 0.059375 0.09765625 0.0984375
1 0.53984375 0.16171875 0.11015625 0.11015625
1 0.53828125 0.2796875 0.109375 0.11015625
1 0.53515625 0.38828125 0.109375 0.11015625
2 0.54140625 0.49921875 0.06171875 0.06171875
1 0.5375 0.5921875 0.08515625 0.08671875
1 0.44375 0.11875 0.08515625 0.08671875
1 0.44765625 0.23046875 0.08515625 0.0859375
1 0.44375 0.33203125 0.0859375 0.0859375
1 0.440625 0.4453125 0.08515625 0.0859375
1 0.4484375 0.5578125 0.09765625 0.0984375
1 0.34921875 0.18359375 0.08515625 0.0859375
1 0.3546875 0.284375 0.0859375 0.0859375
1 0.35078125 0.37578125 0.0859375 0.0859375
1 0.35 0.490625 0.08515625 0.0859375
1 0.34453125 0.60078125 0.09765625 0.0984375
1 0.2625 0.1 0.109375 0.11015625
1 0.26015625 0.21875 0.11015625 0.1109375
1 0.25078125 0.334375 0.109375 0.11015625
1 0.25859375 0.44375 0.109375 0.11015625
1 0.2484375 0.5515625 0.109375 0.1109375
1 0.153125 0.175 0.11015625 0.11015625
1 0.15546875 0.2796875 0.109375 0.11015625
1 0.159375 0.3796875 0.09765625 0.09765625
1 0.16015625 0.49453125 0.09765625 0.0984375
1 0.15546875 0.60859375 0.0859375 0.0859375
1 0.065625 0.11171875 0.09765625 0.0984375
1 0.0671875 0.22578125 0.09765625 0.0984375
1 0.06328125 0.334375 0.09765625 0.0984375
1 0.06875 0.440625 0.08515625 0.08671875
1 0.0671875 0.54765625 0.109375 0.11015625