2 0.2828125 0.4109375 0.06171875 0.06171875
2 0.2046875 0.56171875 0.0609375 0.06171875
2 0.57109375 0.4765625 0.0734375 0.07421875
2 0.28671875 0.5171875 0.0734375 0.07421875
2 0.86015625 0.07734375 0.0609375 0.06171875
2 0.665625 0.04765625 0.0734375 0.0734375
2 0.9515625 0.81484375 0.0734375 0.0734375
2 0.9453125 0.4875 0.0375 0.0375
2 0.93515625 0.603125 0.0359375 0.0359375
2 0.76328125 0.471875 0.0359375 0.0375
3 0.665625 0.6390625 0.0484375 0.05
3 0.5703125 0.68046875 0.0484375 0.0484375
3 0.565625 0.590625 0.0484375 0.0484375
3 0.4890625 0.534375 0.0609375 0.06171875
3 0.3875 0.56953125 0.0359375 0.0359375
1 0.76953125 0.57890625 0.0859375 0.0859375
3 0.6625 0.52890625 0.06171875 0.06171875
2 0.84453125 0.52734375 0.02421875 0.025
1 0.95 0.9421875 0.09765625 0.09765625
1 0.86015625 0.6546875 0.09765625 0.0984375
1 0.8609375 0.75859375 0.09765625 0.09765625
1 0.8546875 0.87578125 0.09765625 0.09765625
1 0.7625 0.91796875 0.0859375 0.0859375
1 0.7609375 0.8078125 0.09765625 0.0984375
1 0.76171875 0.6921875 0.109375 0.1109375
1 0.6703125 0.75625 0.0859375 0.0859375
1 0.6703125 0.84453125 0.09765625 0.09765625
1 0.5734375 0.9 0.09765625 0.09765625
1 0.56953125 0.7953125 0.09765625 0.09765625
1 0.4828125 0.415625 0.08515625 0.0859375
1 0.384375 0.459375 0.0859375 0.0859375
2 0.2015625 0.4625 0.0484375 0.0484375
1 0.4828125 0.74375 0.09765625 0.09765625
1 0.49140625 0.62578125 0.08515625 0.0859375
1 0.47734375 0.871875 0.0859375 0.0859375
1 0.38203125 0.9078125 0.09765625 0.09765625
1 0.390625 0.8 0.109375 0.11015625
1 0.39140625 0.6703125 0.11015625 0.1109375
1 0.29296875 0.621875 0.0859375 0.0859375
1 0.2953125 0.74296875 0.09765625 0.0984375
1 0.290625 0.8546875 0.09765625 0.09765625
1 0.19921875 0.90390625 0.109375 0.11015625
3 0.196875 0.7921875 0.11015625 0.1109375
1 0.2046875 0.67734375 0.109375 0.11015625
1 0.11171875 0.63046875 0.11015625 0.11015625
1 0.10390625 0.51640625 0.11015625 0.11015625
1 0.10234375 0.73359375 0.109375 0.1109375
1 0.10546875 0.83515625 0.09765625 0.09765625
2 0.73125 0.08125 0.06171875 0.06171875
1 0.3875 0.09296875 0.08515625 0.0859375
1 0.3109375 0.0484375 0.08515625 0.08671875
1 0.2078125 0.1015625 0.09765625 0.09765625