2 0.1390625 0.55546875 0.0734375 0.07421875
1 0.04765625 0.278125 0.0859375 0.0859375
1 0.04765625 0.40234375 0.0859375 0.0859375
1 0.0453125 0.5296875 0.0859375 0.08671875
1 0.0453125 0.6328125 0.0859375 0.0859375
1 0.04765625 0.74375 0.08515625 0.0859375
1 0.13984375 0.88671875 0.08515625 0.0859375
1 0.146875 0.78515625 0.08515625 0.0859375
1 0.13515625 0.66484375 0.08515625 0.0859375
1 0.1328125 0.34375 0.09765625 0.09765625
1 0.13984375 0.4453125 0.09765625 0.09765625
1 0.240625 0.353125 0.09765625 0.0984375
1 0.246875 0.49765625 0.09765625 0.0984375
1 0.2359375 0.6125 0.0859375 0.0859375
1 0.23203125 0.7265625 0.08515625 0.0859375
1 0.23125 0.8328125 0.08515625 0.0859375
1 0.228125 0.93828125 0.08515625 0.0859375
1 0.32421875 0.3453125 0.0859375 0.0859375
1 0.328125 0.45234375 0.09765625 0.09765625
1 0.325 0.56171875 0.0859375 0.0859375
1 0.32109375 0.67109375 0.0859375 0.0859375
1 0.31875 0.78671875 0.09765625 0.0984375
1 0.3328125 0.90859375 0.09765625 0.0984375
1 0.4203125 0.40234375 0.0859375 0.0859375
1 0.4203125 0.50703125 0.0859375 0.0859375
1 0.42109375 0.62734375 0.09765625 0.0984375
1 0.4171875 0.734375 0.0859375 0.0859375
1 0.415625 0.8390625 0.08515625 0.0859375
1 0.421875 0.9453125 0.09765625 0.09765625
1 0.5109375 0.8953125 0.08515625 0.0859375
1 0.51640625 0.77734375 0.0859375 0.0859375
1 0.51015625 0.6734375 0.08515625 0.08671875
1 0.5140625 0.56328125 0.09765625 0.0984375
1 0.515625 0.446875 0.09765625 0.0984375
1 0.51171875 0.340625 0.09765625 0.0984375
1 0.60859375 0.39375 0.109375 0.11015625
1 0.60859375 0.49765625 0.09765625 0.0984375
1 0.6109375 0.60625 0.09765625 0.0984375
1 0.609375 0.728125 0.0859375 0.0859375
1 0.61015625 0.83828125 0.09765625 0.0984375
1 0.60859375 0.93984375 0.09765625 0.0984375
1 0.703125 0.33515625 0.09765625 0.0984375
1 0.7078125 0.4515625 0.09765625 0.09765625
1 0.7015625 0.55390625 0.08515625 0.0859375
1 0.69921875 0.66328125 0.09765625 0.09765625
1 0.709375 0.77890625 0.09765625 0.0984375
1 0.70234375 0.89140625 0.09765625 0.0984375
1 0.8046875 0.92890625 0.09765625 0.09765625
1 0.796875 0.82109375 0.09765625 0.0984375
1 0.8 0.71015625 0.09765625 0.09765625
1 0.7984375 0.596875 0.09765625 0.0984375
1 0.80625 0.4859375 0.09765625 0.09765625
1 0.8 0.378125 0.09765625 0.0984375
1 0.8890625 0.32109375 0.09765625 0.09765625
1 0.89453125 0.428125 0.09765625 0.0984375
1 0.8921875 0.5359375 0.09765625 0.0984375
1 0.89140625 0.65 0.09765625 0.09765625
1 0.8875 0.76640625 0.09765625 0.0984375
1 0.89140625 0.87109375 0.08515625 0.0859375
1 0.9 0.09296875 0.09765625 0.09765625
1 0.89375 0.203125 0.0859375 0.0859375
1 0.8015625 0.26875 0.09765625 0.0984375
1 0.79765625 0.165625 0.0859375 0.0859375
1 0.703125 0.10625 0.09765625 0.0984375
1 0.7015625 0.22890625 0.09765625 0.0984375
1 0.6140625 0.2859375 0.109375 0.11015625
1 0.6078125 0.17265625 0.11015625 0.11015625
1 0.6203125 0.059375 0.11015625 0.11015625
1 0.5109375 0.12578125 0.109375 0.11015625
1 0.5125 0.23125 0.0859375 0.0859375
1 0.4125 0.29375 0.08515625 0.0859375
1 0.4203125 0.178125 0.09765625 0.0984375
1 0.42578125 0.06953125 0.09765625 0.0984375
1 0.325 0.1296875 0.09765625 0.0984375
1 0.32578125 0.22734375 0.08515625 0.0859375
1 0.23125 0.2578125 0.09765625 0.09765625
1 0.23125 0.15859375 0.109375 0.11015625
1 0.23515625 0.06796875 0.11015625 0.11015625
1 0.14375 0.0984375 0.09765625 0.09765625
1 0.1328125 0.2328125 0.0859375 0.0859375
1 0.0515625 0.06640625 0.09765625 0.09765625