1 0.671875 0.06484375 0.09765625 0.0984375
3 0.6703125 0.17109375 0.11015625 0.11015625
1 0.77890625 0.12109375 0.08515625 0.0859375
1 0.5765625 0.121875 0.109375 0.11015625
1 0.47734375 0.17109375 0.109375 0.11015625
1 0.38359375 0.1140625 0.09765625 0.0984375
1 0.29296875 0.06015625 0.09765625 0.0984375
1 0.290625 0.1734375 0.09765625 0.0984375
1 0.19609375 0.12265625 0.109375 0.11015625
1 0.10546875 0.06328125 0.09765625 0.0984375
1 0.1 0.1765625 0.109375 0.1109375
1 0.1078125 0.28203125 0.109375 0.1109375
1 0.1046875 0.39375 0.109375 0.11015625
1 0.10234375 0.50234375 0.09765625 0.0984375
1 0.1046875 0.61875 0.09765625 0.0984375
1 0.1984375 0.2234375 0.11015625 0.11015625
1 0.196875 0.34453125 0.0859375 0.0859375
1 0.196875 0.4515625 0.09765625 0.09765625
1 0.20234375 0.56171875 0.09765625 0.0984375
1 0.29375 0.28203125 0.11015625 0.11015625
1 0.2921875 0.38671875 0.11015625 0.1109375
1 0.29296875 0.50859375 0.109375 0.1109375
1 0.2890625 0.61484375 0.109375 0.11015625
1 0.3875 0.22421875 0.109375 0.11015625
1 0.38515625 0.34140625 0.11015625 0.11015625
1 0.3875 0.44765625 0.11015625 0.11015625
1 0.38828125 0.55859375 0.11015625 0.1109375
1 0.47578125 0.27578125 0.109375 0.11015625
1 0.475 0.3890625 0.109375 0.11015625
1 0.4828125 0.50078125 0.109375 0.11015625
1 0.575 0.22578125 0.09765625 0.0984375
1 0.575 0.3375 0.109375 0.11015625
1 0.578125 0.44375 0.09765625 0.0984375
1 0.57890625 0.55625 0.109375 0.11015625
1 0.67421875 0.27265625 0.11015625 0.11015625
1 0.66953125 0.3875 0.11015625 0.11015625
1 0.6734375 0.50625 0.11015625 0.11015625
1 0.67578125 0.61171875 0.109375 0.11015625
1 0.77421875 0.228125 0.0859375 0.0859375
1 0.778125 0.3296875 0.08515625 0.0859375
1 0.77265625 0.44140625 0.08515625 0.0859375
1 0.77421875 0.5546875 0.08515625 0.0859375
1 0.86015625 0.06328125 0.09765625 0.09765625
1 0.8734375 0.17109375 0.09765625 0.09765625
1 0.86875 0.2828125 0.109375 0.11015625
1 0.8671875 0.38828125 0.109375 0.11015625
1 0.86875 0.503125 0.09765625 0.0984375
1 0.86640625 0.61171875 0.11015625 0.11015625
1 0.86875 0.7234375 0.11015625 0.11015625
1 0.86015625 0.83359375 0.11015625 0.11015625
1 0.7765625 0.665625 0.09765625 0.0984375
1 0.7796875 0.7734375 0.0859375 0.0859375
1 0.76875 0.88671875 0.09765625 0.09765625
1 0.675 0.72421875 0.109375 0.11015625
1 0.6765625 0.828125 0.109375 0.1109375
1 0.67890625 0.9421875 0.109375 0.1109375
1 0.57734375 0.66875 0.109375 0.11015625
1 0.57890625 0.7796875 0.11015625 0.1109375
1 0.57578125 0.88671875 0.11015625 0.1109375
1 0.47890625 0.6125 0.11015625 0.1109375
1 0.48125 0.71953125 0.11015625 0.1109375
1 0.48515625 0.8375 0.11015625 0.11015625
1 0.4890625 0.9421875 0.109375 0.11015625
1 0.39140625 0.67578125 0.11015625 0.1109375
1 0.38984375 0.78046875 0.09765625 0.0984375
1 0.38671875 0.8875 0.109375 0.11015625
1 0.29375 0.7234375 0.09765625 0.0984375
1 0.2890625 0.834375 0.109375 0.11015625
1 0.29296875 0.9390625 0.109375 0.11015625
1 0.19453125 0.6671875 0.109375 0.11015625
1 0.2 0.7828125 0.11015625 0.11015625
1 0.2 0.89296875 0.11015625 0.11015625
1 0.1046875 0.7203125 0.09765625 0.0984375
1 0.1 0.83046875 0.11015625 0.11015625
1 0.10546875 0.9421875 0.09765625 0.0984375