1 0.7609375 0.0578125 0.09765625 0.0984375
1 0.8546875 0.11484375 0.109375 0.11015625
1 0.1 0.11015625 0.09765625 0.0984375
1 0.1046875 0.22578125 0.109375 0.11015625
1 0.1921875 0.059375 0.11015625 0.11015625
1 0.190625 0.1703125 0.109375 0.11015625
1 0.19140625 0.2796875 0.109375 0.11015625
1 0.2921875 0.11171875 0.11015625 0.11015625
1 0.284375 0.21953125 0.11015625 0.11015625
1 0.37890625 0.0546875 0.09765625 0.09765625
1 0.378125 0.16328125 0.109375 0.11015625
1 0.378125 0.28359375 0.09765625 0.0984375
1 0.471875 0.1125 0.109375 0.1109375
1 0.4734375 0.22734375 0.109375 0.11015625
1 0.571875 0.059375 0.11015625 0.1109375
1 0.5734375 0.1421875 0.0734375 0.07421875
1 0.56328125 0.28203125 0.09765625 0.09765625
1 0.66328125 0.109375 0.09765625 0.09765625
1 0.66015625 0.21875 0.09765625 0.09765625
1 0.76171875 0.17109375 0.109375 0.11015625
1 0.759375 0.275 0.11015625 0.1109375
1 0.85234375 0.2203125 0.09765625 0.0984375
1 0.8546875 0.33125 0.09765625 0.09765625
1 0.853125 0.44609375 0.0859375 0.0859375
2 0.85390625 0.5515625 0.06171875 0.06171875
1 0.8546875 0.665625 0.09765625 0.0984375
3 0.853125 0.771875 0.11015625 0.11015625
1 0.94609375 0.6046875 0.0859375 0.0859375
1 0.7578125 0.38984375 0.09765625 0.09765625
1 0.75703125 0.496875 0.08515625 0.0859375
1 0.75859375 0.61640625 0.11015625 0.11015625
1 0.75859375 0.721875 0.109375 0.11015625
1 0.659375 0.31328125 0.11015625 0.1109375
1 0.6703125 0.434375 0.09765625 0.0984375
2 0.66015625 0.55390625 0.0609375 0.06171875
1 0.6625 0.653125 0.109375 0.11015625
1 0.66015625 0.771875 0.109375 0.11015625
1 0.5703125 0.384375 0.09765625 0.0984375
1 0.57421875 0.50078125 0.09765625 0.0984375
1 0.56640625 0.60625 0.09765625 0.0984375
1 0.56640625 0.7140625 0.09765625 0.0984375
1 0.47265625 0.33046875 0.09765625 0.0984375
1 0.4734375 0.43984375 0.09765625 0.0984375
2 0.47421875 0.55625 0.0734375 0.0734375
1 0.47578125 0.6609375 0.09765625 0.0984375
1 0.4734375 0.77421875 0.09765625 0.0984375
1 0.38359375 0.38984375 0.11015625 0.11015625
1 0.37578125 0.4875 0.09765625 0.0984375
1 0.3734375 0.61796875 0.09765625 0.0984375
1 0.37890625 0.7234375 0.109375 0.11015625
1 0.28671875 0.3375 0.11015625 0.11015625
1 0.28828125 0.44609375 0.109375 0.11015625
1 0.28828125 0.56328125 0.09765625 0.0984375
1 0.28828125 0.66328125 0.09765625 0.0984375
1 0.28203125 0.77734375 0.109375 0.1109375
1 0.19375 0.3875 0.109375 0.11015625
1 0.1890625 0.496875 0.109375 0.11015625
1 0.19140625 0.60625 0.109375 0.11015625
1 0.18984375 0.71796875 0.11015625 0.1109375
1 0.10234375 0.33671875 0.11015625 0.11015625
1 0.09296875 0.4328125 0.11015625 0.11015625
1 0.096875 0.5453125 0.09765625 0.09765625
1 0.0984375 0.65546875 0.11015625 0.1109375
1 0.0984375 0.77421875 0.11015625 0.11015625
1 0.09921875 0.884375 0.11015625 0.11015625
1 0.196875 0.825 0.11015625 0.1109375
1 0.1921875 0.9421875 0.11015625 0.11015625
1 0.28984375 0.8828125 0.109375 0.1109375
1 0.38125 0.8234375 0.11015625 0.11015625
1 0.3796875 0.9453125 0.0859375 0.0859375
1 0.47578125 0.88203125 0.11015625 0.11015625
1 0.5703125 0.825 0.109375 0.11015625
1 0.56796875 0.9421875 0.11015625 0.11015625
1 0.6578125 0.8765625 0.109375 0.11015625
1 0.7578125 0.8265625 0.09765625 0.0984375
1 0.7578125 0.93828125 0.109375 0.11015625
1 0.85703125 0.8734375 0.11015625 0.11015625