2 0.3171875 0.121875 0.0734375 0.07421875
2 0.4234375 0.3296875 0.0734375 0.07421875
1 0.884375 0.78828125 0.11015625 0.11015625
1 0.88671875 0.89140625 0.109375 0.1109375
1 0.71171875 0.77421875 0.11015625 0.1109375
1 0.703125 0.87421875 0.109375 0.11015625
1 0.59375 0.8328125 0.109375 0.11015625
1 0.5046875 0.78984375 0.09765625 0.0984375
1 0.5046875 0.88359375 0.11015625 0.11015625
1 0.23046875 0.82421875 0.0859375 0.0859375
1 0.2328125 0.92109375 0.09765625 0.09765625
1 0.13125 0.77890625 0.109375 0.11015625
1 0.89140625 0.1171875 0.109375 0.1109375
0 0.89140625 0.2125 0.09765625 0.0984375
1 0.8875 0.3421875 0.109375 0.11015625
1 0.8875 0.46953125 0.09765625 0.09765625
1 0.884375 0.66875 0.109375 0.1109375
1 0.80078125 0.52265625 0.09765625 0.0984375
1 0.79765625 0.4109375 0.11015625 0.1109375
1 0.7984375 0.2875 0.11015625 0.11015625
1 0.7953125 0.17734375 0.109375 0.11015625
1 0.7984375 0.06484375 0.109375 0.11015625
1 0.71015625 0.125 0.09765625 0.09765625
1 0.7125 0.2296875 0.09765625 0.0984375
1 0.7171875 0.3234375 0.09765625 0.0984375
1 0.7125 0.46328125 0.109375 0.11015625
1 0.7171875 0.575 0.109375 0.11015625
1 0.70234375 0.68125 0.11015625 0.1109375
1 0.6015625 0.725 0.109375 0.1109375
1 0.603125 0.61875 0.11015625 0.1109375
1 0.603125 0.503125 0.08515625 0.0859375
1 0.60859375 0.28046875 0.09765625 0.0984375
1 0.6109375 0.18046875 0.109375 0.1109375
1 0.6046875 0.0734375 0.11015625 0.11015625
1 0.13203125 0.10859375 0.0859375 0.0859375
1 0.24296875 0.05 0.0859375 0.08671875
1 0.24140625 0.1625 0.08515625 0.0859375
1 0.31171875 0.2125 0.0859375 0.0859375
1 0.23515625 0.30625 0.08515625 0.0859375
1 0.321875 0.3625 0.08515625 0.0859375
1 0.4265625 0.40703125 0.08515625 0.0859375
1 0.325 0.7609375 0.0859375 0.0859375
1 0.228125 0.7171875 0.11015625 0.11015625
1 0.2328125 0.6125 0.09765625 0.09765625
1 0.2359375 0.51875 0.09765625 0.09765625
1 0.42578125 0.50859375 0.09765625 0.0984375
1 0.3203125 0.56796875 0.09765625 0.0984375
1 0.32265625 0.67109375 0.08515625 0.0859375
1 0.2359375 0.41796875 0.0859375 0.0859375
1 0.31796875 0.4546875 0.08515625 0.0859375
1 0.13828125 0.24140625 0.11015625 0.11015625
1 0.1359375 0.3328125 0.109375 0.11015625
1 0.13125 0.46015625 0.11015625 0.1109375
1 0.13515625 0.55546875 0.11015625 0.11015625
1 0.14140625 0.6796875 0.109375 0.1109375
1 0.5234375 0.67265625 0.09765625 0.0984375