3 0.4359375 0.353125 0.0734375 0.07421875
3 0.434375 0.4734375 0.0609375 0.06171875
1 0.90859375 0.42109375 0.096875 0.0984375
1 0.9140625 0.5203125 0.09765625 0.09765625
1 0.903125 0.6375 0.0859375 0.0859375
1 0.9046875 0.7484375 0.0859375 0.0859375
1 0.9078125 0.8625 0.09765625 0.0984375
1 0.80859375 0.91328125 0.109375 0.11015625
1 0.80859375 0.80546875 0.09765625 0.0984375
1 0.81796875 0.7078125 0.08515625 0.0859375
1 0.81171875 0.5953125 0.0859375 0.0859375
1 0.8109375 0.46875 0.0859375 0.0859375
1 0.8109375 0.3640625 0.09765625 0.09765625
1 0.7203125 0.409375 0.11015625 0.11015625
1 0.7171875 0.525 0.11015625 0.1109375
1 0.7171875 0.6359375 0.09765625 0.0984375
1 0.7171875 0.7390625 0.11015625 0.11015625
1 0.715625 0.85703125 0.109375 0.11015625
1 0.61875 0.36015625 0.09765625 0.0984375
1 0.62421875 0.47578125 0.11015625 0.11015625
1 0.63203125 0.57734375 0.09765625 0.0984375
1 0.621875 0.69609375 0.08515625 0.08671875
1 0.62578125 0.8078125 0.08515625 0.0859375
1 0.62109375 0.909375 0.0859375 0.0859375
1 0.52890625 0.4125 0.11015625 0.1109375
1 0.53515625 0.5203125 0.09765625 0.0984375
1 0.5265625 0.7609375 0.08515625 0.0859375
1 0.53203125 0.8609375 0.0859375 0.0859375
1 0.528125 0.953125 0.0859375 0.0859375
1 0.4484375 0.596875 0.0859375 0.0859375
1 0.440625 0.67734375 0.109375 0.11015625
1 0.43828125 0.79609375 0.11015625 0.1109375
1 0.42890625 0.91171875 0.109375 0.11015625
1 0.33984375 0.4421875 0.09765625 0.0984375
1 0.34296875 0.5140625 0.0859375 0.0859375
1 0.3375 0.628125 0.11015625 0.1109375
1 0.33046875 0.75234375 0.11015625 0.11015625
1 0.3328125 0.85703125 0.109375 0.11015625
1 0.2359375 0.35703125 0.09765625 0.0984375
1 0.24296875 0.4703125 0.09765625 0.0984375
1 0.240625 0.58359375 0.0859375 0.08671875
1 0.24296875 0.6890625 0.09765625 0.0984375
1 0.2453125 0.803125 0.09765625 0.0984375
1 0.24140625 0.91171875 0.09765625 0.0984375
1 0.1515625 0.41171875 0.09765625 0.0984375
1 0.14765625 0.5234375 0.09765625 0.09765625
1 0.14765625 0.62578125 0.0859375 0.0859375
1 0.1484375 0.73671875 0.09765625 0.0984375
1 0.14765625 0.853125 0.09765625 0.0984375
1 0.05859375 0.58046875 0.09765625 0.0984375
1 0.05 0.6921875 0.08515625 0.0859375
1 0.05 0.8296875 0.08515625 0.0859375
1 0.04765625 0.915625 0.08515625 0.0859375
1 0.9078125 0.0828125 0.09765625 0.09765625
1 0.9109375 0.19765625 0.11015625 0.11015625
1 0.909375 0.3171875 0.109375 0.1109375
3 0.1515625 0.18046875 0.06171875 0.06171875
1 0.24453125 0.25 0.08515625 0.0859375
1 0.3421875 0.209375 0.0859375 0.0859375
1 0.3421875 0.2984375 0.0859375 0.0859375
1 0.4375 0.240625 0.0859375 0.0859375
1 0.4453125 0.153125 0.0859375 0.0859375
1 0.71796875 0.08125 0.11015625 0.11015625
1 0.71953125 0.2015625 0.11015625 0.11015625
1 0.7203125 0.303125 0.09765625 0.09765625
1 0.81640625 0.2609375 0.09765625 0.0984375
1 0.8203125 0.14921875 0.09765625 0.09765625
1 0.625 0.13359375 0.09765625 0.0984375
1 0.61796875 0.253125 0.09765625 0.0984375
1 0.528125 0.2984375 0.08515625 0.0859375
1 0.525 0.08671875 0.09765625 0.0984375
1 0.52421875 0.1921875 0.09765625 0.0984375
1 0.15703125 0.05390625 0.09765625 0.09765625
1 0.15 0.2984375 0.109375 0.11015625
1 0.05625 0.3609375 0.11015625 0.11015625
1 0.06171875 0.23359375 0.0859375 0.0859375