1 0.89375 0.878125 0.11015625 0.11015625
1 0.9046875 0.76875 0.109375 0.11015625
1 0.9109375 0.66015625 0.109375 0.1109375
1 0.91328125 0.5546875 0.11015625 0.1109375
1 0.9046875 0.44609375 0.11015625 0.11015625
1 0.9078125 0.33671875 0.09765625 0.0984375
1 0.8140625 0.38125 0.109375 0.11015625
1 0.82109375 0.490625 0.11015625 0.11015625
1 0.8015625 0.5921875 0.11015625 0.11015625
1 0.8078125 0.71328125 0.109375 0.11015625
3 0.80859375 0.8234375 0.109375 0.11015625
1 0.803125 0.93828125 0.11015625 0.1109375
1 0.71171875 0.87578125 0.109375 0.11015625
1 0.7078125 0.7640625 0.09765625 0.0984375
1 0.71484375 0.66484375 0.09765625 0.09765625
1 0.71875 0.33203125 0.109375 0.1109375
1 0.72109375 0.4390625 0.11015625 0.11015625
1 0.7203125 0.553125 0.09765625 0.0984375
1 0.61640625 0.3765625 0.11015625 0.11015625
1 0.61796875 0.49453125 0.11015625 0.11015625
1 0.63203125 0.60390625 0.109375 0.11015625
1 0.6140625 0.71171875 0.11015625 0.1109375
1 0.6109375 0.8265625 0.11015625 0.11015625
1 0.61328125 0.93125 0.109375 0.1109375
1 0.5328125 0.3265625 0.11015625 0.11015625
1 0.52578125 0.440625 0.11015625 0.11015625
1 0.52734375 0.54921875 0.109375 0.11015625
1 0.5296875 0.65078125 0.11015625 0.11015625
1 0.52265625 0.75078125 0.11015625 0.11015625
1 0.5203125 0.8578125 0.109375 0.1109375
1 0.4375 0.371875 0.09765625 0.0984375
1 0.43671875 0.49765625 0.09765625 0.0984375
1 0.440625 0.59921875 0.109375 0.11015625
1 0.4296875 0.7015625 0.09765625 0.0984375
1 0.4203125 0.83046875 0.11015625 0.11015625
1 0.42578125 0.9046875 0.109375 0.11015625
1 0.33125 0.86796875 0.09765625 0.09765625
1 0.33125 0.75234375 0.09765625 0.0984375
1 0.3421875 0.646875 0.109375 0.11015625
1 0.340625 0.54453125 0.09765625 0.0984375
1 0.334375 0.43359375 0.09765625 0.09765625
1 0.34453125 0.31953125 0.09765625 0.09765625
1 0.2453125 0.375 0.109375 0.1109375
1 0.24375 0.48671875 0.109375 0.11015625
1 0.23984375 0.596875 0.11015625 0.11015625
1 0.23515625 0.7015625 0.11015625 0.11015625
1 0.23984375 0.803125 0.11015625 0.11015625
1 0.228125 0.9265625 0.11015625 0.11015625
1 0.14140625 0.85234375 0.09765625 0.0984375
1 0.14140625 0.74921875 0.09765625 0.0984375
1 0.15234375 0.309375 0.0859375 0.0859375
1 0.14296875 0.428125 0.11015625 0.11015625
1 0.1453125 0.53203125 0.0859375 0.0859375
1 0.15 0.646875 0.09765625 0.0984375
1 0.05390625 0.58515625 0.09765625 0.0984375
1 0.05 0.48515625 0.09765625 0.09765625
1 0.05625 0.3640625 0.09765625 0.09765625
1 0.9109375 0.115625 0.109375 0.11015625
1 0.81875 0.06484375 0.109375 0.11015625
1 0.7265625 0.13125 0.09765625 0.0984375
1 0.6296875 0.1 0.109375 0.11015625
1 0.5375 0.1484375 0.08515625 0.0859375
1 0.440625 0.0828125 0.11015625 0.1109375
1 0.3515625 0.13203125 0.109375 0.11015625
1 0.1609375 0.1234375 0.11015625 0.1109375
1 0.2453125 0.0765625 0.11015625 0.1109375
1 0.0625 0.07109375 0.09765625 0.0984375