2 0.5296875 0.7515625 0.0734375 0.07421875
2 0.43828125 0.8328125 0.0734375 0.0734375
1 0.24921875 0.91328125 0.08515625 0.0859375
1 0.24453125 0.80859375 0.08515625 0.0859375
1 0.24453125 0.690625 0.08515625 0.0859375
1 0.16328125 0.64765625 0.0859375 0.0859375
1 0.05625 0.69921875 0.08515625 0.0859375
1 0.059375 0.790625 0.0859375 0.08671875
1 0.15703125 0.74921875 0.08515625 0.0859375
1 0.153125 0.846875 0.08515625 0.0859375
2 0.4328125 0.71796875 0.06171875 0.06171875
1 0.0671875 0.1515625 0.09765625 0.0984375
1 0.0640625 0.2671875 0.09765625 0.09765625
1 0.06875 0.37578125 0.09765625 0.0984375
1 0.06328125 0.4890625 0.09765625 0.0984375
1 0.06171875 0.57890625 0.09765625 0.0984375
1 0.0609375 0.92578125 0.09765625 0.09765625
1 0.15625 0.20625 0.109375 0.11015625
1 0.153125 0.31171875 0.109375 0.11015625
1 0.1609375 0.42265625 0.109375 0.11015625
1 0.15703125 0.53046875 0.09765625 0.0984375
1 0.26484375 0.15703125 0.109375 0.1109375
1 0.25546875 0.2671875 0.08515625 0.0859375
1 0.24765625 0.371875 0.11015625 0.11015625
1 0.25625 0.4796875 0.08515625 0.0859375
1 0.25703125 0.55625 0.09765625 0.09765625
1 0.3421875 0.12578125 0.09765625 0.0984375
1 0.34453125 0.22890625 0.09765625 0.0984375
1 0.3453125 0.3203125 0.0859375 0.0859375
1 0.353125 0.43828125 0.0859375 0.0859375
1 0.353125 0.534375 0.09765625 0.0984375
1 0.3453125 0.653125 0.0859375 0.0859375
1 0.340625 0.75703125 0.08515625 0.0859375
1 0.34296875 0.88671875 0.0859375 0.0859375
1 0.44375 0.16171875 0.09765625 0.0984375
1 0.4515625 0.27421875 0.08515625 0.0859375
1 0.44765625 0.37578125 0.11015625 0.1109375
1 0.44609375 0.4828125 0.109375 0.11015625
1 0.4453125 0.5828125 0.109375 0.11015625
1 0.54609375 0.64375 0.109375 0.11015625
1 0.5515625 0.5375 0.11015625 0.11015625
1 0.55 0.434375 0.109375 0.1109375
1 0.5484375 0.31640625 0.09765625 0.09765625
1 0.54765625 0.20546875 0.09765625 0.0984375
1 0.63828125 0.14921875 0.08515625 0.0859375
1 0.63671875 0.259375 0.109375 0.11015625
1 0.6375 0.36484375 0.09765625 0.0984375
1 0.63671875 0.47890625 0.109375 0.11015625
1 0.63125 0.59296875 0.09765625 0.0984375
1 0.634375 0.69453125 0.109375 0.11015625
1 0.63359375 0.92890625 0.09765625 0.0984375
1 0.8140625 0.69609375 0.0859375 0.0859375
1 0.72578125 0.20703125 0.08515625 0.0859375
1 0.728125 0.31328125 0.0859375 0.0859375
1 0.73125 0.42890625 0.08515625 0.0859375
1 0.72734375 0.55078125 0.08515625 0.0859375
1 0.7265625 0.65859375 0.09765625 0.0984375
1 0.72890625 0.75 0.08515625 0.0859375
1 0.82421875 0.15 0.09765625 0.0984375
1 0.8203125 0.2625 0.109375 0.11015625
1 0.8171875 0.365625 0.09765625 0.0984375
1 0.81875 0.47421875 0.11015625 0.11015625
1 0.81953125 0.59453125 0.08515625 0.0859375
1 0.91875 0.21640625 0.11015625 0.11015625
1 0.92109375 0.31796875 0.109375 0.11015625
1 0.9140625 0.421875 0.09765625 0.09765625
1 0.909375 0.53359375 0.109375 0.11015625
1 0.915625 0.65 0.11015625 0.11015625
1 0.91328125 0.8734375 0.09765625 0.0984375
1 0.815625 0.92109375 0.09765625 0.0984375