2 0.71953125 0.8328125 0.0859375 0.08671875
1 0.53046875 0.14765625 0.09765625 0.09765625
1 0.525 0.2640625 0.09765625 0.0984375
1 0.6265625 0.20625 0.0734375 0.07421875
1 0.7234375 0.159375 0.09765625 0.09765625
1 0.72578125 0.26953125 0.09765625 0.09765625
1 0.81171875 0.09921875 0.109375 0.11015625
1 0.8109375 0.2171875 0.109375 0.11015625
1 0.81171875 0.325 0.109375 0.1109375
1 0.909375 0.159375 0.11015625 0.11015625
1 0.9109375 0.26796875 0.109375 0.11015625
1 0.9 0.38046875 0.109375 0.11015625
1 0.903125 0.49140625 0.109375 0.1109375
1 0.90703125 0.5921875 0.109375 0.1109375
1 0.9 0.71171875 0.09765625 0.0984375
1 0.90078125 0.828125 0.08515625 0.0859375
1 0.8140625 0.42890625 0.109375 0.1109375
1 0.81484375 0.5359375 0.08515625 0.0859375
1 0.81171875 0.66171875 0.09765625 0.0984375
1 0.81953125 0.77109375 0.09765625 0.0984375
1 0.7140625 0.3953125 0.11015625 0.1109375
1 0.7171875 0.50390625 0.08515625 0.0859375
1 0.71015625 0.6234375 0.08515625 0.0859375
1 0.7171875 0.7265625 0.0859375 0.0859375
1 0.62578125 0.33671875 0.08515625 0.0859375
2 0.63203125 0.45078125 0.02421875 0.02421875
2 0.62578125 0.56953125 0.0375 0.0375
2 0.628125 0.675 0.02421875 0.02421875
2 0.62265625 0.78828125 0.02421875 0.02421875
2 0.53046875 0.596875 0.02421875 0.02421875
2 0.53046875 0.7078125 0.02421875 0.02421875
2 0.5265625 0.82265625 0.02421875 0.02421875
1 0.5328125 0.37265625 0.09765625 0.0984375
1 0.53125 0.478125 0.09765625 0.0984375
2 0.52265625 0.93203125 0.02421875 0.02421875
2 0.6234375 0.87578125 0.02421875 0.02421875
2 0.61640625 0.9828125 0.02421875 0.02421875
1 0.7140625 0.93125 0.109375 0.11015625
1 0.8234375 0.875 0.0859375 0.0859375
1 0.9046875 0.934375 0.09765625 0.0984375
1 0.240625 0.56328125 0.09765625 0.0984375
1 0.24375 0.66640625 0.109375 0.11015625
1 0.23515625 0.77734375 0.09765625 0.09765625
1 0.240625 0.8890625 0.09765625 0.09765625
3 0.1421875 0.61796875 0.0859375 0.0859375
1 0.14375 0.73125 0.09765625 0.09765625
1 0.1390625 0.83671875 0.11015625 0.11015625
1 0.13984375 0.94609375 0.09765625 0.0984375
1 0.0515625 0.78046875 0.09765625 0.09765625