1 0.0953125 0.12578125 0.09765625 0.0984375
1 0.09765625 0.2390625 0.09765625 0.0984375
1 0.09453125 0.35234375 0.09765625 0.0984375
1 0.0953125 0.46640625 0.121875 0.121875
1 0.19375 0.07109375 0.09765625 0.09765625
1 0.1921875 0.18046875 0.109375 0.11015625
1 0.18984375 0.30078125 0.121875 0.1234375
1 0.1953125 0.4109375 0.109375 0.11015625
1 0.1890625 0.5203125 0.09765625 0.0984375
1 0.2859375 0.128125 0.09765625 0.09765625
1 0.284375 0.24375 0.11015625 0.1109375
1 0.28046875 0.35625 0.121875 0.1234375
1 0.2828125 0.45859375 0.109375 0.11015625
1 0.38125 0.075 0.0859375 0.0859375
1 0.38203125 0.18671875 0.11015625 0.1109375
1 0.37421875 0.3 0.121875 0.1234375
1 0.37421875 0.4078125 0.11015625 0.11015625
1 0.46953125 0.13515625 0.09765625 0.0984375
1 0.4796875 0.2453125 0.109375 0.11015625
1 0.47734375 0.3578125 0.121875 0.1234375
2 0.47578125 0.46953125 0.06171875 0.06171875
1 0.3796875 0.521875 0.11015625 0.11015625
1 0.57109375 0.07734375 0.09765625 0.0984375
1 0.57578125 0.1921875 0.121875 0.1234375
1 0.56875 0.3015625 0.109375 0.11015625
1 0.571875 0.415625 0.121875 0.1234375
1 0.57421875 0.52265625 0.109375 0.1109375
1 0.66484375 0.1359375 0.11015625 0.11015625
1 0.65703125 0.240625 0.121875 0.1234375
1 0.665625 0.3625 0.11015625 0.11015625
1 0.66640625 0.465625 0.121875 0.1234375
1 0.75625 0.0796875 0.09765625 0.0984375
1 0.75546875 0.19453125 0.121875 0.121875
1 0.759375 0.30078125 0.121875 0.1234375
1 0.75859375 0.4171875 0.11015625 0.11015625
1 0.7546875 0.5203125 0.121875 0.1234375
1 0.8484375 0.1390625 0.109375 0.11015625
1 0.85 0.2484375 0.109375 0.11015625
1 0.85 0.35625 0.0859375 0.0859375
1 0.8546875 0.4703125 0.11015625 0.11015625
1 0.95 0.3078125 0.09765625 0.0984375
1 0.946875 0.74453125 0.09765625 0.0984375
1 0.94609375 0.85625 0.096875 0.0984375
1 0.84296875 0.57578125 0.11015625 0.11015625
1 0.8515625 0.68671875 0.09765625 0.0984375
1 0.85 0.7953125 0.09765625 0.0984375
1 0.84453125 0.9078125 0.09765625 0.09765625
1 0.7546875 0.63203125 0.09765625 0.0984375
1 0.75703125 0.73828125 0.09765625 0.09765625
1 0.75625 0.846875 0.09765625 0.09765625
1 0.6625 0.57734375 0.121875 0.1234375
1 0.6625 0.68828125 0.09765625 0.09765625
1 0.6625 0.79609375 0.09765625 0.09765625
1 0.6640625 0.90546875 0.09765625 0.09765625
1 0.5640625 0.63359375 0.09765625 0.09765625
1 0.57109375 0.74375 0.09765625 0.09765625
1 0.56171875 0.84765625 0.08515625 0.0859375
1 0.56171875 0.95625 0.08515625 0.0859375
1 0.47890625 0.571875 0.11015625 0.1109375
1 0.475 0.6875 0.09765625 0.09765625
1 0.4734375 0.78828125 0.0734375 0.07421875
1 0.4703125 0.90390625 0.09765625 0.0984375
1 0.378125 0.63359375 0.109375 0.11015625
1 0.378125 0.7390625 0.09765625 0.0984375
1 0.37421875 0.8453125 0.0859375 0.0859375
1 0.28515625 0.56875 0.109375 0.11015625
1 0.28984375 0.6828125 0.11015625 0.11015625
1 0.28671875 0.79375 0.11015625 0.11015625
1 0.2859375 0.896875 0.121875 0.121875
1 0.19375 0.63125 0.09765625 0.0984375
1 0.1875 0.73984375 0.09765625 0.0984375
1 0.190625 0.85 0.09765625 0.0984375
1 0.19375 0.94765625 0.09765625 0.0984375
1 0.103125 0.56953125 0.09765625 0.0984375
1 0.09453125 0.68125 0.0859375 0.08671875
1 0.0921875 0.78984375 0.0859375 0.0859375
1 0.09453125 0.90078125 0.09765625 0.0984375