1 0.9234375 0.30234375 0.11015625 0.11015625
1 0.92421875 0.40390625 0.11015625 0.11015625
1 0.91796875 0.52578125 0.109375 0.11015625
1 0.9171875 0.63046875 0.11015625 0.11015625
1 0.9125 0.7359375 0.11015625 0.11015625
1 0.909375 0.86640625 0.11015625 0.11015625
1 0.8203125 0.89296875 0.09765625 0.0984375
1 0.81328125 0.7921875 0.11015625 0.11015625
1 0.8234375 0.6828125 0.109375 0.11015625
1 0.8296875 0.57421875 0.109375 0.1109375
1 0.8328125 0.46875 0.11015625 0.1109375
1 0.8234375 0.36015625 0.11015625 0.11015625
1 0.82734375 0.25078125 0.09765625 0.0984375
1 0.73359375 0.2953125 0.109375 0.11015625
1 0.73984375 0.4046875 0.11015625 0.11015625
1 0.7203125 0.50625 0.11015625 0.11015625
1 0.7265625 0.62734375 0.109375 0.11015625
3 0.72734375 0.7375 0.109375 0.11015625
1 0.721875 0.85234375 0.11015625 0.1109375
1 0.6265625 0.90546875 0.09765625 0.0984375
1 0.63125 0.78984375 0.109375 0.11015625
1 0.6265625 0.678125 0.09765625 0.0984375
1 0.63359375 0.57890625 0.09765625 0.09765625
1 0.6375 0.24609375 0.109375 0.1109375
1 0.63984375 0.353125 0.11015625 0.11015625
1 0.63984375 0.4671875 0.09765625 0.0984375
1 0.5359375 0.290625 0.11015625 0.11015625
1 0.53671875 0.40859375 0.11015625 0.11015625
1 0.55078125 0.51796875 0.109375 0.11015625
1 0.5328125 0.62578125 0.11015625 0.1109375
1 0.5296875 0.740625 0.11015625 0.11015625
1 0.53203125 0.8453125 0.109375 0.1109375
1 0.4515625 0.240625 0.11015625 0.11015625
1 0.44453125 0.3546875 0.11015625 0.11015625
1 0.44609375 0.46328125 0.109375 0.11015625
1 0.4484375 0.56484375 0.11015625 0.11015625
1 0.4421875 0.66484375 0.11015625 0.11015625
1 0.4390625 0.771875 0.109375 0.1109375
1 0.4328125 0.8890625 0.09765625 0.09765625
1 0.35625 0.2859375 0.09765625 0.0984375
1 0.35546875 0.41171875 0.09765625 0.0984375
1 0.359375 0.51328125 0.109375 0.11015625
1 0.3484375 0.615625 0.09765625 0.0984375
1 0.3390625 0.74453125 0.11015625 0.11015625
1 0.34453125 0.81875 0.109375 0.11015625
1 0.25 0.89375 0.109375 0.11015625
1 0.25 0.78203125 0.09765625 0.09765625
1 0.25 0.66640625 0.09765625 0.0984375
1 0.2609375 0.5609375 0.109375 0.11015625
1 0.259375 0.45859375 0.09765625 0.0984375
1 0.253125 0.34765625 0.09765625 0.09765625
1 0.2640625 0.23359375 0.09765625 0.09765625
1 0.1640625 0.2890625 0.109375 0.1109375
1 0.16328125 0.40078125 0.109375 0.11015625
1 0.15859375 0.5109375 0.11015625 0.11015625
1 0.15390625 0.615625 0.11015625 0.11015625
1 0.15859375 0.7171875 0.11015625 0.11015625
1 0.146875 0.840625 0.11015625 0.11015625
1 0.0609375 0.8875 0.09765625 0.0984375
1 0.0609375 0.76640625 0.09765625 0.0984375
1 0.0609375 0.66328125 0.09765625 0.0984375
1 0.07109375 0.2234375 0.0859375 0.0859375
1 0.06171875 0.3421875 0.11015625 0.11015625
1 0.0640625 0.44609375 0.0859375 0.0859375
1 0.06953125 0.5609375 0.09765625 0.0984375
1 0.45625 0.0625 0.08515625 0.0859375