2 0.45234375 0.32734375 0.0734375 0.0734375
2 0.540625 0.3953125 0.0734375 0.07421875
2 0.64375 0.33671875 0.0734375 0.07421875
2 0.65 0.22265625 0.0734375 0.07421875
2 0.6609375 0.10546875 0.0734375 0.07421875
1 0.06875 0.32734375 0.0859375 0.0859375
2 0.74609375 0.26953125 0.0484375 0.0484375
1 0.07265625 0.1046875 0.11015625 0.11015625
1 0.0734375 0.22578125 0.08515625 0.0859375
1 0.16796875 0.053125 0.09765625 0.09765625
1 0.16328125 0.16484375 0.109375 0.11015625
1 0.16953125 0.28046875 0.11015625 0.11015625
1 0.25625 0.10625 0.11015625 0.11015625
1 0.259375 0.22578125 0.109375 0.11015625
1 0.3703125 0.0640625 0.0859375 0.0859375
1 0.93125 0.50234375 0.109375 0.11015625
1 0.940625 0.0625 0.08515625 0.0859375
1 0.74609375 0.05859375 0.09765625 0.09765625
1 0.54921875 0.17265625 0.08515625 0.0859375
1 0.5390625 0.28828125 0.09765625 0.0984375
1 0.45078125 0.44609375 0.08515625 0.0859375
1 0.6421875 0.446875 0.08515625 0.0859375
1 0.928125 0.16953125 0.08515625 0.08671875
1 0.92265625 0.28203125 0.0859375 0.0859375
1 0.93125 0.38515625 0.09765625 0.0984375
1 0.83515625 0.4515625 0.09765625 0.0984375
1 0.83203125 0.5625 0.0859375 0.0859375
1 0.73515625 0.5046875 0.09765625 0.09765625
1 0.6375 0.56171875 0.09765625 0.0984375
1 0.821875 0.32734375 0.08515625 0.0859375
1 0.740625 0.384375 0.0859375 0.0859375
1 0.44609375 0.2203125 0.08515625 0.0859375
1 0.365625 0.28203125 0.08515625 0.0859375
1 0.359375 0.3890625 0.09765625 0.09765625
1 0.35625 0.50078125 0.09765625 0.0984375
1 0.2609375 0.55390625 0.09765625 0.09765625
1 0.25703125 0.440625 0.09765625 0.0984375
1 0.1671875 0.5046875 0.09765625 0.0984375
1 0.06953125 0.55234375 0.09765625 0.0984375
1 0.9296875 0.61484375 0.09765625 0.0984375
1 0.928125 0.73125 0.09765625 0.0984375
1 0.9296875 0.8359375 0.09765625 0.09765625
1 0.9234375 0.9390625 0.09765625 0.09765625
1 0.8296875 0.6703125 0.09765625 0.0984375
1 0.82734375 0.76640625 0.109375 0.1109375
1 0.82421875 0.88203125 0.109375 0.1109375
1 0.7296875 0.94375 0.09765625 0.0984375
1 0.7421875 0.82734375 0.09765625 0.09765625
1 0.7484375 0.71875 0.0859375 0.0859375
1 0.73828125 0.60625 0.09765625 0.09765625
1 0.6359375 0.6640625 0.109375 0.1109375
1 0.6359375 0.7796875 0.09765625 0.09765625
1 0.63125 0.88046875 0.11015625 0.11015625
1 0.5421875 0.94296875 0.09765625 0.0984375
1 0.540625 0.83828125 0.11015625 0.11015625
1 0.540625 0.71953125 0.09765625 0.0984375
1 0.54140625 0.609375 0.11015625 0.1109375
1 0.54296875 0.50625 0.09765625 0.09765625
1 0.45234375 0.559375 0.09765625 0.09765625
1 0.4421875 0.65078125 0.09765625 0.0984375
1 0.44609375 0.78046875 0.09765625 0.0984375
1 0.4484375 0.8859375 0.109375 0.11015625
1 0.3546875 0.8328125 0.109375 0.11015625
1 0.3484375 0.725 0.109375 0.11015625
1 0.35546875 0.6078125 0.109375 0.11015625
1 0.26171875 0.784375 0.09765625 0.0984375
1 0.25859375 0.88125 0.11015625 0.11015625
1 0.16875 0.94296875 0.109375 0.11015625
1 0.16875 0.83125 0.09765625 0.0984375
1 0.165625 0.71484375 0.08515625 0.0859375
1 0.171875 0.61171875 0.09765625 0.0984375
1 0.0703125 0.6703125 0.09765625 0.0984375
1 0.065625 0.88359375 0.09765625 0.09765625