2 0.47890625 0.296875 0.0734375 0.07421875
2 0.3875 0.37734375 0.0734375 0.0734375
2 0.5796875 0.584375 0.0734375 0.07421875
1 0.1984375 0.4578125 0.08515625 0.0859375
1 0.19375 0.353125 0.08515625 0.0859375
1 0.19375 0.23515625 0.08515625 0.0859375
1 0.1125 0.1921875 0.0859375 0.0859375
1 0.10625 0.29375 0.08515625 0.0859375
1 0.10234375 0.39140625 0.08515625 0.0859375
2 0.38203125 0.26328125 0.06171875 0.06171875
1 0.10625 0.07578125 0.09765625 0.0984375
1 0.20625 0.1015625 0.09765625 0.09765625
1 0.303125 0.0796875 0.09765625 0.0984375
1 0.2953125 0.1984375 0.0859375 0.0859375
1 0.28984375 0.3015625 0.08515625 0.0859375
1 0.2921875 0.43125 0.0859375 0.0859375
1 0.39453125 0.12734375 0.109375 0.11015625
1 0.4953125 0.1890625 0.109375 0.11015625
1 0.50078125 0.0828125 0.11015625 0.11015625
1 0.5796875 0.13828125 0.09765625 0.0984375
1 0.584375 0.23984375 0.109375 0.11015625
1 0.5828125 0.47421875 0.09765625 0.0984375
1 0.7640625 0.24140625 0.0859375 0.0859375
1 0.6765625 0.0953125 0.08515625 0.0859375
1 0.67578125 0.20390625 0.09765625 0.0984375
1 0.678125 0.2953125 0.08515625 0.0859375
1 0.76875 0.13984375 0.08515625 0.0859375
1 0.85859375 0.07890625 0.109375 0.11015625
1 0.86484375 0.19453125 0.11015625 0.11015625
1 0.8625 0.41875 0.09765625 0.0984375
1 0.76484375 0.46640625 0.09765625 0.0984375
1 0.3859375 0.91796875 0.09765625 0.09765625
1 0.2859375 0.8703125 0.0859375 0.0859375
1 0.1921875 0.9109375 0.08515625 0.0859375
1 0.95 0.9078125 0.09765625 0.0984375
1 0.8640625 0.85703125 0.109375 0.11015625
1 0.8640625 0.7453125 0.09765625 0.0984375
1 0.8609375 0.62890625 0.08515625 0.0859375
1 0.8671875 0.52578125 0.09765625 0.0984375
1 0.765625 0.584375 0.09765625 0.0984375
1 0.7609375 0.79765625 0.09765625 0.09765625
1 0.7640625 0.90234375 0.0859375 0.0859375
1 0.67265625 0.8578125 0.08515625 0.0859375
1 0.66953125 0.7375 0.08515625 0.0859375
1 0.67578125 0.521875 0.0859375 0.0859375
1 0.57890625 0.6890625 0.09765625 0.09765625
1 0.57890625 0.8 0.09765625 0.09765625
1 0.578125 0.9125 0.09765625 0.09765625
1 0.48515625 0.85859375 0.09765625 0.0984375
1 0.4890625 0.74609375 0.09765625 0.09765625
1 0.48359375 0.63984375 0.08515625 0.0859375
1 0.48671875 0.53125 0.11015625 0.1109375
1 0.3953125 0.5796875 0.09765625 0.09765625
1 0.38671875 0.68359375 0.09765625 0.09765625
1 0.3796875 0.8015625 0.09765625 0.0984375
1 0.2875 0.7734375 0.08515625 0.0859375
1 0.10703125 0.525 0.08515625 0.0859375
1 0.09453125 0.63359375 0.11015625 0.11015625