2 0.19609375 0.459375 0.0859375 0.08671875
2 0.9515625 0.95078125 0.0734375 0.0734375
1 0.86171875 0.0640625 0.08515625 0.0859375
1 0.85859375 0.17109375 0.09765625 0.0984375
1 0.86328125 0.28203125 0.09765625 0.0984375
1 0.859375 0.396875 0.0859375 0.0859375
1 0.76875 0.1125 0.09765625 0.0984375
1 0.76640625 0.22578125 0.09765625 0.0984375
1 0.76875 0.33359375 0.09765625 0.0984375
1 0.7671875 0.45390625 0.08515625 0.0859375
1 0.67265625 0.06171875 0.109375 0.11015625
1 0.67421875 0.17734375 0.11015625 0.11015625
1 0.67890625 0.27890625 0.09765625 0.0984375
1 0.66796875 0.3875 0.09765625 0.09765625
3 0.47734375 0.06171875 0.11015625 0.11015625
1 0.575 0.1125 0.11015625 0.11015625
1 0.571875 0.228125 0.11015625 0.11015625
1 0.575 0.3453125 0.11015625 0.1109375
1 0.571875 0.453125 0.0859375 0.0859375
1 0.47578125 0.184375 0.0734375 0.07421875
1 0.4796875 0.2828125 0.09765625 0.09765625
1 0.47265625 0.4015625 0.09765625 0.09765625
1 0.3796875 0.11796875 0.109375 0.1109375
1 0.38359375 0.21875 0.109375 0.1109375
1 0.3765625 0.33828125 0.09765625 0.0984375
1 0.37734375 0.4546875 0.08515625 0.0859375
1 0.29140625 0.16328125 0.08515625 0.0859375
1 0.28828125 0.28828125 0.09765625 0.0984375
1 0.29609375 0.39765625 0.09765625 0.0984375
1 0.19375 0.13125 0.08515625 0.0859375
1 0.18671875 0.25 0.08515625 0.0859375
1 0.19375 0.353125 0.0859375 0.0859375
2 0.10859375 0.07734375 0.02421875 0.02421875
2 0.10234375 0.19609375 0.0375 0.0375
2 0.1046875 0.30234375 0.02421875 0.02421875
2 0.09921875 0.415625 0.02421875 0.02421875
2 0.1 0.50234375 0.02421875 0.02421875
2 0.09296875 0.61015625 0.02421875 0.02421875
2 0.19375 0.640625 0.0375 0.0375
1 0.190625 0.5578125 0.109375 0.11015625
1 0.3 0.5015625 0.0859375 0.0859375
1 0.3 0.6109375 0.0734375 0.0734375
1 0.38125 0.5609375 0.09765625 0.0984375
2 0.371875 0.6765625 0.06171875 0.06171875
1 0.47265625 0.50703125 0.09765625 0.0984375
1 0.47734375 0.61484375 0.09765625 0.0984375
1 0.58125 0.5640625 0.09765625 0.09765625
1 0.67265625 0.503125 0.08515625 0.0859375
1 0.67109375 0.6140625 0.09765625 0.09765625
1 0.7703125 0.56171875 0.09765625 0.09765625
1 0.7640625 0.65625 0.08515625 0.0859375
1 0.859375 0.50703125 0.0859375 0.0859375
1 0.8609375 0.61015625 0.0859375 0.0859375
1 0.9546875 0.5515625 0.0859375 0.0859375
1 0.95234375 0.659375 0.0859375 0.0859375
2 0.10078125 0.8109375 0.06171875 0.06171875
1 0.09765625 0.9046875 0.09765625 0.0984375
1 0.1953125 0.85390625 0.09765625 0.0984375
2 0.28515625 0.82109375 0.0484375 0.0484375
1 0.28203125 0.90703125 0.09765625 0.0984375
1 0.3703125 0.85390625 0.0734375 0.0734375
1 0.48125 0.90625 0.121875 0.1234375
1 0.575 0.8515625 0.0734375 0.07421875
1 0.675 0.90703125 0.121875 0.1234375
1 0.765625 0.85859375 0.09765625 0.09765625
2 0.85625 0.91015625 0.0734375 0.07421875
2 0.95 0.853125 0.0609375 0.06171875