2 0.47578125 0.5578125 0.06171875 0.06171875
2 0.2046875 0.6046875 0.06171875 0.06171875
2 0.3984375 0.709375 0.0609375 0.06171875
2 0.7640625 0.62421875 0.0734375 0.07421875
2 0.4796875 0.66484375 0.0734375 0.07421875
2 0.9390625 0.04375 0.0734375 0.07421875
2 0.940625 0.1296875 0.0734375 0.07421875
2 0.8609375 0.096875 0.0734375 0.0734375
2 0.85859375 0.19453125 0.0734375 0.0734375
2 0.95625 0.61875 0.0359375 0.0375
3 0.859375 0.78671875 0.0484375 0.05
3 0.7640625 0.828125 0.0484375 0.0484375
3 0.75859375 0.73828125 0.0484375 0.0484375
3 0.6828125 0.68203125 0.0609375 0.06171875
3 0.58046875 0.7171875 0.0359375 0.0359375
3 0.85625 0.6765625 0.06171875 0.06171875
1 0.86328125 0.903125 0.0859375 0.0859375
1 0.7625 0.9421875 0.09765625 0.09765625
1 0.6765625 0.56328125 0.08515625 0.0859375
1 0.578125 0.60625 0.0859375 0.0859375
2 0.39453125 0.61015625 0.0484375 0.0484375
1 0.67578125 0.89140625 0.09765625 0.09765625
1 0.68515625 0.7734375 0.08515625 0.0859375
1 0.584375 0.8171875 0.11015625 0.1109375
1 0.4859375 0.76953125 0.0859375 0.0859375
1 0.48828125 0.88984375 0.09765625 0.0984375
3 0.38984375 0.9390625 0.11015625 0.1109375
1 0.3984375 0.825 0.109375 0.11015625
1 0.30546875 0.778125 0.11015625 0.11015625
1 0.29765625 0.66328125 0.11015625 0.11015625
1 0.29609375 0.88125 0.109375 0.1109375
1 0.20546875 0.7078125 0.11015625 0.11015625
1 0.20546875 0.821875 0.11015625 0.1109375
1 0.2078125 0.940625 0.109375 0.11015625
1 0.1140625 0.64921875 0.109375 0.11015625
1 0.1109375 0.75625 0.109375 0.1109375
1 0.1125 0.8625 0.09765625 0.09765625
2 0.92421875 0.22890625 0.06171875 0.06171875
1 0.678125 0.1828125 0.0859375 0.0859375
1 0.76015625 0.15 0.08515625 0.0859375
1 0.6828125 0.07734375 0.11015625 0.11015625
1 0.5859375 0.13203125 0.09765625 0.0984375
1 0.58046875 0.240625 0.08515625 0.0859375
1 0.5046875 0.19609375 0.08515625 0.08671875
1 0.49375 0.090625 0.0859375 0.0859375
1 0.38984375 0.1453125 0.109375 0.11015625
1 0.4015625 0.24921875 0.09765625 0.09765625
1 0.2984375 0.0671875 0.09765625 0.0984375
1 0.30390625 0.1859375 0.08515625 0.0859375
1 0.21484375 0.23125 0.0859375 0.0859375
1 0.21015625 0.13203125 0.09765625 0.09765625
1 0.11640625 0.18671875 0.08515625 0.0859375
1 0.1140625 0.08359375 0.09765625 0.0984375