2 0.22578125 0.2515625 0.0734375 0.07421875
2 0.33125 0.55625 0.0734375 0.0734375
2 0.03984375 0.47890625 0.0734375 0.0734375
2 0.22890625 0.60546875 0.0734375 0.07421875
2 0.3171875 0.7515625 0.0734375 0.0734375
2 0.13515625 0.65859375 0.0734375 0.0734375
2 0.403125 0.83359375 0.0734375 0.0734375
2 0.4 0.93671875 0.0734375 0.07421875
1 0.88203125 0.8796875 0.109375 0.11015625
1 0.871875 0.78359375 0.11015625 0.11015625
1 0.79296875 0.9390625 0.09765625 0.09765625
1 0.68828125 0.88828125 0.11015625 0.11015625
1 0.6921875 0.7671875 0.11015625 0.1109375
1 0.5109375 0.7671875 0.09765625 0.0984375
1 0.2265625 0.809375 0.0859375 0.0859375
1 0.21484375 0.92265625 0.0859375 0.0859375
1 0.3265625 0.86484375 0.0859375 0.08671875
1 0.12421875 0.87109375 0.08515625 0.0859375
2 0.33125 0.65 0.0734375 0.0734375
2 0.22734375 0.71484375 0.0734375 0.07421875
1 0.3328125 0.353125 0.0859375 0.0859375
3 0.13203125 0.090625 0.0859375 0.08671875
2 0.0421875 0.13984375 0.0734375 0.07421875
1 0.13046875 0.29609375 0.08515625 0.0859375
1 0.1296875 0.42734375 0.09765625 0.0984375
1 0.13125 0.54296875 0.09765625 0.09765625
1 0.228125 0.4859375 0.109375 0.11015625
1 0.225 0.36796875 0.09765625 0.0984375
2 0.51171875 0.440625 0.0484375 0.0484375
1 0.5109375 0.5421875 0.08515625 0.0859375
1 0.5140625 0.6578125 0.0859375 0.08671875
1 0.890625 0.09765625 0.0859375 0.0859375
1 0.875 0.225 0.09765625 0.0984375
1 0.88125 0.334375 0.09765625 0.0984375
1 0.87734375 0.44375 0.11015625 0.11015625
1 0.88359375 0.55546875 0.109375 0.11015625
1 0.8796875 0.6671875 0.11015625 0.11015625
1 0.79609375 0.721875 0.09765625 0.09765625
1 0.7921875 0.584375 0.09765625 0.09765625
1 0.7890625 0.48515625 0.09765625 0.0984375
1 0.7890625 0.3953125 0.09765625 0.0984375
1 0.7953125 0.271875 0.09765625 0.0984375
1 0.69375 0.6609375 0.09765625 0.0984375
1 0.69375 0.5453125 0.08515625 0.0859375
1 0.603125 0.05 0.09765625 0.0984375
1 0.5984375 0.1671875 0.109375 0.11015625
1 0.5953125 0.27265625 0.109375 0.11015625
1 0.5109375 0.10234375 0.09765625 0.0984375
1 0.50546875 0.2140625 0.11015625 0.11015625
1 0.50234375 0.32890625 0.11015625 0.11015625
1 0.4109375 0.27265625 0.109375 0.1109375
1 0.4203125 0.1390625 0.09765625 0.09765625
1 0.325 0.0984375 0.11015625 0.11015625
1 0.321875 0.24296875 0.11015625 0.11015625
1 0.415625 0.3796875 0.109375 0.11015625
1 0.415625 0.4875 0.0859375 0.0859375
1 0.225 0.04609375 0.08515625 0.0859375
1 0.41015625 0.7203125 0.0859375 0.0859375