1 0.9390625 0.13984375 0.109375 0.11015625
1 0.93828125 0.2515625 0.11015625 0.1109375
1 0.84453125 0.07890625 0.09765625 0.09765625
1 0.84609375 0.1890625 0.11015625 0.1109375
1 0.84609375 0.3078125 0.11015625 0.11015625
1 0.7453125 0.146875 0.09765625 0.09765625
1 0.7546875 0.2640625 0.109375 0.11015625
2 0.65546875 0.09296875 0.0609375 0.06171875
1 0.6515625 0.2 0.109375 0.11015625
1 0.653125 0.31015625 0.109375 0.11015625
1 0.55625 0.1359375 0.11015625 0.11015625
1 0.56015625 0.25625 0.11015625 0.11015625
2 0.46328125 0.0734375 0.06171875 0.06171875
1 0.4640625 0.19453125 0.11015625 0.11015625
1 0.4640625 0.3109375 0.109375 0.11015625
2 0.36875 0.03203125 0.06171875 0.06171875
1 0.3703125 0.1421875 0.109375 0.11015625
1 0.36875 0.2609375 0.109375 0.11015625
1 0.27421875 0.0984375 0.0859375 0.0859375
1 0.27421875 0.1984375 0.109375 0.11015625
1 0.2765625 0.30703125 0.09765625 0.0984375
1 0.1828125 0.13828125 0.11015625 0.11015625
1 0.184375 0.25078125 0.11015625 0.11015625
1 0.08828125 0.084375 0.11015625 0.11015625
1 0.0890625 0.184375 0.109375 0.11015625
1 0.084375 0.2984375 0.109375 0.1109375
1 0.18671875 0.3578125 0.11015625 0.1109375
1 0.075 0.4078125 0.11015625 0.1109375
1 0.0859375 0.52265625 0.109375 0.11015625
1 0.08671875 0.63515625 0.109375 0.11015625
1 0.17890625 0.47265625 0.11015625 0.1109375
1 0.175 0.5828125 0.11015625 0.11015625
1 0.18125 0.68671875 0.109375 0.11015625
1 0.2796875 0.409375 0.09765625 0.09765625
1 0.275 0.52421875 0.11015625 0.1109375
1 0.271875 0.6328125 0.11015625 0.1109375
1 0.37421875 0.3609375 0.09765625 0.0984375
1 0.375 0.46796875 0.09765625 0.0984375
1 0.3734375 0.5796875 0.09765625 0.09765625
1 0.36875 0.6890625 0.09765625 0.09765625
1 0.4640625 0.41953125 0.11015625 0.11015625
1 0.46171875 0.5296875 0.109375 0.11015625
1 0.46015625 0.6375 0.109375 0.11015625
1 0.46171875 0.7375 0.109375 0.1109375
1 0.55546875 0.365625 0.11015625 0.11015625
1 0.5578125 0.47734375 0.11015625 0.11015625
1 0.559375 0.5796875 0.11015625 0.11015625
1 0.5546875 0.69765625 0.09765625 0.0984375
1 0.64765625 0.425 0.109375 0.11015625
1 0.65234375 0.534375 0.09765625 0.0984375
1 0.65078125 0.63828125 0.11015625 0.11015625
1 0.75390625 0.3609375 0.09765625 0.0984375
1 0.75 0.46953125 0.09765625 0.0984375
1 0.75703125 0.584375 0.109375 0.11015625
1 0.75859375 0.69609375 0.11015625 0.11015625
1 0.846875 0.41875 0.11015625 0.11015625
1 0.8484375 0.528125 0.109375 0.11015625
1 0.846875 0.63125 0.109375 0.11015625
1 0.93984375 0.47578125 0.11015625 0.11015625
1 0.9421875 0.5796875 0.11015625 0.11015625
1 0.9359375 0.6921875 0.11015625 0.11015625
1 0.94140625 0.80625 0.109375 0.11015625
1 0.93828125 0.91484375 0.109375 0.11015625
1 0.85078125 0.75234375 0.109375 0.11015625
1 0.85 0.8609375 0.09765625 0.0984375
1 0.7546875 0.81484375 0.11015625 0.11015625
1 0.75859375 0.928125 0.11015625 0.11015625
1 0.64765625 0.7515625 0.11015625 0.11015625
1 0.653125 0.8625 0.11015625 0.11015625
1 0.55546875 0.81328125 0.09765625 0.09765625
1 0.5609375 0.925 0.09765625 0.09765625
1 0.4609375 0.85859375 0.109375 0.1109375
1 0.3703125 0.80078125 0.11015625 0.1109375
1 0.36796875 0.9109375 0.11015625 0.11015625
1 0.2703125 0.7453125 0.11015625 0.11015625
1 0.271875 0.86484375 0.11015625 0.11015625
1 0.1796875 0.803125 0.109375 0.11015625
1 0.1765625 0.91171875 0.109375 0.11015625
1 0.08203125 0.7484375 0.109375 0.11015625
1 0.08515625 0.8609375 0.109375 0.11015625