3 0.95078125 0.82265625 0.06171875 0.06171875
1 0.853125 0.65078125 0.09765625 0.0984375
1 0.86640625 0.22890625 0.109375 0.11015625
1 0.86328125 0.365625 0.109375 0.11015625
1 0.85546875 0.446875 0.0859375 0.0859375
1 0.86328125 0.54921875 0.109375 0.11015625
1 0.77421875 0.28125 0.0859375 0.0859375
1 0.7640625 0.37578125 0.109375 0.1109375
1 0.7609375 0.475 0.11015625 0.11015625
1 0.77421875 0.5890625 0.11015625 0.11015625
1 0.6703125 0.5375 0.11015625 0.11015625
1 0.67109375 0.45234375 0.09765625 0.0984375
1 0.675 0.3421875 0.09765625 0.0984375
1 0.67890625 0.23203125 0.109375 0.11015625
1 0.578125 0.18046875 0.109375 0.1109375
1 0.57734375 0.284375 0.11015625 0.11015625
1 0.57734375 0.40078125 0.11015625 0.11015625
1 0.56953125 0.5125 0.11015625 0.11015625
1 0.86015625 0.87578125 0.0859375 0.0859375
1 0.76875 0.8390625 0.109375 0.11015625
1 0.76171875 0.76484375 0.09765625 0.0984375
1 0.6703125 0.8 0.11015625 0.11015625
1 0.671875 0.89609375 0.09765625 0.0984375
1 0.2828125 0.6671875 0.09765625 0.09765625
1 0.48359375 0.22890625 0.109375 0.11015625
1 0.47734375 0.34296875 0.11015625 0.11015625
1 0.4796875 0.45390625 0.09765625 0.0984375
2 0.47734375 0.5671875 0.0734375 0.0734375
1 0.38359375 0.2703125 0.0859375 0.0859375
1 0.37890625 0.3875 0.09765625 0.0984375
1 0.378125 0.50859375 0.11015625 0.11015625
1 0.3796875 0.621875 0.109375 0.11015625
1 0.2828125 0.22578125 0.0859375 0.0859375
1 0.2875 0.3453125 0.09765625 0.09765625
1 0.28046875 0.44453125 0.09765625 0.09765625
1 0.28828125 0.5578125 0.109375 0.1109375
1 0.19140625 0.275 0.109375 0.1109375
1 0.1921875 0.3859375 0.109375 0.1109375
0 0.1921875 0.48125 0.09765625 0.0984375
1 0.18828125 0.6109375 0.109375 0.11015625
1 0.18828125 0.73828125 0.09765625 0.09765625
1 0.1859375 0.9375 0.109375 0.1109375
1 0.1015625 0.79140625 0.09765625 0.0984375
1 0.0984375 0.6796875 0.11015625 0.1109375
1 0.09921875 0.55625 0.11015625 0.11015625
1 0.0953125 0.44609375 0.109375 0.11015625
1 0.1 0.33359375 0.109375 0.11015625
1 0.0890625 0.2375 0.11015625 0.11015625
1 0.865625 0.1140625 0.109375 0.1109375
1 0.78203125 0.07109375 0.0859375 0.0859375
1 0.7765625 0.1734375 0.08515625 0.0859375
1 0.6734375 0.13515625 0.109375 0.11015625
1 0.58671875 0.07734375 0.09765625 0.0984375
1 0.48515625 0.1234375 0.09765625 0.09765625
1 0.38671875 0.1703125 0.0859375 0.0859375
1 0.39140625 0.06953125 0.09765625 0.0984375
1 0.290625 0.1265625 0.109375 0.11015625
1 0.19921875 0.175 0.109375 0.1109375
1 0.19609375 0.06328125 0.11015625 0.11015625
1 0.096875 0.121875 0.11015625 0.11015625