2 0.48359375 0.0796875 0.0734375 0.0734375
2 0.1 0.95625 0.0734375 0.0734375
3 0.765625 0.67734375 0.0859375 0.08671875
2 0.10390625 0.0625 0.0734375 0.07421875
1 0.10078125 0.1953125 0.09765625 0.09765625
1 0.1 0.296875 0.11015625 0.1109375
1 0.09609375 0.40703125 0.11015625 0.11015625
1 0.19921875 0.12578125 0.0859375 0.0859375
1 0.2 0.24296875 0.09765625 0.09765625
1 0.20234375 0.35546875 0.09765625 0.09765625
2 0.284375 0.06171875 0.0609375 0.06171875
2 0.2921875 0.16796875 0.0859375 0.0859375
1 0.290625 0.303125 0.09765625 0.09765625
1 0.28984375 0.3890625 0.09765625 0.09765625
2 0.3890625 0.14375 0.0734375 0.0734375
1 0.38984375 0.24375 0.109375 0.11015625
1 0.39140625 0.35625 0.109375 0.11015625
1 0.48359375 0.190625 0.08515625 0.0859375
1 0.48203125 0.30234375 0.11015625 0.11015625
1 0.4796875 0.41484375 0.121875 0.1234375
1 0.58515625 0.13203125 0.109375 0.11015625
1 0.571875 0.2453125 0.109375 0.11015625
1 0.57578125 0.3546875 0.11015625 0.11015625
1 0.675 0.0875 0.121875 0.1234375
1 0.68125 0.184375 0.109375 0.11015625
1 0.68671875 0.3 0.109375 0.11015625
1 0.6796875 0.4078125 0.109375 0.11015625
1 0.78203125 0.2359375 0.0859375 0.0859375
1 0.765625 0.35390625 0.109375 0.11015625
1 0.8703125 0.0796875 0.121875 0.1234375
1 0.8703125 0.1890625 0.11015625 0.1109375
1 0.86875 0.29140625 0.11015625 0.11015625
1 0.86171875 0.40703125 0.11015625 0.11015625
2 0.96171875 0.7765625 0.0734375 0.0734375
2 0.9625 0.8734375 0.0734375 0.0734375
1 0.8671875 0.51484375 0.109375 0.11015625
1 0.86640625 0.6265625 0.109375 0.11015625
1 0.76953125 0.4671875 0.109375 0.11015625
1 0.77265625 0.5796875 0.0859375 0.0859375
1 0.675 0.5109375 0.11015625 0.11015625
1 0.67109375 0.621875 0.11015625 0.11015625
1 0.67578125 0.7328125 0.09765625 0.0984375
1 0.571875 0.4640625 0.11015625 0.11015625
1 0.5828125 0.69375 0.09765625 0.0984375
1 0.57421875 0.78984375 0.09765625 0.09765625
1 0.478125 0.51640625 0.109375 0.11015625
1 0.478125 0.63203125 0.121875 0.1234375
1 0.4828125 0.73125 0.121875 0.1234375
1 0.38984375 0.46953125 0.109375 0.11015625
1 0.384375 0.5734375 0.121875 0.1234375
1 0.38125 0.6796875 0.121875 0.1234375
1 0.378125 0.79375 0.121875 0.1234375
1 0.284375 0.5171875 0.121875 0.1234375
1 0.28984375 0.625 0.121875 0.1234375
1 0.28984375 0.7328125 0.121875 0.1234375
1 0.29140625 0.84609375 0.11015625 0.11015625
1 0.1984375 0.46875 0.121875 0.1234375
1 0.19609375 0.57421875 0.121875 0.1234375
1 0.19375 0.67265625 0.121875 0.1234375
1 0.19375 0.79375 0.121875 0.1234375
1 0.1984375 0.9015625 0.109375 0.11015625
1 0.10390625 0.5109375 0.121875 0.1234375
1 0.10234375 0.628125 0.121875 0.1234375
1 0.10078125 0.7390625 0.121875 0.1234375
1 0.09765625 0.85 0.09765625 0.0984375
0 0.3921875 0.90234375 0.09765625 0.09765625