1 0.909375 0.32109375 0.09765625 0.0984375
1 0.9125 0.3921875 0.0859375 0.0859375
1 0.90703125 0.50703125 0.11015625 0.1109375
1 0.9 0.63125 0.11015625 0.11015625
1 0.90234375 0.7359375 0.109375 0.11015625
1 0.90625 0.8359375 0.09765625 0.09765625
1 0.80546875 0.2359375 0.09765625 0.0984375
1 0.8125 0.34921875 0.09765625 0.0984375
1 0.809375 0.4625 0.0859375 0.08671875
1 0.8125 0.56796875 0.09765625 0.0984375
1 0.8140625 0.68203125 0.09765625 0.0984375
1 0.8109375 0.790625 0.09765625 0.0984375
1 0.815625 0.896875 0.08515625 0.08671875
1 0.7203125 0.290625 0.09765625 0.0984375
1 0.7171875 0.40234375 0.09765625 0.09765625
1 0.7171875 0.5046875 0.0859375 0.0859375
1 0.71796875 0.615625 0.09765625 0.0984375
1 0.7171875 0.73203125 0.09765625 0.0984375
1 0.7140625 0.83828125 0.09765625 0.0984375
1 0.62109375 0.34609375 0.109375 0.11015625
1 0.628125 0.459375 0.09765625 0.0984375
1 0.61953125 0.57109375 0.08515625 0.0859375
1 0.61953125 0.709375 0.08515625 0.0859375
1 0.61640625 0.7953125 0.08515625 0.0859375
1 0.61796875 0.89765625 0.109375 0.11015625
1 0.53046875 0.29140625 0.11015625 0.11015625
1 0.5296875 0.40625 0.109375 0.1109375
1 0.53046875 0.51328125 0.09765625 0.0984375
1 0.5265625 0.621875 0.09765625 0.09765625
1 0.534375 0.73671875 0.09765625 0.0984375
1 0.525 0.846875 0.11015625 0.11015625
1 0.44296875 0.34765625 0.08515625 0.0859375
1 0.4375 0.45625 0.09765625 0.0984375
1 0.4296875 0.5734375 0.09765625 0.0984375
1 0.434375 0.67109375 0.09765625 0.0984375
1 0.43203125 0.78984375 0.08515625 0.0859375
1 0.43046875 0.89765625 0.09765625 0.0984375
1 0.346875 0.29375 0.08515625 0.0859375
1 0.340625 0.40703125 0.09765625 0.09765625
1 0.3375 0.51015625 0.09765625 0.0984375
1 0.33515625 0.6234375 0.09765625 0.0984375
1 0.33125 0.7390625 0.0859375 0.0859375
1 0.334375 0.84453125 0.09765625 0.0984375
1 0.33515625 0.94375 0.09765625 0.09765625
1 0.2328125 0.89140625 0.11015625 0.11015625
1 0.23515625 0.7796875 0.109375 0.1109375
1 0.2359375 0.6671875 0.11015625 0.11015625
3 0.24921875 0.559375 0.09765625 0.09765625
1 0.23984375 0.45234375 0.11015625 0.11015625
1 0.24375 0.34296875 0.11015625 0.11015625
3 0.146875 0.29765625 0.09765625 0.09765625
1 0.140625 0.4015625 0.09765625 0.0984375
1 0.1421875 0.5109375 0.09765625 0.0984375
1 0.1453125 0.61640625 0.109375 0.11015625
1 0.13984375 0.73515625 0.11015625 0.11015625
1 0.14140625 0.8390625 0.11015625 0.1109375
1 0.05078125 0.4578125 0.09765625 0.0984375
1 0.05 0.68046875 0.0859375 0.08671875
3 0.72109375 0.059375 0.06171875 0.06171875
1 0.8140625 0.12890625 0.08515625 0.0859375
1 0.9109375 0.0875 0.0859375 0.0859375
1 0.9109375 0.178125 0.0859375 0.0859375
1 0.71953125 0.17734375 0.109375 0.11015625
1 0.62578125 0.23984375 0.11015625 0.11015625
1 0.53359375 0.18984375 0.11015625 0.11015625
1 0.63125 0.1125 0.0859375 0.0859375
1 0.5390625 0.07578125 0.109375 0.11015625
1 0.4421875 0.13203125 0.09765625 0.0984375
1 0.44375 0.221875 0.109375 0.11015625
1 0.33984375 0.1859375 0.109375 0.11015625
1 0.24296875 0.23359375 0.11015625 0.11015625
1 0.14765625 0.1921875 0.109375 0.11015625