1 0.20703125 0.115625 0.109375 0.11015625
1 0.8828125 0.06015625 0.09765625 0.0984375
1 0.8796875 0.17109375 0.09765625 0.0984375
1 0.77578125 0.1140625 0.11015625 0.11015625
1 0.684375 0.06875 0.11015625 0.11015625
1 0.68359375 0.178125 0.109375 0.1109375
1 0.590625 0.12421875 0.09765625 0.09765625
1 0.496875 0.06328125 0.109375 0.1109375
1 0.49140625 0.16328125 0.11015625 0.1109375
1 0.39921875 0.11484375 0.11015625 0.11015625
1 0.3078125 0.06328125 0.109375 0.11015625
1 0.1109375 0.06015625 0.109375 0.11015625
2 0.1140625 0.1734375 0.0484375 0.05
2 0.20625 0.228125 0.0484375 0.05
2 0.30078125 0.165625 0.0484375 0.0484375
1 0.1109375 0.2859375 0.109375 0.11015625
1 0.2078125 0.33515625 0.109375 0.1109375
1 0.3109375 0.39375 0.0859375 0.0859375
1 0.30390625 0.28125 0.08515625 0.0859375
2 0.40078125 0.2328125 0.08515625 0.0859375
1 0.39765625 0.3390625 0.08515625 0.0859375
1 0.40546875 0.44609375 0.09765625 0.09765625
1 0.4 0.55078125 0.09765625 0.09765625
1 0.3953125 0.6671875 0.09765625 0.0984375
2 0.49453125 0.28046875 0.0734375 0.0734375
1 0.49765625 0.3921875 0.08515625 0.0859375
1 0.496875 0.609375 0.0734375 0.07421875
1 0.5828125 0.22734375 0.09765625 0.0984375
1 0.5890625 0.33671875 0.09765625 0.0984375
1 0.584375 0.4515625 0.09765625 0.0984375
1 0.59375 0.5625 0.09765625 0.09765625
1 0.5953125 0.67265625 0.09765625 0.09765625
1 0.6859375 0.28203125 0.11015625 0.11015625
1 0.68671875 0.39609375 0.11015625 0.11015625
1 0.68125 0.50234375 0.109375 0.11015625
1 0.68046875 0.6203125 0.109375 0.11015625
1 0.68125 0.728125 0.109375 0.1109375
1 0.78046875 0.23125 0.11015625 0.11015625
1 0.778125 0.3421875 0.11015625 0.11015625
1 0.771875 0.45078125 0.11015625 0.11015625
1 0.7796875 0.56328125 0.11015625 0.11015625
1 0.78125 0.67109375 0.109375 0.11015625
1 0.88203125 0.28359375 0.109375 0.11015625
1 0.88203125 0.3921875 0.09765625 0.0984375
1 0.87734375 0.5046875 0.11015625 0.11015625
1 0.88046875 0.615625 0.11015625 0.11015625
1 0.8796875 0.73125 0.11015625 0.11015625
3 0.8703125 0.83828125 0.11015625 0.11015625
1 0.86953125 0.9609375 0.0734375 0.07421875
1 0.7703125 0.78359375 0.109375 0.11015625
1 0.7734375 0.89453125 0.109375 0.1109375
1 0.684375 0.83203125 0.109375 0.1109375
1 0.68515625 0.9390625 0.08515625 0.0859375
1 0.584375 0.7984375 0.11015625 0.1109375
1 0.5875 0.90703125 0.08515625 0.0859375
1 0.4953125 0.740625 0.08515625 0.0859375
2 0.50234375 0.85390625 0.02421875 0.02421875
2 0.49609375 0.97265625 0.0375 0.0375
1 0.403125 0.77578125 0.09765625 0.0984375
1 0.4015625 0.88125 0.09765625 0.0984375