2 0.525 0.32890625 0.0734375 0.0734375
2 0.43203125 0.4015625 0.0734375 0.07421875
2 0.728125 0.559375 0.0734375 0.0734375
2 0.61015625 0.603125 0.06171875 0.06171875
1 0.8953125 0.896875 0.109375 0.11015625
1 0.896875 0.7828125 0.09765625 0.0984375
1 0.90703125 0.6671875 0.109375 0.1109375
1 0.8984375 0.565625 0.109375 0.11015625
1 0.90859375 0.440625 0.11015625 0.11015625
1 0.9015625 0.2359375 0.09765625 0.09765625
1 0.81328125 0.17109375 0.109375 0.11015625
1 0.80546875 0.5125 0.11015625 0.11015625
1 0.815625 0.625 0.0859375 0.0859375
1 0.71640625 0.228125 0.11015625 0.1109375
1 0.62578125 0.20390625 0.109375 0.11015625
1 0.61796875 0.3 0.09765625 0.09765625
1 0.52265625 0.22734375 0.09765625 0.0984375
1 0.53046875 0.45625 0.09765625 0.09765625
1 0.72265625 0.4375 0.0859375 0.0859375
1 0.7234375 0.68359375 0.09765625 0.09765625
1 0.70546875 0.78359375 0.11015625 0.11015625
1 0.70234375 0.86953125 0.11015625 0.11015625
1 0.8078125 0.87890625 0.109375 0.1109375
1 0.7984375 0.73515625 0.09765625 0.0984375
3 0.60703125 0.69375 0.0734375 0.0734375
1 0.6109375 0.79921875 0.09765625 0.0984375
1 0.60703125 0.9078125 0.11015625 0.11015625
1 0.5234375 0.86796875 0.09765625 0.09765625
1 0.528125 0.790625 0.09765625 0.0984375
1 0.4359375 0.17109375 0.09765625 0.09765625
1 0.4265625 0.2796875 0.0859375 0.0859375
1 0.43828125 0.5078125 0.09765625 0.09765625
1 0.33984375 0.46953125 0.0859375 0.0859375
1 0.3421875 0.56171875 0.11015625 0.11015625
1 0.33515625 0.67421875 0.09765625 0.0984375
2 0.4265625 0.81484375 0.0734375 0.0734375
1 0.4328125 0.91328125 0.09765625 0.0984375
1 0.24921875 0.1703125 0.09765625 0.0984375
3 0.2421875 0.28515625 0.0859375 0.0859375
1 0.24453125 0.390625 0.08515625 0.0859375
1 0.2453125 0.50703125 0.11015625 0.11015625
1 0.24921875 0.615625 0.11015625 0.11015625
1 0.2484375 0.725 0.109375 0.11015625
1 0.2453125 0.84296875 0.09765625 0.0984375
1 0.153125 0.13671875 0.09765625 0.09765625
1 0.1578125 0.228125 0.09765625 0.0984375
1 0.14375 0.33203125 0.09765625 0.09765625
1 0.14453125 0.459375 0.09765625 0.0984375
1 0.13984375 0.56875 0.09765625 0.0984375
1 0.1359375 0.67421875 0.09765625 0.0984375
1 0.146875 0.7828125 0.08515625 0.0859375
1 0.0515625 0.83125 0.08515625 0.0859375
1 0.06015625 0.18359375 0.11015625 0.1109375
1 0.0640625 0.30859375 0.121875 0.1234375
1 0.05703125 0.4140625 0.08515625 0.0859375
1 0.7171875 0.13046875 0.09765625 0.0984375
1 0.625 0.11015625 0.109375 0.11015625
1 0.528125 0.1265625 0.11015625 0.11015625
1 0.43359375 0.05859375 0.09765625 0.09765625
1 0.24140625 0.059375 0.0859375 0.0859375
1 0.0671875 0.09140625 0.11015625 0.11015625