2 0.340625 0.2453125 0.06171875 0.06171875
2 0.06875 0.2921875 0.06171875 0.06171875
2 0.2625 0.396875 0.0609375 0.06171875
2 0.628125 0.31171875 0.0734375 0.07421875
2 0.34453125 0.35234375 0.0734375 0.07421875
2 0.82109375 0.30625 0.0359375 0.0375
3 0.7234375 0.47421875 0.0484375 0.05
3 0.628125 0.515625 0.0484375 0.0484375
3 0.6234375 0.42578125 0.0484375 0.0484375
3 0.546875 0.36953125 0.0609375 0.06171875
3 0.44453125 0.4046875 0.0359375 0.0359375
1 0.82734375 0.4140625 0.0859375 0.0859375
3 0.7203125 0.3640625 0.06171875 0.06171875
2 0.9015625 0.3625 0.02421875 0.025
1 0.91796875 0.48984375 0.09765625 0.0984375
1 0.91875 0.59375 0.09765625 0.09765625
1 0.9125 0.7109375 0.09765625 0.09765625
1 0.91484375 0.81328125 0.08515625 0.0859375
1 0.915625 0.92421875 0.109375 0.11015625
1 0.82109375 0.8546875 0.09765625 0.0984375
1 0.8203125 0.753125 0.0859375 0.0859375
1 0.81875 0.64296875 0.09765625 0.0984375
1 0.81953125 0.52734375 0.109375 0.1109375
1 0.72734375 0.590625 0.0859375 0.0859375
1 0.72734375 0.6796875 0.09765625 0.09765625
1 0.7265625 0.78828125 0.09765625 0.0984375
1 0.728125 0.89765625 0.109375 0.11015625
1 0.6265625 0.85 0.11015625 0.11015625
1 0.63125 0.73515625 0.09765625 0.09765625
1 0.6265625 0.6296875 0.09765625 0.09765625
1 0.540625 0.25078125 0.08515625 0.0859375
1 0.4421875 0.29375 0.0859375 0.0859375
2 0.25859375 0.29765625 0.0484375 0.0484375
1 0.53984375 0.57890625 0.09765625 0.09765625
1 0.54921875 0.4609375 0.08515625 0.0859375
1 0.53515625 0.70703125 0.0859375 0.0859375
3 0.53984375 0.8078125 0.09765625 0.0984375
1 0.53984375 0.9015625 0.09765625 0.0984375
1 0.440625 0.85078125 0.109375 0.11015625
1 0.4390625 0.74296875 0.09765625 0.09765625
1 0.4484375 0.63515625 0.109375 0.11015625
1 0.4484375 0.5046875 0.11015625 0.1109375
1 0.35078125 0.45703125 0.0859375 0.0859375
1 0.35234375 0.57734375 0.09765625 0.0984375
1 0.3484375 0.6890625 0.09765625 0.09765625
1 0.3421875 0.803125 0.11015625 0.1109375
1 0.3546875 0.90703125 0.11015625 0.11015625
1 0.2515625 0.84453125 0.109375 0.11015625
1 0.25703125 0.7390625 0.109375 0.11015625
3 0.2546875 0.6265625 0.11015625 0.1109375
1 0.2625 0.5125 0.109375 0.11015625
1 0.16953125 0.465625 0.11015625 0.11015625
1 0.16171875 0.35078125 0.11015625 0.11015625
1 0.16015625 0.56875 0.109375 0.1109375
1 0.16328125 0.6703125 0.09765625 0.09765625
1 0.15859375 0.79453125 0.11015625 0.11015625
1 0.1671875 0.88828125 0.11015625 0.11015625
1 0.06953125 0.3953125 0.11015625 0.11015625
1 0.06953125 0.509375 0.11015625 0.1109375
1 0.071875 0.628125 0.109375 0.11015625
1 0.0640625 0.72578125 0.109375 0.1109375
1 0.06875 0.82890625 0.109375 0.11015625