1 0.51171875 0.5765625 0.109375 0.11015625
1 0.128125 0.1390625 0.11015625 0.11015625
1 0.22578125 0.084375 0.09765625 0.0984375
1 0.22734375 0.20078125 0.09765625 0.0984375
1 0.325 0.14375 0.09765625 0.0984375
1 0.415625 0.090625 0.109375 0.1109375
1 0.4125 0.196875 0.109375 0.11015625
1 0.5109375 0.140625 0.11015625 0.1109375
1 0.60546875 0.0828125 0.109375 0.11015625
1 0.70234375 0.13828125 0.109375 0.11015625
1 0.79609375 0.08828125 0.11015625 0.11015625
1 0.7984375 0.19375 0.109375 0.11015625
1 0.896875 0.13671875 0.08515625 0.0859375
1 0.89921875 0.24765625 0.09765625 0.0984375
1 0.90234375 0.35546875 0.0859375 0.0859375
1 0.89140625 0.46875 0.09765625 0.09765625
1 0.8953125 0.58515625 0.09765625 0.09765625
1 0.79765625 0.30625 0.109375 0.11015625
1 0.8 0.41015625 0.109375 0.1109375
1 0.8015625 0.52421875 0.109375 0.1109375
1 0.79609375 0.62421875 0.11015625 0.1109375
1 0.7 0.25078125 0.109375 0.11015625
1 0.7015625 0.3609375 0.11015625 0.1109375
1 0.6984375 0.46875 0.11015625 0.1109375
1 0.70390625 0.57578125 0.11015625 0.11015625
1 0.60234375 0.19453125 0.11015625 0.1109375
1 0.60390625 0.3015625 0.11015625 0.1109375
1 0.6078125 0.41953125 0.11015625 0.11015625
1 0.6125 0.52421875 0.109375 0.11015625
1 0.5140625 0.2578125 0.11015625 0.1109375
1 0.5125 0.3625 0.09765625 0.0984375
1 0.509375 0.46953125 0.109375 0.11015625
1 0.4171875 0.30546875 0.09765625 0.0984375
1 0.4125 0.41640625 0.109375 0.11015625
1 0.415625 0.52109375 0.109375 0.11015625
2 0.41875 0.634375 0.0484375 0.05
2 0.5109375 0.6890625 0.0484375 0.05
2 0.60546875 0.6265625 0.0484375 0.0484375
1 0.3171875 0.24921875 0.109375 0.11015625
1 0.32265625 0.36484375 0.11015625 0.11015625
1 0.32265625 0.475 0.11015625 0.11015625
1 0.32578125 0.5875 0.11015625 0.11015625
1 0.325 0.69375 0.08515625 0.0859375
1 0.22734375 0.30234375 0.09765625 0.0984375
1 0.2234375 0.4125 0.11015625 0.11015625
1 0.228125 0.52421875 0.09765625 0.0984375
1 0.13359375 0.253125 0.109375 0.11015625
1 0.13125 0.36171875 0.109375 0.11015625
1 0.1359375 0.47109375 0.109375 0.11015625
1 0.134375 0.57578125 0.109375 0.11015625
1 0.1359375 0.696875 0.0734375 0.07421875
1 0.13359375 0.8015625 0.0859375 0.08671875
1 0.2203125 0.746875 0.0734375 0.0734375
1 0.32578125 0.7953125 0.11015625 0.11015625
1 0.415625 0.746875 0.109375 0.11015625
1 0.5125 0.79609375 0.109375 0.1109375
1 0.615625 0.8546875 0.0859375 0.0859375
1 0.60859375 0.7421875 0.08515625 0.0859375
2 0.70546875 0.69375 0.08515625 0.0859375
1 0.70234375 0.8 0.08515625 0.0859375
1 0.71015625 0.90703125 0.09765625 0.09765625
2 0.79921875 0.74140625 0.0734375 0.0734375
1 0.80234375 0.853125 0.08515625 0.0859375
1 0.8875 0.68828125 0.09765625 0.0984375
1 0.89375 0.79765625 0.09765625 0.0984375
1 0.8890625 0.9125 0.09765625 0.0984375