2 0.04609375 0.425 0.0734375 0.0734375
1 0.8828125 0.81484375 0.109375 0.11015625
1 0.871875 0.70703125 0.11015625 0.1109375
1 0.878125 0.59375 0.109375 0.1109375
1 0.88359375 0.49453125 0.09765625 0.0984375
1 0.8890625 0.13359375 0.109375 0.11015625
1 0.8890625 0.278125 0.109375 0.11015625
1 0.884375 0.36796875 0.09765625 0.0984375
1 0.7796875 0.09140625 0.109375 0.11015625
1 0.78828125 0.31953125 0.09765625 0.09765625
1 0.7890625 0.42578125 0.09765625 0.09765625
1 0.7890625 0.5390625 0.09765625 0.09765625
1 0.78515625 0.65234375 0.09765625 0.09765625
2 0.625 0.2828125 0.0484375 0.05
1 0.68984375 0.1421875 0.11015625 0.11015625
1 0.69375 0.5 0.09765625 0.09765625
1 0.690625 0.5890625 0.11015625 0.11015625
1 0.690625 0.71015625 0.09765625 0.0984375
1 0.6921875 0.80546875 0.11015625 0.1109375
1 0.7765625 0.75859375 0.11015625 0.1109375
1 0.59375 0.753125 0.09765625 0.0984375
1 0.59765625 0.63359375 0.0859375 0.0859375
1 0.59765625 0.534375 0.109375 0.11015625
1 0.509375 0.47109375 0.09765625 0.0984375
1 0.52265625 0.615625 0.109375 0.11015625
1 0.509375 0.71171875 0.109375 0.11015625
1 0.4953125 0.8140625 0.09765625 0.09765625
1 0.4140625 0.76484375 0.109375 0.11015625
1 0.41015625 0.646875 0.109375 0.11015625
0 0.41171875 0.5484375 0.08515625 0.0859375
1 0.415625 0.0828125 0.0859375 0.0859375
1 0.41796875 0.1796875 0.09765625 0.09765625
1 0.409375 0.4265625 0.09765625 0.09765625
1 0.315625 0.3828125 0.08515625 0.0859375
1 0.3109375 0.490625 0.09765625 0.0984375
1 0.3109375 0.5921875 0.09765625 0.09765625
1 0.3109375 0.7078125 0.109375 0.11015625
1 0.31171875 0.80546875 0.11015625 0.11015625
1 0.2140625 0.76328125 0.109375 0.11015625
1 0.21484375 0.64921875 0.09765625 0.0984375
1 0.22578125 0.5328125 0.109375 0.1109375
1 0.2171875 0.43203125 0.109375 0.11015625
1 0.22734375 0.30703125 0.11015625 0.11015625
1 0.21953125 0.10234375 0.09765625 0.09765625
1 0.1234375 0.378125 0.11015625 0.11015625
1 0.13359375 0.49140625 0.0859375 0.0859375
1 0.12578125 0.7453125 0.109375 0.1109375
1 0.1171875 0.60078125 0.09765625 0.0984375