1 0.92265625 0.8296875 0.109375 0.11015625
1 0.9234375 0.7375 0.11015625 0.1109375
1 0.9296875 0.61015625 0.109375 0.11015625
1 0.81953125 0.5671875 0.11015625 0.11015625
1 0.8171875 0.66953125 0.109375 0.11015625
1 0.825 0.78671875 0.09765625 0.0984375
1 0.825 0.89609375 0.09765625 0.0984375
1 0.7375 0.61875 0.109375 0.11015625
1 0.734375 0.75546875 0.109375 0.11015625
1 0.7265625 0.83671875 0.0859375 0.0859375
1 0.734375 0.9390625 0.109375 0.11015625
1 0.6453125 0.67109375 0.0859375 0.0859375
1 0.634375 0.765625 0.109375 0.1109375
1 0.63203125 0.86484375 0.11015625 0.11015625
1 0.54140625 0.92734375 0.11015625 0.11015625
1 0.5421875 0.8421875 0.09765625 0.0984375
1 0.54609375 0.73203125 0.09765625 0.0984375
1 0.55 0.621875 0.109375 0.11015625
1 0.44921875 0.5703125 0.109375 0.1109375
1 0.4484375 0.67421875 0.11015625 0.11015625
1 0.4484375 0.790625 0.11015625 0.11015625
1 0.440625 0.9015625 0.11015625 0.11015625
1 0.3546875 0.61875 0.109375 0.11015625
1 0.3484375 0.7328125 0.11015625 0.11015625
1 0.35078125 0.84296875 0.09765625 0.0984375
2 0.3484375 0.95625 0.0734375 0.0734375
1 0.2546875 0.66015625 0.0859375 0.0859375
1 0.25 0.7765625 0.09765625 0.0984375
1 0.24921875 0.89765625 0.11015625 0.11015625
1 0.1546875 0.615625 0.0859375 0.0859375
1 0.1578125 0.73515625 0.09765625 0.09765625
1 0.1515625 0.834375 0.09765625 0.09765625
1 0.0625 0.66484375 0.109375 0.1109375
1 0.06328125 0.775 0.109375 0.1109375
0 0.06328125 0.8703125 0.09765625 0.0984375
1 0.92109375 0.50078125 0.109375 0.11015625
1 0.9203125 0.41171875 0.109375 0.11015625
1 0.92265625 0.30625 0.11015625 0.11015625
1 0.92890625 0.1734375 0.11015625 0.1109375
1 0.92890625 0.065625 0.11015625 0.11015625
1 0.83515625 0.11796875 0.09765625 0.0984375
1 0.83046875 0.23359375 0.11015625 0.11015625
1 0.83125 0.34921875 0.09765625 0.0984375
1 0.82890625 0.4578125 0.109375 0.11015625
1 0.7359375 0.50390625 0.109375 0.1109375
1 0.7296875 0.3921875 0.09765625 0.0984375
1 0.7390625 0.29453125 0.11015625 0.11015625
1 0.740625 0.18046875 0.09765625 0.0984375
1 0.73671875 0.0578125 0.11015625 0.11015625
1 0.6453125 0.1203125 0.08515625 0.0859375
1 0.64609375 0.2359375 0.08515625 0.0859375
1 0.6484375 0.34375 0.0859375 0.0859375
1 0.653125 0.4609375 0.0859375 0.0859375
1 0.64765625 0.56328125 0.08515625 0.0859375
1 0.5453125 0.525 0.109375 0.11015625
1 0.54375 0.4 0.09765625 0.0984375
1 0.54375 0.28984375 0.0859375 0.0859375
1 0.5453125 0.1828125 0.09765625 0.09765625
1 0.5515625 0.0578125 0.109375 0.1109375
1 0.453125 0.13125 0.09765625 0.0984375
1 0.45625 0.23828125 0.09765625 0.09765625
1 0.45625 0.359375 0.09765625 0.09765625
1 0.4578125 0.4671875 0.09765625 0.0984375
1 0.36015625 0.06875 0.09765625 0.0984375
1 0.35625 0.1765625 0.0859375 0.0859375
1 0.36328125 0.296875 0.09765625 0.09765625
1 0.36015625 0.41484375 0.109375 0.1109375
1 0.35625 0.5125 0.09765625 0.09765625
1 0.2578125 0.559375 0.0859375 0.0859375
1 0.2625 0.459375 0.09765625 0.0984375
1 0.2640625 0.340625 0.09765625 0.09765625
1 0.26484375 0.12890625 0.0859375 0.0859375
1 0.26484375 0.23125 0.0859375 0.0859375
1 0.16171875 0.065625 0.08515625 0.0859375
1 0.16015625 0.17421875 0.109375 0.11015625
1 0.15859375 0.28125 0.08515625 0.0859375
1 0.15703125 0.40078125 0.09765625 0.0984375
1 0.1625 0.51640625 0.109375 0.11015625
1 0.0703125 0.5640625 0.109375 0.1109375
1 0.0671875 0.45234375 0.11015625 0.11015625
1 0.0671875 0.34453125 0.11015625 0.11015625
1 0.065625 0.22890625 0.11015625 0.11015625
1 0.0671875 0.11640625 0.11015625 0.11015625