1 0.92109375 0.4875 0.109375 0.11015625
1 0.91796875 0.5765625 0.09765625 0.09765625
1 0.9234375 0.6625 0.11015625 0.1109375
1 0.928125 0.7765625 0.11015625 0.11015625
1 0.91015625 0.90703125 0.109375 0.11015625
1 0.8234375 0.85859375 0.109375 0.1109375
1 0.82890625 0.759375 0.09765625 0.0984375
1 0.8421875 0.29765625 0.11015625 0.1109375
1 0.834375 0.39765625 0.109375 0.11015625
1 0.834375 0.5421875 0.109375 0.11015625
1 0.8296875 0.63203125 0.09765625 0.0984375
1 0.725 0.35625 0.109375 0.11015625
1 0.73359375 0.584375 0.09765625 0.09765625
1 0.734375 0.690625 0.09765625 0.09765625
1 0.734375 0.80390625 0.09765625 0.09765625
1 0.73046875 0.9171875 0.09765625 0.09765625
1 0.6359375 0.31328125 0.09765625 0.0984375
2 0.5703125 0.54765625 0.0484375 0.05
1 0.63515625 0.40703125 0.11015625 0.11015625
1 0.6390625 0.76484375 0.09765625 0.09765625
1 0.6359375 0.85390625 0.11015625 0.11015625
1 0.54296875 0.8984375 0.0859375 0.0859375
1 0.54296875 0.79921875 0.109375 0.11015625
1 0.4546875 0.7359375 0.09765625 0.0984375
1 0.46796875 0.88046875 0.109375 0.11015625
1 0.35546875 0.91171875 0.109375 0.11015625
0 0.35703125 0.81328125 0.08515625 0.0859375
1 0.3609375 0.34765625 0.0859375 0.0859375
1 0.36328125 0.44453125 0.09765625 0.09765625
1 0.26171875 0.30234375 0.109375 0.11015625
1 0.3546875 0.69140625 0.09765625 0.09765625
1 0.2609375 0.64765625 0.08515625 0.0859375
1 0.25625 0.75546875 0.09765625 0.0984375
1 0.25625 0.85625 0.09765625 0.09765625
1 0.16015625 0.91328125 0.09765625 0.0984375
1 0.17109375 0.79765625 0.109375 0.1109375
1 0.1625 0.696875 0.109375 0.11015625
1 0.17265625 0.571875 0.11015625 0.11015625
1 0.16484375 0.3671875 0.09765625 0.09765625
1 0.07734375 0.30234375 0.109375 0.11015625
1 0.06875 0.64296875 0.11015625 0.11015625
1 0.07890625 0.75625 0.0859375 0.0859375
1 0.0625 0.865625 0.09765625 0.0984375
1 0.84765625 0.0984375 0.109375 0.11015625
1 0.83359375 0.2046875 0.11015625 0.1109375
1 0.7328125 0.2484375 0.109375 0.1109375
1 0.73359375 0.1421875 0.11015625 0.1109375
1 0.45625 0.284375 0.0859375 0.0859375
1 0.35859375 0.240625 0.11015625 0.11015625
1 0.36328125 0.1359375 0.09765625 0.09765625
1 0.4515625 0.09140625 0.09765625 0.0984375
1 0.45390625 0.19453125 0.08515625 0.0859375
1 0.26640625 0.07890625 0.11015625 0.11015625
1 0.27265625 0.203125 0.109375 0.1109375
1 0.17578125 0.14296875 0.109375 0.11015625
1 0.0765625 0.08984375 0.09765625 0.09765625
1 0.6546875 0.19609375 0.09765625 0.0984375