2 0.7125 0.1125 0.0734375 0.0734375
2 0.3390625 0.22734375 0.0734375 0.07421875
2 0.3234375 0.1203125 0.0734375 0.07421875
2 0.63203125 0.60234375 0.08515625 0.0859375
2 0.15390625 0.5515625 0.0734375 0.0734375
2 0.1421875 0.43828125 0.0734375 0.0734375
2 0.63828125 0.49921875 0.08515625 0.0859375
2 0.33828125 0.42890625 0.0734375 0.0734375
2 0.54921875 0.54296875 0.08515625 0.0859375
2 0.440625 0.49921875 0.0734375 0.0734375
2 0.44296875 0.37421875 0.0734375 0.0734375
2 0.0609375 0.484375 0.0859375 0.0859375
2 0.3390625 0.315625 0.0734375 0.0734375
2 0.43515625 0.27734375 0.0734375 0.07421875
2 0.05390625 0.365625 0.0734375 0.0734375
2 0.05859375 0.05390625 0.0484375 0.05
2 0.0578125 0.1578125 0.0484375 0.05
2 0.0609375 0.2671875 0.0734375 0.0734375
2 0.13671875 0.11484375 0.0609375 0.06171875
2 0.13671875 0.2 0.0609375 0.06171875
2 0.14609375 0.3078125 0.06171875 0.06171875
2 0.22109375 0.06875 0.06171875 0.06171875
2 0.22890625 0.17421875 0.0734375 0.0734375
2 0.24296875 0.2625 0.0734375 0.0734375
2 0.240625 0.3734375 0.0734375 0.0734375
2 0.24375 0.49453125 0.0734375 0.0734375
1 0.3546875 0.54375 0.0859375 0.08671875
1 0.43046875 0.16015625 0.0734375 0.07421875
1 0.54609375 0.11875 0.11015625 0.1109375
1 0.55234375 0.2234375 0.11015625 0.1109375
1 0.54765625 0.32890625 0.0734375 0.07421875
1 0.5453125 0.440625 0.0734375 0.07421875
1 0.63671875 0.05234375 0.09765625 0.0984375
1 0.63671875 0.16875 0.09765625 0.09765625
1 0.6375 0.2828125 0.0734375 0.07421875
1 0.63203125 0.384375 0.0734375 0.07421875
1 0.73671875 0.21796875 0.0734375 0.07421875
1 0.73125 0.33203125 0.09765625 0.09765625
1 0.734375 0.44375 0.09765625 0.09765625
1 0.82265625 0.0515625 0.08515625 0.08671875
1 0.8265625 0.16484375 0.11015625 0.11015625
1 0.83125 0.28046875 0.11015625 0.11015625
1 0.82578125 0.3875 0.11015625 0.11015625
1 0.825 0.503125 0.109375 0.1109375
1 0.928125 0.1078125 0.121875 0.121875
1 0.93046875 0.2234375 0.09765625 0.0984375
1 0.92109375 0.33515625 0.09765625 0.0984375
1 0.92109375 0.45390625 0.09765625 0.0984375
1 0.9234375 0.56171875 0.09765625 0.09765625
1 0.92265625 0.6671875 0.109375 0.11015625
1 0.92109375 0.778125 0.09765625 0.09765625
1 0.91796875 0.89140625 0.109375 0.1109375
1 0.821875 0.6109375 0.09765625 0.09765625
1 0.828125 0.7265625 0.109375 0.1109375
1 0.8265625 0.83515625 0.11015625 0.1109375
1 0.73046875 0.559375 0.109375 0.1109375
1 0.72890625 0.6703125 0.11015625 0.1109375
1 0.728125 0.77890625 0.11015625 0.11015625
1 0.72578125 0.89140625 0.11015625 0.11015625
1 0.6359375 0.703125 0.08515625 0.0859375
1 0.63125 0.8203125 0.08515625 0.0859375
1 0.63125 0.9421875 0.109375 0.11015625
1 0.540625 0.66953125 0.0734375 0.0734375
1 0.53984375 0.775 0.109375 0.11015625
1 0.5421875 0.8890625 0.109375 0.11015625
1 0.4484375 0.61328125 0.0859375 0.0859375
1 0.44375 0.72890625 0.109375 0.11015625
1 0.44453125 0.83359375 0.11015625 0.11015625
1 0.44453125 0.9421875 0.08515625 0.0859375
1 0.3484375 0.6703125 0.11015625 0.11015625
1 0.3484375 0.78046875 0.11015625 0.11015625
1 0.35 0.89375 0.08515625 0.0859375
1 0.24765625 0.61171875 0.08515625 0.08671875
1 0.25859375 0.7234375 0.09765625 0.0984375
1 0.2578125 0.83515625 0.0859375 0.0859375
1 0.15546875 0.65703125 0.0859375 0.0859375
1 0.159375 0.78046875 0.0859375 0.0859375
1 0.165625 0.89140625 0.09765625 0.09765625
1 0.06171875 0.6078125 0.0734375 0.0734375
1 0.0703125 0.7203125 0.09765625 0.0984375
1 0.0671875 0.83203125 0.08515625 0.0859375
1 0.071875 0.934375 0.09765625 0.09765625