1 0.06953125 0.07578125 0.109375 0.11015625
1 0.0703125 0.190625 0.109375 0.11015625
1 0.06875 0.3078125 0.11015625 0.11015625
1 0.16328125 0.13359375 0.109375 0.11015625
1 0.1640625 0.2453125 0.109375 0.11015625
1 0.25625 0.0828125 0.11015625 0.1109375
1 0.25234375 0.19296875 0.11015625 0.11015625
1 0.25859375 0.29765625 0.109375 0.11015625
1 0.35234375 0.134375 0.11015625 0.1109375
1 0.34921875 0.24296875 0.11015625 0.1109375
1 0.45234375 0.07890625 0.09765625 0.0984375
1 0.45 0.190625 0.09765625 0.09765625
1 0.44609375 0.3 0.09765625 0.09765625
1 0.5390625 0.13984375 0.109375 0.11015625
1 0.5375 0.24765625 0.109375 0.11015625
1 0.5390625 0.34765625 0.109375 0.1109375
1 0.63515625 0.0875 0.11015625 0.11015625
1 0.6359375 0.18984375 0.11015625 0.11015625
1 0.63203125 0.3078125 0.09765625 0.0984375
1 0.7296875 0.1453125 0.09765625 0.0984375
1 0.728125 0.2484375 0.11015625 0.11015625
1 0.82734375 0.0796875 0.09765625 0.0984375
1 0.834375 0.19453125 0.109375 0.11015625
1 0.83515625 0.30625 0.11015625 0.11015625
1 0.92578125 0.13828125 0.109375 0.11015625
1 0.9234375 0.24140625 0.109375 0.11015625
1 0.928125 0.3625 0.109375 0.11015625
1 0.9265625 0.47109375 0.09765625 0.0984375
1 0.928125 0.58671875 0.11015625 0.11015625
1 0.92265625 0.67890625 0.11015625 0.11015625
1 0.92421875 0.80078125 0.11015625 0.1109375
1 0.83125 0.425 0.11015625 0.11015625
1 0.83515625 0.53828125 0.11015625 0.11015625
1 0.8328125 0.6453125 0.11015625 0.1109375
1 0.834375 0.753125 0.09765625 0.09765625
2 0.8359375 0.85703125 0.0609375 0.06171875
1 0.725 0.36171875 0.11015625 0.11015625
1 0.7296875 0.4734375 0.11015625 0.11015625
1 0.73046875 0.58515625 0.109375 0.1109375
1 0.7296875 0.6859375 0.09765625 0.09765625
1 0.7328125 0.80546875 0.109375 0.11015625
1 0.6328125 0.4234375 0.09765625 0.09765625
1 0.6375 0.53515625 0.09765625 0.09765625
1 0.63359375 0.64609375 0.109375 0.11015625
1 0.6375 0.753125 0.109375 0.11015625
1 0.53828125 0.46875 0.109375 0.1109375
1 0.54296875 0.578125 0.09765625 0.09765625
1 0.54140625 0.68671875 0.11015625 0.11015625
1 0.53828125 0.79609375 0.11015625 0.11015625
1 0.44765625 0.4109375 0.11015625 0.1109375
1 0.44453125 0.52109375 0.11015625 0.11015625
1 0.45 0.6375 0.11015625 0.11015625
1 0.44296875 0.746875 0.11015625 0.11015625
1 0.346875 0.35625 0.11015625 0.11015625
1 0.34921875 0.475 0.11015625 0.11015625
1 0.35 0.57890625 0.109375 0.11015625
1 0.34765625 0.6890625 0.109375 0.11015625
1 0.34453125 0.79921875 0.09765625 0.0984375
1 0.25703125 0.41328125 0.109375 0.11015625
1 0.25390625 0.521875 0.109375 0.11015625
1 0.2546875 0.63515625 0.09765625 0.0984375
1 0.259375 0.7390625 0.09765625 0.0984375
1 0.159375 0.35859375 0.109375 0.11015625
1 0.1625 0.47109375 0.109375 0.11015625
1 0.15859375 0.575 0.11015625 0.11015625
1 0.15859375 0.68828125 0.11015625 0.11015625
1 0.15703125 0.79765625 0.11015625 0.11015625
1 0.0625 0.4109375 0.09765625 0.0984375
1 0.059375 0.52109375 0.09765625 0.0984375
1 0.06171875 0.63125 0.09765625 0.0984375
1 0.0625 0.74375 0.09765625 0.09765625
1 0.0625 0.8453125 0.09765625 0.09765625
1 0.1578125 0.9078125 0.11015625 0.11015625
1 0.246875 0.8546875 0.109375 0.11015625
1 0.346875 0.91328125 0.109375 0.11015625
1 0.43671875 0.85625 0.11015625 0.1109375
1 0.53984375 0.91328125 0.11015625 0.1109375
1 0.63203125 0.86015625 0.109375 0.11015625
1 0.73125 0.9171875 0.09765625 0.0984375
1 0.91875 0.92109375 0.11015625 0.11015625