1 0.93046875 0.23125 0.09765625 0.0984375
1 0.9234375 0.3390625 0.109375 0.1109375
1 0.92890625 0.44609375 0.09765625 0.0984375
1 0.92265625 0.54453125 0.11015625 0.11015625
1 0.921875 0.66015625 0.09765625 0.09765625
1 0.92109375 0.7671875 0.09765625 0.0984375
1 0.8328125 0.83046875 0.09765625 0.0984375
1 0.8296875 0.92109375 0.09765625 0.0984375
1 0.73125 0.86796875 0.11015625 0.1109375
1 0.83203125 0.6875 0.09765625 0.09765625
1 0.828125 0.59921875 0.09765625 0.0984375
1 0.83359375 0.4828125 0.11015625 0.11015625
1 0.83984375 0.38203125 0.109375 0.1109375
3 0.8375 0.27421875 0.11015625 0.11015625
1 0.84140625 0.16328125 0.11015625 0.1109375
1 0.74140625 0.22578125 0.11015625 0.1109375
1 0.7375 0.33671875 0.11015625 0.11015625
1 0.74140625 0.4296875 0.11015625 0.1109375
1 0.73515625 0.5453125 0.11015625 0.11015625
1 0.64921875 0.6046875 0.109375 0.11015625
1 0.64296875 0.48828125 0.11015625 0.1109375
1 0.64375 0.38515625 0.109375 0.11015625
1 0.65 0.275 0.11015625 0.11015625
1 0.64765625 0.178125 0.109375 0.11015625
1 0.55546875 0.21484375 0.109375 0.1109375
1 0.5515625 0.321875 0.09765625 0.0984375
1 0.55078125 0.4296875 0.09765625 0.09765625
1 0.55 0.5421875 0.11015625 0.11015625
1 0.5515625 0.659375 0.09765625 0.0984375
1 0.54765625 0.76796875 0.09765625 0.0984375
1 0.63984375 0.83125 0.11015625 0.11015625
1 0.6375 0.70546875 0.109375 0.11015625
1 0.5359375 0.865625 0.08515625 0.0859375
1 0.6375 0.9359375 0.09765625 0.09765625
1 0.4421875 0.9203125 0.0859375 0.0859375
1 0.45 0.8140625 0.09765625 0.09765625
1 0.45703125 0.69375 0.09765625 0.0984375
1 0.45625 0.59453125 0.09765625 0.09765625
1 0.4515625 0.490625 0.09765625 0.0984375
1 0.45234375 0.38125 0.109375 0.11015625
1 0.45625 0.2640625 0.09765625 0.0984375
1 0.46171875 0.15859375 0.11015625 0.11015625
1 0.36171875 0.21796875 0.11015625 0.11015625
1 0.3640625 0.33046875 0.109375 0.11015625
1 0.36640625 0.43046875 0.11015625 0.1109375
1 0.36015625 0.5453125 0.109375 0.11015625
1 0.3609375 0.6546875 0.109375 0.1109375
1 0.3578125 0.75703125 0.109375 0.11015625
1 0.346875 0.878125 0.11015625 0.11015625
1 0.24609375 0.934375 0.109375 0.11015625
1 0.25625 0.81171875 0.11015625 0.11015625
1 0.26328125 0.6984375 0.11015625 0.11015625
1 0.25546875 0.590625 0.11015625 0.11015625
1 0.26484375 0.4859375 0.09765625 0.09765625
1 0.26640625 0.37578125 0.11015625 0.1109375
1 0.275 0.15546875 0.109375 0.11015625
1 0.26875 0.2640625 0.109375 0.11015625
1 0.16953125 0.2140625 0.11015625 0.11015625
1 0.1703125 0.315625 0.11015625 0.11015625
1 0.1640625 0.43828125 0.109375 0.11015625
1 0.16328125 0.5421875 0.11015625 0.11015625
1 0.15859375 0.64765625 0.11015625 0.11015625
1 0.15546875 0.77890625 0.11015625 0.11015625
1 0.16484375 0.86796875 0.09765625 0.0984375
1 0.0703125 0.91953125 0.109375 0.11015625
1 0.06640625 0.80546875 0.09765625 0.0984375
1 0.059375 0.7046875 0.11015625 0.11015625
1 0.06953125 0.5953125 0.109375 0.11015625
1 0.0765625 0.4859375 0.109375 0.1109375
1 0.07890625 0.38125 0.11015625 0.1109375
1 0.06953125 0.271875 0.11015625 0.11015625
1 0.0734375 0.1625 0.09765625 0.0984375