2 0.17265625 0.76640625 0.0734375 0.0734375
2 0.92890625 0.21015625 0.0734375 0.07421875
2 0.83046875 0.82421875 0.0734375 0.07421875
2 0.7375 0.76328125 0.0609375 0.06171875
1 0.925 0.87890625 0.0859375 0.0859375
1 0.54609375 0.8953125 0.0859375 0.0859375
1 0.921875 0.75546875 0.09765625 0.0984375
1 0.8375 0.72265625 0.09765625 0.09765625
1 0.83203125 0.93359375 0.09765625 0.09765625
1 0.7453125 0.8828125 0.109375 0.1109375
1 0.64765625 0.9328125 0.11015625 0.11015625
1 0.65234375 0.828125 0.0859375 0.0859375
1 0.65546875 0.71640625 0.09765625 0.0984375
1 0.55 0.771875 0.09765625 0.0984375
1 0.35859375 0.88125 0.09765625 0.09765625
1 0.3546875 0.765625 0.08515625 0.0859375
1 0.453125 0.715625 0.0859375 0.0859375
3 0.46484375 0.8171875 0.09765625 0.09765625
1 0.4578125 0.93359375 0.0859375 0.0859375
1 0.27109375 0.94375 0.08515625 0.0859375
1 0.0734375 0.9375 0.0859375 0.0859375
1 0.17265625 0.8890625 0.09765625 0.09765625
1 0.08125 0.82109375 0.09765625 0.0984375
1 0.08359375 0.7140625 0.08515625 0.0859375
2 0.17421875 0.4390625 0.0734375 0.07421875
2 0.17109375 0.53984375 0.0734375 0.07421875
1 0.0734375 0.4890625 0.08515625 0.0859375
1 0.0828125 0.05546875 0.09765625 0.09765625
1 0.078125 0.153125 0.09765625 0.09765625
1 0.0796875 0.27421875 0.0859375 0.0859375
1 0.08125 0.3859375 0.08515625 0.08671875
1 0.0796875 0.60234375 0.0859375 0.0859375
1 0.1703125 0.6625 0.08515625 0.0859375
1 0.17578125 0.3265625 0.0859375 0.0859375
1 0.17265625 0.2171875 0.09765625 0.0984375
1 0.17578125 0.1078125 0.0859375 0.08671875
1 0.27265625 0.0515625 0.08515625 0.0859375
1 0.271875 0.16640625 0.109375 0.11015625
1 0.2671875 0.26328125 0.109375 0.11015625
1 0.26640625 0.4296875 0.08515625 0.0859375
1 0.2734375 0.4984375 0.09765625 0.0984375
1 0.26953125 0.61015625 0.09765625 0.0984375
3 0.2671875 0.846875 0.08515625 0.0859375
1 0.3640625 0.65546875 0.09765625 0.0984375
1 0.3625 0.55078125 0.08515625 0.0859375
1 0.3609375 0.1140625 0.08515625 0.0859375
1 0.365625 0.24140625 0.08515625 0.0859375
1 0.36171875 0.334375 0.08515625 0.08671875
1 0.3671875 0.43671875 0.09765625 0.0984375
1 0.4609375 0.6046875 0.09765625 0.0984375
1 0.459375 0.0546875 0.0859375 0.0859375
1 0.4578125 0.15859375 0.09765625 0.0984375
1 0.4578125 0.278125 0.08515625 0.0859375
1 0.4640625 0.384375 0.09765625 0.0984375
1 0.45625 0.50859375 0.09765625 0.09765625
1 0.553125 0.1203125 0.08515625 0.0859375
1 0.553125 0.20859375 0.08515625 0.08671875
1 0.55078125 0.31953125 0.0859375 0.0859375
1 0.5515625 0.43671875 0.0859375 0.0859375
1 0.5515625 0.5296875 0.09765625 0.0984375
1 0.55 0.659375 0.09765625 0.0984375
1 0.65390625 0.5859375 0.08515625 0.0859375
1 0.65 0.065625 0.09765625 0.09765625
1 0.64375 0.14609375 0.09765625 0.0984375
1 0.65703125 0.275 0.08515625 0.0859375
1 0.66328125 0.38203125 0.0859375 0.0859375
1 0.65625 0.49296875 0.0859375 0.0859375
1 0.74140625 0.6640625 0.08515625 0.0859375
1 0.746875 0.1203125 0.0859375 0.0859375
1 0.74375 0.20078125 0.09765625 0.0984375
1 0.7390625 0.3265625 0.0859375 0.0859375
1 0.74296875 0.425 0.0859375 0.0859375
1 0.73515625 0.55078125 0.0859375 0.0859375
1 0.8375 0.05625 0.0859375 0.0859375
1 0.83515625 0.184375 0.0859375 0.08671875
1 0.83515625 0.2875 0.0859375 0.0859375
1 0.8375 0.3984375 0.08515625 0.0859375
1 0.83671875 0.48984375 0.09765625 0.0984375
1 0.83984375 0.6265625 0.09765625 0.0984375
1 0.93046875 0.65625 0.08515625 0.0859375
1 0.93046875 0.540625 0.08515625 0.0859375
1 0.93671875 0.4390625 0.08515625 0.0859375
1 0.925 0.31953125 0.08515625 0.0859375
1 0.9296875 0.1 0.09765625 0.09765625
2 0.275 0.7359375 0.0859375 0.0859375