2 0.3375 0.15546875 0.0734375 0.0734375
1 0.1453125 0.9296875 0.09765625 0.09765625
1 0.14921875 0.81875 0.09765625 0.0984375
1 0.14921875 0.7046875 0.09765625 0.0984375
1 0.14453125 0.59609375 0.109375 0.11015625
1 0.1453125 0.4890625 0.11015625 0.11015625
1 0.14765625 0.36796875 0.09765625 0.0984375
1 0.14921875 0.2703125 0.08515625 0.08671875
1 0.14921875 0.159375 0.11015625 0.11015625
1 0.24296875 0.21953125 0.0859375 0.0859375
1 0.246875 0.3265625 0.09765625 0.09765625
1 0.2359375 0.43125 0.09765625 0.0984375
1 0.240625 0.540625 0.109375 0.11015625
1 0.2359375 0.653125 0.109375 0.11015625
1 0.23125 0.7671875 0.09765625 0.0984375
1 0.2359375 0.8734375 0.09765625 0.0984375
1 0.3265625 0.93671875 0.08515625 0.0859375
1 0.33203125 0.8078125 0.0859375 0.0859375
1 0.33203125 0.696875 0.0859375 0.0859375
1 0.33671875 0.2796875 0.11015625 0.1109375
1 0.33203125 0.3734375 0.09765625 0.09765625
1 0.334375 0.49140625 0.09765625 0.09765625
1 0.33203125 0.59140625 0.09765625 0.0984375
1 0.425 0.87421875 0.0859375 0.0859375
1 0.44140625 0.76328125 0.09765625 0.0984375
1 0.4359375 0.653125 0.109375 0.11015625
1 0.4328125 0.5453125 0.08515625 0.0859375
1 0.43828125 0.43671875 0.0859375 0.0859375
1 0.44375 0.3296875 0.109375 0.1109375
1 0.44375 0.22890625 0.11015625 0.11015625
1 0.52734375 0.1671875 0.09765625 0.0984375
1 0.525 0.2796875 0.08515625 0.0859375
1 0.52890625 0.38359375 0.08515625 0.0859375
1 0.52265625 0.5046875 0.09765625 0.0984375
1 0.52734375 0.6 0.09765625 0.09765625
1 0.521875 0.71171875 0.09765625 0.0984375
1 0.5140625 0.821875 0.11015625 0.11015625
1 0.5125 0.93515625 0.09765625 0.0984375
1 0.61328125 0.86796875 0.09765625 0.0984375
1 0.6234375 0.7703125 0.09765625 0.0984375
1 0.6203125 0.653125 0.109375 0.11015625
1 0.61796875 0.55390625 0.08515625 0.0859375
1 0.61875 0.4328125 0.09765625 0.0984375
1 0.6203125 0.3203125 0.08515625 0.0859375
1 0.6234375 0.2171875 0.09765625 0.0984375
1 0.721875 0.16640625 0.109375 0.11015625
1 0.70859375 0.27265625 0.11015625 0.11015625
1 0.709375 0.37578125 0.11015625 0.1109375
1 0.715625 0.48515625 0.109375 0.1109375
1 0.71484375 0.60078125 0.09765625 0.0984375
1 0.71171875 0.7140625 0.09765625 0.0984375
1 0.7046875 0.81875 0.09765625 0.09765625
1 0.709375 0.91875 0.109375 0.11015625
1 0.8078125 0.87578125 0.09765625 0.0984375
1 0.8078125 0.76484375 0.109375 0.11015625
1 0.80625 0.66328125 0.11015625 0.11015625
1 0.8078125 0.22890625 0.11015625 0.11015625
1 0.8109375 0.33046875 0.109375 0.11015625
1 0.809375 0.44765625 0.09765625 0.0984375
1 0.80859375 0.54921875 0.09765625 0.0984375
1 0.8984375 0.19296875 0.109375 0.11015625
1 0.9 0.28359375 0.11015625 0.11015625
1 0.903125 0.38828125 0.09765625 0.0984375
1 0.9 0.48515625 0.09765625 0.09765625
1 0.9 0.6046875 0.09765625 0.0984375
1 0.90625 0.71015625 0.09765625 0.0984375
1 0.90546875 0.8328125 0.09765625 0.0984375
1 0.9015625 0.9328125 0.08515625 0.0859375