2 0.909375 0.56875 0.0734375 0.0734375
1 0.70703125 0.896875 0.0859375 0.0859375
1 0.71640625 0.7859375 0.08515625 0.0859375
1 0.7203125 0.675 0.11015625 0.11015625
1 0.62578125 0.6265625 0.109375 0.1109375
1 0.62890625 0.7359375 0.09765625 0.09765625
1 0.6171875 0.8453125 0.09765625 0.09765625
1 0.61796875 0.95 0.09765625 0.0984375
1 0.53046875 0.89765625 0.09765625 0.09765625
1 0.52734375 0.784375 0.09765625 0.09765625
1 0.53046875 0.68125 0.09765625 0.09765625
1 0.5296875 0.57109375 0.09765625 0.0984375
1 0.90625 0.89765625 0.109375 0.11015625
1 0.90078125 0.7984375 0.0734375 0.07421875
1 0.909375 0.68203125 0.109375 0.11015625
1 0.8171875 0.63203125 0.109375 0.11015625
1 0.80390625 0.73125 0.11015625 0.11015625
1 0.80546875 0.8390625 0.09765625 0.0984375
1 0.434375 0.62734375 0.09765625 0.0984375
1 0.428125 0.73515625 0.109375 0.1109375
1 0.4328125 0.8421875 0.09765625 0.0984375
1 0.4265625 0.940625 0.11015625 0.11015625
1 0.3375 0.8796875 0.11015625 0.11015625
1 0.34375 0.778125 0.109375 0.1109375
3 0.34140625 0.6703125 0.11015625 0.11015625
1 0.3453125 0.559375 0.11015625 0.1109375
1 0.2453125 0.621875 0.11015625 0.1109375
1 0.24140625 0.7328125 0.11015625 0.11015625
1 0.2453125 0.8265625 0.11015625 0.1109375
1 0.2390625 0.9421875 0.11015625 0.11015625
1 0.146875 0.884375 0.11015625 0.1109375
1 0.14765625 0.78203125 0.109375 0.11015625
1 0.15390625 0.67109375 0.11015625 0.11015625
1 0.1515625 0.575 0.109375 0.11015625
1 0.059375 0.6109375 0.109375 0.1109375
1 0.05546875 0.71796875 0.09765625 0.0984375
1 0.0546875 0.8265625 0.09765625 0.09765625
1 0.91875 0.3234375 0.109375 0.1109375
1 0.91875 0.2453125 0.09765625 0.09765625
1 0.91328125 0.1609375 0.109375 0.11015625
1 0.8171875 0.08125 0.0859375 0.0859375
1 0.8109375 0.20234375 0.0859375 0.0859375
1 0.8140625 0.2921875 0.0859375 0.0859375
1 0.825 0.3828125 0.09765625 0.09765625
1 0.72578125 0.1515625 0.09765625 0.09765625
1 0.72578125 0.240625 0.09765625 0.0984375
1 0.72421875 0.3265625 0.11015625 0.11015625
1 0.634375 0.290625 0.09765625 0.0984375
1 0.62734375 0.19140625 0.11015625 0.1109375
1 0.6296875 0.08671875 0.109375 0.11015625
1 0.534375 0.13828125 0.109375 0.11015625
2 0.540625 0.24921875 0.06171875 0.06171875
1 0.53671875 0.3421875 0.08515625 0.08671875
1 0.4421875 0.08203125 0.0859375 0.0859375
1 0.43984375 0.1953125 0.08515625 0.0859375
1 0.446875 0.3078125 0.09765625 0.0984375
1 0.35 0.12578125 0.0859375 0.0859375
1 0.34921875 0.240625 0.08515625 0.0859375
1 0.34375 0.35078125 0.09765625 0.0984375
1 0.25 0.084375 0.109375 0.11015625
1 0.2578125 0.19375 0.109375 0.11015625
1 0.246875 0.3015625 0.109375 0.1109375
1 0.1578125 0.1296875 0.09765625 0.09765625
1 0.159375 0.24453125 0.09765625 0.0984375
1 0.1546875 0.35859375 0.0859375 0.0859375
1 0.0625 0.084375 0.09765625 0.0984375
1 0.06796875 0.190625 0.08515625 0.08671875
1 0.06640625 0.29765625 0.109375 0.11015625