2 0.1515625 0.3765625 0.0859375 0.08671875
2 0.90703125 0.86796875 0.0734375 0.0734375
2 0.81328125 0.93046875 0.08515625 0.0859375
1 0.9109375 0.1359375 0.09765625 0.0984375
1 0.91015625 0.25078125 0.09765625 0.0984375
1 0.9078125 0.3640625 0.09765625 0.0984375
1 0.81328125 0.08828125 0.09765625 0.0984375
1 0.81875 0.1984375 0.09765625 0.0984375
1 0.8140625 0.31328125 0.0859375 0.0859375
1 0.721875 0.14296875 0.09765625 0.0984375
1 0.7234375 0.25078125 0.09765625 0.0984375
1 0.721875 0.37109375 0.08515625 0.0859375
1 0.6296875 0.09453125 0.11015625 0.11015625
1 0.63359375 0.19609375 0.09765625 0.0984375
1 0.6234375 0.3046875 0.09765625 0.09765625
1 0.5265625 0.1453125 0.11015625 0.11015625
1 0.5296875 0.2625 0.11015625 0.1109375
1 0.52734375 0.3703125 0.0859375 0.0859375
1 0.43125 0.1015625 0.0734375 0.07421875
1 0.434375 0.2 0.09765625 0.09765625
1 0.428125 0.31875 0.09765625 0.09765625
1 0.3390625 0.1359375 0.109375 0.1109375
1 0.33203125 0.25546875 0.09765625 0.0984375
1 0.3328125 0.371875 0.08515625 0.0859375
1 0.246875 0.0796875 0.08515625 0.0859375
1 0.24296875 0.20546875 0.09765625 0.0984375
1 0.25078125 0.31484375 0.09765625 0.0984375
1 0.14921875 0.04765625 0.08515625 0.0859375
1 0.1421875 0.1671875 0.08515625 0.0859375
1 0.1484375 0.2703125 0.0859375 0.0859375
2 0.0578125 0.11328125 0.0375 0.0375
2 0.06015625 0.21953125 0.02421875 0.02421875
2 0.05390625 0.3328125 0.02421875 0.02421875
2 0.05546875 0.41953125 0.02421875 0.02421875
2 0.0484375 0.5265625 0.02421875 0.02421875
2 0.1484375 0.5578125 0.0375 0.0375
1 0.1453125 0.475 0.109375 0.11015625
1 0.2546875 0.41875 0.0859375 0.0859375
1 0.25546875 0.528125 0.0734375 0.0734375
1 0.3359375 0.478125 0.09765625 0.0984375
2 0.3265625 0.59296875 0.06171875 0.06171875
1 0.428125 0.42421875 0.09765625 0.0984375
1 0.4328125 0.53203125 0.09765625 0.0984375
1 0.5359375 0.48125 0.09765625 0.09765625
1 0.62734375 0.4203125 0.08515625 0.0859375
1 0.62578125 0.53125 0.09765625 0.09765625
1 0.72578125 0.478125 0.09765625 0.09765625
1 0.71953125 0.5734375 0.08515625 0.0859375
1 0.8140625 0.4234375 0.0859375 0.0859375
1 0.81640625 0.52734375 0.0859375 0.0859375
1 0.91015625 0.46875 0.0859375 0.0859375
1 0.90703125 0.5765625 0.0859375 0.0859375
2 0.05625 0.728125 0.06171875 0.06171875
1 0.053125 0.821875 0.09765625 0.0984375
1 0.15 0.77109375 0.09765625 0.0984375
1 0.14609375 0.88046875 0.11015625 0.11015625
2 0.240625 0.73828125 0.0484375 0.0484375
1 0.2375 0.8234375 0.09765625 0.0984375
1 0.32578125 0.77109375 0.0734375 0.0734375
1 0.3296875 0.88359375 0.109375 0.11015625
1 0.4359375 0.8234375 0.121875 0.1234375
1 0.42421875 0.93125 0.121875 0.1234375
1 0.5296875 0.76875 0.0734375 0.07421875
1 0.53515625 0.88125 0.09765625 0.09765625
1 0.63046875 0.82421875 0.121875 0.1234375
1 0.7203125 0.775 0.09765625 0.09765625
1 0.725 0.8890625 0.09765625 0.09765625
2 0.8109375 0.82734375 0.0734375 0.07421875
2 0.90546875 0.7703125 0.0609375 0.06171875