1 0.11328125 0.11796875 0.109375 0.11015625
1 0.12109375 0.22890625 0.109375 0.11015625
1 0.2140625 0.065625 0.109375 0.11015625
1 0.2171875 0.17265625 0.09765625 0.0984375
1 0.21796875 0.284375 0.109375 0.11015625
1 0.3078125 0.115625 0.11015625 0.11015625
1 0.31171875 0.23515625 0.11015625 0.11015625
1 0.3140625 0.340625 0.109375 0.11015625
1 0.41640625 0.05859375 0.08515625 0.0859375
1 0.41171875 0.1703125 0.08515625 0.0859375
1 0.4125 0.2828125 0.08515625 0.0859375
1 0.50625 0.11640625 0.109375 0.11015625
1 0.5078125 0.23203125 0.09765625 0.0984375
1 0.50546875 0.340625 0.11015625 0.11015625
1 0.6078125 0.0671875 0.109375 0.11015625
1 0.603125 0.16953125 0.09765625 0.0984375
1 0.60625 0.2859375 0.109375 0.11015625
1 0.70234375 0.115625 0.11015625 0.1109375
1 0.703125 0.225 0.09765625 0.0984375
1 0.78984375 0.06640625 0.109375 0.1109375
1 0.7921875 0.17109375 0.11015625 0.1109375
1 0.8 0.2671875 0.11015625 0.1109375
1 0.8890625 0.115625 0.09765625 0.09765625
1 0.890625 0.2296875 0.09765625 0.09765625
1 0.8875 0.33671875 0.09765625 0.09765625
1 0.8875 0.44765625 0.09765625 0.0984375
1 0.88984375 0.55859375 0.08515625 0.0859375
1 0.8890625 0.6703125 0.09765625 0.0984375
1 0.8890625 0.784375 0.09765625 0.0984375
1 0.79453125 0.39609375 0.11015625 0.11015625
1 0.79609375 0.503125 0.11015625 0.11015625
1 0.79296875 0.6140625 0.0859375 0.0859375
1 0.7953125 0.7234375 0.09765625 0.0984375
1 0.69609375 0.3375 0.09765625 0.0984375
1 0.69375 0.446875 0.09765625 0.0984375
1 0.70234375 0.56015625 0.09765625 0.0984375
1 0.703125 0.6671875 0.09765625 0.0984375
1 0.7 0.77890625 0.09765625 0.0984375
1 0.59765625 0.39921875 0.109375 0.11015625
1 0.596875 0.5109375 0.109375 0.11015625
1 0.6 0.6140625 0.11015625 0.11015625
1 0.59609375 0.72109375 0.11015625 0.11015625
1 0.50703125 0.4515625 0.11015625 0.11015625
1 0.4984375 0.56171875 0.11015625 0.11015625
1 0.5046875 0.6765625 0.11015625 0.11015625
1 0.50390625 0.78515625 0.109375 0.1109375
1 0.41484375 0.39375 0.09765625 0.0984375
1 0.41796875 0.5015625 0.0859375 0.0859375
1 0.40703125 0.615625 0.09765625 0.09765625
1 0.4109375 0.73125 0.09765625 0.09765625
1 0.31328125 0.45234375 0.109375 0.11015625
1 0.315625 0.55625 0.109375 0.1109375
1 0.3171875 0.67109375 0.109375 0.1109375
1 0.31171875 0.7703125 0.11015625 0.1109375
1 0.215625 0.396875 0.109375 0.11015625
1 0.2171875 0.5078125 0.11015625 0.1109375
1 0.2140625 0.615625 0.11015625 0.1109375
1 0.21953125 0.721875 0.11015625 0.11015625
1 0.11796875 0.340625 0.11015625 0.1109375
1 0.11953125 0.4484375 0.11015625 0.1109375
1 0.1234375 0.565625 0.11015625 0.11015625
1 0.128125 0.6703125 0.109375 0.11015625
2 0.0265625 0.83515625 0.0484375 0.05
2 0.12109375 0.7734375 0.0484375 0.0484375
1 0.12421875 0.8890625 0.08515625 0.0859375
2 0.22109375 0.83984375 0.08515625 0.0859375
1 0.21796875 0.94609375 0.08515625 0.0859375
2 0.31484375 0.88828125 0.0734375 0.0734375
1 0.403125 0.834375 0.09765625 0.0984375
1 0.409375 0.94375 0.09765625 0.0984375
1 0.50625 0.8890625 0.11015625 0.11015625
1 0.60078125 0.83828125 0.11015625 0.11015625
1 0.70234375 0.89140625 0.109375 0.11015625
1 0.7953125 0.83125 0.109375 0.11015625
1 0.88984375 0.8859375 0.09765625 0.09765625