2 0.1328125 0.553125 0.0859375 0.08671875
1 0.896875 0.0921875 0.09765625 0.0984375
1 0.89375 0.20625 0.09765625 0.0984375
1 0.8921875 0.31328125 0.09765625 0.0984375
1 0.89140625 0.42734375 0.09765625 0.0984375
1 0.88984375 0.540625 0.09765625 0.0984375
1 0.7953125 0.04609375 0.08515625 0.0859375
1 0.7984375 0.1578125 0.08515625 0.0859375
1 0.7953125 0.26484375 0.09765625 0.0984375
1 0.8 0.37578125 0.09765625 0.0984375
1 0.79609375 0.490625 0.0859375 0.0859375
1 0.70703125 0.1 0.09765625 0.0984375
1 0.7046875 0.20625 0.09765625 0.0984375
1 0.703125 0.31953125 0.09765625 0.0984375
1 0.7046875 0.42734375 0.09765625 0.0984375
1 0.70390625 0.54765625 0.08515625 0.0859375
1 0.609375 0.15546875 0.109375 0.11015625
1 0.6109375 0.27109375 0.11015625 0.11015625
1 0.615625 0.37265625 0.09765625 0.0984375
1 0.6046875 0.48125 0.09765625 0.09765625
3 0.509375 0.1078125 0.11015625 0.11015625
3 0.41328125 0.15546875 0.11015625 0.11015625
1 0.5109375 0.20625 0.11015625 0.11015625
1 0.50859375 0.321875 0.11015625 0.11015625
1 0.5109375 0.4390625 0.11015625 0.1109375
1 0.50859375 0.546875 0.0859375 0.0859375
1 0.4125 0.278125 0.0734375 0.07421875
1 0.415625 0.3765625 0.09765625 0.09765625
1 0.409375 0.4953125 0.09765625 0.09765625
1 0.31328125 0.10078125 0.109375 0.11015625
1 0.31640625 0.21171875 0.109375 0.1109375
1 0.3203125 0.3125 0.109375 0.1109375
1 0.31328125 0.43203125 0.09765625 0.0984375
1 0.3140625 0.5484375 0.08515625 0.0859375
1 0.22734375 0.14921875 0.109375 0.1109375
1 0.228125 0.25703125 0.08515625 0.0859375
1 0.225 0.38203125 0.09765625 0.0984375
1 0.2328125 0.49140625 0.09765625 0.0984375
1 0.12734375 0.11640625 0.11015625 0.1109375
1 0.13046875 0.225 0.08515625 0.0859375
1 0.1234375 0.34375 0.08515625 0.0859375
1 0.1296875 0.446875 0.0859375 0.0859375
2 0.0453125 0.17109375 0.02421875 0.02421875
2 0.0390625 0.28984375 0.0375 0.0375
2 0.04140625 0.39609375 0.02421875 0.02421875
2 0.0359375 0.509375 0.02421875 0.02421875
2 0.03671875 0.59609375 0.02421875 0.02421875
2 0.0296875 0.70390625 0.02421875 0.02421875
2 0.1296875 0.734375 0.0375 0.0375
1 0.1265625 0.6515625 0.109375 0.11015625
1 0.2359375 0.5953125 0.0859375 0.0859375
1 0.23671875 0.7046875 0.0734375 0.0734375
1 0.3171875 0.6546875 0.09765625 0.0984375
2 0.3078125 0.7703125 0.06171875 0.06171875
1 0.409375 0.60078125 0.09765625 0.0984375
1 0.4140625 0.70859375 0.09765625 0.0984375
1 0.5171875 0.6578125 0.09765625 0.09765625
1 0.60859375 0.596875 0.08515625 0.0859375
1 0.6078125 0.7078125 0.09765625 0.09765625
1 0.70703125 0.65546875 0.09765625 0.09765625
1 0.70078125 0.75 0.08515625 0.0859375
1 0.79609375 0.60078125 0.0859375 0.0859375
1 0.79765625 0.70390625 0.0859375 0.0859375
1 0.89140625 0.6453125 0.0859375 0.0859375
1 0.8890625 0.753125 0.0859375 0.0859375
2 0.0375 0.9046875 0.06171875 0.06171875
1 0.13203125 0.94765625 0.09765625 0.0984375
2 0.221875 0.91484375 0.0484375 0.0484375
1 0.30703125 0.94765625 0.0734375 0.0734375
1 0.5109375 0.9453125 0.0734375 0.07421875
2 0.88671875 0.946875 0.0609375 0.06171875