2 0.90703125 0.13828125 0.0609375 0.06171875
1 0.903125 0.24453125 0.109375 0.11015625
1 0.90546875 0.3546875 0.109375 0.11015625
1 0.81640625 0.07265625 0.109375 0.11015625
1 0.8078125 0.18125 0.11015625 0.11015625
1 0.81171875 0.3015625 0.11015625 0.11015625
2 0.715625 0.11875 0.06171875 0.06171875
1 0.71640625 0.23984375 0.11015625 0.11015625
1 0.715625 0.35625 0.109375 0.11015625
2 0.6203125 0.0765625 0.06171875 0.06171875
1 0.621875 0.18671875 0.109375 0.11015625
1 0.62109375 0.30625 0.109375 0.11015625
1 0.5265625 0.14375 0.0859375 0.0859375
1 0.5265625 0.24375 0.109375 0.11015625
1 0.528125 0.35234375 0.09765625 0.0984375
1 0.43125 0.07265625 0.11015625 0.11015625
1 0.43515625 0.1828125 0.11015625 0.11015625
1 0.4359375 0.2953125 0.11015625 0.11015625
1 0.340625 0.1296875 0.11015625 0.11015625
1 0.340625 0.22890625 0.109375 0.11015625
1 0.3359375 0.34375 0.109375 0.1109375
1 0.4390625 0.40234375 0.11015625 0.1109375
1 0.24921875 0.06484375 0.109375 0.11015625
1 0.2484375 0.17890625 0.109375 0.1109375
1 0.24375 0.296875 0.109375 0.1109375
1 0.146875 0.1296875 0.09765625 0.09765625
1 0.15390625 0.23125 0.11015625 0.1109375
1 0.14609375 0.34921875 0.11015625 0.11015625
1 0.04375 0.0765625 0.08515625 0.0859375
1 0.05 0.28984375 0.08515625 0.0859375
1 0.1453125 0.46171875 0.11015625 0.11015625
1 0.14765625 0.56484375 0.11015625 0.11015625
1 0.15546875 0.67421875 0.08515625 0.08671875
1 0.2390625 0.40859375 0.109375 0.11015625
1 0.24375 0.51015625 0.109375 0.11015625
1 0.2453125 0.62578125 0.109375 0.11015625
1 0.24375 0.74296875 0.11015625 0.11015625
1 0.3265625 0.453125 0.11015625 0.1109375
1 0.3375 0.56796875 0.109375 0.11015625
1 0.3390625 0.68046875 0.109375 0.11015625
1 0.43125 0.5171875 0.11015625 0.1109375
1 0.42734375 0.62734375 0.11015625 0.11015625
1 0.43359375 0.73203125 0.109375 0.11015625
1 0.53125 0.45390625 0.09765625 0.09765625
1 0.5265625 0.56953125 0.11015625 0.1109375
1 0.52421875 0.678125 0.11015625 0.1109375
1 0.62578125 0.40546875 0.09765625 0.0984375
1 0.6265625 0.51328125 0.09765625 0.0984375
1 0.625 0.625 0.09765625 0.09765625
1 0.62109375 0.734375 0.09765625 0.09765625
1 0.71640625 0.4640625 0.11015625 0.11015625
1 0.7140625 0.575 0.109375 0.11015625
1 0.71171875 0.68203125 0.109375 0.11015625
1 0.7140625 0.78203125 0.109375 0.1109375
1 0.80703125 0.4109375 0.11015625 0.11015625
1 0.81015625 0.521875 0.11015625 0.11015625
1 0.8109375 0.62421875 0.11015625 0.11015625
1 0.80625 0.74296875 0.09765625 0.0984375
1 0.89921875 0.4703125 0.109375 0.11015625
1 0.9046875 0.5796875 0.09765625 0.0984375
1 0.903125 0.6828125 0.11015625 0.11015625
1 0.9 0.79609375 0.11015625 0.11015625
1 0.9046875 0.9078125 0.11015625 0.11015625
1 0.8078125 0.85859375 0.09765625 0.09765625
1 0.7125 0.903125 0.109375 0.1109375
1 0.62265625 0.8453125 0.11015625 0.1109375
1 0.521875 0.790625 0.11015625 0.11015625
1 0.52421875 0.909375 0.11015625 0.11015625
1 0.43125 0.8484375 0.109375 0.11015625
1 0.334375 0.79375 0.109375 0.11015625
1 0.33671875 0.90546875 0.109375 0.11015625
1 0.2375 0.8453125 0.09765625 0.0984375
1 0.146875 0.7859375 0.09765625 0.0984375
1 0.14375 0.90546875 0.109375 0.11015625