2 0.94765625 0.65625 0.0734375 0.07421875
1 0.0921875 0.15546875 0.109375 0.11015625
1 0.090625 0.27421875 0.109375 0.11015625
1 0.0921875 0.38203125 0.109375 0.1109375
1 0.18203125 0.10390625 0.11015625 0.11015625
1 0.18984375 0.21640625 0.11015625 0.11015625
1 0.19140625 0.325 0.109375 0.11015625
1 0.2875 0.1578125 0.11015625 0.11015625
1 0.290625 0.26875 0.11015625 0.11015625
1 0.28984375 0.384375 0.11015625 0.11015625
1 0.384375 0.1046875 0.109375 0.11015625
1 0.384375 0.22109375 0.109375 0.11015625
1 0.38203125 0.325 0.109375 0.11015625
1 0.4828125 0.1625 0.109375 0.11015625
1 0.47734375 0.27421875 0.09765625 0.0984375
1 0.48359375 0.38125 0.109375 0.11015625
1 0.571875 0.0984375 0.11015625 0.11015625
1 0.575 0.215625 0.11015625 0.11015625
1 0.5734375 0.3296875 0.08515625 0.0859375
1 0.66640625 0.1578125 0.08515625 0.0859375
1 0.66484375 0.26875 0.09765625 0.0984375
1 0.75703125 0.09375 0.09765625 0.09765625
1 0.7578125 0.2078125 0.0859375 0.0859375
1 0.7609375 0.32421875 0.0859375 0.0859375
1 0.86328125 0.153125 0.09765625 0.09765625
1 0.8625 0.2703125 0.09765625 0.09765625
1 0.9484375 0.09609375 0.09765625 0.0984375
1 0.94921875 0.22578125 0.09765625 0.0984375
1 0.9515625 0.33671875 0.08515625 0.0859375
3 0.94765625 0.43125 0.08515625 0.0859375
1 0.9484375 0.54296875 0.09765625 0.09765625
1 0.85859375 0.37890625 0.0859375 0.0859375
1 0.85546875 0.490625 0.09765625 0.0984375
1 0.85625 0.60390625 0.09765625 0.0984375
1 0.853125 0.70703125 0.08515625 0.0859375
1 0.8546875 0.82265625 0.09765625 0.0984375
1 0.7640625 0.428125 0.09765625 0.0984375
1 0.7609375 0.5421875 0.09765625 0.0984375
1 0.759375 0.64921875 0.09765625 0.0984375
1 0.75859375 0.76328125 0.09765625 0.0984375
1 0.75703125 0.8765625 0.09765625 0.0984375
1 0.6625 0.38203125 0.08515625 0.0859375
1 0.665625 0.49375 0.08515625 0.0859375
1 0.6625 0.60078125 0.09765625 0.0984375
1 0.6671875 0.71171875 0.09765625 0.0984375
1 0.66328125 0.8265625 0.0859375 0.0859375
1 0.57421875 0.4359375 0.09765625 0.0984375
1 0.571875 0.5421875 0.09765625 0.0984375
1 0.5703125 0.65546875 0.09765625 0.0984375
1 0.571875 0.76328125 0.09765625 0.0984375
1 0.57109375 0.88359375 0.08515625 0.0859375
1 0.4765625 0.49140625 0.109375 0.11015625
1 0.478125 0.60703125 0.11015625 0.11015625
1 0.4828125 0.70859375 0.09765625 0.0984375
1 0.471875 0.8171875 0.09765625 0.09765625
3 0.3765625 0.44375 0.11015625 0.11015625
3 0.28046875 0.49140625 0.11015625 0.11015625
1 0.378125 0.5421875 0.11015625 0.11015625
1 0.37578125 0.6578125 0.11015625 0.11015625
1 0.378125 0.775 0.11015625 0.1109375
1 0.37578125 0.8828125 0.0859375 0.0859375
1 0.2796875 0.6140625 0.0734375 0.07421875
1 0.2828125 0.7125 0.09765625 0.09765625
1 0.2765625 0.83125 0.09765625 0.09765625
1 0.18046875 0.43671875 0.109375 0.11015625
1 0.18359375 0.54765625 0.109375 0.1109375
1 0.1875 0.6484375 0.109375 0.1109375
1 0.18046875 0.76796875 0.09765625 0.0984375
1 0.18125 0.884375 0.08515625 0.0859375
1 0.09453125 0.48515625 0.109375 0.1109375
1 0.0953125 0.59296875 0.08515625 0.0859375
1 0.0921875 0.71796875 0.09765625 0.0984375
1 0.1 0.82734375 0.09765625 0.0984375
1 0.103125 0.93125 0.0859375 0.0859375
1 0.2765625 0.93671875 0.09765625 0.0984375
1 0.47578125 0.9328125 0.08515625 0.0859375
1 0.66328125 0.93671875 0.0859375 0.0859375
1 0.86015625 0.9296875 0.08515625 0.0859375