1 0.878125 0.5765625 0.11015625 0.11015625
1 0.87890625 0.49140625 0.09765625 0.0984375
1 0.8828125 0.38125 0.09765625 0.0984375
1 0.88671875 0.27109375 0.109375 0.11015625
1 0.7859375 0.21953125 0.109375 0.1109375
1 0.7859375 0.3234375 0.11015625 0.11015625
1 0.7859375 0.43984375 0.11015625 0.11015625
1 0.778125 0.5515625 0.11015625 0.11015625
1 0.878125 0.8390625 0.11015625 0.11015625
1 0.8796875 0.93515625 0.09765625 0.0984375
1 0.49140625 0.70625 0.09765625 0.09765625
1 0.69140625 0.26796875 0.109375 0.11015625
1 0.68515625 0.38203125 0.11015625 0.11015625
1 0.6875 0.49296875 0.09765625 0.0984375
2 0.68515625 0.60625 0.0734375 0.0734375
1 0.5921875 0.309375 0.0859375 0.0859375
1 0.58671875 0.4265625 0.09765625 0.0984375
1 0.58671875 0.54765625 0.11015625 0.11015625
1 0.5875 0.6609375 0.109375 0.11015625
1 0.49140625 0.26484375 0.0859375 0.0859375
1 0.4953125 0.384375 0.09765625 0.09765625
1 0.48828125 0.48359375 0.09765625 0.09765625
1 0.49609375 0.596875 0.109375 0.1109375
1 0.39921875 0.3140625 0.109375 0.1109375
1 0.4 0.425 0.109375 0.1109375
0 0.4 0.5203125 0.09765625 0.0984375
1 0.396875 0.65 0.109375 0.11015625
1 0.396875 0.77734375 0.09765625 0.09765625
1 0.309375 0.83046875 0.09765625 0.0984375
1 0.30625 0.71875 0.11015625 0.1109375
1 0.30703125 0.5953125 0.11015625 0.11015625
1 0.30390625 0.48515625 0.109375 0.11015625
1 0.3078125 0.37265625 0.109375 0.11015625
1 0.29765625 0.2765625 0.11015625 0.11015625
1 0.21875 0.4328125 0.09765625 0.09765625
1 0.221875 0.5375 0.09765625 0.0984375
1 0.22578125 0.63125 0.09765625 0.0984375
1 0.221875 0.77109375 0.109375 0.11015625
1 0.22578125 0.88203125 0.109375 0.11015625
1 0.11171875 0.9265625 0.11015625 0.1109375
1 0.11171875 0.8109375 0.08515625 0.0859375
1 0.1171875 0.58828125 0.09765625 0.0984375
1 0.1203125 0.48828125 0.109375 0.1109375
1 0.1140625 0.38125 0.11015625 0.11015625
1 0.11796875 0.2609375 0.11015625 0.1109375
1 0.88203125 0.17421875 0.109375 0.11015625
1 0.7953125 0.11640625 0.09765625 0.0984375
1 0.696875 0.0640625 0.109375 0.1109375
1 0.69375 0.1625 0.09765625 0.09765625
1 0.59453125 0.209375 0.0859375 0.0859375
1 0.6 0.10859375 0.09765625 0.0984375
1 0.49375 0.05 0.09765625 0.0984375
1 0.49921875 0.165625 0.109375 0.11015625
1 0.40703125 0.2140625 0.109375 0.1109375
1 0.40390625 0.10234375 0.11015625 0.11015625
1 0.30546875 0.1609375 0.11015625 0.11015625
1 0.221875 0.21484375 0.09765625 0.09765625
1 0.21796875 0.07734375 0.09765625 0.09765625
1 0.11875 0.15390625 0.09765625 0.0984375