3 0.65078125 0.7203125 0.0734375 0.07421875
3 0.64921875 0.840625 0.0609375 0.06171875
1 0.93515625 0.7765625 0.11015625 0.11015625
1 0.93203125 0.8921875 0.11015625 0.1109375
1 0.834375 0.72734375 0.09765625 0.0984375
1 0.8390625 0.84296875 0.11015625 0.11015625
1 0.846875 0.94453125 0.09765625 0.0984375
1 0.74375 0.7796875 0.11015625 0.1109375
1 0.75 0.8875 0.09765625 0.0984375
1 0.5546875 0.809375 0.09765625 0.0984375
1 0.5578125 0.88125 0.0859375 0.0859375
1 0.4515625 0.72421875 0.09765625 0.0984375
1 0.4578125 0.8375 0.09765625 0.0984375
1 0.4546875 0.95078125 0.0859375 0.08671875
1 0.36640625 0.77890625 0.09765625 0.0984375
1 0.3625 0.890625 0.09765625 0.09765625
1 0.26640625 0.834375 0.109375 0.11015625
1 0.2734375 0.94765625 0.09765625 0.0984375
1 0.1765625 0.7796875 0.11015625 0.11015625
1 0.175 0.89453125 0.109375 0.1109375
1 0.08828125 0.8359375 0.08515625 0.0859375
1 0.0828125 0.94453125 0.09765625 0.0984375
3 0.74375 0.353125 0.0859375 0.0859375
3 0.36640625 0.54765625 0.06171875 0.06171875
1 0.459375 0.6171875 0.08515625 0.0859375
1 0.55625 0.5765625 0.0859375 0.0859375
1 0.55625 0.665625 0.0859375 0.0859375
1 0.65234375 0.6078125 0.0859375 0.0859375
1 0.66015625 0.5203125 0.0859375 0.0859375
1 0.9359375 0.34453125 0.0859375 0.0859375
1 0.9328125 0.4484375 0.11015625 0.11015625
1 0.934375 0.56875 0.11015625 0.11015625
1 0.9359375 0.6703125 0.09765625 0.09765625
1 0.84296875 0.06875 0.09765625 0.0984375
1 0.8390625 0.15859375 0.09765625 0.0984375
1 0.83984375 0.39296875 0.09765625 0.0984375
1 0.83984375 0.50078125 0.09765625 0.0984375
1 0.8328125 0.6203125 0.09765625 0.0984375
1 0.74296875 0.665625 0.08515625 0.0859375
1 0.74609375 0.115625 0.09765625 0.0984375
1 0.746875 0.221875 0.09765625 0.0984375
1 0.740625 0.45390625 0.09765625 0.0984375
1 0.7390625 0.559375 0.09765625 0.0984375
1 0.65546875 0.271875 0.0859375 0.0859375
1 0.659375 0.165625 0.0859375 0.0859375
1 0.65703125 0.0609375 0.08515625 0.0859375
1 0.553125 0.12734375 0.11015625 0.11015625
1 0.5515625 0.240625 0.109375 0.1109375
1 0.55546875 0.3421875 0.109375 0.1109375
1 0.46015625 0.39765625 0.109375 0.1109375
1 0.46796875 0.28828125 0.109375 0.11015625
1 0.46796875 0.16484375 0.109375 0.11015625
1 0.46796875 0.071875 0.11015625 0.1109375
1 0.3703125 0.121875 0.09765625 0.0984375
1 0.3703125 0.23125 0.09765625 0.0984375
1 0.371875 0.3375 0.09765625 0.0984375
1 0.371875 0.42109375 0.09765625 0.09765625
1 0.26953125 0.37578125 0.09765625 0.0984375
1 0.2796875 0.090625 0.109375 0.11015625
1 0.271875 0.171875 0.0859375 0.0859375
1 0.2796875 0.27421875 0.109375 0.11015625
1 0.1796875 0.10078125 0.109375 0.1109375
1 0.17734375 0.2 0.11015625 0.11015625
1 0.18984375 0.3140625 0.11015625 0.11015625
1 0.08671875 0.2625 0.11015625 0.11015625
1 0.08671875 0.17734375 0.09765625 0.0984375
1 0.090625 0.0671875 0.09765625 0.0984375
1 0.365625 0.665625 0.109375 0.11015625
1 0.27109375 0.728125 0.11015625 0.11015625
1 0.17890625 0.678125 0.11015625 0.11015625
1 0.2765625 0.60078125 0.0859375 0.0859375
1 0.184375 0.5640625 0.109375 0.11015625
1 0.178125 0.48984375 0.09765625 0.0984375
1 0.08671875 0.525 0.11015625 0.11015625
1 0.0875 0.6203125 0.09765625 0.0984375
1 0.0890625 0.71015625 0.109375 0.11015625