2 0.4984375 0.7640625 0.0734375 0.07421875
1 0.12578125 0.09765625 0.09765625 0.09765625
1 0.12265625 0.20546875 0.11015625 0.11015625
1 0.12578125 0.32265625 0.11015625 0.11015625
1 0.12421875 0.4375 0.08515625 0.0859375
1 0.215625 0.0421875 0.0734375 0.07421875
1 0.21171875 0.1546875 0.09765625 0.09765625
1 0.2171875 0.265625 0.08515625 0.0859375
1 0.215625 0.3765625 0.09765625 0.0984375
1 0.309375 0.0984375 0.0859375 0.0859375
1 0.3078125 0.2015625 0.09765625 0.09765625
1 0.30859375 0.315625 0.0859375 0.0859375
1 0.31171875 0.43125 0.0859375 0.0859375
1 0.4109375 0.1546875 0.09765625 0.0984375
1 0.4140625 0.2609375 0.09765625 0.09765625
1 0.41328125 0.378125 0.09765625 0.09765625
1 0.5 0.0953125 0.09765625 0.0984375
1 0.49921875 0.20390625 0.09765625 0.0984375
1 0.5 0.33359375 0.09765625 0.0984375
1 0.59296875 0.15 0.09765625 0.0984375
1 0.5921875 0.26484375 0.0859375 0.0859375
1 0.5953125 0.37421875 0.08515625 0.0859375
1 0.6890625 0.09375 0.08515625 0.0859375
1 0.6890625 0.2078125 0.09765625 0.0984375
1 0.69140625 0.31953125 0.0859375 0.0859375
1 0.6875 0.43046875 0.0859375 0.0859375
1 0.50234375 0.44453125 0.08515625 0.0859375
1 0.68828125 0.53828125 0.0859375 0.0859375
1 0.684375 0.646875 0.09765625 0.09765625
1 0.68828125 0.76953125 0.08515625 0.0859375
1 0.6890625 0.8640625 0.08515625 0.0859375
1 0.5921875 0.4828125 0.08515625 0.0859375
1 0.5921875 0.6 0.09765625 0.09765625
1 0.59375 0.7109375 0.09765625 0.09765625
1 0.59765625 0.81875 0.0859375 0.0859375
1 0.5921875 0.92578125 0.0859375 0.0859375
3 0.4984375 0.5390625 0.08515625 0.0859375
1 0.49921875 0.65 0.09765625 0.09765625
1 0.50390625 0.871875 0.09765625 0.0984375
1 0.409375 0.4859375 0.0859375 0.0859375
1 0.40625 0.5984375 0.09765625 0.0984375
1 0.40703125 0.71171875 0.09765625 0.0984375
1 0.40390625 0.8140625 0.08515625 0.0859375
1 0.40546875 0.93046875 0.09765625 0.0984375
1 0.3140625 0.5359375 0.09765625 0.0984375
1 0.31171875 0.65 0.09765625 0.0984375
1 0.3109375 0.75625 0.09765625 0.0984375
1 0.309375 0.8703125 0.09765625 0.0984375
1 0.21328125 0.4890625 0.08515625 0.0859375
1 0.21640625 0.6015625 0.08515625 0.0859375
1 0.2125 0.70859375 0.09765625 0.0984375
1 0.21796875 0.81875 0.09765625 0.0984375
1 0.2140625 0.93359375 0.0859375 0.0859375
1 0.125 0.54375 0.09765625 0.0984375
1 0.1234375 0.65 0.09765625 0.0984375
1 0.12109375 0.76328125 0.09765625 0.0984375
1 0.1234375 0.8703125 0.09765625 0.0984375