2 0.86015625 0.2796875 0.0734375 0.07421875
1 0.95 0.559375 0.09765625 0.09765625
1 0.9453125 0.6859375 0.09765625 0.09765625
1 0.94375 0.78046875 0.09765625 0.0984375
1 0.94453125 0.8875 0.09765625 0.0984375
1 0.85234375 0.93671875 0.0859375 0.0859375
1 0.85625 0.83125 0.0859375 0.0859375
1 0.85390625 0.72578125 0.08515625 0.0859375
1 0.85390625 0.6234375 0.08515625 0.0859375
1 0.7609375 0.56328125 0.11015625 0.11015625
1 0.75703125 0.67890625 0.11015625 0.11015625
1 0.75078125 0.7921875 0.11015625 0.11015625
1 0.74921875 0.90546875 0.109375 0.1109375
1 0.66484375 0.8296875 0.109375 0.11015625
1 0.665625 0.7375 0.11015625 0.1109375
1 0.671875 0.61015625 0.109375 0.11015625
1 0.56171875 0.5671875 0.11015625 0.11015625
1 0.559375 0.66953125 0.109375 0.11015625
1 0.5671875 0.78671875 0.09765625 0.0984375
1 0.5671875 0.89609375 0.09765625 0.0984375
1 0.4796875 0.61875 0.109375 0.11015625
1 0.4765625 0.75546875 0.109375 0.11015625
1 0.46875 0.83671875 0.0859375 0.0859375
1 0.4765625 0.9390625 0.109375 0.11015625
1 0.3875 0.67109375 0.0859375 0.0859375
1 0.3765625 0.765625 0.109375 0.1109375
1 0.37421875 0.86484375 0.11015625 0.11015625
1 0.28359375 0.92734375 0.11015625 0.11015625
1 0.284375 0.8421875 0.09765625 0.0984375
1 0.28828125 0.73203125 0.09765625 0.0984375
1 0.2921875 0.621875 0.109375 0.11015625
1 0.19140625 0.5703125 0.109375 0.1109375
1 0.190625 0.67421875 0.11015625 0.11015625
1 0.190625 0.790625 0.11015625 0.11015625
1 0.1828125 0.9015625 0.11015625 0.11015625
1 0.096875 0.61875 0.109375 0.11015625
1 0.090625 0.7328125 0.11015625 0.11015625
1 0.09296875 0.84296875 0.09765625 0.0984375
2 0.090625 0.95625 0.0734375 0.0734375
1 0.94375 0.465625 0.109375 0.11015625
1 0.85703125 0.5140625 0.08515625 0.0859375
1 0.85703125 0.3921875 0.08515625 0.0859375
1 0.86796875 0.16484375 0.08515625 0.0859375
1 0.8625 0.06953125 0.09765625 0.0984375
1 0.76796875 0.1296875 0.11015625 0.11015625
1 0.7625 0.2328125 0.109375 0.1109375
1 0.75390625 0.3390625 0.109375 0.11015625
1 0.75859375 0.446875 0.109375 0.11015625
1 0.66328125 0.50078125 0.109375 0.11015625
1 0.6625 0.41171875 0.109375 0.11015625
1 0.66484375 0.30625 0.11015625 0.11015625
1 0.67109375 0.1734375 0.11015625 0.1109375
1 0.67109375 0.065625 0.11015625 0.11015625
1 0.57734375 0.11796875 0.09765625 0.0984375
1 0.57265625 0.23359375 0.11015625 0.11015625
1 0.5734375 0.34921875 0.09765625 0.0984375
1 0.57109375 0.4578125 0.109375 0.11015625
1 0.478125 0.50390625 0.109375 0.1109375
1 0.471875 0.3921875 0.09765625 0.0984375
1 0.48125 0.29453125 0.11015625 0.11015625
1 0.4828125 0.18046875 0.09765625 0.0984375
1 0.47890625 0.0578125 0.11015625 0.11015625
1 0.3875 0.1203125 0.08515625 0.0859375
1 0.38828125 0.2359375 0.08515625 0.0859375
1 0.390625 0.34375 0.0859375 0.0859375
1 0.3953125 0.4609375 0.0859375 0.0859375
1 0.38984375 0.56328125 0.08515625 0.0859375
1 0.2875 0.525 0.109375 0.11015625
1 0.2859375 0.4 0.09765625 0.0984375
1 0.2859375 0.28984375 0.0859375 0.0859375
1 0.2875 0.1828125 0.09765625 0.09765625
1 0.29375 0.0578125 0.109375 0.1109375
1 0.1953125 0.13125 0.09765625 0.0984375
1 0.1984375 0.23828125 0.09765625 0.09765625
1 0.1984375 0.359375 0.09765625 0.09765625
1 0.2 0.4671875 0.09765625 0.0984375
1 0.10234375 0.06875 0.09765625 0.0984375
1 0.0984375 0.1765625 0.0859375 0.0859375
1 0.10546875 0.296875 0.09765625 0.09765625
1 0.10234375 0.41484375 0.109375 0.1109375
1 0.0984375 0.5125 0.09765625 0.09765625