2 0.76484375 0.52421875 0.0734375 0.0734375
2 0.76640625 0.415625 0.08515625 0.0859375
2 0.3921875 0.6390625 0.0734375 0.07421875
2 0.3765625 0.53125 0.0734375 0.07421875
2 0.20625 0.9625 0.0734375 0.0734375
2 0.19453125 0.84921875 0.0734375 0.0734375
2 0.690625 0.91015625 0.08515625 0.0859375
2 0.39140625 0.840625 0.0734375 0.0734375
2 0.60234375 0.95390625 0.08515625 0.0859375
2 0.49375 0.9109375 0.0734375 0.0734375
2 0.4953125 0.7859375 0.0734375 0.0734375
2 0.11328125 0.8953125 0.0859375 0.0859375
2 0.3921875 0.72734375 0.0734375 0.0734375
2 0.4875 0.68828125 0.0734375 0.07421875
2 0.10703125 0.7765625 0.0734375 0.0734375
3 0.11640625 0.0578125 0.0859375 0.0859375
1 0.12109375 0.1671875 0.09765625 0.0984375
1 0.21875 0.11875 0.0859375 0.0859375
2 0.1109375 0.465625 0.0484375 0.05
2 0.11015625 0.56875 0.0484375 0.05
2 0.1140625 0.678125 0.0734375 0.0734375
2 0.1859375 0.428125 0.0609375 0.06171875
2 0.1890625 0.52578125 0.0609375 0.06171875
2 0.1890625 0.6109375 0.0609375 0.06171875
2 0.1984375 0.71953125 0.06171875 0.06171875
2 0.27421875 0.4796875 0.06171875 0.06171875
2 0.28203125 0.58515625 0.0734375 0.0734375
2 0.2953125 0.6734375 0.0734375 0.0734375
2 0.29375 0.784375 0.0734375 0.0734375
2 0.29609375 0.90546875 0.0734375 0.0734375
2 0.3640625 0.41953125 0.06171875 0.06171875
1 0.40703125 0.9546875 0.0859375 0.08671875
1 0.4828125 0.57109375 0.0734375 0.07421875
1 0.59375 0.41328125 0.09765625 0.0984375
1 0.59921875 0.53046875 0.11015625 0.1109375
1 0.6046875 0.634375 0.11015625 0.1109375
1 0.6 0.740625 0.0734375 0.07421875
1 0.5984375 0.8515625 0.0734375 0.07421875
1 0.6890625 0.46328125 0.09765625 0.0984375
1 0.6890625 0.5796875 0.09765625 0.09765625
1 0.68984375 0.69453125 0.0734375 0.07421875
1 0.68515625 0.79609375 0.0734375 0.07421875
1 0.78984375 0.62890625 0.0734375 0.07421875
1 0.784375 0.74296875 0.09765625 0.09765625
1 0.7875 0.8546875 0.09765625 0.09765625
1 0.87578125 0.4625 0.08515625 0.08671875
1 0.8796875 0.57578125 0.11015625 0.11015625
1 0.884375 0.6921875 0.11015625 0.11015625
1 0.878125 0.7984375 0.11015625 0.11015625
1 0.878125 0.9140625 0.109375 0.1109375