2 0.053125 0.26953125 0.0734375 0.07421875
1 0.05625 0.159375 0.09765625 0.0984375
1 0.61953125 0.04609375 0.08515625 0.0859375
1 0.8109375 0.046875 0.08515625 0.0859375
1 0.9046875 0.1046875 0.09765625 0.09765625
1 0.80625 0.16171875 0.09765625 0.0984375
1 0.525 0.1 0.09765625 0.0984375
1 0.4296875 0.153125 0.09765625 0.09765625
1 0.3359375 0.10390625 0.09765625 0.0984375
1 0.23828125 0.1515625 0.09765625 0.0984375
1 0.89140625 0.67890625 0.09765625 0.09765625
1 0.89453125 0.77109375 0.109375 0.11015625
1 0.89296875 0.87265625 0.11015625 0.11015625
1 0.8046875 0.9390625 0.09765625 0.0984375
1 0.80546875 0.82109375 0.11015625 0.11015625
1 0.8109375 0.7078125 0.09765625 0.0984375
1 0.7109375 0.65390625 0.109375 0.11015625
1 0.7046875 0.76953125 0.11015625 0.1109375
1 0.71171875 0.88046875 0.109375 0.11015625
1 0.62578125 0.9140625 0.08515625 0.0859375
1 0.6203125 0.81875 0.09765625 0.0984375
1 0.61875 0.70546875 0.109375 0.11015625
1 0.5171875 0.6546875 0.11015625 0.11015625
1 0.52265625 0.7640625 0.109375 0.11015625
1 0.52578125 0.878125 0.11015625 0.11015625
1 0.42890625 0.92265625 0.11015625 0.1109375
1 0.42890625 0.81484375 0.11015625 0.11015625
1 0.32890625 0.65546875 0.11015625 0.11015625
1 0.428125 0.7015625 0.109375 0.11015625
1 0.32734375 0.76484375 0.09765625 0.0984375
1 0.33515625 0.86640625 0.09765625 0.0984375
1 0.240625 0.92890625 0.09765625 0.0984375
1 0.23671875 0.80703125 0.11015625 0.11015625
1 0.2375 0.709375 0.11015625 0.11015625
1 0.13984375 0.66484375 0.0859375 0.0859375
1 0.14375 0.77421875 0.0859375 0.0859375
1 0.1453125 0.86875 0.08515625 0.0859375
1 0.05625 0.72578125 0.09765625 0.0984375
1 0.8984375 0.54375 0.09765625 0.0984375
1 0.9109375 0.4265625 0.09765625 0.09765625
1 0.9171875 0.31875 0.0859375 0.0859375
1 0.90703125 0.20625 0.09765625 0.09765625
1 0.8046875 0.2640625 0.109375 0.1109375
1 0.8046875 0.37890625 0.09765625 0.09765625
1 0.8 0.4796875 0.11015625 0.11015625
1 0.8 0.5921875 0.09765625 0.0984375
1 0.7109375 0.5421875 0.09765625 0.0984375
1 0.709375 0.43828125 0.11015625 0.11015625
1 0.71015625 0.31875 0.09765625 0.0984375
1 0.71015625 0.209375 0.11015625 0.1109375
1 0.71171875 0.10546875 0.09765625 0.09765625
1 0.62109375 0.159375 0.09765625 0.09765625
1 0.6109375 0.25078125 0.09765625 0.0984375
1 0.615625 0.38046875 0.09765625 0.0984375
1 0.6171875 0.4859375 0.109375 0.11015625
1 0.61015625 0.603125 0.09765625 0.0984375
1 0.521875 0.559375 0.09765625 0.0984375
1 0.5234375 0.43203125 0.109375 0.11015625
1 0.5171875 0.325 0.109375 0.11015625
1 0.52421875 0.2078125 0.109375 0.11015625
1 0.43046875 0.384375 0.09765625 0.0984375
1 0.42734375 0.48125 0.11015625 0.11015625
1 0.4234375 0.59296875 0.09765625 0.0984375
1 0.3375 0.5421875 0.109375 0.11015625
1 0.3375 0.43125 0.09765625 0.0984375
1 0.334375 0.3140625 0.08515625 0.0859375
1 0.340625 0.21171875 0.09765625 0.0984375
1 0.2390625 0.2703125 0.09765625 0.0984375
1 0.234375 0.48359375 0.09765625 0.09765625
1 0.2375 0.5875 0.0859375 0.0859375
1 0.14609375 0.54296875 0.08515625 0.0859375
1 0.14296875 0.42265625 0.08515625 0.0859375
1 0.14921875 0.20703125 0.0859375 0.0859375
1 0.053125 0.375 0.09765625 0.09765625
1 0.053125 0.48515625 0.09765625 0.09765625
1 0.0515625 0.59765625 0.09765625 0.09765625