2 0.1765625 0.3625 0.0734375 0.0734375
2 0.08125 0.3203125 0.0734375 0.07421875
2 0.8265625 0.14140625 0.0734375 0.07421875
1 0.7328125 0.09140625 0.09765625 0.0984375
1 0.64921875 0.146875 0.0734375 0.0734375
1 0.55 0.0890625 0.09765625 0.0984375
2 0.4578125 0.14140625 0.0734375 0.0734375
1 0.35859375 0.08828125 0.09765625 0.0984375
2 0.26640625 0.13359375 0.0734375 0.07421875
1 0.16875 0.08203125 0.0859375 0.0859375
1 0.071875 0.13125 0.09765625 0.09765625
1 0.07109375 0.415625 0.109375 0.11015625
1 0.0765625 0.528125 0.109375 0.1109375
1 0.07578125 0.640625 0.121875 0.1234375
1 0.0734375 0.75546875 0.11015625 0.11015625
1 0.17109375 0.4734375 0.11015625 0.11015625
1 0.17421875 0.584375 0.121875 0.1234375
1 0.1734375 0.69609375 0.121875 0.1234375
1 0.17890625 0.80078125 0.109375 0.1109375
2 0.26875 0.31171875 0.06171875 0.06171875
1 0.2671875 0.41875 0.09765625 0.0984375
1 0.26640625 0.53046875 0.09765625 0.0984375
1 0.2734375 0.62421875 0.09765625 0.09765625
1 0.2671875 0.75078125 0.121875 0.1234375
1 0.3671875 0.3609375 0.09765625 0.0984375
1 0.3609375 0.47890625 0.09765625 0.0984375
1 0.3609375 0.575 0.121875 0.1234375
1 0.36015625 0.69140625 0.121875 0.1234375
1 0.36015625 0.8046875 0.121875 0.1234375
2 0.4640625 0.31015625 0.0609375 0.06171875
1 0.45625 0.41640625 0.09765625 0.0984375
1 0.45625 0.52578125 0.09765625 0.0984375
1 0.45859375 0.6421875 0.121875 0.1234375
1 0.45625 0.7578125 0.121875 0.1234375
1 0.553125 0.3640625 0.08515625 0.0859375
1 0.5484375 0.471875 0.09765625 0.0984375
1 0.55234375 0.58671875 0.121875 0.121875
1 0.55625 0.69375 0.09765625 0.0984375
1 0.5515625 0.8046875 0.121875 0.1234375
2 0.6453125 0.3109375 0.0609375 0.06171875
1 0.6484375 0.4203125 0.09765625 0.0984375
1 0.64375 0.5328125 0.09765625 0.0984375
1 0.64453125 0.64375 0.09765625 0.0984375
1 0.6484375 0.7453125 0.09765625 0.0984375
1 0.7375 0.3671875 0.0859375 0.0859375
1 0.73828125 0.47109375 0.09765625 0.0984375
1 0.740625 0.584375 0.09765625 0.0984375
1 0.7375 0.69765625 0.09765625 0.0984375
1 0.7375 0.81171875 0.121875 0.121875
2 0.83515625 0.31875 0.0359375 0.0375
1 0.8359375 0.4171875 0.09765625 0.09765625
1 0.83515625 0.52578125 0.109375 0.11015625
1 0.8328125 0.646875 0.121875 0.1234375
1 0.8375 0.75625 0.109375 0.11015625
1 0.83203125 0.865625 0.09765625 0.0984375
1 0.93125 0.37578125 0.08515625 0.0859375
1 0.92890625 0.4734375 0.09765625 0.09765625
1 0.92734375 0.58984375 0.11015625 0.1109375
1 0.9234375 0.70234375 0.121875 0.1234375
1 0.92578125 0.80390625 0.109375 0.11015625
1 0.928125 0.91484375 0.109375 0.11015625
1 0.74609375 0.915625 0.09765625 0.0984375
1 0.646875 0.86015625 0.121875 0.121875
1 0.54765625 0.915625 0.121875 0.1234375
1 0.45625 0.8578125 0.121875 0.1234375
1 0.36171875 0.91328125 0.121875 0.1234375
1 0.27265625 0.85 0.09765625 0.09765625
1 0.17265625 0.91484375 0.09765625 0.09765625
1 0.0734375 0.8671875 0.11015625 0.1109375