2 0.2859375 0.88203125 0.0734375 0.07421875
1 0.09765625 0.09921875 0.09765625 0.0984375
1 0.09765625 0.23359375 0.09765625 0.09765625
1 0.196875 0.153125 0.09765625 0.0984375
1 0.19921875 0.0578125 0.09765625 0.0984375
1 0.284375 0.121875 0.09765625 0.0984375
1 0.28671875 0.2359375 0.08515625 0.0859375
1 0.38125 0.0609375 0.109375 0.1109375
1 0.3734375 0.184375 0.09765625 0.0984375
1 0.465625 0.13359375 0.09765625 0.0984375
1 0.56953125 0.05859375 0.08515625 0.0859375
1 0.55625 0.1828125 0.09765625 0.0984375
1 0.465625 0.228125 0.09765625 0.09765625
1 0.6640625 0.23359375 0.109375 0.11015625
1 0.6703125 0.11015625 0.11015625 0.1109375
1 0.7625 0.15703125 0.11015625 0.1109375
1 0.86015625 0.11328125 0.09765625 0.09765625
1 0.9484375 0.1484375 0.0859375 0.0859375
1 0.85234375 0.23125 0.09765625 0.09765625
1 0.1 0.6734375 0.08515625 0.0859375
1 0.103125 0.7921875 0.0859375 0.0859375
1 0.10078125 0.87265625 0.09765625 0.0984375
1 0.19453125 0.6046875 0.0859375 0.0859375
1 0.19453125 0.728125 0.0859375 0.0859375
1 0.19140625 0.85625 0.0859375 0.08671875
1 0.2796875 0.6703125 0.09765625 0.09765625
1 0.2859375 0.771875 0.09765625 0.09765625
1 0.38671875 0.67890625 0.09765625 0.0984375
1 0.39375 0.8234375 0.09765625 0.0984375
1 0.3828125 0.93828125 0.0859375 0.0859375
1 0.4703125 0.671875 0.0859375 0.0859375
1 0.475 0.778125 0.09765625 0.09765625
1 0.471875 0.8875 0.0859375 0.0859375
1 0.56640625 0.728125 0.0859375 0.0859375
1 0.56640625 0.8328125 0.0859375 0.0859375
1 0.66015625 0.8890625 0.09765625 0.0984375
1 0.6625 0.77265625 0.09765625 0.0984375
1 0.6578125 0.66640625 0.09765625 0.0984375
1 0.7546875 0.7203125 0.109375 0.11015625
1 0.7546875 0.8234375 0.09765625 0.0984375
1 0.7578125 0.93203125 0.09765625 0.0984375
1 0.85 0.66171875 0.09765625 0.0984375
1 0.8546875 0.77734375 0.09765625 0.09765625
1 0.8484375 0.8796875 0.08515625 0.0859375
1 0.9453125 0.9234375 0.09765625 0.0984375
1 0.94609375 0.7046875 0.09765625 0.0984375
1 0.9484375 0.5953125 0.09765625 0.0984375
1 0.94453125 0.4921875 0.0859375 0.0859375
1 0.94453125 0.26484375 0.09765625 0.09765625
1 0.85546875 0.3359375 0.09765625 0.09765625
1 0.85 0.43203125 0.09765625 0.0984375
1 0.84765625 0.55546875 0.09765625 0.0984375
1 0.7609375 0.61171875 0.109375 0.11015625
1 0.7546875 0.4984375 0.11015625 0.11015625
1 0.7671875 0.38515625 0.11015625 0.11015625
1 0.75859375 0.27421875 0.11015625 0.11015625
1 0.671875 0.340625 0.09765625 0.0984375
1 0.65703125 0.4515625 0.109375 0.11015625
1 0.659375 0.5578125 0.0859375 0.0859375
1 0.559375 0.6203125 0.08515625 0.0859375
1 0.56640625 0.5046875 0.09765625 0.0984375
1 0.571875 0.39609375 0.09765625 0.0984375
1 0.56875 0.2875 0.0859375 0.0859375
1 0.475 0.33671875 0.09765625 0.0984375
1 0.471875 0.45546875 0.09765625 0.0984375
1 0.471875 0.55390625 0.08515625 0.0859375
1 0.378125 0.584375 0.09765625 0.09765625
1 0.378125 0.48515625 0.109375 0.11015625
1 0.38125 0.39375 0.11015625 0.11015625
1 0.37578125 0.2859375 0.09765625 0.0984375
1 0.28515625 0.32890625 0.09765625 0.0984375
1 0.28984375 0.425 0.09765625 0.09765625
1 0.2796875 0.55859375 0.0859375 0.0859375
1 0.19140625 0.4984375 0.09765625 0.09765625
1 0.1984375 0.3921875 0.09765625 0.09765625
1 0.1984375 0.28671875 0.09765625 0.0984375
1 0.10703125 0.3390625 0.11015625 0.1109375
1 0.10078125 0.4515625 0.08515625 0.0859375
1 0.10234375 0.55625 0.08515625 0.0859375