2 0.78671875 0.47578125 0.0734375 0.0734375
2 0.8796875 0.95 0.0734375 0.0734375
1 0.21875 0.05078125 0.09765625 0.09765625
2 0.878125 0.5046875 0.0734375 0.07421875
2 0.88203125 0.61015625 0.0734375 0.07421875
1 0.6859375 0.51171875 0.08515625 0.0859375
1 0.12109375 0.53984375 0.109375 0.11015625
1 0.12109375 0.64296875 0.09765625 0.0984375
1 0.12421875 0.7515625 0.09765625 0.0984375
1 0.121875 0.87421875 0.0859375 0.0859375
1 0.215625 0.48125 0.09765625 0.0984375
1 0.2203125 0.596875 0.09765625 0.09765625
1 0.2140625 0.69921875 0.08515625 0.0859375
1 0.21171875 0.80859375 0.09765625 0.09765625
1 0.221875 0.92421875 0.09765625 0.0984375
1 0.3125 0.85546875 0.09765625 0.09765625
1 0.31171875 0.74296875 0.09765625 0.0984375
1 0.31953125 0.63203125 0.09765625 0.09765625
1 0.3125 0.52421875 0.09765625 0.0984375
1 0.4015625 0.4671875 0.09765625 0.09765625
1 0.40703125 0.5734375 0.09765625 0.0984375
1 0.40546875 0.68125 0.09765625 0.0984375
1 0.4046875 0.79609375 0.09765625 0.09765625
1 0.4 0.91171875 0.09765625 0.0984375
1 0.49921875 0.85234375 0.11015625 0.11015625
1 0.4984375 0.7390625 0.11015625 0.11015625
1 0.49609375 0.62421875 0.109375 0.11015625
1 0.49453125 0.5140625 0.11015625 0.1109375
1 0.59296875 0.4703125 0.09765625 0.09765625
1 0.584375 0.5734375 0.109375 0.11015625
1 0.596875 0.678125 0.109375 0.1109375
1 0.5890625 0.78984375 0.109375 0.11015625
1 0.59140625 0.89453125 0.08515625 0.0859375
1 0.684375 0.84453125 0.09765625 0.0984375
1 0.68984375 0.740625 0.08515625 0.0859375
1 0.684375 0.6140625 0.109375 0.11015625
1 0.7828125 0.57421875 0.08515625 0.0859375
1 0.78125 0.6734375 0.09765625 0.09765625
1 0.784375 0.809375 0.09765625 0.0984375
1 0.78203125 0.89765625 0.09765625 0.0984375
1 0.878125 0.84453125 0.08515625 0.0859375
1 0.8734375 0.709375 0.09765625 0.0984375
1 0.884375 0.42109375 0.08515625 0.0859375
1 0.878125 0.29765625 0.11015625 0.11015625
1 0.8796875 0.18828125 0.11015625 0.11015625
1 0.8796875 0.07734375 0.09765625 0.0984375
1 0.78046875 0.1359375 0.09765625 0.0984375
1 0.78203125 0.246875 0.09765625 0.0984375
1 0.78125 0.35078125 0.0859375 0.0859375
1 0.68359375 0.40859375 0.109375 0.11015625
1 0.68671875 0.30390625 0.09765625 0.0984375
1 0.68671875 0.18671875 0.0859375 0.0859375
1 0.6859375 0.0796875 0.0859375 0.0859375
1 0.59453125 0.1265625 0.09765625 0.0984375
1 0.5921875 0.23359375 0.09765625 0.0984375
1 0.59765625 0.33984375 0.09765625 0.09765625
1 0.5046875 0.39140625 0.109375 0.1109375
1 0.503125 0.290625 0.11015625 0.1109375
1 0.49765625 0.20078125 0.11015625 0.11015625
1 0.503125 0.075 0.11015625 0.11015625
1 0.41328125 0.1265625 0.09765625 0.09765625
1 0.41328125 0.23828125 0.09765625 0.09765625
1 0.40625 0.3484375 0.0859375 0.0859375
1 0.3140625 0.41484375 0.09765625 0.0984375
1 0.3109375 0.31171875 0.0859375 0.0859375
1 0.31875 0.190625 0.09765625 0.09765625
1 0.3109375 0.084375 0.09765625 0.09765625
1 0.221875 0.15546875 0.09765625 0.09765625
1 0.215625 0.2515625 0.09765625 0.0984375
1 0.2140625 0.37421875 0.09765625 0.0984375
1 0.1265625 0.43125 0.109375 0.11015625
1 0.1203125 0.31796875 0.11015625 0.11015625
1 0.13359375 0.2046875 0.11015625 0.11015625
1 0.12421875 0.09296875 0.11015625 0.11015625