1 0.9140625 0.35859375 0.109375 0.11015625
1 0.92109375 0.471875 0.09765625 0.0984375
1 0.9125 0.584375 0.08515625 0.0859375
1 0.9125 0.721875 0.08515625 0.0859375
1 0.909375 0.8078125 0.08515625 0.0859375
1 0.9109375 0.9109375 0.109375 0.11015625
1 0.8234375 0.30390625 0.11015625 0.11015625
1 0.821875 0.41875 0.109375 0.1109375
1 0.8234375 0.52578125 0.09765625 0.0984375
1 0.81953125 0.634375 0.09765625 0.09765625
1 0.82734375 0.74921875 0.09765625 0.0984375
1 0.81796875 0.86015625 0.11015625 0.11015625
1 0.7359375 0.36015625 0.08515625 0.0859375
1 0.73046875 0.46953125 0.09765625 0.0984375
1 0.72265625 0.58671875 0.09765625 0.0984375
1 0.72734375 0.684375 0.09765625 0.0984375
1 0.725 0.803125 0.08515625 0.0859375
1 0.7234375 0.9109375 0.09765625 0.0984375
1 0.63984375 0.30625 0.08515625 0.0859375
1 0.63359375 0.4203125 0.09765625 0.09765625
1 0.63125 0.52265625 0.09765625 0.0984375
1 0.628125 0.6359375 0.09765625 0.0984375
1 0.62421875 0.7515625 0.0859375 0.0859375
1 0.6265625 0.85703125 0.09765625 0.0984375
1 0.52578125 0.90390625 0.11015625 0.11015625
1 0.528125 0.7921875 0.109375 0.1109375
1 0.52890625 0.68046875 0.11015625 0.11015625
3 0.5421875 0.571875 0.09765625 0.09765625
1 0.5328125 0.465625 0.11015625 0.11015625
1 0.53671875 0.35625 0.11015625 0.11015625
3 0.4390625 0.3109375 0.09765625 0.09765625
1 0.43359375 0.41484375 0.09765625 0.0984375
1 0.4359375 0.52421875 0.09765625 0.0984375
1 0.43828125 0.6296875 0.109375 0.11015625
1 0.4328125 0.74765625 0.11015625 0.11015625
1 0.434375 0.8515625 0.11015625 0.1109375
1 0.34453125 0.3625 0.11015625 0.11015625
1 0.34375 0.4703125 0.09765625 0.0984375
1 0.3359375 0.58125 0.09765625 0.09765625
1 0.34296875 0.69296875 0.0859375 0.08671875
1 0.3390625 0.80234375 0.09765625 0.0984375
1 0.33828125 0.9078125 0.11015625 0.11015625
1 0.2484375 0.30625 0.11015625 0.11015625
1 0.25078125 0.409375 0.109375 0.1109375
1 0.246875 0.52421875 0.09765625 0.0984375
1 0.2453125 0.640625 0.11015625 0.1109375
1 0.24921875 0.75 0.09765625 0.09765625
1 0.25078125 0.86953125 0.11015625 0.11015625
1 0.1546875 0.48203125 0.109375 0.11015625
1 0.1515625 0.5703125 0.09765625 0.09765625
1 0.15703125 0.65625 0.11015625 0.1109375
1 0.16171875 0.77109375 0.11015625 0.11015625
1 0.14375 0.90078125 0.109375 0.11015625
1 0.05625 0.85234375 0.109375 0.1109375
1 0.0625 0.753125 0.09765625 0.0984375
1 0.07578125 0.2921875 0.11015625 0.1109375
1 0.0671875 0.3921875 0.109375 0.11015625
1 0.0671875 0.53671875 0.109375 0.11015625
1 0.06328125 0.6265625 0.09765625 0.0984375
1 0.91875 0.25234375 0.11015625 0.11015625
1 0.8265625 0.20234375 0.11015625 0.11015625
1 0.9234375 0.125 0.0859375 0.0859375
1 0.83203125 0.08828125 0.109375 0.11015625
1 0.73515625 0.1453125 0.09765625 0.0984375
1 0.7359375 0.23515625 0.109375 0.11015625
1 0.6328125 0.1984375 0.109375 0.11015625
1 0.5359375 0.246875 0.11015625 0.11015625
1 0.440625 0.2046875 0.109375 0.11015625
1 0.3328125 0.24765625 0.109375 0.11015625
1 0.24921875 0.18671875 0.109375 0.1109375
1 0.08125 0.0921875 0.109375 0.11015625
1 0.0671875 0.19921875 0.11015625 0.1109375