2 0.37578125 0.209375 0.0734375 0.07421875
2 0.946875 0.43828125 0.0734375 0.07421875
1 0.93046875 0.8796875 0.09765625 0.09765625
1 0.934375 0.75859375 0.09765625 0.09765625
1 0.93046875 0.66640625 0.109375 0.11015625
1 0.84453125 0.715625 0.09765625 0.09765625
1 0.83515625 0.83671875 0.09765625 0.09765625
1 0.84296875 0.9328125 0.09765625 0.0984375
3 0.45703125 0.9484375 0.0859375 0.0859375
1 0.7390625 0.5875 0.0859375 0.0859375
1 0.74140625 0.778125 0.08515625 0.0859375
1 0.65 0.50234375 0.109375 0.11015625
1 0.64921875 0.61015625 0.08515625 0.0859375
1 0.6484375 0.9390625 0.0859375 0.0859375
1 0.740625 0.878125 0.0859375 0.08671875
1 0.55546875 0.55546875 0.0859375 0.0859375
1 0.55546875 0.66328125 0.09765625 0.0984375
1 0.5515625 0.753125 0.09765625 0.0984375
1 0.465625 0.4890625 0.09765625 0.09765625
1 0.4609375 0.615625 0.09765625 0.09765625
1 0.459375 0.71015625 0.09765625 0.0984375
1 0.46015625 0.8171875 0.09765625 0.0984375
1 0.36796875 0.86640625 0.0859375 0.0859375
1 0.371875 0.7609375 0.0859375 0.0859375
1 0.36953125 0.65546875 0.08515625 0.0859375
1 0.36953125 0.553125 0.08515625 0.0859375
1 0.2765625 0.49296875 0.11015625 0.11015625
1 0.27265625 0.60859375 0.11015625 0.11015625
1 0.26640625 0.721875 0.11015625 0.11015625
1 0.26484375 0.83515625 0.109375 0.1109375
1 0.26875 0.93671875 0.109375 0.1109375
1 0.18046875 0.88359375 0.109375 0.11015625
1 0.18046875 0.759375 0.109375 0.11015625
1 0.18125 0.6671875 0.11015625 0.1109375
1 0.1875 0.53984375 0.109375 0.11015625
1 0.07734375 0.496875 0.11015625 0.11015625
1 0.075 0.59921875 0.109375 0.11015625
1 0.0828125 0.71640625 0.09765625 0.0984375
1 0.0828125 0.82578125 0.09765625 0.0984375
1 0.08515625 0.93203125 0.09765625 0.0984375
1 0.94453125 0.12109375 0.09765625 0.09765625
1 0.94140625 0.22265625 0.09765625 0.09765625
1 0.94140625 0.33046875 0.09765625 0.0984375
1 0.8484375 0.05625 0.109375 0.11015625
1 0.85234375 0.16015625 0.0859375 0.0859375
1 0.84453125 0.27421875 0.08515625 0.0859375
1 0.85 0.39140625 0.0859375 0.0859375
1 0.85 0.49453125 0.09765625 0.0984375
1 0.75625 0.109375 0.09765625 0.09765625
1 0.74609375 0.22109375 0.09765625 0.0984375
1 0.74765625 0.328125 0.08515625 0.0859375
1 0.74375 0.44140625 0.08515625 0.0859375
1 0.6546875 0.1671875 0.11015625 0.11015625
1 0.64765625 0.28046875 0.11015625 0.11015625
1 0.6546875 0.39140625 0.109375 0.11015625
1 0.56640625 0.44375 0.109375 0.1109375
1 0.5578125 0.325 0.109375 0.11015625
1 0.55390625 0.21796875 0.109375 0.11015625
1 0.5625 0.11953125 0.09765625 0.0984375
1 0.46953125 0.0609375 0.109375 0.11015625
1 0.46875 0.1609375 0.109375 0.11015625
1 0.46953125 0.2765625 0.109375 0.11015625
1 0.459375 0.3953125 0.109375 0.11015625
1 0.37265625 0.44375 0.08515625 0.0859375
1 0.37265625 0.321875 0.08515625 0.0859375
1 0.38359375 0.09453125 0.08515625 0.0859375
1 0.28359375 0.059375 0.11015625 0.11015625
1 0.278125 0.1625 0.109375 0.1109375
1 0.26953125 0.26875 0.109375 0.11015625
1 0.27421875 0.3765625 0.109375 0.11015625
1 0.17890625 0.43046875 0.109375 0.11015625
1 0.178125 0.34140625 0.109375 0.11015625
1 0.18046875 0.2359375 0.11015625 0.11015625
1 0.18671875 0.103125 0.11015625 0.1109375
1 0.08828125 0.16328125 0.11015625 0.11015625
1 0.0890625 0.27890625 0.09765625 0.0984375
1 0.08671875 0.3875 0.109375 0.11015625