2 0.090625 0.575 0.06171875 0.06171875
2 0.378125 0.640625 0.0734375 0.07421875
2 0.09453125 0.68125 0.0734375 0.07421875
2 0.553125 0.0609375 0.0734375 0.07421875
2 0.55546875 0.146875 0.0734375 0.07421875
2 0.75625 0.128125 0.0734375 0.0734375
2 0.475 0.1140625 0.0734375 0.0734375
2 0.66796875 0.24140625 0.0609375 0.06171875
2 0.4734375 0.21171875 0.0734375 0.0734375
2 0.9375 0.6421875 0.0484375 0.0484375
2 0.84765625 0.59765625 0.0484375 0.0484375
2 0.84296875 0.6984375 0.0484375 0.0484375
2 0.753125 0.6515625 0.0375 0.0375
2 0.74296875 0.7671875 0.0359375 0.0359375
2 0.57109375 0.6359375 0.0359375 0.0375
3 0.4734375 0.803125 0.0484375 0.05
3 0.378125 0.84453125 0.0484375 0.0484375
3 0.3734375 0.7546875 0.0484375 0.0484375
3 0.296875 0.6984375 0.0609375 0.06171875
3 0.19453125 0.73359375 0.0359375 0.0359375
1 0.57734375 0.74296875 0.0859375 0.0859375
3 0.4703125 0.69296875 0.06171875 0.06171875
2 0.6515625 0.69140625 0.02421875 0.025
1 0.940625 0.74921875 0.09765625 0.09765625
1 0.93125 0.8609375 0.11015625 0.11015625
1 0.8421875 0.80234375 0.11015625 0.11015625
1 0.846875 0.93125 0.11015625 0.11015625
1 0.759375 0.88671875 0.09765625 0.09765625
1 0.66796875 0.81875 0.09765625 0.0984375
1 0.66875 0.92265625 0.09765625 0.09765625
1 0.56953125 0.85625 0.109375 0.1109375
1 0.47734375 0.9203125 0.0859375 0.0859375
1 0.290625 0.5796875 0.08515625 0.0859375
1 0.1921875 0.6234375 0.0859375 0.0859375
1 0.28984375 0.9078125 0.09765625 0.09765625
1 0.29921875 0.78984375 0.08515625 0.0859375
1 0.1984375 0.834375 0.11015625 0.1109375
1 0.10078125 0.7859375 0.0859375 0.0859375
1 0.10234375 0.90703125 0.09765625 0.0984375
1 0.9421875 0.1375 0.08515625 0.0859375
1 0.84609375 0.1859375 0.08515625 0.0859375
1 0.84375 0.07890625 0.09765625 0.09765625
1 0.6734375 0.0828125 0.08515625 0.0859375
1 0.6640625 0.1625 0.0859375 0.0859375
2 0.53828125 0.2453125 0.06171875 0.06171875
1 0.2921875 0.19921875 0.0859375 0.0859375
1 0.37421875 0.1671875 0.08515625 0.0859375
1 0.29765625 0.09453125 0.11015625 0.11015625
1 0.2 0.14921875 0.09765625 0.0984375
1 0.19453125 0.25703125 0.08515625 0.0859375
1 0.11875 0.2125 0.08515625 0.08671875
1 0.10859375 0.1078125 0.0859375 0.0859375