2 0.34609375 0.1578125 0.0734375 0.07421875
2 0.2546875 0.2390625 0.0734375 0.0734375
2 0.446875 0.4453125 0.0734375 0.07421875
1 0.065625 0.31953125 0.08515625 0.0859375
1 0.0609375 0.21484375 0.08515625 0.0859375
1 0.0609375 0.096875 0.08515625 0.0859375
2 0.24921875 0.12421875 0.06171875 0.06171875
1 0.1625 0.059375 0.0859375 0.0859375
1 0.15703125 0.16328125 0.08515625 0.0859375
1 0.159375 0.29296875 0.0859375 0.0859375
1 0.4515625 0.10078125 0.109375 0.11015625
1 0.45 0.33515625 0.09765625 0.0984375
1 0.63125 0.10234375 0.0859375 0.0859375
1 0.54296875 0.06484375 0.09765625 0.0984375
1 0.5453125 0.15625 0.08515625 0.0859375
1 0.73203125 0.05625 0.11015625 0.11015625
1 0.928125 0.0578125 0.08515625 0.0859375
1 0.921875 0.1640625 0.09765625 0.09765625
1 0.91875 0.27578125 0.09765625 0.0984375
1 0.8234375 0.32890625 0.09765625 0.09765625
1 0.81953125 0.21640625 0.09765625 0.0984375
1 0.7296875 0.2796875 0.09765625 0.0984375
1 0.63203125 0.32734375 0.09765625 0.0984375
1 0.9109375 0.83046875 0.11015625 0.11015625
1 0.915625 0.93984375 0.109375 0.11015625
1 0.721875 0.83125 0.11015625 0.11015625
1 0.82109375 0.87734375 0.109375 0.11015625
1 0.7203125 0.940625 0.09765625 0.0984375
1 0.63125 0.88515625 0.11015625 0.11015625
1 0.5328125 0.840625 0.0859375 0.0859375
1 0.5375 0.95 0.0859375 0.0859375
1 0.45 0.9015625 0.09765625 0.0984375
1 0.36015625 0.8421875 0.0859375 0.0859375
1 0.34453125 0.9484375 0.09765625 0.0984375
1 0.253125 0.7796875 0.09765625 0.09765625
1 0.25625 0.8921875 0.09765625 0.09765625
1 0.153125 0.73125 0.0859375 0.0859375
1 0.1546875 0.8296875 0.08515625 0.0859375
1 0.15703125 0.94453125 0.0859375 0.0859375
1 0.059375 0.77265625 0.08515625 0.0859375
1 0.05546875 0.875 0.08515625 0.0859375
1 0.91484375 0.73515625 0.09765625 0.0984375
1 0.9171875 0.6078125 0.109375 0.11015625
1 0.9109375 0.50078125 0.109375 0.11015625
1 0.91796875 0.38359375 0.109375 0.11015625
1 0.82421875 0.56015625 0.09765625 0.0984375
1 0.82109375 0.65703125 0.11015625 0.11015625
1 0.8171875 0.76875 0.09765625 0.0984375
1 0.73125 0.71796875 0.109375 0.11015625
1 0.73125 0.60703125 0.09765625 0.0984375
1 0.728125 0.490625 0.08515625 0.0859375
1 0.734375 0.3875 0.09765625 0.0984375
1 0.6328125 0.44609375 0.09765625 0.0984375
1 0.628125 0.659375 0.09765625 0.09765625
1 0.63125 0.7640625 0.0859375 0.0859375
1 0.53984375 0.71875 0.08515625 0.0859375
1 0.53671875 0.5984375 0.08515625 0.0859375
1 0.54296875 0.3828125 0.0859375 0.0859375
1 0.44609375 0.55078125 0.09765625 0.09765625
1 0.44609375 0.6609375 0.09765625 0.09765625
1 0.4453125 0.7734375 0.09765625 0.09765625
1 0.35234375 0.7203125 0.09765625 0.0984375
1 0.35625 0.6078125 0.09765625 0.09765625
1 0.35078125 0.50078125 0.08515625 0.0859375
1 0.35390625 0.3921875 0.11015625 0.1109375
1 0.2625 0.44140625 0.09765625 0.09765625
1 0.25390625 0.5453125 0.09765625 0.09765625
1 0.246875 0.6625 0.09765625 0.0984375
1 0.1546875 0.634375 0.08515625 0.0859375