1 0.715625 0.6296875 0.08515625 0.0859375
1 0.71171875 0.75234375 0.11015625 0.11015625
1 0.71171875 0.865625 0.11015625 0.1109375
1 0.61171875 0.91875 0.11015625 0.11015625
1 0.61015625 0.7984375 0.109375 0.1109375
1 0.61171875 0.69453125 0.11015625 0.11015625
1 0.525 0.63359375 0.09765625 0.0984375
1 0.525 0.74296875 0.109375 0.11015625
1 0.528125 0.8609375 0.11015625 0.11015625
1 0.42265625 0.80234375 0.09765625 0.0984375
1 0.4265625 0.68125 0.09765625 0.09765625
1 0.33125 0.7484375 0.08515625 0.0859375
1 0.33515625 0.85625 0.109375 0.11015625
1 0.23515625 0.9015625 0.09765625 0.09765625
1 0.234375 0.76328125 0.09765625 0.0984375
1 0.234375 0.6734375 0.109375 0.11015625
1 0.1421875 0.63359375 0.09765625 0.0984375
1 0.146875 0.75078125 0.109375 0.11015625
1 0.14921875 0.8625 0.08515625 0.0859375
1 0.04453125 0.696875 0.08515625 0.08671875
1 0.04453125 0.79296875 0.08515625 0.0859375
1 0.05703125 0.91796875 0.11015625 0.1109375
1 0.8984375 0.85859375 0.09765625 0.0984375
1 0.89453125 0.75859375 0.09765625 0.09765625
1 0.9015625 0.6375 0.09765625 0.09765625
1 0.80859375 0.5984375 0.109375 0.1109375
1 0.8046875 0.7015625 0.09765625 0.0984375
1 0.8078125 0.8109375 0.08515625 0.0859375
1 0.7984375 0.92109375 0.109375 0.11015625
2 0.24140625 0.06015625 0.06171875 0.06171875
1 0.90703125 0.34453125 0.09765625 0.0984375
1 0.9109375 0.225 0.0859375 0.0859375
1 0.9109375 0.12578125 0.109375 0.11015625
1 0.8234375 0.06171875 0.09765625 0.0984375
1 0.8359375 0.20625 0.109375 0.11015625
1 0.8234375 0.30234375 0.109375 0.11015625
1 0.80859375 0.40546875 0.09765625 0.09765625
1 0.72734375 0.35625 0.109375 0.11015625
1 0.7234375 0.2375 0.109375 0.11015625
0 0.725 0.13984375 0.08515625 0.0859375
1 0.62421875 0.08125 0.09765625 0.0984375
1 0.62421875 0.1828125 0.09765625 0.09765625
1 0.62421875 0.2984375 0.109375 0.11015625
1 0.62578125 0.39609375 0.11015625 0.11015625
1 0.52734375 0.35390625 0.109375 0.11015625
1 0.528125 0.23984375 0.09765625 0.0984375
1 0.5390625 0.12421875 0.109375 0.1109375
1 0.446875 0.08203125 0.0859375 0.0859375
1 0.35546875 0.140625 0.09765625 0.09765625
1 0.3375 0.240625 0.11015625 0.11015625
1 0.334375 0.3265625 0.11015625 0.11015625
1 0.4390625 0.3359375 0.109375 0.1109375
1 0.43046875 0.1921875 0.09765625 0.0984375
3 0.2390625 0.15078125 0.0734375 0.0734375
1 0.24296875 0.25625 0.09765625 0.0984375
1 0.2390625 0.36484375 0.11015625 0.11015625
1 0.15546875 0.325 0.09765625 0.09765625
1 0.16015625 0.24765625 0.09765625 0.0984375
2 0.0578125 0.271875 0.0734375 0.0734375
1 0.0640625 0.3703125 0.09765625 0.0984375