1 0.57890625 0.0921875 0.0859375 0.0859375
1 0.2 0.08671875 0.08515625 0.0859375
1 0.1046875 0.14140625 0.09765625 0.09765625
1 0.103125 0.2546875 0.11015625 0.1109375
1 0.1015625 0.35859375 0.109375 0.11015625
1 0.1015625 0.4703125 0.09765625 0.0984375
1 0.0984375 0.584375 0.109375 0.11015625
1 0.20078125 0.20234375 0.11015625 0.1109375
1 0.19609375 0.31171875 0.09765625 0.09765625
1 0.19609375 0.42265625 0.09765625 0.09765625
1 0.19453125 0.53046875 0.08515625 0.0859375
1 0.1953125 0.64375 0.0859375 0.0859375
1 0.2921875 0.146875 0.0859375 0.0859375
1 0.290625 0.25859375 0.09765625 0.09765625
1 0.2953125 0.36796875 0.11015625 0.1109375
1 0.2875 0.478125 0.11015625 0.1109375
1 0.29375 0.584375 0.11015625 0.11015625
1 0.38515625 0.08984375 0.08515625 0.0859375
2 0.3875 0.19921875 0.0859375 0.0859375
1 0.384375 0.3109375 0.0859375 0.0859375
1 0.390625 0.4125 0.109375 0.1109375
1 0.3875 0.521875 0.109375 0.1109375
1 0.38359375 0.6453125 0.11015625 0.11015625
1 0.4796875 0.14609375 0.11015625 0.11015625
1 0.48125 0.259375 0.11015625 0.11015625
1 0.4890625 0.3625 0.109375 0.11015625
1 0.48359375 0.4734375 0.109375 0.11015625
1 0.4828125 0.5875 0.109375 0.1109375
1 0.58125 0.19375 0.11015625 0.11015625
1 0.5796875 0.309375 0.11015625 0.11015625
1 0.57421875 0.4171875 0.09765625 0.0984375
1 0.5765625 0.52734375 0.08515625 0.0859375
1 0.57734375 0.640625 0.09765625 0.09765625
1 0.67578125 0.153125 0.109375 0.11015625
1 0.678125 0.25234375 0.109375 0.11015625
1 0.66796875 0.36484375 0.09765625 0.0984375
1 0.6734375 0.47734375 0.11015625 0.11015625
1 0.665625 0.58359375 0.11015625 0.11015625
1 0.75625 0.09609375 0.11015625 0.11015625
1 0.76484375 0.2125 0.109375 0.11015625
1 0.765625 0.32109375 0.109375 0.11015625
1 0.765625 0.4234375 0.09765625 0.0984375
1 0.7703125 0.53984375 0.109375 0.11015625
1 0.85703125 0.15703125 0.11015625 0.11015625
1 0.8609375 0.2609375 0.11015625 0.11015625
1 0.8578125 0.37265625 0.11015625 0.11015625
1 0.85625 0.48359375 0.109375 0.11015625
1 0.8578125 0.59296875 0.109375 0.11015625
1 0.859375 0.70078125 0.109375 0.11015625
1 0.85546875 0.81015625 0.109375 0.11015625
1 0.8578125 0.91953125 0.109375 0.11015625
1 0.76796875 0.65 0.11015625 0.11015625
1 0.759375 0.746875 0.11015625 0.11015625
1 0.7625 0.85859375 0.09765625 0.09765625
1 0.6703125 0.7 0.11015625 0.11015625
1 0.67265625 0.81640625 0.11015625 0.1109375
1 0.66328125 0.92578125 0.09765625 0.09765625
1 0.57421875 0.753125 0.109375 0.1109375
2 0.5734375 0.87265625 0.0609375 0.06171875
1 0.4796875 0.696875 0.109375 0.1109375
1 0.4828125 0.80703125 0.109375 0.11015625
1 0.47421875 0.915625 0.11015625 0.11015625
1 0.38515625 0.753125 0.11015625 0.11015625
2 0.38125 0.853125 0.06171875 0.06171875
2 0.29140625 0.70234375 0.06171875 0.06171875
2 0.28671875 0.8109375 0.06171875 0.06171875
1 0.28828125 0.92109375 0.109375 0.11015625
1 0.1984375 0.75234375 0.109375 0.11015625
1 0.1921875 0.878125 0.0859375 0.0859375
1 0.10078125 0.69453125 0.109375 0.11015625
1 0.096875 0.80703125 0.11015625 0.11015625
1 0.10078125 0.9171875 0.11015625 0.11015625