1 0.95 0.66953125 0.09765625 0.0984375
1 0.9453125 0.5734375 0.0859375 0.0859375
1 0.9546875 0.4625 0.08515625 0.0859375
1 0.8640625 0.30390625 0.109375 0.1109375
1 0.8671875 0.41328125 0.09765625 0.09765625
1 0.85546875 0.52265625 0.09765625 0.09765625
1 0.85625 0.6265625 0.09765625 0.0984375
1 0.85859375 0.73671875 0.09765625 0.0984375
1 0.85078125 0.8375 0.09765625 0.0984375
1 0.85625 0.94765625 0.08515625 0.08671875
1 0.7609375 0.89375 0.09765625 0.0984375
1 0.7546875 0.7828125 0.09765625 0.0984375
1 0.76171875 0.678125 0.09765625 0.0984375
1 0.76875 0.57421875 0.09765625 0.09765625
1 0.765625 0.4609375 0.09765625 0.09765625
1 0.76875 0.35859375 0.09765625 0.09765625
1 0.7671875 0.24765625 0.09765625 0.0984375
1 0.67265625 0.30390625 0.09765625 0.0984375
1 0.665625 0.4125 0.109375 0.1109375
1 0.67109375 0.51875 0.09765625 0.0984375
1 0.66484375 0.61796875 0.11015625 0.11015625
1 0.6640625 0.73359375 0.09765625 0.09765625
1 0.66328125 0.840625 0.09765625 0.0984375
1 0.575 0.90390625 0.09765625 0.0984375
1 0.4734375 0.94140625 0.11015625 0.1109375
1 0.57421875 0.7609375 0.09765625 0.09765625
1 0.5703125 0.67265625 0.09765625 0.0984375
1 0.57578125 0.55625 0.11015625 0.11015625
1 0.58203125 0.4546875 0.109375 0.1109375
3 0.5796875 0.346875 0.11015625 0.11015625
1 0.58359375 0.2359375 0.11015625 0.1109375
1 0.48359375 0.2984375 0.11015625 0.1109375
1 0.4796875 0.409375 0.11015625 0.11015625
1 0.48359375 0.503125 0.11015625 0.1109375
1 0.47734375 0.61875 0.11015625 0.11015625
1 0.39140625 0.678125 0.109375 0.11015625
1 0.38515625 0.56171875 0.11015625 0.1109375
1 0.3859375 0.45859375 0.109375 0.11015625
1 0.3921875 0.3484375 0.11015625 0.11015625
1 0.38984375 0.2515625 0.109375 0.11015625
1 0.29765625 0.28828125 0.109375 0.1109375
1 0.29375 0.3953125 0.09765625 0.0984375
1 0.29296875 0.503125 0.09765625 0.09765625
1 0.2921875 0.615625 0.11015625 0.11015625
1 0.29375 0.7328125 0.09765625 0.0984375
1 0.28984375 0.84140625 0.09765625 0.0984375
1 0.38203125 0.9046875 0.11015625 0.11015625
1 0.3796875 0.77890625 0.109375 0.11015625
1 0.278125 0.93828125 0.08515625 0.0859375
1 0.1921875 0.8875 0.09765625 0.09765625
1 0.19921875 0.7671875 0.09765625 0.0984375
1 0.1984375 0.66796875 0.09765625 0.09765625
1 0.19375 0.5640625 0.09765625 0.0984375
1 0.19453125 0.4546875 0.109375 0.11015625
1 0.1984375 0.3375 0.09765625 0.0984375
1 0.20390625 0.23203125 0.11015625 0.11015625
1 0.10390625 0.29140625 0.11015625 0.11015625
1 0.10625 0.40390625 0.109375 0.11015625
1 0.10859375 0.50390625 0.11015625 0.1109375
1 0.10234375 0.61875 0.109375 0.11015625
1 0.103125 0.72734375 0.109375 0.1109375
1 0.1 0.83046875 0.109375 0.11015625