2 0.4578125 0.90703125 0.0734375 0.0734375
2 0.35859375 0.7375 0.06171875 0.06171875
2 0.45390625 0.78359375 0.06171875 0.06171875
2 0.546875 0.7453125 0.0609375 0.0609375
2 0.18046875 0.73984375 0.06171875 0.06171875
1 0.08203125 0.79609375 0.09765625 0.0984375
1 0.084375 0.9 0.09765625 0.0984375
1 0.17578125 0.853125 0.09765625 0.0984375
1 0.2703125 0.7921875 0.09765625 0.0984375
1 0.27265625 0.9078125 0.0859375 0.08671875
1 0.3640625 0.8515625 0.0859375 0.0859375
1 0.55546875 0.8484375 0.09765625 0.09765625
0 0.646875 0.790625 0.0734375 0.07421875
0 0.740625 0.84453125 0.0859375 0.0859375
0 0.7453125 0.95703125 0.0734375 0.07421875
1 0.65234375 0.9015625 0.09765625 0.09765625