2 0.459375 0.23671875 0.0734375 0.0734375
3 0.74140625 0.834375 0.0859375 0.08671875
2 0.94375 0.078125 0.0734375 0.07421875
2 0.0796875 0.21953125 0.0734375 0.07421875
1 0.0765625 0.35234375 0.09765625 0.09765625
1 0.07578125 0.45390625 0.11015625 0.1109375
1 0.071875 0.5640625 0.11015625 0.11015625
2 0.17421875 0.0734375 0.0734375 0.0734375
2 0.17421875 0.16328125 0.0734375 0.0734375
1 0.175 0.2828125 0.0859375 0.0859375
1 0.17578125 0.4 0.09765625 0.09765625
1 0.178125 0.5125 0.09765625 0.09765625
2 0.26015625 0.10859375 0.0734375 0.0734375
2 0.259375 0.21953125 0.0609375 0.06171875
2 0.2671875 0.325 0.0859375 0.0859375
1 0.26640625 0.46015625 0.09765625 0.09765625
1 0.265625 0.54609375 0.09765625 0.09765625
2 0.35625 0.04765625 0.0734375 0.0734375
2 0.35859375 0.17421875 0.0734375 0.0734375
2 0.36484375 0.3015625 0.0734375 0.0734375
1 0.365625 0.40078125 0.109375 0.11015625
1 0.3671875 0.51328125 0.109375 0.11015625
1 0.45390625 0.1171875 0.121875 0.1234375
1 0.459375 0.34765625 0.08515625 0.0859375
1 0.4578125 0.459375 0.11015625 0.11015625
1 0.45546875 0.571875 0.121875 0.1234375
1 0.55546875 0.06953125 0.09765625 0.0984375
1 0.5578125 0.1765625 0.121875 0.1234375
1 0.5609375 0.28984375 0.109375 0.11015625
1 0.54765625 0.403125 0.109375 0.11015625
1 0.5515625 0.5125 0.11015625 0.11015625
1 0.65234375 0.125 0.09765625 0.09765625
1 0.65078125 0.2453125 0.121875 0.1234375
1 0.65703125 0.34140625 0.109375 0.11015625
1 0.6625 0.4578125 0.109375 0.11015625
1 0.65546875 0.56484375 0.109375 0.11015625
1 0.74375 0.0671875 0.08515625 0.0859375
1 0.7453125 0.1796875 0.121875 0.1234375
1 0.7578125 0.39375 0.0859375 0.0859375
1 0.74140625 0.5109375 0.109375 0.11015625
1 0.8375 0.13125 0.09765625 0.09765625
1 0.84609375 0.2375 0.121875 0.1234375
1 0.84609375 0.346875 0.11015625 0.1109375
1 0.84453125 0.4484375 0.11015625 0.11015625
1 0.8375 0.5640625 0.11015625 0.11015625
1 0.93359375 0.1734375 0.109375 0.11015625
1 0.93828125 0.2859375 0.109375 0.1109375
1 0.93828125 0.3984375 0.121875 0.1234375
1 0.9359375 0.51328125 0.11015625 0.11015625
1 0.9359375 0.625 0.11015625 0.1109375
1 0.9359375 0.73125 0.11015625 0.11015625
1 0.93984375 0.8296875 0.11015625 0.11015625
2 0.93671875 0.934375 0.0734375 0.0734375
1 0.84296875 0.67265625 0.109375 0.11015625
1 0.8421875 0.78359375 0.109375 0.11015625
1 0.7453125 0.62421875 0.109375 0.11015625
1 0.7484375 0.7375 0.0859375 0.0859375
1 0.65078125 0.66875 0.11015625 0.11015625
1 0.646875 0.77890625 0.11015625 0.11015625
1 0.6515625 0.88984375 0.09765625 0.0984375
1 0.54765625 0.621875 0.11015625 0.11015625
1 0.55859375 0.85078125 0.09765625 0.0984375
1 0.55 0.946875 0.09765625 0.09765625
1 0.45390625 0.6734375 0.109375 0.11015625
1 0.45390625 0.7890625 0.121875 0.1234375
1 0.45859375 0.8890625 0.121875 0.1234375
1 0.365625 0.6265625 0.109375 0.11015625
1 0.36015625 0.73046875 0.121875 0.1234375
1 0.35703125 0.83671875 0.121875 0.1234375
1 0.26015625 0.675 0.121875 0.1234375
1 0.26484375 0.78203125 0.121875 0.1234375
1 0.26484375 0.88984375 0.121875 0.1234375
1 0.17421875 0.62578125 0.121875 0.1234375
1 0.17109375 0.73125 0.121875 0.1234375
1 0.16953125 0.8296875 0.121875 0.1234375
1 0.0796875 0.66796875 0.121875 0.1234375
1 0.07734375 0.78515625 0.121875 0.1234375
1 0.0765625 0.896875 0.121875 0.1234375