2 0.2640625 0.79921875 0.06171875 0.06171875
2 0.18671875 0.95078125 0.0609375 0.06171875
2 0.55234375 0.865625 0.0734375 0.07421875
2 0.26796875 0.90625 0.0734375 0.07421875
2 0.72734375 0.28515625 0.0734375 0.07421875
2 0.72890625 0.37109375 0.0734375 0.07421875
2 0.93046875 0.353125 0.0734375 0.0734375
2 0.9234375 0.13671875 0.0734375 0.07421875
2 0.64921875 0.33828125 0.0734375 0.0734375
2 0.8421875 0.46640625 0.0609375 0.06171875
2 0.646875 0.4359375 0.0734375 0.0734375
2 0.9265625 0.87578125 0.0375 0.0375
2 0.74453125 0.86015625 0.0359375 0.0375
3 0.4703125 0.9234375 0.0609375 0.06171875
3 0.36875 0.95859375 0.0359375 0.0359375
3 0.64375 0.9171875 0.06171875 0.06171875
2 0.82578125 0.915625 0.02421875 0.025
1 0.4640625 0.8046875 0.08515625 0.0859375
1 0.36640625 0.84765625 0.0859375 0.0859375
2 0.1828125 0.8515625 0.0484375 0.0484375
1 0.08515625 0.9046875 0.11015625 0.11015625
2 0.84453125 0.11875 0.0609375 0.06171875
2 0.84453125 0.221875 0.0734375 0.07421875
1 0.846875 0.3078125 0.08515625 0.0859375
1 0.8375 0.38671875 0.0859375 0.0859375
2 0.7125 0.4703125 0.06171875 0.06171875
1 0.465625 0.4234375 0.0859375 0.0859375
1 0.73359375 0.1765625 0.09765625 0.0984375
1 0.64921875 0.22421875 0.09765625 0.0984375
1 0.6640625 0.109375 0.0859375 0.0859375
1 0.57109375 0.1765625 0.08515625 0.0859375
1 0.56171875 0.27109375 0.09765625 0.0984375
1 0.5484375 0.39140625 0.08515625 0.0859375
1 0.47109375 0.31875 0.11015625 0.11015625
1 0.46328125 0.225 0.11015625 0.11015625
1 0.46640625 0.09765625 0.11015625 0.1109375
1 0.378125 0.16796875 0.0859375 0.0859375
1 0.3734375 0.26640625 0.109375 0.1109375
1 0.37421875 0.3734375 0.09765625 0.0984375
1 0.36875 0.48125 0.08515625 0.0859375
1 0.2921875 0.43671875 0.08515625 0.08671875
1 0.28203125 0.33203125 0.0859375 0.0859375
1 0.2828125 0.2125 0.08515625 0.0859375
1 0.29140625 0.103125 0.08515625 0.0859375
1 0.18828125 0.153125 0.08515625 0.0859375
1 0.18046875 0.26875 0.09765625 0.0984375
1 0.178125 0.3859375 0.109375 0.11015625
1 0.1890625 0.490625 0.09765625 0.09765625
1 0.0953125 0.21015625 0.08515625 0.08671875
1 0.09296875 0.10859375 0.109375 0.11015625
1 0.08671875 0.3078125 0.09765625 0.0984375
1 0.0921875 0.4265625 0.08515625 0.0859375
1 0.928125 0.240625 0.09765625 0.0984375