2 0.48125 0.8171875 0.0734375 0.0734375
2 0.5734375 0.4078125 0.0734375 0.07421875
2 0.38828125 0.88984375 0.0734375 0.07421875
1 0.86484375 0.92890625 0.11015625 0.11015625
1 0.8578125 0.725 0.09765625 0.09765625
1 0.76953125 0.659375 0.109375 0.11015625
1 0.67265625 0.7171875 0.11015625 0.1109375
1 0.58203125 0.6921875 0.109375 0.11015625
1 0.57421875 0.78828125 0.09765625 0.09765625
1 0.478125 0.715625 0.09765625 0.0984375
1 0.4859375 0.94453125 0.09765625 0.09765625
1 0.67890625 0.92578125 0.0859375 0.0859375
1 0.39140625 0.659375 0.09765625 0.09765625
1 0.3828125 0.7671875 0.0859375 0.0859375
1 0.2046875 0.65859375 0.09765625 0.0984375
3 0.1984375 0.7734375 0.0859375 0.0859375
1 0.20078125 0.87890625 0.08515625 0.0859375
1 0.109375 0.625 0.09765625 0.09765625
1 0.1140625 0.71640625 0.09765625 0.0984375
1 0.1 0.8203125 0.09765625 0.09765625
1 0.10078125 0.94765625 0.09765625 0.0984375
1 0.86796875 0.50078125 0.109375 0.11015625
1 0.86796875 0.39375 0.109375 0.11015625
1 0.8640625 0.284375 0.109375 0.11015625
1 0.775 0.12890625 0.0859375 0.0859375
1 0.775 0.22734375 0.0859375 0.0859375
1 0.76953125 0.34453125 0.09765625 0.0984375
1 0.76875 0.446875 0.09765625 0.09765625
1 0.39140625 0.11015625 0.0859375 0.0859375
1 0.384375 0.21015625 0.0859375 0.0859375
1 0.39140625 0.3421875 0.08515625 0.0859375
1 0.4984375 0.35859375 0.08515625 0.0859375
1 0.49453125 0.275 0.08515625 0.0859375
1 0.484375 0.159375 0.0859375 0.0859375
1 0.4859375 0.0453125 0.08515625 0.0859375
1 0.5796875 0.115625 0.0859375 0.0859375
1 0.57734375 0.2375 0.08515625 0.0859375
1 0.57890625 0.31953125 0.08515625 0.0859375
1 0.6765625 0.46953125 0.0859375 0.0859375
1 0.67421875 0.3625 0.08515625 0.0859375
1 0.68203125 0.2671875 0.08515625 0.0859375
1 0.67421875 0.17265625 0.08515625 0.0859375
1 0.67890625 0.0625 0.0859375 0.0859375
1 0.86328125 0.06328125 0.0859375 0.0859375
1 0.86171875 0.1734375 0.08515625 0.0859375
1 0.67265625 0.61875 0.09765625 0.0984375
1 0.58125 0.5984375 0.109375 0.11015625
1 0.48359375 0.61484375 0.11015625 0.11015625
1 0.38984375 0.546875 0.09765625 0.09765625
1 0.30078125 0.05546875 0.09765625 0.0984375
1 0.2984375 0.1640625 0.08515625 0.0859375
1 0.296875 0.28203125 0.09765625 0.0984375
1 0.29765625 0.3953125 0.09765625 0.0984375
1 0.209375 0.109375 0.08515625 0.0859375
1 0.209375 0.22734375 0.09765625 0.0984375
1 0.2046875 0.33984375 0.0859375 0.0859375
1 0.20234375 0.44921875 0.09765625 0.09765625
1 0.196875 0.54765625 0.0859375 0.0859375
1 0.1109375 0.07109375 0.09765625 0.0984375
1 0.1109375 0.184375 0.09765625 0.0984375
1 0.11328125 0.296875 0.09765625 0.09765625
1 0.11328125 0.39453125 0.109375 0.1109375
1 0.1078125 0.50625 0.11015625 0.11015625