2 0.36796875 0.45078125 0.0734375 0.0734375
2 0.46015625 0.0421875 0.0734375 0.07421875
2 0.275 0.5234375 0.0734375 0.07421875
2 0.57109375 0.68125 0.0734375 0.0734375
2 0.45234375 0.725 0.06171875 0.06171875
1 0.934375 0.903125 0.109375 0.11015625
0 0.9359375 0.8046875 0.08515625 0.0859375
1 0.940625 0.3390625 0.0859375 0.0859375
1 0.9421875 0.4359375 0.09765625 0.09765625
1 0.840625 0.29375 0.109375 0.11015625
1 0.93359375 0.6828125 0.09765625 0.09765625
1 0.840625 0.6390625 0.08515625 0.0859375
1 0.83515625 0.746875 0.09765625 0.0984375
1 0.83515625 0.84765625 0.09765625 0.09765625
1 0.7390625 0.9046875 0.09765625 0.0984375
1 0.75 0.7890625 0.109375 0.1109375
1 0.74140625 0.68828125 0.109375 0.11015625
1 0.7515625 0.56328125 0.11015625 0.11015625
1 0.74375 0.35859375 0.09765625 0.09765625
1 0.65625 0.29375 0.109375 0.11015625
1 0.64765625 0.634375 0.11015625 0.11015625
1 0.6578125 0.746875 0.0859375 0.0859375
1 0.559375 0.35078125 0.11015625 0.1109375
1 0.46875 0.32578125 0.109375 0.11015625
1 0.4609375 0.421875 0.09765625 0.09765625
1 0.365625 0.34921875 0.09765625 0.0984375
1 0.3734375 0.578125 0.09765625 0.09765625
1 0.565625 0.559375 0.0859375 0.0859375
1 0.56640625 0.80546875 0.09765625 0.09765625
1 0.5484375 0.90546875 0.11015625 0.11015625
1 0.64140625 0.85703125 0.09765625 0.0984375
3 0.45 0.815625 0.0734375 0.0734375
1 0.45390625 0.92109375 0.09765625 0.0984375
1 0.37109375 0.9125 0.09765625 0.0984375
1 0.278125 0.29296875 0.09765625 0.09765625
1 0.26953125 0.4015625 0.0859375 0.0859375
1 0.28125 0.6296875 0.09765625 0.09765625
1 0.1828125 0.5921875 0.0859375 0.0859375
1 0.18515625 0.684375 0.11015625 0.11015625
1 0.178125 0.79609375 0.09765625 0.0984375
2 0.26875 0.93671875 0.0734375 0.0734375
1 0.0921875 0.2921875 0.09765625 0.0984375
3 0.08515625 0.40703125 0.0859375 0.0859375
1 0.0875 0.5125 0.08515625 0.0859375
1 0.08828125 0.6296875 0.11015625 0.11015625
1 0.0921875 0.7375 0.11015625 0.11015625
1 0.090625 0.846875 0.109375 0.11015625
1 0.93828125 0.23203125 0.11015625 0.11015625
1 0.9421875 0.1265625 0.09765625 0.09765625
1 0.8453125 0.06953125 0.11015625 0.11015625
1 0.8515625 0.19453125 0.109375 0.1109375
1 0.7546875 0.134375 0.109375 0.11015625
1 0.65546875 0.08125 0.09765625 0.09765625
1 0.56328125 0.103125 0.0859375 0.0859375
1 0.559375 0.25234375 0.09765625 0.0984375
1 0.46796875 0.23203125 0.109375 0.11015625
1 0.3703125 0.2484375 0.11015625 0.11015625
1 0.2765625 0.18046875 0.09765625 0.09765625
1 0.0890625 0.0828125 0.09765625 0.09765625
1 0.084375 0.18125 0.0859375 0.0859375