1 0.896875 0.728125 0.09765625 0.0984375
1 0.89921875 0.8 0.0859375 0.0859375
1 0.89375 0.9140625 0.11015625 0.1109375
1 0.79296875 0.64296875 0.09765625 0.0984375
1 0.8 0.75625 0.09765625 0.0984375
1 0.796875 0.86953125 0.0859375 0.08671875
1 0.7078125 0.69765625 0.09765625 0.0984375
1 0.70390625 0.809375 0.09765625 0.09765625
1 0.70390625 0.9125 0.0859375 0.0859375
1 0.60859375 0.753125 0.109375 0.11015625
1 0.615625 0.86640625 0.09765625 0.0984375
1 0.51796875 0.6984375 0.11015625 0.11015625
1 0.51640625 0.81328125 0.109375 0.1109375
1 0.5171875 0.9203125 0.09765625 0.0984375
1 0.43046875 0.7546875 0.08515625 0.0859375
1 0.425 0.8640625 0.09765625 0.0984375
1 0.334375 0.7015625 0.08515625 0.0859375
1 0.328125 0.8140625 0.09765625 0.09765625
1 0.325 0.9171875 0.09765625 0.0984375
1 0.22734375 0.86015625 0.11015625 0.11015625
1 0.23125 0.75078125 0.11015625 0.11015625
3 0.13359375 0.7046875 0.09765625 0.09765625
1 0.128125 0.809375 0.09765625 0.0984375
1 0.1296875 0.91875 0.09765625 0.0984375
3 0.70859375 0.46640625 0.06171875 0.06171875
1 0.8015625 0.5359375 0.08515625 0.0859375
1 0.8984375 0.4953125 0.0859375 0.0859375
1 0.8984375 0.58515625 0.0859375 0.0859375
1 0.89375 0.159375 0.109375 0.1109375
1 0.89765625 0.2609375 0.109375 0.1109375
1 0.8015625 0.31640625 0.109375 0.1109375
1 0.809375 0.2078125 0.109375 0.11015625
1 0.809375 0.08359375 0.109375 0.11015625
1 0.71171875 0.15 0.09765625 0.0984375
1 0.7140625 0.25625 0.09765625 0.0984375
1 0.7140625 0.33984375 0.09765625 0.09765625
1 0.6109375 0.29453125 0.09765625 0.0984375
1 0.61328125 0.090625 0.0859375 0.0859375
1 0.62109375 0.19296875 0.109375 0.11015625
1 0.51875 0.11875 0.11015625 0.11015625
1 0.53203125 0.2328125 0.11015625 0.11015625
1 0.428125 0.18125 0.11015625 0.11015625
1 0.42890625 0.09609375 0.09765625 0.0984375
1 0.32734375 0.15546875 0.11015625 0.11015625
1 0.70703125 0.584375 0.109375 0.11015625
1 0.6125 0.646875 0.11015625 0.11015625
1 0.52109375 0.596875 0.11015625 0.11015625
1 0.61796875 0.51953125 0.0859375 0.0859375
1 0.5265625 0.4828125 0.109375 0.11015625
1 0.51953125 0.40859375 0.09765625 0.0984375
1 0.428125 0.44375 0.11015625 0.11015625
1 0.4296875 0.53984375 0.09765625 0.0984375
1 0.43046875 0.6296875 0.109375 0.11015625
1 0.32734375 0.59296875 0.109375 0.11015625
1 0.2296875 0.64140625 0.11015625 0.11015625
1 0.134375 0.59921875 0.109375 0.11015625
1 0.2375 0.096875 0.09765625 0.0984375
2 0.23515625 0.21015625 0.0734375 0.0734375
1 0.1359375 0.1515625 0.11015625 0.11015625
1 0.1375 0.26484375 0.109375 0.11015625