3 0.72890625 0.92890625 0.06171875 0.06171875
1 0.9265625 0.2796875 0.11015625 0.11015625
1 0.92265625 0.39609375 0.11015625 0.11015625
1 0.915625 0.509375 0.11015625 0.11015625
1 0.9140625 0.621875 0.109375 0.1109375
1 0.91796875 0.7234375 0.109375 0.1109375
1 0.821875 0.7796875 0.109375 0.1109375
1 0.8296875 0.6703125 0.109375 0.11015625
1 0.8296875 0.54609375 0.109375 0.11015625
1 0.83046875 0.45390625 0.11015625 0.1109375
1 0.83671875 0.3265625 0.109375 0.11015625
1 0.72734375 0.28359375 0.11015625 0.11015625
1 0.725 0.3859375 0.109375 0.11015625
1 0.7328125 0.503125 0.09765625 0.0984375
1 0.7328125 0.6125 0.09765625 0.0984375
1 0.734375 0.71953125 0.09765625 0.0984375
1 0.734375 0.803125 0.09765625 0.09765625
1 0.63203125 0.75703125 0.09765625 0.0984375
1 0.64453125 0.33515625 0.109375 0.11015625
1 0.64140625 0.471875 0.109375 0.11015625
1 0.63359375 0.55390625 0.0859375 0.0859375
1 0.64140625 0.65546875 0.109375 0.11015625
1 0.553125 0.3875 0.0859375 0.0859375
1 0.5421875 0.4828125 0.109375 0.1109375
1 0.53984375 0.58125 0.11015625 0.11015625
1 0.55234375 0.69609375 0.11015625 0.11015625
1 0.4484375 0.64375 0.11015625 0.11015625
1 0.44921875 0.559375 0.09765625 0.0984375
1 0.453125 0.4484375 0.09765625 0.0984375
1 0.45703125 0.33828125 0.109375 0.11015625
1 0.35625 0.2875 0.109375 0.1109375
1 0.35625 0.39140625 0.11015625 0.11015625
1 0.35625 0.50703125 0.11015625 0.11015625
1 0.3484375 0.61875 0.11015625 0.11015625
1 0.53984375 0.871875 0.09765625 0.0984375
1 0.4484375 0.90703125 0.11015625 0.11015625
1 0.06171875 0.7734375 0.09765625 0.09765625
1 0.26171875 0.33515625 0.109375 0.11015625
1 0.25546875 0.45 0.11015625 0.11015625
1 0.2578125 0.56015625 0.09765625 0.0984375
2 0.25546875 0.6734375 0.0734375 0.0734375
1 0.1625 0.3765625 0.0859375 0.0859375
1 0.15703125 0.49375 0.09765625 0.0984375
1 0.15703125 0.61484375 0.11015625 0.11015625
1 0.1578125 0.728125 0.109375 0.11015625
1 0.06171875 0.33203125 0.0859375 0.0859375
1 0.065625 0.45234375 0.09765625 0.09765625
1 0.05859375 0.55078125 0.09765625 0.09765625
1 0.06640625 0.6640625 0.109375 0.1109375
1 0.91875 0.05625 0.109375 0.11015625
1 0.9234375 0.16328125 0.109375 0.11015625
1 0.828125 0.2171875 0.109375 0.11015625
1 0.82734375 0.128125 0.109375 0.11015625
1 0.73828125 0.065625 0.09765625 0.0984375
1 0.7359375 0.17421875 0.109375 0.11015625
1 0.64375 0.2203125 0.109375 0.1109375
1 0.63671875 0.10859375 0.09765625 0.0984375
1 0.55546875 0.0609375 0.0859375 0.0859375
1 0.5609375 0.178125 0.0859375 0.0859375
1 0.55546875 0.28046875 0.08515625 0.0859375
1 0.45234375 0.24140625 0.109375 0.11015625
1 0.4515625 0.11640625 0.09765625 0.0984375
1 0.36328125 0.0765625 0.09765625 0.09765625
1 0.365625 0.184375 0.09765625 0.0984375
1 0.2671875 0.13203125 0.109375 0.1109375
1 0.2640625 0.2296875 0.09765625 0.09765625
1 0.16484375 0.2765625 0.0859375 0.0859375
1 0.1703125 0.1765625 0.09765625 0.0984375
1 0.17109375 0.0578125 0.09765625 0.09765625
1 0.0640625 0.11796875 0.09765625 0.0984375
1 0.06953125 0.2328125 0.109375 0.11015625