1 0.5640625 0.18828125 0.109375 0.11015625
1 0.94453125 0.0796875 0.09765625 0.09765625
1 0.9484375 0.19609375 0.09765625 0.09765625
1 0.8546875 0.1359375 0.109375 0.1109375
1 0.84921875 0.23515625 0.11015625 0.1109375
1 0.7515625 0.0796875 0.11015625 0.1109375
1 0.75625 0.18671875 0.11015625 0.11015625
1 0.66484375 0.13515625 0.109375 0.11015625
1 0.5625 0.08046875 0.109375 0.11015625
1 0.46875 0.13203125 0.109375 0.11015625
2 0.471875 0.2453125 0.0484375 0.05
2 0.56328125 0.3 0.0484375 0.05
2 0.6578125 0.23828125 0.0484375 0.0484375
1 0.37578125 0.08671875 0.11015625 0.11015625
1 0.378125 0.1984375 0.11015625 0.11015625
1 0.37734375 0.3046875 0.08515625 0.0859375
1 0.28125 0.13515625 0.09765625 0.0984375
1 0.18828125 0.0828125 0.109375 0.11015625
1 0.1875 0.18671875 0.109375 0.11015625
1 0.1890625 0.30859375 0.0734375 0.07421875
1 0.090625 0.12734375 0.11015625 0.11015625
1 0.0921875 0.24921875 0.11015625 0.1109375
1 0.08671875 0.36953125 0.11015625 0.11015625
1 0.090625 0.47109375 0.11015625 0.11015625
1 0.090625 0.59140625 0.11015625 0.11015625
1 0.08515625 0.70078125 0.11015625 0.11015625
1 0.0890625 0.8109375 0.09765625 0.09765625
1 0.18671875 0.4125 0.0859375 0.08671875
1 0.27265625 0.3578125 0.0734375 0.0734375
1 0.378125 0.40703125 0.11015625 0.11015625
1 0.46875 0.3578125 0.109375 0.11015625
1 0.565625 0.40703125 0.109375 0.1109375
1 0.66796875 0.465625 0.0859375 0.0859375
1 0.66171875 0.353125 0.08515625 0.0859375
2 0.75859375 0.3046875 0.08515625 0.0859375
1 0.75546875 0.4109375 0.08515625 0.0859375
1 0.7625 0.51875 0.09765625 0.09765625
1 0.7578125 0.6234375 0.09765625 0.09765625
1 0.753125 0.73984375 0.09765625 0.0984375
2 0.85234375 0.353125 0.0734375 0.0734375
1 0.8546875 0.46484375 0.08515625 0.0859375
1 0.85390625 0.68125 0.0734375 0.07421875
1 0.940625 0.29921875 0.09765625 0.0984375
1 0.94609375 0.40859375 0.09765625 0.0984375
1 0.94140625 0.52421875 0.09765625 0.0984375
1 0.9421875 0.87109375 0.11015625 0.1109375
1 0.853125 0.8125 0.08515625 0.0859375
2 0.86015625 0.9265625 0.02421875 0.02421875
1 0.7609375 0.8484375 0.09765625 0.0984375
1 0.08671875 0.92265625 0.109375 0.1109375