2 0.58828125 0.72421875 0.0734375 0.0734375
2 0.68125 0.315625 0.0734375 0.07421875
2 0.4953125 0.796875 0.0734375 0.07421875
2 0.79140625 0.9546875 0.0734375 0.0734375
1 0.8765625 0.5671875 0.109375 0.11015625
1 0.86875 0.9078125 0.11015625 0.11015625
1 0.7796875 0.62421875 0.11015625 0.1109375
1 0.6890625 0.59921875 0.109375 0.11015625
1 0.68125 0.6953125 0.09765625 0.09765625
1 0.5859375 0.62265625 0.09765625 0.0984375
1 0.59375 0.8515625 0.09765625 0.09765625
1 0.7859375 0.8328125 0.0859375 0.0859375
1 0.49921875 0.56640625 0.09765625 0.09765625
1 0.490625 0.675 0.0859375 0.0859375
1 0.5015625 0.903125 0.09765625 0.09765625
1 0.403125 0.865625 0.0859375 0.0859375
1 0.3125 0.565625 0.09765625 0.0984375
3 0.30546875 0.68046875 0.0859375 0.0859375
1 0.3078125 0.7859375 0.08515625 0.0859375
1 0.309375 0.903125 0.11015625 0.11015625
1 0.2171875 0.53203125 0.09765625 0.09765625
1 0.221875 0.6234375 0.09765625 0.0984375
1 0.20703125 0.72734375 0.09765625 0.09765625
1 0.2078125 0.8546875 0.09765625 0.0984375
1 0.1234375 0.57890625 0.11015625 0.1109375
1 0.12734375 0.70390625 0.121875 0.1234375
1 0.1203125 0.809375 0.08515625 0.0859375
1 0.103125 0.9265625 0.0859375 0.0859375
1 0.8828125 0.134375 0.0859375 0.0859375
1 0.8765625 0.2515625 0.09765625 0.0984375
1 0.87578125 0.3546875 0.09765625 0.09765625
1 0.4921875 0.1171875 0.0859375 0.0859375
1 0.4984375 0.24921875 0.08515625 0.0859375
1 0.60625 0.265625 0.08515625 0.0859375
1 0.60234375 0.1828125 0.08515625 0.0859375
1 0.5921875 0.06640625 0.0859375 0.0859375
1 0.68515625 0.14453125 0.08515625 0.0859375
1 0.6859375 0.2265625 0.08515625 0.0859375
1 0.784375 0.3765625 0.0859375 0.0859375
1 0.78203125 0.26953125 0.08515625 0.0859375
1 0.78984375 0.175 0.08515625 0.0859375
1 0.78203125 0.0796875 0.08515625 0.0859375
1 0.78046875 0.52578125 0.09765625 0.0984375
1 0.68828125 0.50546875 0.109375 0.11015625
1 0.59140625 0.521875 0.11015625 0.11015625
1 0.496875 0.45390625 0.09765625 0.09765625
1 0.40546875 0.07109375 0.08515625 0.0859375
1 0.4046875 0.1890625 0.09765625 0.0984375
1 0.40546875 0.30234375 0.09765625 0.0984375
1 0.31640625 0.134375 0.09765625 0.0984375
1 0.3125 0.246875 0.0859375 0.0859375
1 0.309375 0.35625 0.09765625 0.09765625
1 0.3046875 0.4546875 0.0859375 0.0859375
1 0.21875 0.09140625 0.09765625 0.0984375
1 0.2203125 0.20390625 0.09765625 0.09765625
1 0.2203125 0.3015625 0.109375 0.1109375
1 0.215625 0.41328125 0.11015625 0.11015625
1 0.12421875 0.14921875 0.09765625 0.09765625
1 0.121875 0.2734375 0.08515625 0.0859375
1 0.1265625 0.37578125 0.08515625 0.0859375
1 0.13046875 0.48671875 0.11015625 0.11015625