1 0.865625 0.8515625 0.11015625 0.1109375
1 0.77421875 0.90078125 0.11015625 0.11015625
1 0.771875 0.80390625 0.109375 0.11015625
1 0.6796875 0.840625 0.109375 0.1109375
1 0.67578125 0.94765625 0.09765625 0.0984375
1 0.5796875 0.88984375 0.09765625 0.0984375
1 0.58515625 0.784375 0.11015625 0.11015625
1 0.4859375 0.84453125 0.11015625 0.11015625
1 0.39921875 0.78203125 0.109375 0.11015625
1 0.3921875 0.88984375 0.109375 0.11015625
1 0.29375 0.840625 0.11015625 0.11015625
1 0.29453125 0.9421875 0.11015625 0.11015625
1 0.19375 0.89765625 0.11015625 0.11015625
1 0.196875 0.78828125 0.09765625 0.0984375
1 0.103125 0.83359375 0.109375 0.11015625
1 0.11015625 0.94296875 0.11015625 0.11015625
1 0.88203125 0.0796875 0.109375 0.11015625
1 0.8796875 0.1984375 0.11015625 0.1109375
1 0.8703125 0.3140625 0.109375 0.11015625
1 0.878125 0.4234375 0.109375 0.11015625
1 0.8671875 0.53125 0.109375 0.1109375
1 0.771875 0.1546875 0.11015625 0.11015625
1 0.77421875 0.259375 0.109375 0.11015625
1 0.778125 0.359375 0.09765625 0.09765625
1 0.7796875 0.47421875 0.09765625 0.0984375
1 0.77421875 0.5875 0.0859375 0.0859375
1 0.684375 0.09140625 0.09765625 0.0984375
1 0.68671875 0.20546875 0.09765625 0.0984375
1 0.6828125 0.3140625 0.09765625 0.0984375
1 0.68828125 0.4203125 0.08515625 0.08671875
1 0.68671875 0.5265625 0.109375 0.11015625
1 0.58984375 0.1390625 0.09765625 0.0984375
1 0.5890625 0.25546875 0.09765625 0.0984375
1 0.5859375 0.36171875 0.09765625 0.0984375
1 0.590625 0.48125 0.09765625 0.09765625
1 0.58515625 0.5875 0.08515625 0.0859375
1 0.49140625 0.09453125 0.08515625 0.0859375
1 0.49140625 0.2328125 0.08515625 0.0859375
1 0.4890625 0.31875 0.08515625 0.0859375
1 0.490625 0.42109375 0.109375 0.11015625
1 0.496875 0.5359375 0.121875 0.1234375
1 0.3984375 0.1453125 0.09765625 0.09765625
1 0.40625 0.26015625 0.09765625 0.0984375
1 0.396875 0.3703125 0.11015625 0.11015625
1 0.396875 0.46953125 0.11015625 0.11015625
1 0.39296875 0.5734375 0.11015625 0.11015625
1 0.3015625 0.096875 0.09765625 0.0984375
1 0.30625 0.19453125 0.09765625 0.0984375
1 0.30390625 0.31328125 0.08515625 0.0859375
1 0.303125 0.42109375 0.09765625 0.0984375
1 0.30390625 0.52265625 0.109375 0.11015625
1 0.20703125 0.146875 0.09765625 0.0984375
1 0.203125 0.2625 0.0859375 0.0859375
1 0.20625 0.36796875 0.09765625 0.0984375
1 0.20703125 0.4671875 0.09765625 0.09765625
1 0.2 0.56796875 0.109375 0.11015625
1 0.1078125 0.5171875 0.109375 0.11015625
1 0.1046875 0.41484375 0.11015625 0.11015625
1 0.1078125 0.303125 0.109375 0.1109375
1 0.1078125 0.190625 0.11015625 0.11015625
3 0.12109375 0.0828125 0.09765625 0.09765625