2 0.19609375 0.06796875 0.0609375 0.06171875
2 0.66875 0.9078125 0.0734375 0.07421875
2 0.659375 0.78828125 0.0734375 0.0734375
2 0.2875 0.80546875 0.0734375 0.0734375
2 0.3796875 0.96171875 0.06171875 0.06171875
2 0.73359375 0.8609375 0.0734375 0.07421875
1 0.9265625 0.625 0.09765625 0.09765625
1 0.92578125 0.48671875 0.09765625 0.0984375
1 0.92578125 0.396875 0.109375 0.11015625
1 0.834375 0.35703125 0.09765625 0.0984375
1 0.8375 0.47421875 0.109375 0.11015625
1 0.840625 0.5859375 0.08515625 0.0859375
2 0.7328125 0.95390625 0.0484375 0.0484375
2 0.5609375 0.40703125 0.0484375 0.0484375
1 0.7359375 0.4203125 0.08515625 0.08671875
1 0.7359375 0.51640625 0.08515625 0.0859375
1 0.7484375 0.64140625 0.11015625 0.1109375
1 0.65546875 0.66328125 0.11015625 0.11015625
1 0.55625 0.61796875 0.08515625 0.0859375
1 0.64765625 0.465625 0.08515625 0.0859375
2 0.64921875 0.571875 0.0484375 0.0484375
1 0.853125 0.8296875 0.08515625 0.0859375
1 0.55859375 0.85 0.109375 0.1109375
2 0.465625 0.46875 0.0484375 0.0484375
2 0.37578125 0.4234375 0.0484375 0.0484375
2 0.37109375 0.52421875 0.0484375 0.0484375
2 0.28125 0.47734375 0.0375 0.0375
2 0.27109375 0.59296875 0.0359375 0.0359375
2 0.09921875 0.46171875 0.0359375 0.0375
1 0.10546875 0.56953125 0.0859375 0.0859375
2 0.18046875 0.5171875 0.02421875 0.025
1 0.46875 0.575 0.09765625 0.09765625
1 0.459375 0.68671875 0.11015625 0.11015625
1 0.46953125 0.8015625 0.109375 0.11015625
1 0.471875 0.91484375 0.11015625 0.11015625
1 0.3703125 0.628125 0.11015625 0.11015625
1 0.37578125 0.75703125 0.11015625 0.11015625
1 0.375 0.85625 0.09765625 0.0984375
1 0.2859375 0.9328125 0.09765625 0.09765625
1 0.28828125 0.7125 0.09765625 0.09765625
1 0.19609375 0.6453125 0.09765625 0.0984375
1 0.196875 0.74921875 0.09765625 0.09765625
1 0.190625 0.86640625 0.09765625 0.09765625
1 0.0984375 0.9078125 0.0859375 0.0859375
1 0.096875 0.7984375 0.09765625 0.0984375
1 0.09765625 0.6828125 0.109375 0.1109375
2 0.55390625 0.51484375 0.0484375 0.05
1 0.93046875 0.08828125 0.11015625 0.11015625
1 0.75625 0.09453125 0.09765625 0.0984375
2 0.0671875 0.071875 0.06171875 0.06171875