2 0.0765625 0.403125 0.0734375 0.07421875
2 0.4515625 0.946875 0.0734375 0.07421875
2 0.92890625 0.790625 0.0734375 0.07421875
1 0.9328125 0.5609375 0.09765625 0.09765625
1 0.9234375 0.66875 0.0859375 0.0859375
1 0.9359375 0.89765625 0.09765625 0.09765625
1 0.83671875 0.859375 0.0859375 0.0859375
1 0.74609375 0.56015625 0.09765625 0.0984375
3 0.7390625 0.675 0.0859375 0.0859375
1 0.74140625 0.78046875 0.08515625 0.0859375
1 0.74296875 0.896875 0.11015625 0.11015625
1 0.65 0.5265625 0.09765625 0.09765625
1 0.65546875 0.61796875 0.09765625 0.0984375
1 0.640625 0.721875 0.09765625 0.09765625
1 0.64140625 0.84921875 0.09765625 0.0984375
1 0.55703125 0.5734375 0.11015625 0.1109375
1 0.5609375 0.6984375 0.121875 0.1234375
1 0.55390625 0.80390625 0.08515625 0.0859375
1 0.5375 0.92109375 0.0859375 0.0859375
1 0.46171875 0.521875 0.11015625 0.11015625
1 0.465625 0.63125 0.11015625 0.11015625
1 0.4625 0.74375 0.09765625 0.0984375
1 0.46484375 0.8421875 0.09765625 0.0984375
2 0.3734375 0.92890625 0.0609375 0.06171875
1 0.3671875 0.58828125 0.109375 0.11015625
1 0.37421875 0.68515625 0.11015625 0.11015625
1 0.371875 0.8 0.109375 0.11015625
1 0.2765625 0.52734375 0.0859375 0.0859375
1 0.271875 0.63828125 0.109375 0.11015625
1 0.27421875 0.74453125 0.11015625 0.11015625
1 0.2734375 0.84453125 0.109375 0.1109375
1 0.1921875 0.9203125 0.0859375 0.0859375
1 0.178125 0.5765625 0.08515625 0.08671875
1 0.184375 0.68046875 0.09765625 0.09765625
1 0.178125 0.81171875 0.09765625 0.0984375
1 0.0765625 0.5203125 0.0859375 0.0859375
1 0.07734375 0.63359375 0.08515625 0.0859375
1 0.08515625 0.746875 0.09765625 0.09765625
1 0.0890625 0.85 0.109375 0.11015625
1 0.92578125 0.1109375 0.0859375 0.0859375
1 0.93203125 0.24296875 0.08515625 0.0859375
1 0.93046875 0.4484375 0.09765625 0.09765625
3 0.09140625 0.309375 0.0734375 0.07421875
3 0.09140625 0.18984375 0.0734375 0.0734375
1 0.8390625 0.065625 0.08515625 0.0859375
1 0.8375 0.1828125 0.09765625 0.0984375
1 0.8390625 0.29609375 0.09765625 0.0984375
1 0.75 0.128125 0.09765625 0.0984375
1 0.74609375 0.24140625 0.0859375 0.0859375
1 0.74296875 0.35078125 0.09765625 0.09765625
1 0.73828125 0.44921875 0.0859375 0.0859375
1 0.65234375 0.08515625 0.09765625 0.0984375
1 0.6546875 0.1984375 0.09765625 0.09765625
1 0.6546875 0.29609375 0.109375 0.1109375
1 0.64921875 0.4078125 0.11015625 0.11015625
1 0.5578125 0.14375 0.09765625 0.09765625
1 0.55546875 0.2671875 0.08515625 0.0859375
1 0.56015625 0.3703125 0.08515625 0.0859375
1 0.465625 0.415625 0.09765625 0.0984375
1 0.46015625 0.30859375 0.11015625 0.1109375
1 0.4671875 0.1984375 0.09765625 0.09765625
1 0.47265625 0.0828125 0.109375 0.11015625
1 0.3734375 0.134375 0.09765625 0.0984375
1 0.3796875 0.25546875 0.11015625 0.11015625
1 0.37421875 0.3578125 0.109375 0.11015625
1 0.28046875 0.409375 0.11015625 0.11015625
1 0.37421875 0.4734375 0.0859375 0.0859375
1 0.2859375 0.31640625 0.109375 0.1109375
1 0.2734375 0.19296875 0.109375 0.11015625
1 0.2734375 0.08046875 0.109375 0.11015625
1 0.18125 0.23515625 0.0859375 0.0859375
1 0.18671875 0.35546875 0.0859375 0.0859375
1 0.184375 0.1359375 0.08515625 0.0859375
1 0.18515625 0.46171875 0.08515625 0.0859375
1 0.08828125 0.078125 0.08515625 0.0859375
1 0.5640625 0.48125 0.11015625 0.11015625