2 0.284375 0.25625 0.0734375 0.0734375
1 0.63984375 0.8703125 0.08515625 0.0859375
1 0.53671875 0.93515625 0.11015625 0.11015625
1 0.45 0.8734375 0.09765625 0.0984375
1 0.3515625 0.921875 0.09765625 0.09765625
1 0.159375 0.91328125 0.109375 0.11015625
1 0.0671875 0.8734375 0.09765625 0.0984375
1 0.921875 0.8234375 0.0859375 0.0859375
1 0.9125 0.9421875 0.11015625 0.11015625
1 0.8265625 0.878125 0.09765625 0.09765625
1 0.73359375 0.8390625 0.109375 0.1109375
1 0.7296875 0.9421875 0.09765625 0.0984375
2 0.86328125 0.1140625 0.0484375 0.05
2 0.16640625 0.3 0.06171875 0.06171875
1 0.93125 0.33125 0.09765625 0.09765625
1 0.92890625 0.4203125 0.11015625 0.11015625
1 0.92890625 0.54140625 0.09765625 0.0984375
1 0.93046875 0.63671875 0.11015625 0.1109375
1 0.83203125 0.584375 0.09765625 0.0984375
1 0.8359375 0.46484375 0.0859375 0.0859375
1 0.8359375 0.365625 0.109375 0.11015625
1 0.7484375 0.30234375 0.09765625 0.0984375
1 0.7609375 0.446875 0.109375 0.11015625
1 0.7484375 0.5421875 0.109375 0.11015625
1 0.73359375 0.6453125 0.09765625 0.09765625
1 0.65234375 0.59609375 0.109375 0.11015625
1 0.6484375 0.478125 0.109375 0.11015625
0 0.65 0.3796875 0.08515625 0.0859375
1 0.64765625 0.2578125 0.09765625 0.09765625
1 0.55390625 0.2140625 0.08515625 0.0859375
1 0.5484375 0.321875 0.09765625 0.0984375
1 0.5484375 0.42265625 0.09765625 0.09765625
1 0.5484375 0.53828125 0.109375 0.11015625
1 0.55 0.6359375 0.11015625 0.11015625
1 0.45234375 0.59453125 0.109375 0.11015625
1 0.453125 0.4796875 0.09765625 0.0984375
1 0.4640625 0.3640625 0.109375 0.1109375
1 0.4546875 0.26328125 0.109375 0.11015625
1 0.465625 0.13828125 0.11015625 0.11015625
1 0.36171875 0.209375 0.11015625 0.11015625
1 0.371875 0.321875 0.0859375 0.0859375
1 0.08671875 0.153125 0.09765625 0.09765625
1 0.2796875 0.134375 0.0859375 0.0859375
1 0.28046875 0.38125 0.09765625 0.09765625
1 0.2625 0.48125 0.11015625 0.11015625
1 0.259375 0.5671875 0.11015625 0.11015625
1 0.3640625 0.5765625 0.109375 0.1109375
1 0.35546875 0.43203125 0.09765625 0.0984375
3 0.16328125 0.39140625 0.0734375 0.0734375
1 0.16796875 0.496875 0.09765625 0.0984375
1 0.16328125 0.6046875 0.11015625 0.11015625
1 0.0796875 0.565625 0.09765625 0.09765625
1 0.08515625 0.4875 0.09765625 0.0984375