1 0.47890625 0.57109375 0.08515625 0.0859375
1 0.475 0.69375 0.11015625 0.11015625
1 0.475 0.80625 0.11015625 0.1109375
1 0.475 0.9078125 0.109375 0.1109375
1 0.37578125 0.86015625 0.11015625 0.11015625
1 0.37421875 0.740625 0.109375 0.1109375
1 0.37578125 0.6359375 0.11015625 0.11015625
1 0.2890625 0.575 0.09765625 0.0984375
1 0.2890625 0.684375 0.109375 0.11015625
1 0.29140625 0.80234375 0.11015625 0.11015625
1 0.2859375 0.91484375 0.109375 0.11015625
1 0.18671875 0.74375 0.09765625 0.0984375
1 0.190625 0.6234375 0.09765625 0.09765625
1 0.0953125 0.6890625 0.08515625 0.0859375
1 0.0984375 0.79765625 0.109375 0.11015625
1 0.08828125 0.909375 0.11015625 0.1109375
1 0.94921875 0.759375 0.09765625 0.0984375
1 0.9421875 0.6484375 0.09765625 0.09765625
1 0.853125 0.58984375 0.109375 0.1109375
1 0.85234375 0.7015625 0.109375 0.11015625
1 0.8484375 0.81171875 0.11015625 0.11015625
1 0.84296875 0.91640625 0.11015625 0.11015625
1 0.7609375 0.52421875 0.0859375 0.0859375
1 0.7515625 0.64296875 0.11015625 0.11015625
1 0.75390625 0.746875 0.0859375 0.0859375
1 0.75859375 0.86171875 0.09765625 0.0984375
1 0.653125 0.91484375 0.109375 0.11015625
1 0.6625 0.8 0.09765625 0.0984375
1 0.6578125 0.7 0.09765625 0.09765625
1 0.66484375 0.57890625 0.09765625 0.09765625
1 0.571875 0.53984375 0.109375 0.1109375
1 0.56875 0.64296875 0.09765625 0.0984375
1 0.571875 0.7515625 0.08515625 0.0859375
1 0.5625 0.8625 0.109375 0.11015625
1 0.86640625 0.07109375 0.09765625 0.09765625
1 0.8625 0.184375 0.09765625 0.09765625
1 0.76796875 0.121875 0.11015625 0.11015625
1 0.7671875 0.24296875 0.09765625 0.0984375
1 0.76875 0.3375 0.11015625 0.1109375
1 0.85390625 0.290625 0.11015625 0.1109375
1 0.67109375 0.2859375 0.09765625 0.0984375
1 0.675 0.165625 0.0859375 0.0859375
1 0.675 0.0671875 0.109375 0.11015625
1 0.6 0.14765625 0.109375 0.11015625
1 0.58671875 0.24375 0.109375 0.11015625
1 0.571875 0.346875 0.09765625 0.09765625
1 0.49140625 0.29765625 0.109375 0.11015625
1 0.4875 0.17890625 0.109375 0.11015625
0 0.4890625 0.08125 0.08515625 0.0859375
1 0.3875 0.12421875 0.09765625 0.09765625
1 0.3875 0.23984375 0.109375 0.11015625
1 0.3890625 0.3375 0.11015625 0.11015625
1 0.290625 0.2953125 0.109375 0.11015625
1 0.2921875 0.18125 0.09765625 0.0984375
1 0.303125 0.065625 0.109375 0.1109375
1 0.11875 0.08203125 0.09765625 0.09765625
1 0.10078125 0.18203125 0.11015625 0.11015625
1 0.0984375 0.26796875 0.11015625 0.11015625
1 0.203125 0.27734375 0.109375 0.1109375
1 0.19453125 0.13359375 0.09765625 0.0984375