1 0.81171875 0.6859375 0.109375 0.11015625
1 0.14453125 0.09140625 0.09765625 0.0984375
1 0.14296875 0.19453125 0.11015625 0.11015625
1 0.24921875 0.14140625 0.109375 0.11015625
1 0.25078125 0.25234375 0.11015625 0.11015625
1 0.340625 0.084375 0.109375 0.11015625
1 0.3390625 0.18828125 0.109375 0.11015625
1 0.434375 0.1359375 0.11015625 0.11015625
1 0.428125 0.2484375 0.11015625 0.11015625
1 0.52734375 0.08515625 0.109375 0.11015625
1 0.525 0.19375 0.09765625 0.0984375
1 0.52734375 0.31015625 0.09765625 0.0984375
1 0.6203125 0.1421875 0.09765625 0.09765625
1 0.625 0.253125 0.09765625 0.0984375
1 0.715625 0.078125 0.11015625 0.1109375
1 0.715625 0.2 0.109375 0.1109375
1 0.71171875 0.30625 0.109375 0.11015625
1 0.81015625 0.1390625 0.11015625 0.11015625
1 0.8109375 0.25 0.11015625 0.1109375
1 0.89765625 0.08046875 0.109375 0.11015625
1 0.90546875 0.1921875 0.109375 0.11015625
1 0.9015625 0.30390625 0.11015625 0.1109375
1 0.90390625 0.4109375 0.11015625 0.1109375
1 0.9078125 0.52890625 0.11015625 0.11015625
1 0.9125 0.63359375 0.109375 0.11015625
1 0.8140625 0.3671875 0.11015625 0.1109375
1 0.8125 0.471875 0.09765625 0.0984375
1 0.809375 0.57890625 0.109375 0.11015625
1 0.7171875 0.41484375 0.09765625 0.0984375
1 0.71171875 0.52578125 0.109375 0.11015625
1 0.715625 0.63046875 0.109375 0.11015625
2 0.71875 0.74375 0.0484375 0.05
2 0.8109375 0.7984375 0.0484375 0.05
2 0.90546875 0.7359375 0.0484375 0.0484375
1 0.6171875 0.35859375 0.109375 0.11015625
1 0.62265625 0.47421875 0.11015625 0.11015625
1 0.62265625 0.584375 0.11015625 0.11015625
1 0.62578125 0.696875 0.11015625 0.11015625
1 0.62421875 0.803125 0.08515625 0.0859375
1 0.52734375 0.41171875 0.09765625 0.0984375
1 0.52265625 0.521875 0.11015625 0.11015625
1 0.528125 0.63359375 0.09765625 0.0984375
1 0.43359375 0.3625 0.109375 0.11015625
1 0.43046875 0.47109375 0.109375 0.11015625
1 0.4359375 0.58046875 0.109375 0.11015625
1 0.434375 0.68515625 0.109375 0.11015625
1 0.4359375 0.80625 0.0734375 0.07421875
1 0.34296875 0.309375 0.109375 0.11015625
1 0.3421875 0.4171875 0.09765625 0.0984375
1 0.34296875 0.5328125 0.11015625 0.11015625
1 0.3375 0.62578125 0.11015625 0.11015625
1 0.3390625 0.746875 0.11015625 0.1109375
1 0.246875 0.371875 0.11015625 0.11015625
1 0.25078125 0.48515625 0.11015625 0.11015625
1 0.24765625 0.5921875 0.11015625 0.1109375
1 0.24921875 0.69921875 0.09765625 0.09765625
2 0.25078125 0.803125 0.0609375 0.06171875
1 0.13984375 0.3078125 0.11015625 0.11015625
1 0.1453125 0.41953125 0.11015625 0.11015625
1 0.1453125 0.53125 0.109375 0.1109375
1 0.14453125 0.63203125 0.09765625 0.09765625
1 0.14765625 0.7515625 0.109375 0.11015625
1 0.053125 0.48125 0.09765625 0.09765625
1 0.146875 0.8640625 0.09765625 0.0984375
1 0.23984375 0.909375 0.11015625 0.11015625
1 0.33359375 0.86796875 0.11015625 0.11015625
1 0.43359375 0.9109375 0.0859375 0.08671875
1 0.5203125 0.85625 0.0734375 0.0734375
1 0.62578125 0.9046875 0.11015625 0.11015625
1 0.715625 0.85625 0.109375 0.11015625
1 0.8125 0.90546875 0.109375 0.1109375
1 0.90859375 0.8515625 0.08515625 0.0859375