2 0.1203125 0.8546875 0.0734375 0.0734375
1 0.1140625 0.40703125 0.08515625 0.0859375
1 0.11875 0.278125 0.0859375 0.0859375
1 0.11875 0.16796875 0.0859375 0.0859375
1 0.11875 0.06171875 0.09765625 0.0984375
1 0.21171875 0.34453125 0.0859375 0.0859375
1 0.228125 0.23359375 0.09765625 0.0984375
1 0.22265625 0.1234375 0.109375 0.11015625
1 0.3140625 0.0703125 0.09765625 0.09765625
1 0.30859375 0.18203125 0.09765625 0.0984375
1 0.3015625 0.2921875 0.11015625 0.11015625
1 0.3 0.40546875 0.09765625 0.0984375
1 0.4 0.33828125 0.09765625 0.0984375
1 0.41015625 0.240625 0.09765625 0.0984375
1 0.40703125 0.1234375 0.109375 0.11015625
1 0.5015625 0.071875 0.09765625 0.0984375
1 0.49921875 0.18515625 0.09765625 0.0984375
1 0.4921875 0.2890625 0.09765625 0.09765625
1 0.49609375 0.3890625 0.109375 0.11015625
1 0.59453125 0.34609375 0.09765625 0.0984375
1 0.59453125 0.2359375 0.109375 0.11015625
1 0.59296875 0.134375 0.11015625 0.11015625
1 0.6875 0.07578125 0.09765625 0.0984375
1 0.69375 0.18125 0.09765625 0.0984375
1 0.6921875 0.303125 0.09765625 0.0984375
1 0.6890625 0.403125 0.08515625 0.0859375
1 0.7828125 0.35390625 0.09765625 0.0984375
1 0.78046875 0.2390625 0.11015625 0.11015625
1 0.7859375 0.13203125 0.109375 0.1109375
1 0.88671875 0.08125 0.109375 0.11015625
1 0.87421875 0.19296875 0.09765625 0.0984375
1 0.878125 0.30546875 0.09765625 0.0984375
1 0.87890625 0.4109375 0.09765625 0.0984375
3 0.30546875 0.93984375 0.0859375 0.08671875
1 0.30546875 0.82890625 0.0859375 0.0859375
2 0.2125 0.88359375 0.0734375 0.07421875
1 0.11640625 0.953125 0.08515625 0.0859375
1 0.86796875 0.85234375 0.09765625 0.0984375
1 0.775 0.80390625 0.09765625 0.09765625
1 0.77734375 0.9 0.09765625 0.0984375
1 0.678125 0.84609375 0.09765625 0.0984375
1 0.5890625 0.88671875 0.109375 0.1109375
1 0.49296875 0.83984375 0.109375 0.1109375
1 0.39921875 0.8953125 0.08515625 0.0859375
1 0.8765625 0.72265625 0.09765625 0.09765625
1 0.87109375 0.615625 0.09765625 0.0984375
1 0.87109375 0.5296875 0.09765625 0.0984375
1 0.77734375 0.46328125 0.09765625 0.0984375
1 0.7765625 0.57109375 0.109375 0.11015625
1 0.775 0.6828125 0.09765625 0.09765625
1 0.6890625 0.7265625 0.09765625 0.09765625
1 0.68125 0.51171875 0.09765625 0.09765625
1 0.68671875 0.625 0.09765625 0.09765625
1 0.59453125 0.46171875 0.09765625 0.09765625
1 0.59453125 0.5765625 0.09765625 0.09765625
1 0.58671875 0.68671875 0.09765625 0.09765625
1 0.58671875 0.7875 0.11015625 0.11015625
1 0.4984375 0.73671875 0.09765625 0.0984375
1 0.4953125 0.62421875 0.11015625 0.11015625
1 0.4953125 0.5015625 0.11015625 0.1109375
3 0.4046875 0.56640625 0.0859375 0.0859375
1 0.4015625 0.4328125 0.09765625 0.09765625
1 0.30859375 0.51015625 0.109375 0.11015625
1 0.3078125 0.63359375 0.09765625 0.0984375
1 0.30703125 0.728125 0.08515625 0.08671875
1 0.21796875 0.8 0.08515625 0.0859375
1 0.2125 0.6765625 0.11015625 0.11015625
1 0.21328125 0.5671875 0.11015625 0.11015625
1 0.2140625 0.45625 0.09765625 0.0984375
1 0.1140625 0.51484375 0.09765625 0.0984375
1 0.11640625 0.62578125 0.09765625 0.0984375
1 0.115625 0.7296875 0.0859375 0.0859375
1 0.4046875 0.6890625 0.109375 0.11015625
1 0.39921875 0.7796875 0.109375 0.11015625