2 0.4828125 0.096875 0.0734375 0.0734375
2 0.38984375 0.1703125 0.0734375 0.07421875
2 0.6859375 0.32734375 0.0734375 0.0734375
1 0.8515625 0.94453125 0.09765625 0.0984375
1 0.46875 0.94453125 0.09765625 0.0984375
2 0.56796875 0.371875 0.06171875 0.06171875
1 0.95546875 0.28515625 0.08515625 0.0859375
1 0.95 0.39296875 0.09765625 0.0984375
1 0.95 0.49375 0.09765625 0.09765625
1 0.853125 0.665625 0.109375 0.11015625
1 0.8546875 0.5515625 0.09765625 0.0984375
1 0.865625 0.4359375 0.109375 0.1109375
1 0.85625 0.334375 0.109375 0.11015625
1 0.86640625 0.209375 0.11015625 0.11015625
1 0.76328125 0.28046875 0.11015625 0.11015625
1 0.7734375 0.39375 0.0859375 0.0859375
1 0.5765625 0.06875 0.09765625 0.09765625
1 0.48828125 0.225 0.09765625 0.09765625
1 0.68046875 0.20625 0.0859375 0.0859375
1 0.68125 0.45234375 0.09765625 0.09765625
1 0.66328125 0.55234375 0.11015625 0.11015625
1 0.6609375 0.63828125 0.11015625 0.11015625
1 0.765625 0.64765625 0.109375 0.1109375
1 0.75703125 0.503125 0.09765625 0.0984375
3 0.56484375 0.4625 0.0734375 0.0734375
1 0.56953125 0.56796875 0.09765625 0.0984375
1 0.56484375 0.6765625 0.11015625 0.11015625
1 0.48125 0.63671875 0.09765625 0.09765625
1 0.4859375 0.559375 0.09765625 0.0984375
1 0.384375 0.04765625 0.0859375 0.0859375
1 0.396875 0.2765625 0.09765625 0.09765625
1 0.29765625 0.23828125 0.0859375 0.0859375
1 0.3 0.33046875 0.11015625 0.11015625
1 0.29296875 0.44296875 0.09765625 0.0984375
2 0.384375 0.58359375 0.0734375 0.0734375
1 0.390625 0.68203125 0.09765625 0.0984375
3 0.2 0.05390625 0.0859375 0.0859375
1 0.20234375 0.159375 0.08515625 0.0859375
1 0.20390625 0.27578125 0.11015625 0.11015625
1 0.2078125 0.384375 0.11015625 0.11015625
1 0.20625 0.49375 0.109375 0.11015625
1 0.203125 0.61171875 0.09765625 0.0984375
1 0.1015625 0.10078125 0.09765625 0.09765625
1 0.10234375 0.228125 0.09765625 0.0984375
1 0.09765625 0.3375 0.09765625 0.0984375
1 0.09375 0.44296875 0.09765625 0.0984375
1 0.1046875 0.5515625 0.08515625 0.0859375