2 0.65078125 0.628125 0.0734375 0.07421875
2 0.5578125 0.5671875 0.0609375 0.06171875
2 0.84609375 0.4984375 0.0734375 0.07421875
1 0.9296875 0.89609375 0.109375 0.11015625
1 0.93359375 0.7859375 0.109375 0.11015625
1 0.9375 0.68125 0.109375 0.1109375
1 0.94375 0.559375 0.09765625 0.0984375
1 0.8484375 0.6109375 0.0859375 0.0859375
1 0.84453125 0.83671875 0.09765625 0.0984375
1 0.840625 0.71953125 0.0859375 0.08671875
1 0.74765625 0.78515625 0.08515625 0.0859375
1 0.7453125 0.6828125 0.0859375 0.0859375
1 0.36640625 0.69921875 0.0859375 0.0859375
1 0.1828125 0.8125 0.0859375 0.0859375
1 0.2734375 0.8421875 0.0859375 0.0859375
1 0.840625 0.9515625 0.08515625 0.0859375
1 0.7421875 0.559375 0.09765625 0.0984375
1 0.6578125 0.5265625 0.09765625 0.09765625
1 0.65234375 0.7375 0.09765625 0.09765625
1 0.653125 0.840625 0.09765625 0.0984375
1 0.74453125 0.89375 0.08515625 0.0859375
1 0.565625 0.68671875 0.109375 0.1109375
1 0.559375 0.79375 0.11015625 0.11015625
1 0.56015625 0.90078125 0.11015625 0.11015625
1 0.471875 0.83828125 0.11015625 0.11015625
1 0.46796875 0.73671875 0.11015625 0.11015625
1 0.47265625 0.63203125 0.0859375 0.0859375
1 0.47578125 0.5203125 0.09765625 0.0984375
1 0.3703125 0.57578125 0.09765625 0.0984375
1 0.36875 0.81640625 0.11015625 0.1109375
1 0.36484375 0.92734375 0.11015625 0.11015625
1 0.17890625 0.684375 0.09765625 0.09765625
1 0.175 0.56953125 0.08515625 0.0859375
1 0.2734375 0.51953125 0.0859375 0.0859375
3 0.28515625 0.62109375 0.09765625 0.09765625
1 0.278125 0.7375 0.0859375 0.0859375
1 0.18125 0.91875 0.08515625 0.0859375
1 0.0984375 0.8734375 0.0859375 0.0859375
1 0.09140625 0.746875 0.08515625 0.0859375
1 0.0875 0.0671875 0.109375 0.11015625
1 0.08671875 0.23359375 0.08515625 0.0859375
1 0.09375 0.30234375 0.09765625 0.0984375
1 0.08984375 0.41328125 0.09765625 0.0984375
3 0.0875 0.65 0.08515625 0.0859375
1 0.184375 0.459375 0.09765625 0.0984375
1 0.1828125 0.3546875 0.08515625 0.0859375
1 0.1859375 0.0453125 0.08515625 0.0859375
1 0.18203125 0.13828125 0.08515625 0.08671875
1 0.1875 0.240625 0.09765625 0.0984375
1 0.28125 0.40859375 0.09765625 0.0984375
1 0.278125 0.08203125 0.08515625 0.0859375
1 0.284375 0.18828125 0.09765625 0.0984375
1 0.2765625 0.3125 0.09765625 0.09765625
1 0.37109375 0.1234375 0.0859375 0.0859375
1 0.371875 0.240625 0.0859375 0.0859375
1 0.371875 0.33359375 0.09765625 0.0984375
1 0.3703125 0.46328125 0.09765625 0.0984375
1 0.47421875 0.38984375 0.08515625 0.0859375
1 0.47734375 0.07890625 0.08515625 0.0859375
1 0.48359375 0.1859375 0.0859375 0.0859375
1 0.4765625 0.296875 0.0859375 0.0859375
1 0.56171875 0.46796875 0.08515625 0.0859375
1 0.559375 0.1296875 0.0859375 0.0859375
1 0.56328125 0.228125 0.0859375 0.0859375
1 0.55546875 0.3546875 0.0859375 0.0859375
1 0.65546875 0.090625 0.0859375 0.0859375
1 0.6578125 0.20234375 0.08515625 0.0859375
1 0.65703125 0.29375 0.09765625 0.0984375
1 0.66015625 0.43046875 0.09765625 0.0984375
1 0.75078125 0.46015625 0.08515625 0.0859375
1 0.75078125 0.34453125 0.08515625 0.0859375
1 0.75703125 0.24296875 0.08515625 0.0859375
1 0.7453125 0.1234375 0.08515625 0.0859375
1 0.846875 0.0703125 0.0859375 0.0859375
1 0.8421875 0.184375 0.08515625 0.0859375
1 0.84140625 0.290625 0.08515625 0.0859375
1 0.83828125 0.396875 0.08515625 0.0859375
1 0.93125 0.12890625 0.0859375 0.0859375
1 0.92890625 0.24453125 0.09765625 0.0984375
1 0.94375 0.36640625 0.09765625 0.0984375
1 0.93828125 0.4625 0.11015625 0.1109375
2 0.0953125 0.53984375 0.0859375 0.0859375