1 0.8796875 0.28203125 0.109375 0.11015625
2 0.878125 0.084375 0.0359375 0.0375
2 0.87421875 0.17265625 0.0359375 0.0375
1 0.69375 0.2796875 0.11015625 0.1109375
1 0.6078125 0.115625 0.11015625 0.1109375
1 0.6078125 0.21953125 0.11015625 0.1109375
1 0.503125 0.0515625 0.08515625 0.0859375
1 0.50625 0.16484375 0.109375 0.11015625
1 0.5125 0.27578125 0.109375 0.11015625
1 0.41015625 0.10078125 0.09765625 0.0984375
1 0.40625 0.2125 0.0859375 0.0859375
1 0.4109375 0.32734375 0.0859375 0.0859375
1 0.3109375 0.15625 0.0859375 0.0859375
1 0.3171875 0.27109375 0.08515625 0.08671875
1 0.21953125 0.10078125 0.09765625 0.0984375
1 0.21953125 0.2125 0.08515625 0.08671875
1 0.1265625 0.15703125 0.09765625 0.0984375
1 0.128125 0.2671875 0.09765625 0.0984375
1 0.12421875 0.38203125 0.0859375 0.0859375
1 0.1234375 0.49375 0.09765625 0.09765625
1 0.12734375 0.603125 0.11015625 0.1109375
1 0.11953125 0.7140625 0.11015625 0.1109375
1 0.12578125 0.81953125 0.11015625 0.11015625
1 0.2171875 0.325 0.08515625 0.0859375
2 0.21953125 0.434375 0.0859375 0.0859375
1 0.2171875 0.54609375 0.0859375 0.0859375
1 0.22265625 0.64765625 0.109375 0.1109375
1 0.21953125 0.75703125 0.109375 0.1109375
1 0.215625 0.88046875 0.11015625 0.11015625
1 0.31171875 0.38125 0.11015625 0.11015625
1 0.31328125 0.49453125 0.11015625 0.11015625
1 0.32109375 0.5984375 0.109375 0.11015625
1 0.315625 0.70859375 0.109375 0.11015625
1 0.3140625 0.8234375 0.109375 0.1109375
1 0.41328125 0.42890625 0.11015625 0.11015625
1 0.41171875 0.54453125 0.11015625 0.11015625
1 0.40625 0.653125 0.09765625 0.0984375
1 0.40859375 0.7625 0.08515625 0.0859375
1 0.409375 0.87578125 0.09765625 0.09765625
1 0.5078125 0.38828125 0.109375 0.11015625
1 0.509375 0.4875 0.109375 0.11015625
1 0.5 0.6 0.09765625 0.0984375
1 0.50546875 0.7125 0.11015625 0.11015625
1 0.49765625 0.81875 0.11015625 0.11015625
1 0.58828125 0.33125 0.11015625 0.11015625
1 0.596875 0.44765625 0.109375 0.11015625
1 0.59765625 0.55625 0.109375 0.11015625
1 0.59765625 0.65859375 0.09765625 0.0984375
1 0.60234375 0.775 0.109375 0.11015625
1 0.6890625 0.3921875 0.11015625 0.11015625
1 0.69296875 0.496875 0.11015625 0.11015625
1 0.68984375 0.6078125 0.11015625 0.11015625
1 0.68828125 0.71953125 0.109375 0.11015625
1 0.6890625 0.82890625 0.109375 0.11015625
1 0.78125 0.3265625 0.109375 0.1109375
1 0.78515625 0.43828125 0.109375 0.1109375
1 0.7828125 0.5484375 0.09765625 0.0984375
1 0.790625 0.6609375 0.11015625 0.11015625
1 0.7828125 0.76796875 0.11015625 0.11015625
1 0.878125 0.39140625 0.109375 0.1109375
1 0.875 0.496875 0.109375 0.1109375
1 0.8765625 0.603125 0.09765625 0.09765625
1 0.87578125 0.7125 0.109375 0.11015625
1 0.87578125 0.8328125 0.09765625 0.0984375
1 0.88125 0.9390625 0.11015625 0.11015625
1 0.784375 0.8859375 0.11015625 0.11015625
1 0.69140625 0.9359375 0.109375 0.11015625
1 0.6 0.88515625 0.11015625 0.11015625
1 0.50234375 0.93515625 0.11015625 0.11015625
1 0.31171875 0.9328125 0.109375 0.1109375
2 0.1234375 0.93828125 0.06171875 0.06171875