2 0.3546875 0.4609375 0.0734375 0.07421875
2 0.26328125 0.54140625 0.0734375 0.0734375
2 0.45546875 0.7484375 0.0734375 0.07421875
1 0.075 0.621875 0.08515625 0.0859375
1 0.06953125 0.5171875 0.08515625 0.0859375
1 0.06953125 0.39921875 0.08515625 0.0859375
2 0.25859375 0.42734375 0.06171875 0.06171875
1 0.07265625 0.08046875 0.11015625 0.11015625
1 0.08125 0.18828125 0.08515625 0.0859375
1 0.08203125 0.265625 0.09765625 0.09765625
1 0.17890625 0.14765625 0.0859375 0.0859375
1 0.17890625 0.24375 0.09765625 0.0984375
1 0.17109375 0.3625 0.0859375 0.0859375
1 0.165625 0.465625 0.08515625 0.0859375
1 0.16796875 0.5953125 0.0859375 0.0859375
1 0.27265625 0.08515625 0.11015625 0.1109375
1 0.271875 0.1921875 0.109375 0.11015625
1 0.2703125 0.29140625 0.109375 0.11015625
1 0.37109375 0.353125 0.109375 0.11015625
1 0.3765625 0.246875 0.11015625 0.11015625
1 0.375 0.14375 0.109375 0.1109375
1 0.4625 0.0734375 0.09765625 0.0984375
1 0.46171875 0.18828125 0.109375 0.11015625
1 0.45625 0.30234375 0.09765625 0.0984375
1 0.46015625 0.40390625 0.109375 0.11015625
1 0.459375 0.63828125 0.09765625 0.0984375
1 0.63984375 0.40546875 0.0859375 0.0859375
1 0.55625 0.1375 0.08515625 0.0859375
1 0.55234375 0.259375 0.08515625 0.0859375
1 0.5515625 0.36796875 0.09765625 0.0984375
1 0.55390625 0.459375 0.08515625 0.0859375
1 0.6421875 0.075 0.09765625 0.0984375
1 0.64375 0.1828125 0.11015625 0.11015625
1 0.6453125 0.30390625 0.08515625 0.0859375
1 0.7390625 0.13125 0.09765625 0.09765625
1 0.734375 0.24296875 0.109375 0.11015625
1 0.740625 0.35859375 0.11015625 0.11015625
1 0.83515625 0.075 0.11015625 0.1109375
1 0.82734375 0.184375 0.11015625 0.11015625
1 0.83125 0.30390625 0.109375 0.11015625
1 0.94140625 0.1421875 0.0859375 0.0859375
1 0.93671875 0.36015625 0.08515625 0.0859375
1 0.93046875 0.4671875 0.09765625 0.09765625
1 0.928125 0.57890625 0.09765625 0.0984375
1 0.83203125 0.63203125 0.09765625 0.09765625
1 0.828125 0.51875 0.09765625 0.0984375
1 0.73828125 0.5828125 0.09765625 0.0984375
1 0.640625 0.63046875 0.09765625 0.0984375
1 0.92578125 0.9109375 0.109375 0.11015625
1 0.9203125 0.803125 0.109375 0.11015625
1 0.9265625 0.6859375 0.109375 0.11015625
1 0.8328125 0.8625 0.09765625 0.0984375
1 0.740625 0.909375 0.09765625 0.0984375
1 0.73671875 0.79296875 0.08515625 0.0859375
1 0.74296875 0.68984375 0.09765625 0.0984375
1 0.64140625 0.7484375 0.09765625 0.0984375
1 0.5453125 0.9015625 0.08515625 0.0859375
1 0.5515625 0.6859375 0.0859375 0.0859375
1 0.4546875 0.853125 0.09765625 0.09765625
1 0.365625 0.91015625 0.09765625 0.09765625
1 0.36015625 0.80390625 0.08515625 0.0859375
1 0.3625 0.6953125 0.11015625 0.1109375
1 0.271875 0.74375 0.09765625 0.09765625
1 0.2625 0.84765625 0.09765625 0.09765625
1 0.16328125 0.9375 0.08515625 0.0859375