2 0.5765625 0.27578125 0.0734375 0.0734375
2 0.66640625 0.421875 0.0734375 0.07421875
2 0.6671875 0.3171875 0.0734375 0.0734375
2 0.76328125 0.36015625 0.0734375 0.0734375
2 0.4828125 0.3390625 0.08515625 0.0859375
2 0.57890625 0.37109375 0.0734375 0.07421875
2 0.30234375 0.89375 0.0734375 0.0734375
2 0.58359375 0.4875 0.0734375 0.07421875
2 0.3015625 0.7921875 0.0734375 0.0734375
2 0.76640625 0.46484375 0.0859375 0.0859375
2 0.6703125 0.5421875 0.0734375 0.07421875
2 0.95234375 0.72734375 0.0734375 0.0734375
2 0.940625 0.6140625 0.0734375 0.0734375
2 0.859375 0.66015625 0.0859375 0.0859375
2 0.853125 0.54140625 0.0734375 0.0734375
1 0.10625 0.23125 0.121875 0.1234375
1 0.09453125 0.33984375 0.121875 0.1234375
1 0.1015625 0.46015625 0.09765625 0.0984375
1 0.10234375 0.559375 0.09765625 0.0984375
1 0.09921875 0.67890625 0.121875 0.1234375
1 0.2 0.1765625 0.0734375 0.07421875
1 0.2046875 0.2890625 0.09765625 0.09765625
1 0.21171875 0.40234375 0.121875 0.1234375
1 0.20703125 0.51484375 0.09765625 0.0984375
1 0.1953125 0.61796875 0.09765625 0.0984375
1 0.3 0.2328125 0.121875 0.1234375
1 0.29609375 0.35234375 0.121875 0.1234375
1 0.2984375 0.4609375 0.08515625 0.0859375
1 0.29609375 0.58125 0.09765625 0.0984375
1 0.390625 0.18359375 0.09765625 0.09765625
1 0.39453125 0.296875 0.09765625 0.09765625
1 0.39453125 0.4015625 0.09765625 0.09765625
1 0.396875 0.515625 0.09765625 0.09765625
1 0.39609375 0.621875 0.121875 0.1234375
1 0.29453125 0.6921875 0.0734375 0.0734375
1 0.39609375 0.7328125 0.121875 0.1234375
2 0.48125 0.23515625 0.0734375 0.07421875
1 0.48828125 0.45703125 0.0859375 0.0859375
1 0.48515625 0.5703125 0.09765625 0.09765625
1 0.4859375 0.68046875 0.121875 0.1234375
2 0.575 0.178125 0.0609375 0.06171875
1 0.57734375 0.6203125 0.09765625 0.09765625
2 0.66328125 0.21015625 0.0609375 0.06171875
1 0.67734375 0.68046875 0.08515625 0.0859375
2 0.7515625 0.1625 0.06171875 0.06171875
2 0.75234375 0.24921875 0.06171875 0.06171875
1 0.7703125 0.6015625 0.0859375 0.0859375
1 0.7703125 0.71796875 0.08515625 0.0859375
2 0.8578125 0.2296875 0.0484375 0.05
2 0.85625 0.33359375 0.0484375 0.05
2 0.86015625 0.44296875 0.0734375 0.0734375
2 0.93125 0.19296875 0.0609375 0.06171875
2 0.9359375 0.290625 0.0609375 0.06171875
2 0.9359375 0.37578125 0.0609375 0.06171875
2 0.94453125 0.48359375 0.06171875 0.06171875
1 0.95390625 0.8328125 0.0859375 0.0859375
1 0.8609375 0.78359375 0.0734375 0.0734375
1 0.86875 0.89609375 0.09765625 0.0984375
1 0.771875 0.81328125 0.08515625 0.0859375
1 0.678125 0.7921875 0.09765625 0.09765625
1 0.671875 0.9046875 0.09765625 0.09765625
1 0.584375 0.73515625 0.0859375 0.0859375
1 0.578125 0.84375 0.109375 0.1109375
1 0.578125 0.946875 0.0859375 0.0859375
1 0.4875 0.784375 0.09765625 0.09765625
1 0.4828125 0.89609375 0.09765625 0.0984375
1 0.3921875 0.840625 0.11015625 0.11015625
1 0.19140625 0.73203125 0.09765625 0.0984375
1 0.19375 0.84140625 0.09765625 0.0984375
1 0.09609375 0.79375 0.11015625 0.11015625
1 0.0984375 0.896875 0.09765625 0.0984375