2 0.05234375 0.3171875 0.0734375 0.0734375
2 0.70234375 0.0953125 0.0734375 0.07421875
1 0.525 0.10078125 0.0734375 0.0734375
2 0.33359375 0.0953125 0.0734375 0.0734375
2 0.1421875 0.0875 0.0734375 0.07421875
2 0.1453125 0.26640625 0.06171875 0.06171875
1 0.14375 0.37265625 0.09765625 0.0984375
1 0.1421875 0.48515625 0.09765625 0.0984375
1 0.14921875 0.578125 0.09765625 0.09765625
1 0.14296875 0.7046875 0.121875 0.1234375
1 0.24296875 0.31484375 0.09765625 0.0984375
1 0.2375 0.4328125 0.09765625 0.0984375
1 0.23671875 0.5296875 0.121875 0.1234375
1 0.2359375 0.6453125 0.121875 0.1234375
1 0.2359375 0.75859375 0.121875 0.1234375
2 0.33984375 0.2640625 0.0609375 0.06171875
1 0.33203125 0.3703125 0.09765625 0.0984375
1 0.33203125 0.4796875 0.09765625 0.0984375
1 0.334375 0.596875 0.121875 0.1234375
1 0.3328125 0.71171875 0.121875 0.1234375
1 0.42890625 0.31875 0.08515625 0.0859375
1 0.425 0.4265625 0.09765625 0.0984375
1 0.428125 0.540625 0.121875 0.121875
1 0.4328125 0.64765625 0.09765625 0.0984375
1 0.42734375 0.75859375 0.121875 0.1234375
2 0.521875 0.26484375 0.0609375 0.06171875
1 0.52421875 0.37421875 0.09765625 0.0984375
1 0.51953125 0.48671875 0.09765625 0.0984375
1 0.5203125 0.5984375 0.09765625 0.0984375
1 0.52421875 0.7 0.09765625 0.0984375
1 0.61328125 0.32109375 0.0859375 0.0859375
1 0.6140625 0.425 0.09765625 0.0984375
1 0.61640625 0.53828125 0.09765625 0.0984375
1 0.61328125 0.6515625 0.09765625 0.0984375
1 0.6140625 0.76640625 0.121875 0.121875
2 0.71171875 0.27265625 0.0359375 0.0375
1 0.71171875 0.37109375 0.09765625 0.09765625
1 0.7109375 0.4796875 0.109375 0.11015625
1 0.70859375 0.60078125 0.121875 0.1234375
1 0.7140625 0.71015625 0.109375 0.11015625
1 0.7078125 0.81953125 0.09765625 0.0984375
1 0.80703125 0.3296875 0.08515625 0.0859375
1 0.8046875 0.428125 0.09765625 0.09765625
1 0.803125 0.54375 0.11015625 0.1109375
1 0.79921875 0.65625 0.121875 0.1234375
1 0.8015625 0.75859375 0.109375 0.11015625
2 0.90703125 0.2765625 0.0609375 0.06171875
1 0.89921875 0.375 0.0859375 0.0859375
1 0.90078125 0.4859375 0.11015625 0.1109375
1 0.89296875 0.6 0.121875 0.1234375
1 0.89296875 0.7078125 0.11015625 0.11015625
1 0.89765625 0.821875 0.11015625 0.11015625
1 0.896875 0.9328125 0.109375 0.11015625
1 0.80390625 0.86875 0.109375 0.11015625
1 0.71171875 0.93125 0.09765625 0.0984375
1 0.621875 0.86953125 0.09765625 0.0984375
1 0.52265625 0.8140625 0.121875 0.121875
1 0.52265625 0.92421875 0.121875 0.121875
1 0.4234375 0.8703125 0.121875 0.1234375
1 0.3328125 0.81171875 0.121875 0.1234375
1 0.3375 0.9203125 0.09765625 0.0984375
1 0.2375 0.8671875 0.121875 0.1234375
1 0.1484375 0.80390625 0.09765625 0.09765625
1 0.13984375 0.921875 0.09765625 0.09765625