2 0.36796875 0.62109375 0.0734375 0.07421875
2 0.27421875 0.56015625 0.0609375 0.06171875
2 0.56328125 0.49140625 0.0734375 0.07421875
1 0.93125 0.5203125 0.08515625 0.0859375
1 0.928125 0.6265625 0.08515625 0.0859375
1 0.93125 0.7234375 0.08515625 0.0859375
1 0.928125 0.8375 0.08515625 0.0859375
1 0.8453125 0.89140625 0.109375 0.11015625
1 0.84453125 0.7859375 0.09765625 0.0984375
3 0.840625 0.678125 0.08515625 0.0859375
1 0.8390625 0.565625 0.08515625 0.0859375
1 0.7453125 0.50703125 0.0859375 0.0859375
1 0.74609375 0.6203125 0.0859375 0.0859375
1 0.74140625 0.7296875 0.09765625 0.09765625
1 0.75078125 0.846875 0.109375 0.1109375
1 0.74609375 0.94296875 0.09765625 0.0984375
1 0.646875 0.8890625 0.109375 0.11015625
1 0.65 0.77890625 0.109375 0.11015625
1 0.6546875 0.675 0.109375 0.1109375
1 0.66015625 0.55234375 0.09765625 0.0984375
1 0.565625 0.6046875 0.0859375 0.0859375
1 0.56171875 0.8296875 0.09765625 0.0984375
1 0.5578125 0.7125 0.0859375 0.08671875
1 0.4640625 0.778125 0.08515625 0.0859375
1 0.46171875 0.67578125 0.0859375 0.0859375
1 0.0828125 0.6921875 0.0859375 0.0859375
1 0.55703125 0.94453125 0.08515625 0.0859375
1 0.459375 0.55234375 0.09765625 0.0984375
1 0.375 0.51953125 0.09765625 0.09765625
1 0.36875 0.73046875 0.09765625 0.09765625
1 0.3703125 0.83359375 0.09765625 0.0984375
1 0.3765625 0.95390625 0.08515625 0.0859375
1 0.46171875 0.88671875 0.08515625 0.0859375
1 0.28203125 0.6796875 0.109375 0.1109375
1 0.27578125 0.78671875 0.11015625 0.11015625
1 0.2765625 0.89375 0.11015625 0.11015625
1 0.1890625 0.83125 0.11015625 0.11015625
1 0.18515625 0.7296875 0.11015625 0.11015625
1 0.1890625 0.625 0.0859375 0.0859375
1 0.1921875 0.51328125 0.09765625 0.0984375
1 0.08671875 0.56875 0.09765625 0.0984375
1 0.08515625 0.809375 0.11015625 0.1109375
1 0.08125 0.9203125 0.11015625 0.11015625
1 0.0875 0.11640625 0.0859375 0.0859375
1 0.0890625 0.23359375 0.0859375 0.0859375
1 0.0890625 0.3265625 0.09765625 0.0984375
1 0.08671875 0.45625 0.09765625 0.0984375
1 0.190625 0.3828125 0.08515625 0.0859375
1 0.19375 0.071875 0.08515625 0.0859375
1 0.2 0.17890625 0.0859375 0.0859375
1 0.19375 0.28984375 0.0859375 0.0859375
1 0.27890625 0.4609375 0.08515625 0.0859375
1 0.2765625 0.1234375 0.0859375 0.0859375
1 0.28046875 0.221875 0.0859375 0.0859375
1 0.27265625 0.34765625 0.0859375 0.0859375
1 0.371875 0.084375 0.0859375 0.0859375
1 0.37421875 0.1953125 0.08515625 0.0859375
1 0.37421875 0.28671875 0.09765625 0.0984375
1 0.3765625 0.4234375 0.09765625 0.0984375
1 0.4671875 0.453125 0.08515625 0.0859375
1 0.4671875 0.3375 0.08515625 0.0859375
1 0.47421875 0.2359375 0.08515625 0.0859375
1 0.4625 0.11640625 0.08515625 0.0859375
1 0.56328125 0.06328125 0.0859375 0.0859375
1 0.559375 0.178125 0.08515625 0.0859375
1 0.5578125 0.284375 0.08515625 0.0859375
1 0.55546875 0.38984375 0.08515625 0.0859375
1 0.6484375 0.121875 0.0859375 0.0859375
1 0.6453125 0.2375 0.09765625 0.0984375
1 0.66015625 0.36015625 0.09765625 0.0984375
1 0.6546875 0.45625 0.11015625 0.1109375
1 0.7484375 0.07890625 0.09765625 0.0984375
1 0.74375 0.1859375 0.0859375 0.0859375
1 0.74296875 0.28984375 0.08515625 0.0859375
1 0.74921875 0.396875 0.09765625 0.09765625
1 0.83984375 0.45234375 0.09765625 0.0984375
1 0.83828125 0.346875 0.08515625 0.0859375
1 0.84375 0.228125 0.0859375 0.0859375
1 0.8375 0.12421875 0.08515625 0.08671875
1 0.93828125 0.05703125 0.09765625 0.0984375
1 0.93671875 0.1796875 0.0859375 0.0859375
1 0.9375 0.28984375 0.09765625 0.0984375
1 0.9359375 0.39140625 0.09765625 0.0984375