1 0.05 0.25390625 0.09765625 0.09765625
1 0.05 0.365625 0.09765625 0.09765625
1 0.0484375 0.47265625 0.08515625 0.0859375
1 0.0484375 0.5859375 0.0859375 0.0859375
1 0.1453125 0.0890625 0.0859375 0.0859375
1 0.14453125 0.2015625 0.09765625 0.09765625
1 0.14921875 0.3109375 0.11015625 0.1109375
1 0.14140625 0.42109375 0.11015625 0.1109375
1 0.146875 0.5265625 0.11015625 0.11015625
2 0.24140625 0.14140625 0.0859375 0.0859375
1 0.23828125 0.253125 0.0859375 0.0859375
1 0.24375 0.3546875 0.109375 0.1109375
1 0.24140625 0.4640625 0.109375 0.1109375
1 0.23671875 0.5875 0.11015625 0.11015625
1 0.33359375 0.08828125 0.11015625 0.11015625
1 0.334375 0.2015625 0.11015625 0.11015625
1 0.34296875 0.30546875 0.109375 0.11015625
1 0.33671875 0.415625 0.109375 0.11015625
1 0.3359375 0.53046875 0.109375 0.1109375
1 0.43515625 0.1359375 0.11015625 0.11015625
1 0.4328125 0.2515625 0.11015625 0.11015625
1 0.428125 0.36015625 0.09765625 0.0984375
1 0.43046875 0.46953125 0.08515625 0.0859375
1 0.43046875 0.5828125 0.09765625 0.09765625
1 0.5296875 0.0953125 0.109375 0.11015625
1 0.53125 0.19453125 0.109375 0.11015625
1 0.521875 0.30703125 0.09765625 0.0984375
1 0.5265625 0.41953125 0.11015625 0.11015625
1 0.51875 0.52578125 0.11015625 0.11015625
1 0.61796875 0.1546875 0.109375 0.11015625
1 0.61875 0.26328125 0.109375 0.11015625
1 0.61875 0.365625 0.09765625 0.0984375
1 0.62421875 0.48203125 0.109375 0.11015625
1 0.71015625 0.09921875 0.11015625 0.11015625
1 0.7140625 0.20390625 0.11015625 0.11015625
1 0.71171875 0.31484375 0.11015625 0.11015625
1 0.71015625 0.4265625 0.109375 0.11015625
1 0.7109375 0.5359375 0.109375 0.11015625
1 0.80625 0.1453125 0.109375 0.1109375
1 0.8046875 0.25546875 0.09765625 0.0984375
1 0.81171875 0.36796875 0.11015625 0.11015625
1 0.80390625 0.475 0.11015625 0.11015625
1 0.89921875 0.0984375 0.109375 0.1109375
1 0.896875 0.20390625 0.109375 0.1109375
1 0.8984375 0.3109375 0.09765625 0.09765625
1 0.89765625 0.41953125 0.109375 0.11015625
1 0.89765625 0.53984375 0.09765625 0.0984375
1 0.903125 0.64609375 0.11015625 0.11015625
1 0.8953125 0.74375 0.09765625 0.0984375
1 0.8921875 0.8734375 0.09765625 0.0984375
1 0.80625 0.59296875 0.11015625 0.11015625
1 0.8078125 0.7015625 0.109375 0.11015625
1 0.8078125 0.81875 0.09765625 0.0984375
1 0.8078125 0.91953125 0.09765625 0.0984375
1 0.7125 0.64296875 0.109375 0.11015625
1 0.709375 0.75234375 0.109375 0.11015625
1 0.7109375 0.86171875 0.109375 0.11015625
1 0.621875 0.5921875 0.11015625 0.11015625
1 0.6125 0.6890625 0.11015625 0.11015625
1 0.61640625 0.80078125 0.09765625 0.09765625
1 0.61796875 0.9109375 0.11015625 0.1109375
1 0.52421875 0.6421875 0.11015625 0.11015625
1 0.52578125 0.75859375 0.11015625 0.1109375
1 0.51640625 0.86796875 0.09765625 0.09765625
1 0.428125 0.6953125 0.109375 0.1109375
2 0.4265625 0.81484375 0.0609375 0.06171875
1 0.42265625 0.92109375 0.109375 0.11015625
1 0.3328125 0.63984375 0.109375 0.1109375
1 0.3359375 0.74921875 0.109375 0.11015625
1 0.32734375 0.8578125 0.11015625 0.11015625
1 0.2390625 0.69609375 0.11015625 0.11015625
2 0.23515625 0.7953125 0.06171875 0.06171875
1 0.2359375 0.91640625 0.11015625 0.11015625
2 0.1453125 0.6453125 0.06171875 0.06171875
2 0.13984375 0.753125 0.06171875 0.06171875
1 0.14140625 0.8640625 0.109375 0.11015625
1 0.04609375 0.8203125 0.0859375 0.0859375