1 0.1796875 0.46796875 0.109375 0.11015625
1 0.0796875 0.08828125 0.109375 0.11015625
1 0.4671875 0.08515625 0.109375 0.11015625
1 0.6578125 0.08515625 0.11015625 0.11015625
1 0.9453125 0.359375 0.0859375 0.0859375
1 0.946875 0.46796875 0.09765625 0.0984375
1 0.8484375 0.0828125 0.09765625 0.0984375
1 0.8453125 0.1921875 0.09765625 0.0984375
1 0.8546875 0.30546875 0.09765625 0.0984375
1 0.85546875 0.4125 0.09765625 0.0984375
1 0.85234375 0.52421875 0.09765625 0.0984375
1 0.75 0.14375 0.109375 0.11015625
1 0.74921875 0.25625 0.109375 0.11015625
1 0.75234375 0.35859375 0.11015625 0.11015625
1 0.7484375 0.46640625 0.11015625 0.11015625
1 0.659375 0.196875 0.11015625 0.11015625
1 0.65078125 0.30703125 0.11015625 0.11015625
1 0.65703125 0.42109375 0.11015625 0.11015625
1 0.65625 0.53046875 0.109375 0.1109375
1 0.5671875 0.1390625 0.09765625 0.0984375
1 0.5703125 0.246875 0.0859375 0.0859375
1 0.559375 0.36015625 0.09765625 0.09765625
1 0.56328125 0.4765625 0.09765625 0.09765625
1 0.465625 0.19765625 0.109375 0.11015625
1 0.46796875 0.3015625 0.109375 0.1109375
1 0.46953125 0.415625 0.109375 0.1109375
1 0.4640625 0.515625 0.11015625 0.1109375
1 0.36796875 0.1421875 0.109375 0.11015625
1 0.36953125 0.253125 0.11015625 0.1109375
1 0.36640625 0.36015625 0.11015625 0.1109375
1 0.371875 0.4671875 0.11015625 0.11015625
1 0.2703125 0.0859375 0.11015625 0.1109375
1 0.271875 0.19375 0.11015625 0.1109375
1 0.27578125 0.3109375 0.11015625 0.11015625
1 0.28046875 0.415625 0.109375 0.11015625
1 0.18203125 0.14921875 0.11015625 0.1109375
1 0.18046875 0.2546875 0.09765625 0.0984375
1 0.178125 0.3609375 0.109375 0.11015625
1 0.08515625 0.196875 0.09765625 0.0984375
1 0.0796875 0.3078125 0.109375 0.11015625
1 0.084375 0.4125 0.109375 0.11015625
2 0.08671875 0.52578125 0.0484375 0.05
2 0.17890625 0.58046875 0.0484375 0.05
2 0.2734375 0.51875 0.0484375 0.0484375
1 0.084375 0.63828125 0.109375 0.11015625
1 0.18046875 0.6875 0.109375 0.1109375
1 0.2828125 0.74609375 0.0859375 0.0859375
1 0.2765625 0.63359375 0.08515625 0.0859375
2 0.3734375 0.58515625 0.08515625 0.0859375
1 0.3703125 0.69140625 0.08515625 0.0859375
1 0.378125 0.7984375 0.09765625 0.09765625
1 0.3734375 0.903125 0.09765625 0.09765625
2 0.4671875 0.63359375 0.0734375 0.0734375
1 0.4703125 0.7453125 0.08515625 0.0859375
1 0.46953125 0.96171875 0.0734375 0.07421875
1 0.55546875 0.5796875 0.09765625 0.0984375
1 0.56171875 0.6890625 0.09765625 0.0984375
1 0.55625 0.80390625 0.09765625 0.0984375
1 0.56640625 0.91484375 0.09765625 0.09765625
1 0.65859375 0.634375 0.11015625 0.11015625
1 0.659375 0.7484375 0.11015625 0.11015625
1 0.6546875 0.8546875 0.109375 0.11015625
1 0.753125 0.58359375 0.11015625 0.11015625
1 0.75078125 0.69453125 0.11015625 0.11015625
1 0.74453125 0.803125 0.11015625 0.11015625
1 0.75234375 0.915625 0.11015625 0.11015625
1 0.8546875 0.6359375 0.109375 0.11015625
1 0.8546875 0.74453125 0.09765625 0.0984375
1 0.85 0.85703125 0.11015625 0.11015625