2 0.30234375 0.9421875 0.0734375 0.07421875
2 0.47734375 0.3625 0.0734375 0.07421875
2 0.47890625 0.4484375 0.0734375 0.07421875
2 0.68046875 0.43046875 0.0734375 0.0734375
2 0.6734375 0.2140625 0.0734375 0.07421875
2 0.39921875 0.415625 0.0734375 0.0734375
2 0.5921875 0.54375 0.0609375 0.06171875
2 0.396875 0.51328125 0.0734375 0.0734375
2 0.95625 0.8828125 0.0484375 0.0484375
2 0.8609375 0.94453125 0.0484375 0.0484375
2 0.771875 0.89921875 0.0484375 0.0484375
2 0.6765625 0.953125 0.0375 0.0375
2 0.49453125 0.9375 0.0359375 0.0375
1 0.2140625 0.88203125 0.08515625 0.0859375
1 0.11640625 0.925 0.0859375 0.0859375
1 0.86328125 0.115625 0.09765625 0.0984375
1 0.85859375 0.225 0.09765625 0.0984375
1 0.8546875 0.33046875 0.09765625 0.0984375
1 0.865625 0.4390625 0.08515625 0.0859375
1 0.7703125 0.4875 0.08515625 0.0859375
1 0.77578125 0.0703125 0.08515625 0.0859375
1 0.75859375 0.1875 0.0859375 0.0859375
1 0.7609375 0.27265625 0.08515625 0.08671875
1 0.7671875 0.38125 0.09765625 0.09765625
1 0.68671875 0.10859375 0.09765625 0.0984375
2 0.59453125 0.19609375 0.0609375 0.06171875
2 0.59453125 0.2984375 0.0734375 0.07421875
1 0.596875 0.384375 0.08515625 0.0859375
1 0.5875 0.4640625 0.0859375 0.0859375
2 0.4625 0.54765625 0.06171875 0.06171875
1 0.215625 0.50078125 0.0859375 0.0859375
1 0.59375 0.0671875 0.109375 0.11015625
1 0.4953125 0.1109375 0.109375 0.1109375
1 0.48359375 0.253125 0.09765625 0.0984375
1 0.39921875 0.3015625 0.09765625 0.0984375
1 0.4140625 0.18671875 0.0859375 0.0859375
1 0.39921875 0.07890625 0.09765625 0.0984375
1 0.3109375 0.11640625 0.109375 0.11015625
1 0.32109375 0.25390625 0.08515625 0.0859375
1 0.31171875 0.3484375 0.09765625 0.0984375
1 0.2984375 0.46875 0.08515625 0.0859375
1 0.22109375 0.39609375 0.11015625 0.11015625
1 0.21328125 0.30234375 0.11015625 0.11015625
1 0.21640625 0.175 0.11015625 0.1109375
1 0.21875 0.0734375 0.109375 0.1109375
1 0.121875 0.121875 0.09765625 0.0984375
1 0.128125 0.2453125 0.0859375 0.0859375
1 0.1234375 0.34375 0.109375 0.1109375
1 0.12421875 0.45078125 0.09765625 0.0984375
1 0.11875 0.55859375 0.08515625 0.0859375
1 0.04453125 0.06875 0.08515625 0.0859375
1 0.678125 0.31796875 0.09765625 0.0984375