1 0.88046875 0.85390625 0.11015625 0.11015625
1 0.87890625 0.734375 0.109375 0.1109375
1 0.88046875 0.63046875 0.11015625 0.11015625
1 0.79375 0.56875 0.09765625 0.0984375
1 0.79375 0.678125 0.109375 0.11015625
1 0.79609375 0.79609375 0.11015625 0.11015625
1 0.790625 0.90859375 0.109375 0.11015625
1 0.690625 0.94765625 0.09765625 0.0984375
1 0.69140625 0.7375 0.09765625 0.0984375
1 0.6953125 0.6171875 0.09765625 0.09765625
1 0.6 0.68359375 0.08515625 0.0859375
1 0.603125 0.79140625 0.109375 0.11015625
1 0.59296875 0.903125 0.11015625 0.1109375
1 0.50390625 0.83671875 0.09765625 0.09765625
1 0.503125 0.6984375 0.09765625 0.0984375
1 0.503125 0.60859375 0.109375 0.11015625
1 0.4109375 0.56875 0.09765625 0.0984375
1 0.41484375 0.6859375 0.109375 0.11015625
1 0.4171875 0.79765625 0.08515625 0.0859375
2 0.1375 0.61875 0.0484375 0.0484375
1 0.31328125 0.63203125 0.08515625 0.08671875
1 0.31328125 0.728125 0.08515625 0.0859375
1 0.32578125 0.853125 0.11015625 0.1109375
1 0.2328125 0.87578125 0.11015625 0.11015625
1 0.13359375 0.8296875 0.08515625 0.0859375
1 0.225 0.678125 0.08515625 0.0859375
2 0.2265625 0.784375 0.0484375 0.0484375
2 0.04296875 0.68046875 0.0484375 0.0484375
2 0.13125 0.72734375 0.0484375 0.05
1 0.8921875 0.11796875 0.09765625 0.09765625
1 0.8921875 0.23359375 0.109375 0.11015625
1 0.89375 0.33125 0.11015625 0.11015625
1 0.79609375 0.28984375 0.109375 0.11015625
1 0.796875 0.175 0.09765625 0.0984375
1 0.8078125 0.059375 0.109375 0.1109375
1 0.62421875 0.0765625 0.09765625 0.09765625
1 0.60625 0.1765625 0.11015625 0.11015625
1 0.603125 0.2625 0.11015625 0.11015625
1 0.7078125 0.271875 0.109375 0.1109375
1 0.69921875 0.12734375 0.09765625 0.0984375
3 0.50703125 0.08671875 0.0734375 0.0734375
1 0.51171875 0.1921875 0.09765625 0.0984375
1 0.50703125 0.3 0.11015625 0.11015625
1 0.4234375 0.2609375 0.09765625 0.09765625
1 0.42890625 0.1828125 0.09765625 0.0984375
1 0.23515625 0.0671875 0.09765625 0.0984375
2 0.3265625 0.2078125 0.0734375 0.0734375
1 0.3328125 0.30625 0.09765625 0.0984375
1 0.1484375 0.11796875 0.109375 0.11015625
1 0.1453125 0.2359375 0.09765625 0.0984375
1 0.04765625 0.17578125 0.08515625 0.0859375