2 0.79375 0.10703125 0.0484375 0.05
2 0.8859375 0.16171875 0.0484375 0.05
1 0.70078125 0.06015625 0.11015625 0.11015625
1 0.7 0.165625 0.08515625 0.0859375
1 0.5109375 0.1703125 0.0734375 0.07421875
1 0.41484375 0.11015625 0.11015625 0.1109375
1 0.32421875 0.0625 0.09765625 0.09765625
2 0.3265625 0.16640625 0.0609375 0.06171875
1 0.22265625 0.11484375 0.109375 0.11015625
1 0.128125 0.06328125 0.109375 0.11015625
1 0.121875 0.16953125 0.109375 0.11015625
1 0.128125 0.28515625 0.109375 0.1109375
1 0.1265625 0.3921875 0.11015625 0.1109375
1 0.12734375 0.5046875 0.11015625 0.1109375
1 0.1234375 0.6203125 0.11015625 0.11015625
1 0.221875 0.22734375 0.09765625 0.0984375
1 0.21796875 0.34140625 0.109375 0.11015625
1 0.21796875 0.44609375 0.109375 0.1109375
1 0.2171875 0.5609375 0.109375 0.1109375
1 0.31484375 0.27265625 0.11015625 0.11015625
1 0.31171875 0.3921875 0.11015625 0.11015625
1 0.3140625 0.503125 0.09765625 0.09765625
1 0.3171875 0.6203125 0.109375 0.1109375
1 0.40859375 0.23125 0.11015625 0.11015625
1 0.4125 0.3328125 0.11015625 0.11015625
1 0.4125 0.45234375 0.11015625 0.11015625
1 0.4078125 0.56171875 0.11015625 0.11015625
1 0.4109375 0.671875 0.09765625 0.09765625
1 0.21171875 0.66640625 0.109375 0.11015625
1 0.50859375 0.27421875 0.0859375 0.08671875
1 0.5953125 0.21953125 0.0734375 0.0734375
1 0.70078125 0.26796875 0.11015625 0.11015625
1 0.790625 0.21953125 0.109375 0.11015625
1 0.8875 0.26875 0.109375 0.1109375
1 0.78984375 0.9 0.09765625 0.0984375
3 0.6921875 0.9546875 0.0859375 0.0859375
1 0.60390625 0.89140625 0.11015625 0.1109375
1 0.5046875 0.84375 0.11015625 0.1109375
1 0.40625 0.8953125 0.109375 0.11015625
1 0.409375 0.784375 0.109375 0.1109375
1 0.3125 0.84140625 0.109375 0.11015625
1 0.309375 0.9453125 0.08515625 0.0859375
1 0.21640625 0.78359375 0.11015625 0.11015625
1 0.215625 0.8859375 0.11015625 0.11015625
1 0.1203125 0.83671875 0.11015625 0.11015625
1 0.12578125 0.940625 0.109375 0.11015625
1 0.3140625 0.72890625 0.109375 0.11015625
1 0.12265625 0.7265625 0.08515625 0.0859375