1 0.2546875 0.26875 0.109375 0.11015625
1 0.9296875 0.10625 0.09765625 0.0984375
1 0.93046875 0.21328125 0.09765625 0.0984375
1 0.928125 0.325 0.09765625 0.0984375
1 0.82421875 0.05703125 0.109375 0.11015625
1 0.82734375 0.159375 0.11015625 0.11015625
1 0.8234375 0.2671875 0.11015625 0.11015625
1 0.72578125 0.1078125 0.11015625 0.11015625
1 0.73203125 0.221875 0.11015625 0.11015625
1 0.73125 0.33125 0.109375 0.1109375
1 0.6453125 0.04765625 0.0859375 0.0859375
1 0.634375 0.1609375 0.09765625 0.09765625
1 0.6390625 0.27734375 0.09765625 0.09765625
1 0.54296875 0.10234375 0.109375 0.1109375
1 0.5453125 0.2171875 0.109375 0.1109375
1 0.53984375 0.31640625 0.11015625 0.1109375
1 0.4421875 0.1609375 0.11015625 0.1109375
1 0.446875 0.26796875 0.11015625 0.11015625
1 0.35078125 0.11171875 0.11015625 0.11015625
1 0.35546875 0.21640625 0.109375 0.11015625
1 0.25625 0.05546875 0.09765625 0.0984375
1 0.253125 0.16171875 0.109375 0.11015625
1 0.15546875 0.10859375 0.109375 0.11015625
1 0.159375 0.21328125 0.109375 0.11015625
2 0.1625 0.3265625 0.0484375 0.05
2 0.25390625 0.38125 0.0484375 0.05
2 0.3484375 0.31953125 0.0484375 0.0484375
1 0.065625 0.05703125 0.11015625 0.11015625
1 0.065625 0.1671875 0.11015625 0.11015625
1 0.06875 0.2796875 0.11015625 0.11015625
1 0.06796875 0.3859375 0.08515625 0.0859375
1 0.06875 0.4875 0.11015625 0.11015625
1 0.159375 0.4390625 0.109375 0.11015625
1 0.25625 0.48828125 0.109375 0.1109375
1 0.35859375 0.546875 0.0859375 0.0859375
1 0.35234375 0.434375 0.08515625 0.0859375
2 0.4484375 0.3859375 0.08515625 0.0859375
1 0.44609375 0.4921875 0.08515625 0.0859375
1 0.453125 0.6 0.09765625 0.09765625
1 0.4484375 0.70390625 0.09765625 0.09765625
1 0.44375 0.82109375 0.09765625 0.0984375
2 0.5421875 0.434375 0.0734375 0.0734375
1 0.5453125 0.54609375 0.08515625 0.0859375
1 0.54453125 0.7625 0.0734375 0.07421875
1 0.63125 0.38046875 0.09765625 0.0984375
1 0.63671875 0.48984375 0.09765625 0.0984375
1 0.63203125 0.6046875 0.09765625 0.0984375
1 0.64140625 0.715625 0.09765625 0.09765625
1 0.64375 0.8265625 0.09765625 0.09765625
1 0.73359375 0.43515625 0.11015625 0.11015625
1 0.73515625 0.54921875 0.11015625 0.11015625
1 0.7296875 0.65546875 0.109375 0.11015625
1 0.728125 0.77421875 0.109375 0.11015625
1 0.7296875 0.88203125 0.109375 0.1109375
1 0.82890625 0.384375 0.11015625 0.11015625
1 0.82578125 0.4953125 0.11015625 0.11015625
1 0.81953125 0.60390625 0.11015625 0.11015625
1 0.82734375 0.71640625 0.11015625 0.11015625
1 0.82890625 0.825 0.109375 0.11015625
1 0.9296875 0.43671875 0.109375 0.11015625
1 0.9296875 0.5453125 0.09765625 0.0984375
1 0.925 0.6578125 0.11015625 0.11015625
1 0.928125 0.76875 0.11015625 0.11015625
1 0.92734375 0.884375 0.11015625 0.11015625
1 0.81875 0.93671875 0.109375 0.11015625
1 0.54375 0.89375 0.08515625 0.0859375
1 0.4515625 0.92890625 0.09765625 0.0984375