2 0.0515625 0.325 0.0734375 0.07421875
1 0.92421875 0.06484375 0.11015625 0.11015625
1 0.92109375 0.171875 0.11015625 0.1109375
1 0.92265625 0.2796875 0.09765625 0.09765625
2 0.925 0.38359375 0.0609375 0.06171875
1 0.81953125 0.1109375 0.109375 0.1109375
1 0.81875 0.21171875 0.09765625 0.09765625
1 0.82109375 0.33125 0.109375 0.11015625
1 0.7265625 0.06171875 0.09765625 0.09765625
1 0.72265625 0.17265625 0.109375 0.11015625
1 0.7265625 0.2796875 0.109375 0.11015625
1 0.63203125 0.1046875 0.09765625 0.09765625
1 0.63046875 0.21328125 0.11015625 0.11015625
1 0.62734375 0.32265625 0.11015625 0.11015625
1 0.53828125 0.16328125 0.11015625 0.11015625
1 0.53203125 0.27265625 0.11015625 0.11015625
1 0.43828125 0.1046875 0.109375 0.11015625
1 0.43671875 0.215625 0.109375 0.11015625
1 0.43359375 0.32578125 0.09765625 0.0984375
1 0.34375 0.16171875 0.09765625 0.0984375
1 0.3484375 0.26484375 0.09765625 0.0984375
1 0.24765625 0.10078125 0.11015625 0.11015625
1 0.24765625 0.2140625 0.11015625 0.11015625
1 0.2453125 0.3234375 0.11015625 0.11015625
1 0.15 0.1578125 0.09765625 0.0984375
1 0.1515625 0.2703125 0.09765625 0.09765625
1 0.1515625 0.371875 0.09765625 0.09765625
1 0.05390625 0.10625 0.09765625 0.0984375
1 0.0515625 0.2078125 0.09765625 0.09765625
1 0.0578125 0.43359375 0.0859375 0.0859375
1 0.05546875 0.54453125 0.09765625 0.0984375
1 0.05078125 0.66640625 0.09765625 0.0984375
1 0.1546875 0.4953125 0.09765625 0.0984375
1 0.1453125 0.60546875 0.0859375 0.0859375
1 0.14765625 0.71328125 0.09765625 0.0984375
1 0.14765625 0.8265625 0.09765625 0.09765625
1 0.246875 0.434375 0.11015625 0.11015625
1 0.25234375 0.54453125 0.11015625 0.11015625
1 0.25234375 0.65546875 0.11015625 0.11015625
1 0.253125 0.775 0.109375 0.11015625
1 0.3359375 0.38125 0.109375 0.11015625
1 0.3390625 0.49453125 0.109375 0.11015625
1 0.340625 0.5984375 0.11015625 0.11015625
1 0.3421875 0.72109375 0.11015625 0.11015625
1 0.3453125 0.82890625 0.11015625 0.11015625
1 0.4359375 0.43984375 0.109375 0.11015625
1 0.44140625 0.54921875 0.109375 0.11015625
1 0.4359375 0.65859375 0.109375 0.11015625
1 0.43046875 0.76875 0.109375 0.11015625
1 0.52578125 0.3828125 0.11015625 0.1109375
1 0.53046875 0.5 0.09765625 0.09765625
1 0.53203125 0.603125 0.109375 0.11015625
1 0.53515625 0.7171875 0.09765625 0.0984375
1 0.5296875 0.82734375 0.109375 0.11015625
1 0.628125 0.4390625 0.11015625 0.1109375
1 0.628125 0.5546875 0.11015625 0.1109375
1 0.62421875 0.66484375 0.11015625 0.11015625
1 0.63125 0.7796875 0.11015625 0.11015625
1 0.7203125 0.3859375 0.109375 0.11015625
1 0.7265625 0.5015625 0.109375 0.1109375
1 0.725 0.609375 0.11015625 0.1109375
1 0.72578125 0.721875 0.11015625 0.1109375
1 0.721875 0.8375 0.11015625 0.11015625
1 0.8203125 0.44375 0.09765625 0.0984375
1 0.81640625 0.5578125 0.109375 0.11015625
1 0.81640625 0.66328125 0.109375 0.1109375
1 0.815625 0.77734375 0.109375 0.1109375
1 0.91328125 0.48984375 0.11015625 0.11015625
1 0.9109375 0.60859375 0.11015625 0.11015625
1 0.91328125 0.71953125 0.09765625 0.09765625
1 0.915625 0.83671875 0.109375 0.1109375
1 0.8109375 0.88359375 0.109375 0.11015625
1 0.72109375 0.94375 0.08515625 0.0859375
1 0.62421875 0.88046875 0.109375 0.11015625
1 0.53046875 0.93828125 0.109375 0.11015625
1 0.43515625 0.88046875 0.11015625 0.11015625
1 0.34375 0.93828125 0.09765625 0.0984375
3 0.246875 0.8796875 0.0859375 0.0859375
1 0.15546875 0.92421875 0.09765625 0.0984375