1 0.709375 0.5140625 0.109375 0.11015625
2 0.2390625 0.83515625 0.0734375 0.0734375
2 0.14375 0.79296875 0.0734375 0.07421875
2 0.8890625 0.6140625 0.0734375 0.07421875
1 0.8953125 0.18125 0.09765625 0.0984375
1 0.89921875 0.284375 0.109375 0.11015625
1 0.890625 0.3953125 0.09765625 0.09765625
1 0.8953125 0.50703125 0.09765625 0.09765625
3 0.79765625 0.2359375 0.0859375 0.0859375
1 0.7984375 0.35 0.09765625 0.09765625
1 0.79453125 0.4546875 0.11015625 0.11015625
1 0.7953125 0.5640625 0.09765625 0.0984375
1 0.709375 0.17265625 0.11015625 0.1109375
1 0.7078125 0.2859375 0.11015625 0.1109375
1 0.70703125 0.3984375 0.09765625 0.09765625
1 0.71171875 0.61953125 0.0734375 0.0734375
1 0.61015625 0.125 0.11015625 0.1109375
1 0.609375 0.228125 0.109375 0.1109375
1 0.60625 0.35 0.109375 0.11015625
1 0.60859375 0.4578125 0.09765625 0.0984375
1 0.6125 0.56171875 0.09765625 0.0984375
1 0.51171875 0.1765625 0.109375 0.11015625
1 0.51640625 0.284375 0.09765625 0.0984375
1 0.5171875 0.3953125 0.09765625 0.0984375
1 0.5171875 0.5015625 0.09765625 0.0984375
2 0.5203125 0.6140625 0.0734375 0.0734375
1 0.51484375 0.065625 0.109375 0.1109375
1 0.41796875 0.12265625 0.109375 0.11015625
1 0.41484375 0.2265625 0.08515625 0.0859375
1 0.41875 0.32890625 0.09765625 0.0984375
1 0.42109375 0.4515625 0.09765625 0.0984375
1 0.42109375 0.5609375 0.09765625 0.0984375
1 0.321875 0.06484375 0.11015625 0.11015625
1 0.32109375 0.1671875 0.11015625 0.11015625
1 0.32890625 0.2796875 0.09765625 0.0984375
1 0.3234375 0.38515625 0.09765625 0.0984375
1 0.32421875 0.5046875 0.09765625 0.0984375
2 0.32890625 0.60625 0.0734375 0.07421875
1 0.22578125 0.11796875 0.11015625 0.11015625
1 0.23125 0.221875 0.109375 0.11015625
1 0.2328125 0.33515625 0.09765625 0.0984375
1 0.23125 0.45 0.09765625 0.0984375
1 0.23125 0.5546875 0.0859375 0.0859375
1 0.1296875 0.0640625 0.0859375 0.08671875
1 0.13203125 0.17265625 0.109375 0.11015625
1 0.1328125 0.27890625 0.09765625 0.0984375
1 0.13203125 0.3921875 0.09765625 0.0984375
1 0.13828125 0.49609375 0.08515625 0.0859375
1 0.134375 0.603125 0.09765625 0.09765625
1 0.13359375 0.88828125 0.109375 0.11015625
2 0.33125 0.784375 0.06171875 0.06171875
1 0.3296875 0.89140625 0.09765625 0.0984375
1 0.4296875 0.83359375 0.09765625 0.0984375
2 0.5265625 0.7828125 0.0609375 0.06171875
1 0.51875 0.8890625 0.09765625 0.0984375
1 0.615625 0.83671875 0.08515625 0.0859375
1 0.6109375 0.94453125 0.09765625 0.0984375
2 0.7078125 0.78359375 0.0609375 0.06171875
1 0.7109375 0.89296875 0.09765625 0.0984375
1 0.8 0.83984375 0.0859375 0.0859375
1 0.80078125 0.94375 0.09765625 0.0984375
2 0.89765625 0.790625 0.0359375 0.0375
1 0.8984375 0.88984375 0.09765625 0.09765625