1 0.75 0.06875 0.09765625 0.09765625
1 0.74921875 0.18359375 0.0859375 0.0859375
2 0.74921875 0.28828125 0.06171875 0.06171875
1 0.75 0.403125 0.09765625 0.0984375
3 0.7484375 0.509375 0.11015625 0.11015625
1 0.8421875 0.3421875 0.0859375 0.0859375
1 0.85703125 0.459375 0.08515625 0.0859375
1 0.653125 0.1265625 0.09765625 0.09765625
1 0.653125 0.234375 0.08515625 0.0859375
1 0.65390625 0.35390625 0.11015625 0.11015625
1 0.6546875 0.459375 0.109375 0.11015625
1 0.565625 0.17109375 0.09765625 0.0984375
2 0.55546875 0.29140625 0.0609375 0.06171875
1 0.5578125 0.38984375 0.109375 0.11015625
1 0.55546875 0.509375 0.109375 0.11015625
1 0.465625 0.121875 0.09765625 0.0984375
1 0.46953125 0.2375 0.09765625 0.0984375
1 0.46171875 0.34296875 0.09765625 0.0984375
1 0.46171875 0.4515625 0.09765625 0.0984375
1 0.36796875 0.06796875 0.09765625 0.0984375
1 0.36875 0.17734375 0.09765625 0.0984375
2 0.36953125 0.29375 0.0734375 0.0734375
1 0.37109375 0.39765625 0.09765625 0.0984375
1 0.36875 0.5109375 0.09765625 0.0984375
1 0.27890625 0.12734375 0.11015625 0.11015625
1 0.271875 0.225 0.09765625 0.0984375
1 0.26875 0.3546875 0.09765625 0.0984375
1 0.27421875 0.46015625 0.109375 0.11015625
1 0.18203125 0.075 0.11015625 0.11015625
1 0.18359375 0.1828125 0.109375 0.11015625
1 0.18359375 0.3 0.09765625 0.0984375
1 0.18359375 0.40078125 0.09765625 0.0984375
1 0.178125 0.51484375 0.109375 0.1109375
1 0.0890625 0.12421875 0.109375 0.11015625
1 0.08515625 0.23359375 0.109375 0.11015625
1 0.08671875 0.34296875 0.109375 0.11015625
1 0.08515625 0.4546875 0.11015625 0.1109375
1 0.0921875 0.5625 0.11015625 0.1109375
1 0.0875 0.67890625 0.11015625 0.11015625
1 0.0890625 0.7828125 0.11015625 0.11015625
1 0.08359375 0.8953125 0.11015625 0.11015625
1 0.1859375 0.6203125 0.109375 0.1109375
1 0.1828125 0.73203125 0.109375 0.11015625
1 0.18046875 0.840625 0.09765625 0.0984375
1 0.2765625 0.5609375 0.11015625 0.11015625
1 0.275 0.6828125 0.0859375 0.0859375
1 0.275 0.7890625 0.09765625 0.09765625
1 0.28046875 0.9 0.09765625 0.0984375
1 0.371875 0.61953125 0.11015625 0.11015625
1 0.3703125 0.725 0.11015625 0.1109375
1 0.37109375 0.846875 0.109375 0.1109375
1 0.465625 0.56171875 0.109375 0.11015625
1 0.46328125 0.67890625 0.11015625 0.11015625
1 0.465625 0.7859375 0.11015625 0.11015625
1 0.46640625 0.896875 0.11015625 0.1109375
1 0.55390625 0.6140625 0.109375 0.11015625
1 0.553125 0.72734375 0.109375 0.11015625
1 0.5609375 0.83828125 0.109375 0.11015625
1 0.653125 0.5640625 0.09765625 0.0984375
1 0.653125 0.675 0.109375 0.11015625
1 0.65625 0.78203125 0.09765625 0.0984375
1 0.65703125 0.89375 0.109375 0.11015625
1 0.75234375 0.6109375 0.11015625 0.11015625
1 0.74765625 0.725 0.11015625 0.11015625
1 0.7515625 0.84453125 0.11015625 0.11015625
1 0.85234375 0.56640625 0.0859375 0.0859375
1 0.85625 0.66796875 0.08515625 0.0859375
1 0.85078125 0.7796875 0.08515625 0.0859375
1 0.85234375 0.8921875 0.08515625 0.0859375
1 0.93828125 0.4015625 0.09765625 0.09765625
1 0.946875 0.84140625 0.09765625 0.0984375