2 0.14921875 0.33359375 0.06171875 0.06171875
2 0.07109375 0.48515625 0.0609375 0.06171875
2 0.43671875 0.39921875 0.0734375 0.07421875
2 0.153125 0.440625 0.0734375 0.07421875
2 0.81796875 0.7375 0.0734375 0.0734375
2 0.909375 0.89375 0.06171875 0.06171875
2 0.90625 0.35625 0.0484375 0.0484375
2 0.9015625 0.45703125 0.0484375 0.0484375
2 0.81171875 0.41015625 0.0375 0.0375
2 0.8015625 0.52578125 0.0359375 0.0359375
2 0.6296875 0.39453125 0.0359375 0.0375
3 0.53203125 0.56171875 0.0484375 0.05
3 0.43671875 0.603125 0.0484375 0.0484375
3 0.43125 0.5140625 0.0484375 0.0484375
3 0.35546875 0.4578125 0.0609375 0.06171875
3 0.253125 0.49296875 0.0359375 0.0359375
1 0.6359375 0.5015625 0.0859375 0.0859375
3 0.52890625 0.4515625 0.06171875 0.06171875
2 0.71015625 0.45 0.02421875 0.025
1 0.90078125 0.5609375 0.11015625 0.11015625
1 0.90546875 0.68984375 0.11015625 0.11015625
1 0.90546875 0.78828125 0.09765625 0.0984375
1 0.81640625 0.865625 0.09765625 0.09765625
1 0.81875 0.6453125 0.09765625 0.09765625
1 0.7265625 0.57734375 0.09765625 0.0984375
1 0.72734375 0.68125 0.09765625 0.09765625
1 0.7203125 0.7984375 0.09765625 0.09765625
1 0.7234375 0.9015625 0.08515625 0.0859375
1 0.6296875 0.94296875 0.09765625 0.0984375
1 0.62890625 0.840625 0.0859375 0.0859375
1 0.6265625 0.73125 0.09765625 0.0984375
1 0.628125 0.615625 0.109375 0.1109375
1 0.5359375 0.67890625 0.0859375 0.0859375
1 0.5359375 0.7671875 0.09765625 0.09765625
1 0.53515625 0.8765625 0.09765625 0.0984375
1 0.43515625 0.93828125 0.11015625 0.11015625
1 0.4390625 0.8234375 0.09765625 0.09765625
1 0.4359375 0.71796875 0.09765625 0.09765625
1 0.34921875 0.3390625 0.08515625 0.0859375
1 0.25078125 0.38203125 0.0859375 0.0859375
2 0.0671875 0.3859375 0.0484375 0.0484375
1 0.3484375 0.6671875 0.09765625 0.09765625
1 0.3578125 0.5484375 0.08515625 0.0859375
1 0.34375 0.7953125 0.0859375 0.0859375
3 0.3484375 0.89609375 0.09765625 0.0984375
1 0.24921875 0.9390625 0.109375 0.11015625
1 0.2484375 0.83125 0.09765625 0.09765625
1 0.25703125 0.7234375 0.109375 0.11015625
1 0.25703125 0.59296875 0.11015625 0.1109375
1 0.159375 0.5453125 0.0859375 0.0859375
1 0.1609375 0.665625 0.09765625 0.0984375
1 0.15703125 0.77734375 0.09765625 0.09765625
1 0.15078125 0.890625 0.11015625 0.1109375
1 0.0609375 0.93203125 0.109375 0.11015625
1 0.065625 0.8265625 0.109375 0.11015625
3 0.06328125 0.71484375 0.11015625 0.1109375
1 0.07109375 0.6 0.109375 0.11015625