2 0.47734375 0.18671875 0.0734375 0.0734375
3 0.75859375 0.784375 0.0859375 0.08671875
2 0.096875 0.1703125 0.0734375 0.07421875
1 0.09375 0.303125 0.09765625 0.09765625
1 0.09296875 0.4046875 0.11015625 0.1109375
1 0.0890625 0.5140625 0.11015625 0.11015625
2 0.1921875 0.1140625 0.0734375 0.0734375
1 0.1921875 0.23359375 0.0859375 0.0859375
1 0.19375 0.35078125 0.09765625 0.09765625
1 0.1953125 0.4625 0.09765625 0.09765625
2 0.278125 0.059375 0.0734375 0.0734375
2 0.27734375 0.16953125 0.0609375 0.06171875
2 0.28515625 0.275 0.0859375 0.0859375
1 0.284375 0.41015625 0.09765625 0.09765625
1 0.2828125 0.49609375 0.09765625 0.09765625
2 0.3765625 0.12421875 0.0734375 0.0734375
2 0.38203125 0.2515625 0.0734375 0.0734375
1 0.3828125 0.35078125 0.109375 0.11015625
1 0.384375 0.46328125 0.109375 0.11015625
1 0.47109375 0.0671875 0.121875 0.1234375
1 0.47734375 0.29765625 0.08515625 0.0859375
1 0.475 0.409375 0.11015625 0.11015625
1 0.4734375 0.52265625 0.121875 0.1234375
1 0.57578125 0.1265625 0.121875 0.1234375
1 0.578125 0.23984375 0.109375 0.11015625
1 0.565625 0.353125 0.109375 0.11015625
1 0.56875 0.4625 0.11015625 0.11015625
1 0.6703125 0.075 0.09765625 0.09765625
1 0.66875 0.1953125 0.121875 0.1234375
1 0.675 0.29140625 0.109375 0.11015625
1 0.6796875 0.4078125 0.109375 0.11015625
1 0.67265625 0.51484375 0.109375 0.11015625
1 0.76328125 0.1296875 0.121875 0.1234375
1 0.775 0.34375 0.0859375 0.0859375
1 0.75859375 0.46171875 0.109375 0.11015625
1 0.85546875 0.08125 0.09765625 0.09765625
1 0.8640625 0.1875 0.121875 0.1234375
1 0.8640625 0.296875 0.11015625 0.1109375
1 0.86171875 0.39921875 0.11015625 0.11015625
1 0.8546875 0.5140625 0.11015625 0.11015625
2 0.9546875 0.884375 0.0734375 0.0734375
1 0.86015625 0.62265625 0.109375 0.11015625
1 0.859375 0.73359375 0.109375 0.11015625
1 0.7625 0.575 0.109375 0.11015625
1 0.765625 0.6875 0.0859375 0.0859375
1 0.66875 0.61875 0.11015625 0.11015625
1 0.66484375 0.72890625 0.11015625 0.11015625
1 0.66875 0.840625 0.09765625 0.0984375
1 0.56484375 0.571875 0.11015625 0.11015625
1 0.5765625 0.8015625 0.09765625 0.0984375
1 0.5671875 0.89765625 0.09765625 0.09765625
1 0.471875 0.6234375 0.109375 0.11015625
1 0.47109375 0.7390625 0.121875 0.1234375
1 0.47578125 0.8390625 0.121875 0.1234375
1 0.3828125 0.5765625 0.109375 0.11015625
1 0.37734375 0.68046875 0.121875 0.1234375
1 0.37421875 0.7875 0.121875 0.1234375
1 0.371875 0.9015625 0.121875 0.1234375
1 0.278125 0.625 0.121875 0.1234375
1 0.2828125 0.7328125 0.121875 0.1234375
1 0.2828125 0.83984375 0.121875 0.1234375
1 0.1921875 0.5765625 0.121875 0.1234375
1 0.1890625 0.68125 0.121875 0.1234375
1 0.18671875 0.78046875 0.121875 0.1234375
1 0.18671875 0.9015625 0.121875 0.1234375
1 0.096875 0.61796875 0.121875 0.1234375
1 0.0953125 0.73515625 0.121875 0.1234375
1 0.09453125 0.846875 0.121875 0.1234375