2 0.6578125 0.10546875 0.0734375 0.07421875
2 0.5640625 0.04453125 0.0609375 0.06171875
2 0.66640625 0.5453125 0.0734375 0.0734375
2 0.73984375 0.69609375 0.0734375 0.07421875
1 0.9390625 0.8203125 0.0859375 0.0859375
1 0.934375 0.93125 0.109375 0.11015625
1 0.84140625 0.86953125 0.08515625 0.08671875
1 0.7390625 0.81328125 0.0859375 0.0859375
1 0.740625 0.9265625 0.08515625 0.0859375
3 0.65859375 0.871875 0.0734375 0.07421875
1 0.5609375 0.809375 0.08515625 0.0859375
1 0.5578125 0.93046875 0.08515625 0.0859375
1 0.471875 0.88359375 0.0859375 0.0859375
1 0.378125 0.81328125 0.09765625 0.0984375
1 0.3734375 0.93671875 0.11015625 0.11015625
1 0.2875 0.88203125 0.109375 0.11015625
1 0.10078125 0.8609375 0.08515625 0.0859375
3 0.66328125 0.7484375 0.0734375 0.07421875
3 0.65859375 0.63984375 0.0734375 0.0734375
1 0.565625 0.5984375 0.0859375 0.0859375
1 0.565625 0.7140625 0.0859375 0.0859375
3 0.7546875 0.60234375 0.0734375 0.07421875
3 0.7546875 0.4828125 0.0734375 0.0734375
1 0.94375 0.70234375 0.11015625 0.11015625
1 0.93671875 0.4859375 0.109375 0.11015625
1 0.93671875 0.3734375 0.109375 0.11015625
1 0.940625 0.26328125 0.109375 0.11015625
1 0.94453125 0.159375 0.109375 0.1109375
1 0.85546875 0.0890625 0.0859375 0.0859375
1 0.8515625 0.3140625 0.09765625 0.0984375
1 0.84765625 0.196875 0.0859375 0.08671875
1 0.7546875 0.2625 0.08515625 0.0859375
1 0.7515625 0.16015625 0.0859375 0.0859375
1 0.3734375 0.1765625 0.0859375 0.0859375
1 0.1890625 0.28984375 0.0859375 0.0859375
1 0.28046875 0.31953125 0.0859375 0.0859375
1 0.84453125 0.528125 0.0859375 0.0859375
1 0.85 0.6484375 0.0859375 0.0859375
1 0.846875 0.42890625 0.08515625 0.0859375
1 0.8484375 0.7546875 0.08515625 0.0859375
1 0.659375 0.21484375 0.09765625 0.09765625
1 0.66015625 0.31796875 0.09765625 0.0984375
1 0.66640625 0.43828125 0.08515625 0.0859375
1 0.7515625 0.37109375 0.08515625 0.0859375
1 0.571875 0.1640625 0.109375 0.1109375
1 0.565625 0.27109375 0.11015625 0.11015625
1 0.5671875 0.378125 0.11015625 0.11015625
1 0.56796875 0.4984375 0.11015625 0.11015625
1 0.47734375 0.55546875 0.0859375 0.0859375
1 0.478125 0.6453125 0.0859375 0.0859375
1 0.4828125 0.446875 0.08515625 0.0859375
1 0.47890625 0.315625 0.11015625 0.11015625
1 0.475 0.2140625 0.11015625 0.11015625
1 0.4796875 0.109375 0.0859375 0.0859375
1 0.3765625 0.053125 0.09765625 0.0984375
1 0.37578125 0.29375 0.11015625 0.1109375
1 0.371875 0.4046875 0.11015625 0.11015625
1 0.37421875 0.5125 0.09765625 0.0984375
1 0.37890625 0.59296875 0.09765625 0.0984375
1 0.2796875 0.6671875 0.08515625 0.0859375
1 0.28125 0.7625 0.09765625 0.0984375
1 0.378125 0.7078125 0.09765625 0.0984375
1 0.4828125 0.75859375 0.09765625 0.0984375
1 0.2828125 0.559375 0.09765625 0.0984375
1 0.1859375 0.1625 0.09765625 0.09765625
1 0.18203125 0.046875 0.08515625 0.0859375
3 0.2921875 0.0984375 0.09765625 0.09765625
1 0.28515625 0.21484375 0.0859375 0.0859375
1 0.18828125 0.396875 0.08515625 0.0859375
1 0.28515625 0.465625 0.0859375 0.0859375
1 0.10546875 0.35078125 0.0859375 0.0859375
1 0.0984375 0.225 0.08515625 0.0859375
1 0.190625 0.71015625 0.09765625 0.09765625
1 0.1890625 0.5953125 0.09765625 0.0984375
1 0.190625 0.4953125 0.08515625 0.0859375
1 0.10859375 0.44453125 0.09765625 0.09765625
1 0.09765625 0.5484375 0.0859375 0.0859375
1 0.1015625 0.65 0.0859375 0.0859375
1 0.09453125 0.759375 0.0859375 0.08671875
3 0.09453125 0.128125 0.08515625 0.0859375
1 0.18828125 0.92890625 0.11015625 0.11015625
1 0.18984375 0.8234375 0.08515625 0.0859375