2 0.46796875 0.7203125 0.0734375 0.0734375
2 0.36953125 0.5515625 0.06171875 0.06171875
2 0.4640625 0.596875 0.06171875 0.06171875
2 0.5578125 0.55859375 0.0609375 0.0609375
2 0.190625 0.553125 0.06171875 0.06171875
1 0.09296875 0.61015625 0.09765625 0.0984375
1 0.09453125 0.71328125 0.09765625 0.0984375
1 0.096875 0.82890625 0.109375 0.11015625
1 0.09375 0.9359375 0.09765625 0.09765625
1 0.18671875 0.66640625 0.09765625 0.0984375
1 0.1890625 0.771875 0.09765625 0.0984375
1 0.18828125 0.88359375 0.11015625 0.11015625
1 0.28125 0.60625 0.09765625 0.0984375
1 0.2828125 0.72109375 0.0859375 0.08671875
1 0.2796875 0.83203125 0.08515625 0.0859375
1 0.2828125 0.9390625 0.08515625 0.0859375
1 0.375 0.66484375 0.0859375 0.0859375
1 0.371875 0.775 0.0859375 0.0859375
1 0.37421875 0.884375 0.0734375 0.0734375
1 0.471875 0.83984375 0.0859375 0.0859375
1 0.46875 0.93984375 0.0859375 0.08671875
1 0.56640625 0.6625 0.09765625 0.09765625
1 0.56484375 0.7703125 0.08515625 0.0859375
1 0.5640625 0.88359375 0.08515625 0.0859375
0 0.6578125 0.6046875 0.0734375 0.07421875
0 0.75078125 0.6578125 0.0859375 0.0859375
0 0.75625 0.7703125 0.0734375 0.07421875
1 0.66328125 0.71484375 0.09765625 0.09765625
1 0.66328125 0.8265625 0.09765625 0.09765625
2 0.659375 0.93984375 0.06171875 0.06171875
1 0.753125 0.8828125 0.0859375 0.0859375