1 0.06171875 0.07265625 0.109375 0.11015625
1 0.05546875 0.1828125 0.109375 0.11015625
1 0.146875 0.12734375 0.09765625 0.0984375
1 0.14921875 0.2375 0.08515625 0.0859375
1 0.14921875 0.35078125 0.09765625 0.09765625
1 0.240625 0.075 0.09765625 0.0984375
1 0.2453125 0.18671875 0.11015625 0.11015625
1 0.2375 0.29375 0.11015625 0.11015625
1 0.3375 0.13359375 0.09765625 0.0984375
1 0.34296875 0.24921875 0.109375 0.11015625
1 0.43046875 0.0828125 0.11015625 0.11015625
1 0.42890625 0.19375 0.109375 0.11015625
1 0.4296875 0.303125 0.109375 0.11015625
1 0.53046875 0.13515625 0.11015625 0.11015625
1 0.52265625 0.24296875 0.11015625 0.11015625
1 0.6171875 0.078125 0.09765625 0.09765625
1 0.61640625 0.18671875 0.109375 0.11015625
1 0.61640625 0.30703125 0.09765625 0.0984375
1 0.71015625 0.1359375 0.109375 0.1109375
1 0.71171875 0.25078125 0.109375 0.11015625
1 0.81015625 0.0828125 0.11015625 0.1109375
1 0.81171875 0.165625 0.0734375 0.07421875
1 0.8015625 0.30546875 0.09765625 0.09765625
1 0.9015625 0.1328125 0.09765625 0.09765625
1 0.8984375 0.2421875 0.09765625 0.09765625
1 0.89765625 0.33671875 0.11015625 0.1109375
1 0.9078125 0.4578125 0.09765625 0.0984375
2 0.8984375 0.57734375 0.0609375 0.06171875
1 0.9 0.6765625 0.109375 0.11015625
1 0.8984375 0.7953125 0.109375 0.11015625
1 0.80859375 0.4078125 0.09765625 0.0984375
1 0.8125 0.52421875 0.09765625 0.0984375
1 0.8046875 0.6296875 0.09765625 0.0984375
1 0.8046875 0.7375 0.09765625 0.0984375
1 0.7109375 0.35390625 0.09765625 0.0984375
1 0.71171875 0.46328125 0.09765625 0.0984375
2 0.7125 0.5796875 0.0734375 0.0734375
1 0.7140625 0.684375 0.09765625 0.0984375
1 0.71171875 0.79765625 0.09765625 0.0984375
1 0.621875 0.41328125 0.11015625 0.11015625
1 0.6140625 0.5109375 0.09765625 0.0984375
1 0.6109375 0.64140625 0.09765625 0.0984375
1 0.6171875 0.746875 0.109375 0.11015625
1 0.525 0.3609375 0.11015625 0.11015625
1 0.5265625 0.46953125 0.109375 0.11015625
1 0.5265625 0.58671875 0.09765625 0.0984375
1 0.5265625 0.68671875 0.09765625 0.0984375
1 0.5203125 0.80078125 0.109375 0.1109375
1 0.43125 0.4109375 0.109375 0.11015625
1 0.428125 0.5203125 0.109375 0.11015625
1 0.4296875 0.6296875 0.109375 0.11015625
1 0.428125 0.74140625 0.11015625 0.1109375
1 0.340625 0.36015625 0.11015625 0.11015625
1 0.33125 0.45625 0.11015625 0.11015625
1 0.33515625 0.56875 0.09765625 0.09765625
1 0.33671875 0.67890625 0.11015625 0.1109375
1 0.33671875 0.79765625 0.11015625 0.11015625
1 0.24296875 0.409375 0.11015625 0.11015625
1 0.24453125 0.5265625 0.11015625 0.1109375
1 0.23515625 0.6359375 0.09765625 0.09765625
1 0.2453125 0.753125 0.109375 0.11015625
1 0.146875 0.4625 0.109375 0.1109375
2 0.1453125 0.5828125 0.0609375 0.06171875
1 0.14140625 0.6890625 0.109375 0.11015625
1 0.14375 0.79921875 0.109375 0.11015625
1 0.1375 0.91484375 0.109375 0.11015625
1 0.24375 0.85 0.09765625 0.0984375
1 0.3375 0.9078125 0.11015625 0.11015625
1 0.43515625 0.8484375 0.11015625 0.1109375
1 0.528125 0.90625 0.109375 0.1109375
1 0.61953125 0.846875 0.11015625 0.11015625
1 0.7140625 0.90546875 0.11015625 0.11015625
1 0.80859375 0.8484375 0.109375 0.11015625
1 0.896875 0.9 0.109375 0.11015625