2 0.71875 0.15390625 0.0859375 0.08671875
2 0.2328125 0.3171875 0.0734375 0.07421875
1 0.9 0.14921875 0.08515625 0.0859375
1 0.81875 0.0921875 0.09765625 0.0984375
1 0.715625 0.04765625 0.0859375 0.0859375
2 0.621875 0.11015625 0.02421875 0.02421875
2 0.5296875 0.02890625 0.02421875 0.02421875
2 0.52578125 0.14375 0.02421875 0.02421875
2 0.521875 0.253125 0.02421875 0.02421875
2 0.525 0.33515625 0.02421875 0.02421875
2 0.62265625 0.196875 0.02421875 0.02421875
2 0.615625 0.30390625 0.02421875 0.02421875
2 0.715625 0.33515625 0.0375 0.0375
1 0.7125 0.25234375 0.109375 0.11015625
1 0.821875 0.19609375 0.0859375 0.0859375
1 0.82265625 0.30546875 0.0734375 0.0734375
1 0.903125 0.25546875 0.09765625 0.0984375
2 0.89375 0.3703125 0.06171875 0.06171875
1 0.234375 0.0984375 0.09765625 0.09765625
1 0.2390625 0.21015625 0.09765625 0.09765625
1 0.1421875 0.053125 0.09765625 0.09765625
1 0.13828125 0.1578125 0.11015625 0.11015625
1 0.1390625 0.2671875 0.09765625 0.0984375
1 0.05078125 0.1015625 0.09765625 0.09765625
1 0.05546875 0.32265625 0.0734375 0.0734375
2 0.0515625 0.48671875 0.0609375 0.06171875
1 0.0546875 0.59609375 0.09765625 0.0984375
1 0.05 0.70859375 0.09765625 0.0984375
1 0.05078125 0.81953125 0.09765625 0.0984375
1 0.0546875 0.92109375 0.09765625 0.0984375
1 0.14375 0.54296875 0.0859375 0.0859375
1 0.14453125 0.646875 0.09765625 0.0984375
1 0.146875 0.76015625 0.09765625 0.0984375
1 0.14375 0.8734375 0.09765625 0.0984375
2 0.24140625 0.49375 0.0359375 0.0375
1 0.2421875 0.59296875 0.09765625 0.09765625
1 0.24140625 0.7015625 0.109375 0.11015625
1 0.2390625 0.821875 0.121875 0.1234375
1 0.24375 0.93203125 0.109375 0.11015625
1 0.3375 0.5515625 0.08515625 0.0859375
1 0.33515625 0.64921875 0.09765625 0.09765625
1 0.33359375 0.765625 0.11015625 0.1109375
1 0.3296875 0.878125 0.121875 0.1234375
2 0.4375 0.4984375 0.0609375 0.06171875
1 0.4296875 0.596875 0.0859375 0.0859375
1 0.43125 0.7078125 0.11015625 0.1109375
1 0.4234375 0.82109375 0.121875 0.1234375
1 0.4234375 0.92890625 0.11015625 0.11015625
1 0.5265625 0.546875 0.0859375 0.0859375
1 0.51875 0.65703125 0.09765625 0.0984375
1 0.528125 0.7671875 0.109375 0.11015625
1 0.52578125 0.87890625 0.121875 0.1234375
2 0.6234375 0.50546875 0.06171875 0.06171875
1 0.6203125 0.59921875 0.09765625 0.0984375
1 0.62421875 0.7140625 0.121875 0.1234375
1 0.6171875 0.82265625 0.109375 0.11015625
1 0.6203125 0.9375 0.121875 0.1234375
1 0.71796875 0.5484375 0.09765625 0.0984375
1 0.71328125 0.6578125 0.11015625 0.11015625
1 0.70546875 0.76171875 0.121875 0.1234375
1 0.7140625 0.884375 0.11015625 0.11015625
2 0.8078125 0.515625 0.0484375 0.0484375
1 0.8046875 0.60078125 0.09765625 0.0984375
1 0.80390625 0.71640625 0.121875 0.121875
1 0.8078125 0.821875 0.121875 0.1234375
1 0.80703125 0.9390625 0.11015625 0.11015625
1 0.89296875 0.5484375 0.0734375 0.0734375
1 0.89765625 0.6609375 0.109375 0.11015625
1 0.8984375 0.7703125 0.109375 0.11015625
1 0.8984375 0.878125 0.0859375 0.0859375