3 0.71796875 0.31328125 0.0734375 0.07421875
3 0.7171875 0.4328125 0.0609375 0.06171875
1 0.9015625 0.31953125 0.09765625 0.0984375
1 0.90703125 0.4359375 0.11015625 0.11015625
1 0.9140625 0.5375 0.09765625 0.0984375
1 0.90390625 0.65546875 0.08515625 0.08671875
1 0.9078125 0.7671875 0.08515625 0.0859375
1 0.903125 0.86875 0.0859375 0.0859375
1 0.8109375 0.371875 0.11015625 0.1109375
1 0.8171875 0.4796875 0.09765625 0.0984375
1 0.809375 0.7203125 0.08515625 0.0859375
1 0.8140625 0.82109375 0.0859375 0.0859375
1 0.8109375 0.91328125 0.0859375 0.0859375
1 0.73046875 0.55625 0.0859375 0.0859375
1 0.72265625 0.6375 0.109375 0.11015625
1 0.7203125 0.75625 0.11015625 0.1109375
1 0.7109375 0.871875 0.109375 0.11015625
1 0.621875 0.4015625 0.09765625 0.0984375
1 0.625 0.4734375 0.0859375 0.0859375
1 0.61953125 0.5875 0.11015625 0.1109375
1 0.6125 0.7125 0.11015625 0.11015625
1 0.615625 0.8171875 0.109375 0.11015625
1 0.61875 0.9171875 0.09765625 0.09765625
1 0.51875 0.3171875 0.09765625 0.0984375
1 0.525 0.43046875 0.09765625 0.0984375
1 0.52265625 0.54375 0.0859375 0.08671875
1 0.525 0.64921875 0.09765625 0.0984375
1 0.52734375 0.76328125 0.09765625 0.0984375
1 0.5234375 0.871875 0.09765625 0.0984375
1 0.43359375 0.371875 0.09765625 0.0984375
1 0.4296875 0.48359375 0.09765625 0.09765625
1 0.4296875 0.5859375 0.0859375 0.0859375
1 0.43046875 0.696875 0.09765625 0.0984375
1 0.4296875 0.81328125 0.09765625 0.0984375
1 0.4265625 0.91953125 0.09765625 0.0984375
1 0.334375 0.42734375 0.109375 0.11015625
1 0.340625 0.540625 0.09765625 0.0984375
1 0.3328125 0.65234375 0.08515625 0.0859375
1 0.3328125 0.78984375 0.08515625 0.0859375
1 0.3296875 0.87578125 0.08515625 0.0859375
1 0.24375 0.37265625 0.11015625 0.11015625
1 0.2421875 0.4875 0.109375 0.1109375
1 0.24296875 0.59453125 0.09765625 0.0984375
1 0.2390625 0.703125 0.09765625 0.09765625
1 0.246875 0.81796875 0.09765625 0.0984375
1 0.2375 0.928125 0.11015625 0.11015625
1 0.15546875 0.42890625 0.08515625 0.0859375
1 0.15 0.5375 0.09765625 0.0984375
1 0.1421875 0.6546875 0.09765625 0.0984375
1 0.14765625 0.75234375 0.09765625 0.0984375
1 0.1453125 0.87109375 0.08515625 0.0859375
1 0.06015625 0.375 0.08515625 0.0859375
1 0.05390625 0.48828125 0.09765625 0.09765625
1 0.05078125 0.59140625 0.09765625 0.0984375
1 0.04375 0.8203125 0.0859375 0.0859375
3 0.434375 0.13984375 0.06171875 0.06171875
1 0.5265625 0.21015625 0.08515625 0.0859375
1 0.62421875 0.16875 0.0859375 0.0859375
1 0.62421875 0.25859375 0.0859375 0.0859375
1 0.71953125 0.2 0.0859375 0.0859375
1 0.72734375 0.11328125 0.0859375 0.0859375
1 0.90703125 0.09296875 0.09765625 0.0984375
1 0.9 0.21328125 0.09765625 0.0984375
1 0.81015625 0.25859375 0.08515625 0.0859375
1 0.80625 0.1515625 0.09765625 0.0984375
1 0.4328125 0.25859375 0.109375 0.11015625
1 0.33828125 0.32109375 0.11015625 0.11015625
1 0.246875 0.27109375 0.11015625 0.11015625
1 0.34375 0.19375 0.0859375 0.0859375
1 0.2515625 0.15703125 0.109375 0.11015625
1 0.2453125 0.0828125 0.09765625 0.0984375
1 0.15390625 0.11796875 0.11015625 0.11015625
1 0.15546875 0.21328125 0.09765625 0.0984375
1 0.15625 0.303125 0.109375 0.11015625