2 0.2984375 0.24765625 0.06171875 0.06171875
2 0.2203125 0.39921875 0.0609375 0.06171875
2 0.58671875 0.31328125 0.0734375 0.07421875
2 0.30234375 0.3546875 0.0734375 0.07421875
2 0.9609375 0.32421875 0.0375 0.0375
2 0.95078125 0.43984375 0.0359375 0.0359375
2 0.77890625 0.30859375 0.0359375 0.0375
3 0.68125 0.47578125 0.0484375 0.05
3 0.5859375 0.5171875 0.0484375 0.0484375
3 0.58125 0.428125 0.0484375 0.0484375
3 0.5046875 0.371875 0.0609375 0.06171875
3 0.403125 0.40703125 0.0359375 0.0359375
1 0.78515625 0.415625 0.0859375 0.0859375
3 0.678125 0.365625 0.06171875 0.06171875
2 0.86015625 0.3640625 0.02421875 0.025
1 0.87578125 0.49140625 0.09765625 0.0984375
1 0.8765625 0.5953125 0.09765625 0.09765625
1 0.8703125 0.7125 0.09765625 0.09765625
1 0.87265625 0.815625 0.08515625 0.0859375
1 0.87421875 0.9265625 0.109375 0.11015625
1 0.7796875 0.85703125 0.09765625 0.0984375
1 0.778125 0.7546875 0.0859375 0.0859375
1 0.7765625 0.6453125 0.09765625 0.0984375
1 0.77734375 0.5296875 0.109375 0.1109375
1 0.6859375 0.59296875 0.0859375 0.0859375
1 0.6859375 0.68125 0.09765625 0.09765625
1 0.684375 0.790625 0.09765625 0.0984375
1 0.68671875 0.9 0.109375 0.11015625
1 0.584375 0.85234375 0.11015625 0.11015625
1 0.5890625 0.7375 0.09765625 0.09765625
1 0.58515625 0.63203125 0.09765625 0.09765625
1 0.4984375 0.253125 0.08515625 0.0859375
1 0.4 0.29609375 0.0859375 0.0859375
2 0.2171875 0.3 0.0484375 0.0484375
1 0.4984375 0.58125 0.09765625 0.09765625
1 0.50703125 0.4625 0.08515625 0.0859375
1 0.49296875 0.709375 0.0859375 0.0859375
3 0.4984375 0.81015625 0.09765625 0.0984375
1 0.4984375 0.90390625 0.09765625 0.0984375
1 0.3984375 0.853125 0.109375 0.11015625
1 0.39765625 0.7453125 0.09765625 0.09765625
1 0.40625 0.6375 0.109375 0.11015625
1 0.40703125 0.50703125 0.11015625 0.1109375
1 0.30859375 0.459375 0.0859375 0.0859375
1 0.3109375 0.5796875 0.09765625 0.0984375
1 0.30625 0.69140625 0.09765625 0.09765625
1 0.3 0.8046875 0.11015625 0.1109375
1 0.31328125 0.90859375 0.11015625 0.11015625
1 0.21015625 0.84609375 0.109375 0.11015625
1 0.21484375 0.740625 0.109375 0.11015625
3 0.2125 0.62890625 0.11015625 0.1109375
1 0.2203125 0.5140625 0.109375 0.11015625
1 0.12734375 0.4671875 0.11015625 0.11015625
1 0.11953125 0.353125 0.11015625 0.11015625
1 0.11796875 0.5703125 0.109375 0.1109375
1 0.12109375 0.671875 0.09765625 0.09765625
1 0.11640625 0.79609375 0.11015625 0.11015625
1 0.12578125 0.88984375 0.11015625 0.11015625