2 0.21640625 0.56015625 0.0734375 0.0734375
1 0.86015625 0.1828125 0.09765625 0.0984375
2 0.7953125 0.4171875 0.0484375 0.05
2 0.0984375 0.60390625 0.06171875 0.06171875
1 0.86015625 0.2765625 0.11015625 0.11015625
1 0.86328125 0.634375 0.09765625 0.09765625
1 0.8609375 0.72421875 0.11015625 0.11015625
1 0.86015625 0.8453125 0.09765625 0.0984375
1 0.86171875 0.940625 0.11015625 0.1109375
1 0.7640625 0.88828125 0.09765625 0.0984375
1 0.7671875 0.76875 0.0859375 0.0859375
1 0.7671875 0.66953125 0.109375 0.11015625
1 0.6796875 0.60625 0.09765625 0.0984375
1 0.6921875 0.75078125 0.109375 0.11015625
1 0.6796875 0.84609375 0.109375 0.11015625
1 0.66484375 0.94921875 0.09765625 0.09765625
1 0.584375 0.9 0.109375 0.11015625
1 0.5796875 0.78203125 0.109375 0.11015625
0 0.58125 0.68359375 0.08515625 0.0859375
1 0.5859375 0.21796875 0.0859375 0.0859375
1 0.5875 0.3140625 0.09765625 0.09765625
1 0.4859375 0.17265625 0.109375 0.11015625
1 0.57890625 0.56171875 0.09765625 0.09765625
1 0.4859375 0.5171875 0.08515625 0.0859375
1 0.48046875 0.62578125 0.09765625 0.0984375
1 0.48046875 0.7265625 0.09765625 0.09765625
1 0.48046875 0.8421875 0.109375 0.11015625
1 0.48203125 0.93984375 0.11015625 0.11015625
1 0.38359375 0.89765625 0.109375 0.11015625
1 0.384375 0.78359375 0.09765625 0.0984375
1 0.3953125 0.66796875 0.109375 0.1109375
1 0.38671875 0.5671875 0.109375 0.11015625
1 0.396875 0.4421875 0.11015625 0.11015625
1 0.38984375 0.2375 0.09765625 0.09765625
1 0.3015625 0.17265625 0.109375 0.11015625
1 0.29375 0.51328125 0.11015625 0.11015625
1 0.30390625 0.62578125 0.0859375 0.0859375
1 0.2046875 0.2296875 0.11015625 0.1109375
1 0.1140625 0.2046875 0.109375 0.11015625
1 0.10625 0.30078125 0.09765625 0.09765625
1 0.2109375 0.43828125 0.0859375 0.0859375
1 0.21171875 0.684375 0.09765625 0.09765625
1 0.19375 0.784375 0.11015625 0.11015625
1 0.190625 0.8703125 0.11015625 0.11015625
1 0.29609375 0.8796875 0.109375 0.1109375
1 0.2875 0.7359375 0.09765625 0.0984375
3 0.0953125 0.69453125 0.0734375 0.0734375
1 0.1 0.8 0.09765625 0.0984375
1 0.0953125 0.90859375 0.11015625 0.11015625
1 0.68046875 0.1546875 0.0859375 0.0859375
1 0.58359375 0.1109375 0.11015625 0.11015625
1 0.678125 0.0640625 0.08515625 0.0859375
1 0.496875 0.0734375 0.109375 0.1109375
1 0.2046875 0.13125 0.09765625 0.0984375
1 0.11328125 0.1109375 0.109375 0.11015625
1 0.87890625 0.065625 0.09765625 0.0984375