2 0.07890625 0.2171875 0.0859375 0.0859375
2 0.27265625 0.22109375 0.0734375 0.0734375
2 0.26640625 0.43828125 0.08515625 0.0859375
2 0.27109375 0.55546875 0.0734375 0.0734375
2 0.3609375 0.38046875 0.0734375 0.0734375
2 0.36640625 0.60625 0.08515625 0.0859375
2 0.36015625 0.49453125 0.06171875 0.06171875
2 0.36328125 0.72265625 0.0859375 0.0859375
2 0.36796875 0.275 0.0734375 0.0734375
1 0.078125 0.1125 0.0859375 0.08671875
1 0.1734375 0.05625 0.08515625 0.0859375
1 0.17421875 0.1640625 0.08515625 0.0859375
2 0.26875 0.1125 0.06171875 0.06171875
1 0.178125 0.27578125 0.0859375 0.08671875
1 0.3625 0.05546875 0.0859375 0.0859375
1 0.36328125 0.1640625 0.0859375 0.0859375
1 0.26484375 0.3296875 0.0734375 0.0734375
1 0.26875 0.6609375 0.0859375 0.0859375
1 0.26953125 0.77265625 0.09765625 0.09765625
1 0.17265625 0.38671875 0.0859375 0.0859375
1 0.16875 0.4984375 0.09765625 0.0984375
1 0.171875 0.60625 0.0859375 0.0859375
1 0.171875 0.7125 0.09765625 0.09765625
1 0.0765625 0.33359375 0.09765625 0.0984375
1 0.0765625 0.440625 0.09765625 0.0984375
1 0.07890625 0.55546875 0.08515625 0.0859375
1 0.08125 0.6640625 0.08515625 0.0859375
1 0.0796875 0.76875 0.09765625 0.09765625
1 0.0796875 0.8765625 0.09765625 0.0984375
1 0.1734375 0.82734375 0.0859375 0.08671875
1 0.1734375 0.93515625 0.09765625 0.0984375
1 0.2734375 0.88125 0.09765625 0.0984375
1 0.3625 0.82109375 0.08515625 0.0859375
1 0.3625 0.93359375 0.08515625 0.0859375