1 0.33125 0.3421875 0.109375 0.11015625
1 0.9 0.13046875 0.109375 0.11015625
1 0.90390625 0.2328125 0.11015625 0.11015625
1 0.9 0.340625 0.11015625 0.11015625
1 0.8109375 0.07109375 0.11015625 0.11015625
1 0.80234375 0.18125 0.11015625 0.11015625
1 0.8078125 0.2953125 0.11015625 0.11015625
1 0.8078125 0.4046875 0.109375 0.1109375
1 0.721875 0.12109375 0.0859375 0.0859375
1 0.7109375 0.234375 0.09765625 0.09765625
1 0.71484375 0.35078125 0.09765625 0.09765625
1 0.6171875 0.071875 0.109375 0.11015625
1 0.61875 0.17578125 0.109375 0.1109375
1 0.62109375 0.28984375 0.109375 0.1109375
1 0.615625 0.38984375 0.11015625 0.1109375
1 0.52109375 0.1265625 0.11015625 0.1109375
1 0.51796875 0.234375 0.11015625 0.1109375
1 0.52265625 0.34140625 0.11015625 0.11015625
1 0.4234375 0.0671875 0.11015625 0.1109375
1 0.42734375 0.18515625 0.11015625 0.11015625
1 0.43125 0.28984375 0.109375 0.11015625
1 0.33203125 0.128125 0.09765625 0.0984375
1 0.32890625 0.23515625 0.109375 0.11015625
1 0.2359375 0.07109375 0.09765625 0.0984375
1 0.23125 0.18203125 0.109375 0.11015625
1 0.23515625 0.28671875 0.109375 0.11015625
2 0.23828125 0.4 0.0484375 0.05
2 0.3296875 0.4546875 0.0484375 0.05
2 0.425 0.3921875 0.0484375 0.0484375
1 0.1421875 0.13046875 0.11015625 0.11015625
1 0.1421875 0.240625 0.11015625 0.11015625
1 0.1453125 0.353125 0.11015625 0.11015625
1 0.14375 0.459375 0.08515625 0.0859375
1 0.03984375 0.5125 0.0734375 0.0734375
1 0.1453125 0.5609375 0.11015625 0.11015625
1 0.23515625 0.5125 0.109375 0.11015625
1 0.33203125 0.56171875 0.109375 0.1109375
1 0.434375 0.6203125 0.0859375 0.0859375
1 0.428125 0.5078125 0.08515625 0.0859375
2 0.525 0.459375 0.08515625 0.0859375
1 0.521875 0.565625 0.08515625 0.0859375
1 0.5296875 0.67265625 0.09765625 0.09765625
1 0.52421875 0.77734375 0.09765625 0.09765625
1 0.51953125 0.89375 0.09765625 0.0984375
2 0.61875 0.50703125 0.0734375 0.0734375
1 0.621875 0.61875 0.08515625 0.0859375
1 0.6203125 0.8359375 0.0734375 0.07421875
1 0.70703125 0.45390625 0.09765625 0.0984375
1 0.7125 0.56328125 0.09765625 0.0984375
1 0.7078125 0.678125 0.09765625 0.0984375
1 0.71796875 0.7890625 0.09765625 0.09765625
1 0.71953125 0.89921875 0.09765625 0.09765625
1 0.81015625 0.50859375 0.11015625 0.11015625
1 0.8109375 0.62265625 0.11015625 0.11015625
1 0.80546875 0.72890625 0.109375 0.11015625
1 0.8046875 0.846875 0.109375 0.11015625
1 0.9046875 0.4578125 0.11015625 0.11015625
1 0.9015625 0.56875 0.11015625 0.11015625
1 0.89609375 0.67734375 0.11015625 0.11015625
1 0.90390625 0.78984375 0.11015625 0.11015625
1 0.90546875 0.89765625 0.109375 0.11015625