2 0.9125 0.3234375 0.0734375 0.0734375
1 0.81171875 0.359375 0.08515625 0.0859375
1 0.05859375 0.3953125 0.0859375 0.0859375
1 0.05859375 0.5 0.0859375 0.0859375
1 0.059375 0.6203125 0.09765625 0.0984375
1 0.05546875 0.72734375 0.0859375 0.0859375
1 0.05390625 0.83203125 0.08515625 0.0859375
1 0.0609375 0.93828125 0.09765625 0.09765625
1 0.15 0.8890625 0.08515625 0.0859375
1 0.15546875 0.7703125 0.0859375 0.0859375
1 0.14921875 0.66640625 0.08515625 0.08671875
1 0.15234375 0.55625 0.09765625 0.0984375
1 0.1546875 0.43984375 0.09765625 0.0984375
1 0.15 0.33359375 0.09765625 0.0984375
1 0.246875 0.3875 0.109375 0.11015625
1 0.246875 0.490625 0.09765625 0.0984375
1 0.25 0.59921875 0.09765625 0.0984375
1 0.2484375 0.721875 0.0859375 0.0859375
1 0.24921875 0.83125 0.09765625 0.0984375
1 0.246875 0.9328125 0.09765625 0.0984375
1 0.3421875 0.32890625 0.09765625 0.0984375
1 0.346875 0.44453125 0.09765625 0.09765625
1 0.340625 0.546875 0.08515625 0.0859375
1 0.3375 0.65625 0.09765625 0.09765625
1 0.34765625 0.771875 0.09765625 0.0984375
1 0.340625 0.884375 0.09765625 0.0984375
1 0.44375 0.921875 0.09765625 0.09765625
1 0.4359375 0.8140625 0.09765625 0.0984375
1 0.43828125 0.703125 0.09765625 0.09765625
1 0.4375 0.590625 0.09765625 0.0984375
1 0.4453125 0.4796875 0.09765625 0.09765625
1 0.43828125 0.371875 0.09765625 0.0984375
1 0.52734375 0.3140625 0.09765625 0.09765625
1 0.5328125 0.42109375 0.09765625 0.0984375
1 0.53125 0.52890625 0.09765625 0.0984375
1 0.53046875 0.64375 0.09765625 0.09765625
1 0.5265625 0.759375 0.09765625 0.0984375
1 0.5296875 0.8640625 0.08515625 0.0859375
1 0.62421875 0.90859375 0.109375 0.11015625
1 0.61875 0.8015625 0.109375 0.11015625
1 0.62578125 0.7 0.11015625 0.11015625
1 0.62421875 0.58671875 0.11015625 0.11015625
1 0.621875 0.471875 0.109375 0.11015625
1 0.6203125 0.3609375 0.11015625 0.1109375
1 0.71875 0.31875 0.09765625 0.09765625
1 0.71015625 0.42109375 0.109375 0.11015625
1 0.72265625 0.525 0.109375 0.1109375
1 0.71484375 0.6375 0.109375 0.11015625
1 0.7171875 0.7421875 0.08515625 0.0859375
1 0.71953125 0.83203125 0.0859375 0.0859375
1 0.81171875 0.90546875 0.0859375 0.0859375
1 0.81171875 0.81328125 0.09765625 0.0984375
1 0.8109375 0.6921875 0.09765625 0.0984375
1 0.815625 0.5875 0.08515625 0.0859375
1 0.8109375 0.46171875 0.109375 0.11015625
1 0.90859375 0.421875 0.08515625 0.0859375
1 0.90703125 0.521875 0.09765625 0.09765625
1 0.91015625 0.65703125 0.09765625 0.0984375
1 0.9078125 0.7453125 0.09765625 0.0984375
1 0.89921875 0.8625 0.109375 0.11015625
1 0.9078125 0.09453125 0.09765625 0.0984375
1 0.90703125 0.1984375 0.0859375 0.0859375
1 0.809375 0.25625 0.109375 0.11015625
1 0.8125 0.1515625 0.09765625 0.0984375
1 0.71796875 0.08125 0.09765625 0.0984375
1 0.7234375 0.1875 0.09765625 0.09765625
1 0.63125 0.2390625 0.109375 0.1109375
1 0.6296875 0.1390625 0.11015625 0.1109375
1 0.5390625 0.0859375 0.09765625 0.09765625
1 0.53203125 0.19609375 0.0859375 0.0859375
1 0.440625 0.2625 0.09765625 0.0984375
1 0.43671875 0.159375 0.0859375 0.0859375
1 0.3421875 0.09921875 0.09765625 0.0984375
1 0.33984375 0.221875 0.09765625 0.0984375
1 0.253125 0.27890625 0.109375 0.11015625
1 0.246875 0.165625 0.11015625 0.11015625
1 0.14921875 0.11875 0.109375 0.11015625
1 0.1515625 0.225 0.0859375 0.0859375
1 0.0515625 0.2875 0.08515625 0.0859375
1 0.05859375 0.17109375 0.09765625 0.0984375
1 0.0640625 0.06328125 0.09765625 0.0984375