2 0.2390625 0.0953125 0.0859375 0.08671875
2 0.90078125 0.64921875 0.08515625 0.0859375
1 0.81015625 0.08984375 0.08515625 0.0859375
1 0.615625 0.0890625 0.0859375 0.0859375
1 0.4203125 0.090625 0.08515625 0.0859375
2 0.1421875 0.0515625 0.02421875 0.02421875
2 0.04609375 0.08515625 0.02421875 0.02421875
2 0.0421875 0.19453125 0.02421875 0.02421875
2 0.0453125 0.2765625 0.02421875 0.02421875
2 0.14296875 0.13828125 0.02421875 0.02421875
2 0.1359375 0.2453125 0.02421875 0.02421875
2 0.2359375 0.2765625 0.0375 0.0375
1 0.23359375 0.19375 0.109375 0.11015625
1 0.34296875 0.1375 0.0859375 0.0859375
1 0.34296875 0.246875 0.0734375 0.0734375
1 0.4234375 0.196875 0.09765625 0.0984375
2 0.41484375 0.31171875 0.06171875 0.06171875
1 0.515625 0.14296875 0.09765625 0.0984375
1 0.5203125 0.25078125 0.09765625 0.0984375
1 0.62421875 0.2 0.09765625 0.09765625
1 0.715625 0.1390625 0.08515625 0.0859375
1 0.7140625 0.25 0.09765625 0.09765625
1 0.81328125 0.196875 0.09765625 0.09765625
1 0.80703125 0.2921875 0.08515625 0.0859375
1 0.90234375 0.1421875 0.0859375 0.0859375
1 0.9046875 0.24609375 0.0859375 0.0859375
1 0.046875 0.48828125 0.0859375 0.0859375
2 0.0453125 0.93203125 0.06171875 0.06171875
2 0.14375 0.446875 0.06171875 0.06171875
1 0.140625 0.540625 0.09765625 0.0984375
1 0.1453125 0.65546875 0.121875 0.1234375
1 0.1375 0.7640625 0.109375 0.11015625
1 0.14140625 0.87890625 0.121875 0.1234375
1 0.23828125 0.48984375 0.09765625 0.0984375
1 0.23359375 0.59921875 0.11015625 0.11015625
1 0.22578125 0.703125 0.121875 0.1234375
1 0.23515625 0.82578125 0.11015625 0.11015625
1 0.2359375 0.92890625 0.121875 0.1234375
2 0.328125 0.45703125 0.0484375 0.0484375
1 0.325 0.5421875 0.09765625 0.0984375
1 0.325 0.6578125 0.121875 0.121875
1 0.32890625 0.7640625 0.121875 0.1234375
1 0.32734375 0.88046875 0.11015625 0.11015625
1 0.41328125 0.48984375 0.0734375 0.0734375
1 0.41796875 0.60234375 0.109375 0.11015625
1 0.41875 0.71171875 0.109375 0.11015625
1 0.41875 0.81953125 0.0859375 0.0859375
1 0.42421875 0.9328125 0.11015625 0.11015625
1 0.52421875 0.5421875 0.121875 0.1234375
1 0.5125 0.65 0.121875 0.1234375
1 0.51953125 0.77109375 0.09765625 0.0984375
1 0.5203125 0.86953125 0.09765625 0.0984375
1 0.61796875 0.4875 0.0734375 0.07421875
1 0.6234375 0.6 0.09765625 0.09765625
1 0.6296875 0.7125 0.121875 0.1234375
1 0.625 0.82578125 0.09765625 0.0984375
1 0.61328125 0.928125 0.09765625 0.0984375
1 0.71796875 0.54296875 0.121875 0.1234375
1 0.7140625 0.66328125 0.121875 0.1234375
1 0.71640625 0.771875 0.08515625 0.0859375
1 0.7140625 0.8921875 0.09765625 0.0984375
1 0.80859375 0.49375 0.09765625 0.09765625
1 0.8125 0.6078125 0.09765625 0.09765625
1 0.8125 0.71171875 0.09765625 0.09765625
1 0.8140625 0.8265625 0.09765625 0.09765625
1 0.8140625 0.9328125 0.121875 0.1234375
2 0.89921875 0.54609375 0.0734375 0.07421875
1 0.90625 0.7671875 0.0859375 0.0859375
1 0.903125 0.88125 0.09765625 0.09765625