2 0.775 0.80390625 0.0734375 0.07421875
1 0.11796875 0.084375 0.121875 0.121875
1 0.21015625 0.153125 0.0859375 0.0859375
1 0.3015625 0.11796875 0.0859375 0.0859375
1 0.3984375 0.1484375 0.0859375 0.0859375
1 0.49140625 0.103125 0.09765625 0.0984375
1 0.58671875 0.15546875 0.09765625 0.09765625
1 0.68671875 0.075 0.09765625 0.0984375
1 0.77578125 0.1578125 0.08515625 0.0859375
1 0.8625 0.10625 0.09765625 0.0984375
1 0.11875 0.5328125 0.11015625 0.11015625
1 0.11875 0.6453125 0.08515625 0.0859375
1 0.1171875 0.76015625 0.109375 0.11015625
1 0.11328125 0.85703125 0.109375 0.11015625
1 0.209375 0.58984375 0.08515625 0.0859375
1 0.20625 0.7078125 0.08515625 0.0859375
1 0.21171875 0.83515625 0.08515625 0.0859375
1 0.2078125 0.928125 0.08515625 0.08671875
1 0.303125 0.540625 0.09765625 0.0984375
1 0.3046875 0.6484375 0.0859375 0.0859375
1 0.30390625 0.75234375 0.09765625 0.0984375
1 0.303125 0.871875 0.08515625 0.0859375
1 0.3921875 0.590625 0.09765625 0.0984375
1 0.39921875 0.7140625 0.08515625 0.0859375
1 0.39921875 0.80234375 0.08515625 0.08671875
1 0.396875 0.91328125 0.0859375 0.0859375
1 0.49140625 0.590625 0.09765625 0.0984375
1 0.49609375 0.659375 0.09765625 0.09765625
1 0.4890625 0.73984375 0.09765625 0.0984375
1 0.50234375 0.86875 0.08515625 0.0859375
1 0.5890625 0.5953125 0.08515625 0.0859375
1 0.59296875 0.7140625 0.0859375 0.0859375
1 0.58984375 0.79453125 0.09765625 0.0984375
1 0.58515625 0.9203125 0.0859375 0.0859375
1 0.68359375 0.5265625 0.0859375 0.0859375
1 0.68359375 0.65 0.0859375 0.0859375
1 0.68046875 0.778125 0.0859375 0.08671875
1 0.68046875 0.88125 0.0859375 0.0859375
1 0.77109375 0.91328125 0.08515625 0.0859375
1 0.76875 0.5921875 0.09765625 0.09765625
1 0.775 0.69375 0.09765625 0.09765625
1 0.87578125 0.60078125 0.09765625 0.0984375
1 0.8828125 0.7453125 0.09765625 0.0984375
1 0.871875 0.86015625 0.0859375 0.0859375
1 0.8671875 0.50625 0.09765625 0.09765625
1 0.8671875 0.40703125 0.109375 0.11015625
1 0.8703125 0.315625 0.11015625 0.11015625
1 0.865625 0.2078125 0.09765625 0.0984375
1 0.77421875 0.25078125 0.09765625 0.0984375
1 0.7796875 0.346875 0.09765625 0.09765625
1 0.76875 0.48046875 0.0859375 0.0859375
1 0.68046875 0.4203125 0.09765625 0.09765625
1 0.6875 0.3140625 0.09765625 0.09765625
1 0.6875 0.20859375 0.09765625 0.0984375
1 0.59609375 0.2609375 0.11015625 0.1109375
1 0.590625 0.3734375 0.08515625 0.0859375
1 0.59140625 0.478125 0.08515625 0.0859375
1 0.4890625 0.1984375 0.09765625 0.09765625
1 0.49296875 0.3109375 0.09765625 0.09765625
1 0.496875 0.4078125 0.109375 0.11015625
1 0.49921875 0.49453125 0.09765625 0.0984375
1 0.3953125 0.48203125 0.09765625 0.0984375
1 0.39921875 0.38046875 0.09765625 0.0984375
1 0.39453125 0.2609375 0.09765625 0.0984375
1 0.309375 0.215625 0.11015625 0.11015625
1 0.30390625 0.31875 0.09765625 0.0984375
1 0.3078125 0.43203125 0.11015625 0.11015625
1 0.2078125 0.4796875 0.0859375 0.0859375
1 0.21015625 0.35703125 0.08515625 0.08671875
1 0.20625 0.26953125 0.08515625 0.0859375
1 0.115625 0.209375 0.109375 0.11015625
1 0.109375 0.32265625 0.109375 0.11015625
1 0.115625 0.42890625 0.0859375 0.0859375