2 0.27265625 0.1375 0.0859375 0.0859375
2 0.46640625 0.1421875 0.0734375 0.0734375
2 0.459375 0.359375 0.08515625 0.0859375
2 0.4640625 0.47578125 0.0734375 0.0734375
2 0.55390625 0.3015625 0.0734375 0.0734375
2 0.56015625 0.52734375 0.08515625 0.0859375
2 0.553125 0.415625 0.06171875 0.06171875
2 0.55625 0.64375 0.0859375 0.0859375
2 0.5609375 0.19609375 0.0734375 0.0734375
1 0.08515625 0.14140625 0.0734375 0.07421875
0 0.17890625 0.0890625 0.0734375 0.0734375
1 0.36796875 0.08515625 0.08515625 0.0859375
2 0.4625 0.03359375 0.06171875 0.06171875
1 0.37109375 0.196875 0.0859375 0.08671875
1 0.18359375 0.190625 0.09765625 0.0984375
1 0.55625 0.08515625 0.0859375 0.0859375
1 0.45859375 0.25078125 0.0734375 0.0734375
1 0.46171875 0.58203125 0.0859375 0.0859375
1 0.4625 0.69375 0.09765625 0.09765625
1 0.36640625 0.3078125 0.0859375 0.0859375
1 0.3625 0.41953125 0.09765625 0.0984375
1 0.365625 0.52734375 0.0859375 0.0859375
1 0.365625 0.63359375 0.09765625 0.09765625
1 0.26953125 0.2546875 0.09765625 0.0984375
1 0.26953125 0.36171875 0.09765625 0.0984375
1 0.271875 0.4765625 0.08515625 0.0859375
1 0.275 0.58515625 0.08515625 0.0859375
1 0.2734375 0.6890625 0.09765625 0.09765625
1 0.178125 0.303125 0.09765625 0.0984375
1 0.18046875 0.415625 0.09765625 0.09765625
1 0.17734375 0.53515625 0.08515625 0.0859375
1 0.17578125 0.6375 0.09765625 0.09765625
1 0.0875 0.2484375 0.09765625 0.09765625
1 0.08515625 0.36796875 0.0859375 0.0859375
1 0.0875 0.4765625 0.0734375 0.07421875
1 0.08515625 0.58515625 0.0734375 0.07421875
1 0.07734375 0.696875 0.0734375 0.0734375
1 0.0828125 0.803125 0.0734375 0.07421875
1 0.07890625 0.91484375 0.09765625 0.09765625
1 0.18046875 0.7453125 0.09765625 0.0984375
1 0.1765625 0.859375 0.0859375 0.0859375
1 0.2734375 0.79765625 0.09765625 0.0984375
1 0.278125 0.915625 0.09765625 0.0984375
1 0.3671875 0.7484375 0.0859375 0.08671875
1 0.3671875 0.85625 0.09765625 0.0984375
1 0.4671875 0.80234375 0.09765625 0.0984375
1 0.46015625 0.9109375 0.09765625 0.0984375
1 0.55625 0.7421875 0.08515625 0.0859375
1 0.55625 0.8546875 0.08515625 0.0859375