1 0.07578125 0.55 0.08515625 0.0859375
1 0.071875 0.67265625 0.11015625 0.11015625
1 0.071875 0.78515625 0.11015625 0.1109375
1 0.07109375 0.88671875 0.109375 0.1109375
1 0.9203125 0.85859375 0.09765625 0.09765625
1 0.9234375 0.525 0.109375 0.1109375
1 0.9265625 0.63203125 0.11015625 0.11015625
1 0.92578125 0.746875 0.09765625 0.0984375
1 0.821875 0.56953125 0.11015625 0.11015625
1 0.82265625 0.68828125 0.11015625 0.11015625
1 0.83671875 0.79765625 0.109375 0.11015625
1 0.81875 0.90546875 0.11015625 0.1109375
1 0.7375 0.5203125 0.11015625 0.11015625
1 0.73125 0.634375 0.11015625 0.11015625
1 0.7328125 0.74296875 0.109375 0.11015625
1 0.73515625 0.84453125 0.11015625 0.11015625
1 0.728125 0.94375 0.11015625 0.11015625
1 0.6421875 0.56484375 0.09765625 0.0984375
1 0.64140625 0.690625 0.09765625 0.0984375
1 0.6453125 0.7921875 0.109375 0.11015625
1 0.634375 0.8953125 0.09765625 0.0984375
1 0.5359375 0.94609375 0.09765625 0.0984375
1 0.546875 0.840625 0.109375 0.11015625
1 0.54609375 0.7375 0.09765625 0.0984375
1 0.5390625 0.6265625 0.09765625 0.09765625
1 0.55 0.5125 0.09765625 0.09765625
1 0.45 0.56875 0.109375 0.1109375
1 0.44921875 0.68046875 0.109375 0.11015625
1 0.44453125 0.790625 0.11015625 0.11015625
1 0.43984375 0.8953125 0.11015625 0.11015625
1 0.346875 0.94296875 0.09765625 0.0984375
1 0.3578125 0.503125 0.0859375 0.0859375
1 0.3484375 0.621875 0.11015625 0.11015625
1 0.35078125 0.72578125 0.0859375 0.0859375
1 0.35546875 0.840625 0.09765625 0.0984375
1 0.25 0.89296875 0.109375 0.11015625
1 0.25859375 0.77890625 0.09765625 0.0984375
1 0.2546875 0.67890625 0.09765625 0.09765625
1 0.26171875 0.5578125 0.09765625 0.09765625
1 0.16875 0.51875 0.109375 0.1109375
1 0.16484375 0.621875 0.09765625 0.0984375
1 0.16875 0.73046875 0.08515625 0.0859375
1 0.159375 0.84140625 0.109375 0.11015625
1 0.92890625 0.103125 0.11015625 0.1109375
1 0.934375 0.21796875 0.09765625 0.0984375
1 0.93125 0.325 0.09765625 0.0984375
1 0.834375 0.05390625 0.09765625 0.0984375
1 0.83359375 0.159375 0.11015625 0.11015625
1 0.83515625 0.29375 0.109375 0.11015625
1 0.7453125 0.121875 0.11015625 0.11015625
1 0.746875 0.21640625 0.109375 0.11015625
1 0.74296875 0.3421875 0.08515625 0.0859375
1 0.6390625 0.153125 0.109375 0.11015625
1 0.64609375 0.2765625 0.11015625 0.1109375
1 0.55625 0.32578125 0.109375 0.11015625
1 0.5453125 0.21796875 0.11015625 0.1109375
1 0.5515625 0.1046875 0.109375 0.1109375
1 0.4625 0.05 0.09765625 0.09765625
1 0.459375 0.16328125 0.09765625 0.09765625
1 0.36484375 0.1 0.11015625 0.11015625
1 0.3640625 0.22109375 0.09765625 0.0984375
1 0.365625 0.31640625 0.11015625 0.1109375
1 0.45078125 0.26953125 0.11015625 0.1109375
1 0.2671875 0.2640625 0.09765625 0.0984375
1 0.271875 0.14453125 0.0859375 0.0859375
1 0.19609375 0.1265625 0.109375 0.11015625
1 0.18359375 0.221875 0.109375 0.11015625
1 0.16875 0.325 0.09765625 0.09765625
1 0.0875 0.27578125 0.109375 0.11015625
1 0.084375 0.1578125 0.109375 0.11015625
0 0.08515625 0.059375 0.08515625 0.0859375