2 0.66875 0.36328125 0.0734375 0.07421875
1 0.20390625 0.08828125 0.109375 0.11015625
1 0.67265625 0.04375 0.08515625 0.0859375
1 0.85859375 0.1375 0.0859375 0.0859375
1 0.8546875 0.24609375 0.09765625 0.09765625
1 0.8578125 0.36875 0.08515625 0.0859375
1 0.85859375 0.4640625 0.08515625 0.0859375
1 0.8578125 0.58671875 0.08515625 0.0859375
1 0.7625 0.08203125 0.08515625 0.0859375
1 0.76171875 0.19921875 0.09765625 0.09765625
1 0.7640625 0.3109375 0.09765625 0.09765625
1 0.7671875 0.41796875 0.0859375 0.0859375
1 0.76171875 0.525 0.0859375 0.0859375
3 0.66875 0.1390625 0.08515625 0.0859375
1 0.66875 0.25 0.09765625 0.09765625
1 0.6734375 0.47109375 0.09765625 0.0984375
1 0.57890625 0.0859375 0.0859375 0.0859375
1 0.5765625 0.19765625 0.09765625 0.0984375
1 0.57734375 0.3109375 0.09765625 0.0984375
1 0.5734375 0.4140625 0.08515625 0.0859375
1 0.575 0.5296875 0.09765625 0.0984375
1 0.484375 0.13515625 0.09765625 0.0984375
1 0.48125 0.24921875 0.09765625 0.0984375
1 0.48046875 0.35625 0.09765625 0.0984375
1 0.4796875 0.4703125 0.09765625 0.0984375
1 0.47734375 0.58359375 0.09765625 0.0984375
1 0.38359375 0.0890625 0.08515625 0.0859375
1 0.3859375 0.2015625 0.08515625 0.0859375
1 0.3828125 0.3078125 0.09765625 0.0984375
1 0.3875 0.41875 0.09765625 0.0984375
1 0.38359375 0.5328125 0.0859375 0.0859375
1 0.2953125 0.14296875 0.09765625 0.0984375
1 0.29296875 0.24921875 0.09765625 0.0984375
1 0.290625 0.3625 0.09765625 0.0984375
1 0.29296875 0.4703125 0.09765625 0.0984375
1 0.29140625 0.590625 0.08515625 0.0859375
1 0.196875 0.1984375 0.109375 0.11015625
1 0.1984375 0.3140625 0.11015625 0.11015625
1 0.203125 0.415625 0.09765625 0.0984375
1 0.1921875 0.52421875 0.09765625 0.09765625
3 0.096875 0.15078125 0.11015625 0.11015625
1 0.09921875 0.24921875 0.11015625 0.11015625
1 0.09609375 0.36484375 0.11015625 0.11015625
1 0.09921875 0.4828125 0.11015625 0.1109375
1 0.096875 0.58984375 0.0859375 0.0859375
1 0.10546875 0.7015625 0.09765625 0.09765625
1 0.196875 0.63984375 0.08515625 0.0859375
1 0.1953125 0.75078125 0.09765625 0.09765625
1 0.2953125 0.6984375 0.09765625 0.09765625
1 0.28828125 0.79296875 0.08515625 0.0859375
1 0.38359375 0.64375 0.0859375 0.0859375
1 0.3859375 0.746875 0.0859375 0.0859375
1 0.4796875 0.68828125 0.0859375 0.0859375
1 0.4765625 0.79609375 0.0859375 0.0859375
1 0.58046875 0.63671875 0.08515625 0.0859375
1 0.571875 0.7375 0.09765625 0.0984375
1 0.671875 0.5890625 0.09765625 0.0984375
1 0.6703125 0.690625 0.09765625 0.0984375
3 0.76171875 0.63359375 0.0859375 0.0859375
1 0.76640625 0.74375 0.09765625 0.0984375
1 0.8640625 0.6953125 0.0859375 0.0859375