1 0.303125 0.75078125 0.109375 0.11015625
1 0.1109375 0.10078125 0.0859375 0.0859375
1 0.1109375 0.20703125 0.09765625 0.09765625
1 0.11640625 0.31796875 0.09765625 0.0984375
1 0.20625 0.1421875 0.11015625 0.1109375
1 0.20703125 0.26484375 0.109375 0.1109375
1 0.203125 0.3703125 0.109375 0.11015625
1 0.29921875 0.096875 0.11015625 0.11015625
1 0.3015625 0.20390625 0.11015625 0.11015625
1 0.30234375 0.3140625 0.11015625 0.1109375
1 0.3890625 0.1453125 0.109375 0.11015625
1 0.396875 0.25625 0.109375 0.11015625
1 0.4890625 0.09296875 0.109375 0.11015625
1 0.4921875 0.2 0.09765625 0.0984375
1 0.49296875 0.31171875 0.109375 0.11015625
1 0.58359375 0.14296875 0.11015625 0.11015625
1 0.5875 0.2625 0.11015625 0.11015625
1 0.58984375 0.36796875 0.109375 0.11015625
1 0.6921875 0.0859375 0.08515625 0.0859375
1 0.68671875 0.196875 0.08515625 0.0859375
1 0.68828125 0.3109375 0.08515625 0.0859375
1 0.78125 0.14375 0.109375 0.11015625
1 0.7828125 0.259375 0.09765625 0.0984375
1 0.78046875 0.36796875 0.11015625 0.11015625
1 0.8828125 0.09453125 0.109375 0.11015625
1 0.87890625 0.196875 0.09765625 0.0984375
1 0.88203125 0.31328125 0.109375 0.11015625
1 0.8734375 0.4265625 0.109375 0.11015625
1 0.871875 0.53828125 0.109375 0.11015625
1 0.87578125 0.64140625 0.11015625 0.11015625
1 0.871875 0.7484375 0.11015625 0.11015625
1 0.7828125 0.47890625 0.11015625 0.11015625
1 0.77421875 0.5890625 0.11015625 0.11015625
1 0.7796875 0.70390625 0.11015625 0.11015625
1 0.7796875 0.8125 0.109375 0.1109375
1 0.690625 0.42109375 0.09765625 0.0984375
1 0.69375 0.5296875 0.0859375 0.0859375
1 0.6828125 0.6421875 0.09765625 0.09765625
1 0.68671875 0.75859375 0.09765625 0.09765625
1 0.5890625 0.4796875 0.109375 0.11015625
1 0.590625 0.584375 0.109375 0.1109375
1 0.59296875 0.6984375 0.109375 0.1109375
1 0.5875 0.79765625 0.11015625 0.1109375
1 0.49140625 0.42421875 0.109375 0.11015625
1 0.49296875 0.53515625 0.11015625 0.1109375
1 0.48984375 0.6421875 0.11015625 0.1109375
1 0.49453125 0.74921875 0.11015625 0.11015625
1 0.39296875 0.36796875 0.11015625 0.1109375
1 0.3953125 0.47578125 0.11015625 0.1109375
1 0.39921875 0.59296875 0.11015625 0.11015625
1 0.403125 0.69765625 0.109375 0.11015625
1 0.30546875 0.43125 0.11015625 0.1109375
1 0.30390625 0.53671875 0.09765625 0.0984375
1 0.30078125 0.64296875 0.109375 0.11015625
1 0.2078125 0.47890625 0.09765625 0.0984375
1 0.203125 0.590625 0.109375 0.11015625
1 0.20703125 0.69453125 0.109375 0.11015625
2 0.21015625 0.8078125 0.0484375 0.05
2 0.3015625 0.8625 0.0484375 0.05
2 0.396875 0.80078125 0.0484375 0.0484375
1 0.10859375 0.4234375 0.109375 0.11015625
1 0.1140625 0.53828125 0.11015625 0.11015625
1 0.1140625 0.64921875 0.11015625 0.11015625
1 0.11640625 0.7609375 0.11015625 0.11015625
1 0.115625 0.8671875 0.08515625 0.0859375
1 0.20703125 0.9203125 0.109375 0.11015625
1 0.4 0.915625 0.08515625 0.0859375
2 0.496875 0.8671875 0.08515625 0.0859375
2 0.590625 0.915625 0.0734375 0.0734375
1 0.67890625 0.86171875 0.09765625 0.0984375
1 0.78203125 0.91640625 0.11015625 0.11015625
1 0.8765625 0.865625 0.11015625 0.11015625