1 0.4453125 0.9484375 0.0859375 0.0859375
1 0.92734375 0.06015625 0.11015625 0.11015625
1 0.9265625 0.1671875 0.09765625 0.0984375
1 0.91875 0.278125 0.09765625 0.09765625
1 0.92578125 0.38984375 0.0859375 0.08671875
1 0.921875 0.49921875 0.09765625 0.0984375
1 0.92109375 0.6046875 0.11015625 0.11015625
1 0.92265625 0.7390625 0.109375 0.11015625
1 0.834375 0.10625 0.109375 0.1109375
1 0.8296875 0.22109375 0.09765625 0.0984375
1 0.82890625 0.3375 0.11015625 0.1109375
1 0.83203125 0.446875 0.09765625 0.09765625
1 0.83359375 0.5671875 0.11015625 0.11015625
1 0.83515625 0.66171875 0.109375 0.11015625
1 0.83046875 0.7875 0.08515625 0.0859375
1 0.7375 0.17890625 0.109375 0.11015625
1 0.734375 0.2671875 0.09765625 0.09765625
1 0.73984375 0.353125 0.11015625 0.1109375
1 0.74453125 0.46796875 0.11015625 0.11015625
1 0.7265625 0.5984375 0.109375 0.11015625
1 0.73359375 0.721875 0.11015625 0.1109375
1 0.64453125 0.77109375 0.109375 0.11015625
1 0.63359375 0.66328125 0.11015625 0.1109375
1 0.63984375 0.55 0.109375 0.1109375
1 0.6453125 0.45078125 0.09765625 0.0984375
1 0.65 0.0890625 0.109375 0.11015625
1 0.65 0.23359375 0.109375 0.11015625
1 0.646875 0.3234375 0.09765625 0.0984375
1 0.55 0.275 0.09765625 0.09765625
1 0.55078125 0.38203125 0.09765625 0.09765625
1 0.55078125 0.4953125 0.09765625 0.09765625
1 0.546875 0.60859375 0.09765625 0.09765625
2 0.38671875 0.2390625 0.0484375 0.05
1 0.4515625 0.0984375 0.11015625 0.11015625
1 0.4546875 0.45625 0.09765625 0.09765625
1 0.45234375 0.5453125 0.11015625 0.11015625
1 0.45234375 0.66640625 0.09765625 0.0984375
1 0.45390625 0.76171875 0.11015625 0.1109375
1 0.53828125 0.71484375 0.11015625 0.1109375
1 0.35546875 0.709375 0.09765625 0.0984375
1 0.359375 0.58984375 0.0859375 0.0859375
1 0.359375 0.490625 0.109375 0.11015625
1 0.271875 0.42734375 0.09765625 0.0984375
1 0.284375 0.571875 0.109375 0.11015625
1 0.271875 0.6671875 0.109375 0.11015625
1 0.25703125 0.7703125 0.09765625 0.09765625
1 0.17578125 0.72109375 0.109375 0.11015625
1 0.171875 0.603125 0.109375 0.11015625
0 0.1734375 0.5046875 0.08515625 0.0859375
1 0.1796875 0.1359375 0.09765625 0.09765625
1 0.17109375 0.3828125 0.09765625 0.09765625
1 0.07734375 0.3390625 0.08515625 0.0859375
1 0.071875 0.446875 0.09765625 0.0984375
1 0.071875 0.54765625 0.09765625 0.09765625
1 0.071875 0.66328125 0.109375 0.11015625
1 0.0734375 0.7609375 0.11015625 0.11015625