1 0.4484375 0.10078125 0.109375 0.11015625
1 0.80078125 0.11875 0.09765625 0.0984375
1 0.89921875 0.06484375 0.09765625 0.0984375
1 0.90546875 0.1671875 0.0859375 0.0859375
1 0.89921875 0.2796875 0.0859375 0.08671875
1 0.9015625 0.39296875 0.09765625 0.0984375
1 0.80390625 0.22421875 0.09765625 0.0984375
1 0.80546875 0.3390625 0.09765625 0.0984375
1 0.71015625 0.053125 0.09765625 0.0984375
1 0.71484375 0.17421875 0.09765625 0.0984375
2 0.7234375 0.27578125 0.06171875 0.06171875
1 0.6203125 0.33828125 0.109375 0.11015625
2 0.61875 0.140625 0.0359375 0.0375
2 0.61484375 0.2296875 0.0359375 0.0375
1 0.434375 0.3359375 0.11015625 0.1109375
1 0.3328125 0.05859375 0.109375 0.1109375
1 0.3484375 0.171875 0.11015625 0.1109375
1 0.3484375 0.2765625 0.11015625 0.1109375
1 0.24375 0.10859375 0.08515625 0.0859375
1 0.24609375 0.22109375 0.109375 0.11015625
1 0.253125 0.3328125 0.109375 0.11015625
1 0.14765625 0.0515625 0.09765625 0.09765625
1 0.15 0.1578125 0.09765625 0.0984375
1 0.146875 0.26953125 0.0859375 0.0859375
1 0.1515625 0.38359375 0.0859375 0.0859375
1 0.05390625 0.10390625 0.09765625 0.0984375
1 0.05078125 0.2125 0.0859375 0.0859375
1 0.05703125 0.32734375 0.08515625 0.08671875
1 0.06171875 0.6546875 0.109375 0.11015625
1 0.05546875 0.76484375 0.109375 0.11015625
1 0.15390625 0.4859375 0.11015625 0.11015625
1 0.1515625 0.60078125 0.11015625 0.11015625
1 0.146875 0.709375 0.09765625 0.0984375
1 0.14921875 0.81953125 0.08515625 0.0859375
1 0.14921875 0.9328125 0.09765625 0.09765625
1 0.2484375 0.44453125 0.109375 0.11015625
1 0.25 0.54453125 0.109375 0.11015625
1 0.240625 0.65703125 0.09765625 0.0984375
1 0.2453125 0.76875 0.11015625 0.11015625
1 0.2375 0.87578125 0.11015625 0.11015625
1 0.32890625 0.38828125 0.11015625 0.11015625
1 0.33671875 0.5046875 0.109375 0.11015625
1 0.3375 0.6125 0.109375 0.11015625
1 0.3375 0.715625 0.09765625 0.0984375
1 0.34296875 0.83125 0.109375 0.11015625
1 0.42890625 0.4484375 0.11015625 0.11015625
1 0.4328125 0.553125 0.11015625 0.11015625
1 0.43046875 0.66484375 0.11015625 0.11015625
1 0.42890625 0.77578125 0.109375 0.11015625
1 0.4296875 0.88515625 0.109375 0.11015625
1 0.521875 0.3828125 0.109375 0.1109375
1 0.525 0.4953125 0.109375 0.1109375
1 0.5234375 0.6046875 0.09765625 0.0984375
1 0.53046875 0.7171875 0.11015625 0.11015625
1 0.52265625 0.825 0.11015625 0.11015625
1 0.61796875 0.4484375 0.109375 0.1109375
1 0.615625 0.55390625 0.109375 0.1109375
1 0.6171875 0.66015625 0.09765625 0.09765625
1 0.61640625 0.76875 0.109375 0.11015625
1 0.61640625 0.8890625 0.09765625 0.0984375
1 0.7140625 0.396875 0.09765625 0.0984375
1 0.70859375 0.4953125 0.11015625 0.1109375
1 0.7125 0.60546875 0.109375 0.1109375
1 0.71015625 0.71796875 0.109375 0.1109375
1 0.71171875 0.8328125 0.109375 0.11015625
1 0.81015625 0.66484375 0.11015625 0.1109375
1 0.81171875 0.7484375 0.0734375 0.07421875
1 0.8015625 0.8875 0.09765625 0.09765625
1 0.9015625 0.49921875 0.109375 0.11015625
1 0.9015625 0.71484375 0.09765625 0.09765625
1 0.8984375 0.82421875 0.09765625 0.09765625
1 0.89765625 0.91875 0.11015625 0.1109375
1 0.7109375 0.9359375 0.09765625 0.0984375
1 0.525 0.94296875 0.11015625 0.11015625
1 0.340625 0.9421875 0.11015625 0.11015625