2 0.93046875 0.2796875 0.0734375 0.07421875
2 0.728125 0.7921875 0.0734375 0.07421875
1 0.9296875 0.5125 0.0859375 0.0859375
1 0.9296875 0.6109375 0.0859375 0.0859375
1 0.9234375 0.728125 0.09765625 0.0984375
1 0.92265625 0.83125 0.09765625 0.09765625
1 0.8296875 0.21953125 0.09765625 0.0984375
1 0.82734375 0.33515625 0.11015625 0.11015625
1 0.7296875 0.38203125 0.09765625 0.0984375
1 0.7390625 0.27421875 0.11015625 0.11015625
1 0.640625 0.3171875 0.109375 0.11015625
1 0.553125 0.26484375 0.0859375 0.0859375
1 0.5421875 0.36875 0.0859375 0.0859375
1 0.54609375 0.49375 0.0859375 0.0859375
1 0.5390625 0.59375 0.0859375 0.0859375
1 0.5453125 0.72578125 0.08515625 0.0859375
1 0.653125 0.7421875 0.08515625 0.0859375
1 0.64921875 0.659375 0.08515625 0.0859375
1 0.6390625 0.54296875 0.0859375 0.0859375
1 0.63984375 0.42890625 0.08515625 0.0859375
1 0.734375 0.49921875 0.0859375 0.0859375
1 0.73203125 0.62109375 0.08515625 0.0859375
1 0.7328125 0.703125 0.08515625 0.0859375
1 0.83125 0.853125 0.0859375 0.0859375
1 0.82890625 0.74609375 0.08515625 0.0859375
1 0.83671875 0.6515625 0.08515625 0.0859375
1 0.82890625 0.55625 0.08515625 0.0859375
1 0.8328125 0.44609375 0.0859375 0.0859375
1 0.93203125 0.3921875 0.08515625 0.0859375
1 0.54375 0.93046875 0.09765625 0.09765625
1 0.453125 0.215625 0.09765625 0.0984375
1 0.45703125 0.33125 0.0859375 0.0859375
1 0.4546875 0.4390625 0.09765625 0.0984375
1 0.45234375 0.54765625 0.08515625 0.0859375
1 0.4515625 0.665625 0.09765625 0.0984375
1 0.45234375 0.77890625 0.09765625 0.0984375
1 0.3625 0.28046875 0.09765625 0.09765625
1 0.36328125 0.3828125 0.09765625 0.09765625
1 0.3640625 0.49296875 0.08515625 0.0859375
1 0.36328125 0.6109375 0.09765625 0.0984375
1 0.359375 0.7234375 0.0859375 0.0859375
1 0.35625 0.8328125 0.09765625 0.09765625
1 0.3515625 0.93125 0.0859375 0.0859375
1 0.27578125 0.23125 0.11015625 0.11015625
1 0.26953125 0.3453125 0.09765625 0.0984375
1 0.265625 0.4546875 0.09765625 0.0984375
1 0.265625 0.56796875 0.09765625 0.0984375
1 0.2671875 0.68046875 0.09765625 0.09765625
1 0.2671875 0.778125 0.109375 0.1109375
1 0.2625 0.88984375 0.11015625 0.11015625
1 0.17109375 0.19453125 0.08515625 0.0859375
1 0.16875 0.30078125 0.08515625 0.0859375
1 0.17109375 0.39765625 0.08515625 0.0859375
1 0.16875 0.51171875 0.08515625 0.0859375
1 0.17109375 0.62578125 0.09765625 0.09765625
1 0.16875 0.75 0.08515625 0.0859375
1 0.1734375 0.85234375 0.08515625 0.0859375
1 0.07890625 0.89765625 0.09765625 0.0984375
1 0.0734375 0.790625 0.11015625 0.1109375
1 0.0796875 0.68046875 0.09765625 0.09765625
1 0.0859375 0.56484375 0.109375 0.11015625
1 0.08515625 0.459375 0.09765625 0.0984375
3 0.08046875 0.3515625 0.08515625 0.0859375
1 0.0796875 0.2390625 0.08515625 0.0859375
1 0.0796875 0.1265625 0.09765625 0.0984375
1 0.17578125 0.06484375 0.09765625 0.0984375
1 0.2734375 0.12265625 0.09765625 0.0984375
1 0.365625 0.16484375 0.09765625 0.0984375
1 0.371875 0.05390625 0.09765625 0.09765625
1 0.4578125 0.0984375 0.09765625 0.0984375
1 0.55390625 0.14921875 0.11015625 0.11015625
1 0.64375 0.096875 0.09765625 0.0984375
1 0.74375 0.1625 0.109375 0.1109375
1 0.64453125 0.209375 0.0859375 0.0859375
1 0.82890625 0.10625 0.109375 0.11015625
1 0.92890625 0.1671875 0.0859375 0.0859375
1 0.9359375 0.0515625 0.0859375 0.0859375