1 0.10234375 0.63515625 0.109375 0.11015625
2 0.76875 0.571875 0.0859375 0.08671875
2 0.2828125 0.73515625 0.0734375 0.07421875
1 0.86015625 0.0640625 0.109375 0.1109375
1 0.94921875 0.45078125 0.09765625 0.0984375
1 0.95 0.5671875 0.08515625 0.0859375
1 0.86328125 0.16796875 0.109375 0.1109375
1 0.8640625 0.275 0.08515625 0.0859375
1 0.86015625 0.40078125 0.09765625 0.0984375
1 0.86796875 0.51015625 0.09765625 0.0984375
1 0.76328125 0.134375 0.11015625 0.1109375
1 0.76640625 0.24296875 0.08515625 0.0859375
1 0.759375 0.3625 0.08515625 0.0859375
1 0.765625 0.465625 0.0859375 0.0859375
1 0.67421875 0.0765625 0.08515625 0.0859375
2 0.68125 0.18984375 0.02421875 0.02421875
2 0.675 0.30859375 0.0375 0.0375
2 0.67734375 0.41484375 0.02421875 0.02421875
2 0.67109375 0.528125 0.02421875 0.02421875
2 0.5796875 0.33671875 0.02421875 0.02421875
2 0.5796875 0.446875 0.02421875 0.02421875
2 0.57578125 0.56171875 0.02421875 0.02421875
1 0.58203125 0.11171875 0.09765625 0.0984375
1 0.5796875 0.2171875 0.09765625 0.0984375
2 0.571875 0.67109375 0.02421875 0.02421875
2 0.575 0.753125 0.02421875 0.02421875
2 0.67265625 0.61484375 0.02421875 0.02421875
2 0.665625 0.721875 0.02421875 0.02421875
2 0.765625 0.753125 0.0375 0.0375
1 0.7625 0.6703125 0.109375 0.11015625
1 0.871875 0.6140625 0.0859375 0.0859375
1 0.87265625 0.7234375 0.0734375 0.0734375
2 0.94375 0.78828125 0.06171875 0.06171875
1 0.2890625 0.30234375 0.09765625 0.0984375
1 0.29296875 0.40546875 0.109375 0.11015625
1 0.284375 0.51640625 0.09765625 0.09765625
1 0.2890625 0.628125 0.09765625 0.09765625
3 0.19140625 0.3578125 0.0859375 0.0859375
1 0.1921875 0.4703125 0.09765625 0.09765625
1 0.18828125 0.57578125 0.11015625 0.11015625
1 0.18828125 0.68515625 0.09765625 0.0984375
1 0.103125 0.29375 0.11015625 0.1109375
1 0.10078125 0.40703125 0.11015625 0.1109375
1 0.10078125 0.51953125 0.09765625 0.09765625
1 0.1046875 0.740625 0.0734375 0.0734375
2 0.1015625 0.9046875 0.0609375 0.06171875
2 0.29140625 0.9125 0.0359375 0.0375
2 0.4875 0.91640625 0.0609375 0.06171875
2 0.6734375 0.9234375 0.06171875 0.06171875
2 0.8578125 0.93359375 0.0484375 0.0484375