3 0.57421875 0.76484375 0.0859375 0.0859375
3 0.196875 0.95859375 0.06171875 0.06171875
1 0.490625 0.93125 0.0859375 0.0859375
1 0.85625 0.4046875 0.0859375 0.0859375
1 0.85859375 0.59453125 0.08515625 0.0859375
1 0.7671875 0.31875 0.109375 0.11015625
1 0.76640625 0.4265625 0.08515625 0.0859375
1 0.765625 0.75625 0.0859375 0.0859375
1 0.76328125 0.86015625 0.11015625 0.11015625
1 0.865625 0.928125 0.09765625 0.09765625
1 0.8640625 0.80625 0.09765625 0.09765625
1 0.8578125 0.69453125 0.0859375 0.08671875
1 0.67265625 0.371875 0.0859375 0.0859375
1 0.67265625 0.4796875 0.09765625 0.0984375
1 0.66875 0.56953125 0.09765625 0.0984375
1 0.6703125 0.80390625 0.09765625 0.0984375
1 0.6703125 0.91171875 0.09765625 0.0984375
1 0.5828125 0.30546875 0.09765625 0.09765625
1 0.578125 0.43125 0.09765625 0.09765625
1 0.5765625 0.5265625 0.09765625 0.0984375
1 0.57734375 0.63359375 0.09765625 0.0984375
1 0.5703125 0.86484375 0.09765625 0.0984375
1 0.48515625 0.6828125 0.0859375 0.0859375
1 0.4890625 0.57734375 0.0859375 0.0859375
1 0.48671875 0.471875 0.08515625 0.0859375
1 0.48671875 0.36875 0.08515625 0.0859375
1 0.39375 0.309375 0.11015625 0.11015625
1 0.38984375 0.425 0.11015625 0.11015625
1 0.38359375 0.53828125 0.11015625 0.11015625
1 0.38203125 0.6515625 0.109375 0.1109375
1 0.3859375 0.753125 0.109375 0.1109375
1 0.28984375 0.80859375 0.109375 0.1109375
1 0.29765625 0.7 0.109375 0.11015625
1 0.29765625 0.57578125 0.109375 0.11015625
1 0.2984375 0.48359375 0.11015625 0.1109375
1 0.3046875 0.35625 0.109375 0.11015625
1 0.19453125 0.31328125 0.11015625 0.11015625
1 0.1921875 0.415625 0.109375 0.11015625
1 0.2 0.5328125 0.09765625 0.0984375
1 0.2 0.6421875 0.09765625 0.0984375
1 0.20234375 0.7484375 0.09765625 0.0984375
1 0.20234375 0.83203125 0.09765625 0.09765625
1 0.1 0.78671875 0.09765625 0.0984375
1 0.1125 0.36484375 0.109375 0.11015625
1 0.109375 0.5015625 0.109375 0.11015625
1 0.1015625 0.5828125 0.0859375 0.0859375
1 0.109375 0.68515625 0.109375 0.11015625
1 0.86484375 0.14453125 0.08515625 0.0859375
1 0.8609375 0.2578125 0.08515625 0.0859375
1 0.76484375 0.096875 0.11015625 0.11015625
1 0.771875 0.2078125 0.109375 0.11015625
1 0.68359375 0.259375 0.109375 0.1109375
1 0.675 0.14140625 0.109375 0.11015625
1 0.58671875 0.09296875 0.109375 0.11015625
1 0.5765625 0.21171875 0.109375 0.11015625
1 0.48984375 0.259375 0.08515625 0.0859375
1 0.48984375 0.1390625 0.08515625 0.0859375
1 0.38671875 0.08515625 0.109375 0.11015625
1 0.39140625 0.19296875 0.109375 0.11015625
1 0.29609375 0.246875 0.109375 0.11015625
1 0.2953125 0.1578125 0.109375 0.11015625
1 0.20625 0.0953125 0.09765625 0.0984375
1 0.20390625 0.20390625 0.109375 0.11015625
1 0.1109375 0.25 0.109375 0.1109375
1 0.1046875 0.13828125 0.09765625 0.0984375