2 0.81953125 0.42890625 0.0734375 0.07421875
2 0.540625 0.18203125 0.0734375 0.0734375
2 0.925 0.7328125 0.0734375 0.0734375
2 0.63359375 0.65546875 0.0734375 0.0734375
2 0.82265625 0.78203125 0.0734375 0.07421875
2 0.9109375 0.928125 0.0734375 0.0734375
2 0.72890625 0.83515625 0.0734375 0.0734375
1 0.5296875 0.94609375 0.09765625 0.0984375
1 0.15234375 0.9421875 0.09765625 0.0984375
2 0.925 0.8265625 0.0734375 0.0734375
2 0.82109375 0.89140625 0.0734375 0.07421875
1 0.9265625 0.53046875 0.0859375 0.0859375
3 0.72578125 0.2671875 0.0859375 0.08671875
1 0.72578125 0.15625 0.0859375 0.0859375
2 0.63203125 0.2109375 0.0734375 0.07421875
2 0.6359375 0.31640625 0.0734375 0.07421875
1 0.43984375 0.21796875 0.08515625 0.0859375
1 0.0640625 0.89140625 0.09765625 0.0984375
1 0.07109375 0.78046875 0.09765625 0.09765625
1 0.06328125 0.67265625 0.09765625 0.0984375
1 0.06640625 0.56171875 0.09765625 0.09765625
1 0.065625 0.4484375 0.09765625 0.0984375
1 0.0734375 0.3375 0.09765625 0.09765625
1 0.06640625 0.2296875 0.09765625 0.0984375
1 0.15546875 0.17265625 0.09765625 0.09765625
1 0.1609375 0.2796875 0.09765625 0.0984375
1 0.159375 0.3875 0.09765625 0.0984375
1 0.1578125 0.5015625 0.09765625 0.09765625
1 0.1546875 0.61796875 0.09765625 0.0984375
1 0.1578125 0.72265625 0.08515625 0.0859375
1 0.15703125 0.825 0.09765625 0.0984375
1 0.253125 0.87578125 0.11015625 0.11015625
1 0.2515625 0.7671875 0.109375 0.11015625
1 0.246875 0.659375 0.109375 0.11015625
1 0.253125 0.5578125 0.11015625 0.11015625
1 0.25234375 0.44453125 0.11015625 0.11015625
1 0.25 0.33046875 0.109375 0.11015625
1 0.2484375 0.21953125 0.11015625 0.1109375
1 0.346875 0.1765625 0.09765625 0.09765625
1 0.3375 0.2796875 0.109375 0.11015625
1 0.35078125 0.38359375 0.109375 0.1109375
1 0.34296875 0.4953125 0.109375 0.11015625
1 0.3453125 0.60078125 0.08515625 0.0859375
1 0.34765625 0.690625 0.0859375 0.0859375
1 0.34296875 0.8234375 0.09765625 0.0984375
1 0.44375 0.8890625 0.109375 0.1109375
1 0.34375 0.9359375 0.0859375 0.0859375
1 0.4390625 0.7640625 0.0859375 0.0859375
1 0.4390625 0.67109375 0.09765625 0.0984375
1 0.43828125 0.55 0.09765625 0.0984375
1 0.44375 0.44609375 0.08515625 0.0859375
1 0.43828125 0.31953125 0.109375 0.11015625
1 0.53671875 0.28046875 0.08515625 0.0859375
1 0.53515625 0.3796875 0.09765625 0.09765625
1 0.53828125 0.51484375 0.09765625 0.0984375
1 0.5359375 0.60390625 0.09765625 0.0984375
1 0.52734375 0.72109375 0.109375 0.11015625
1 0.528125 0.8328125 0.109375 0.11015625
1 0.628125 0.89375 0.0859375 0.0859375
1 0.634375 0.778125 0.0859375 0.0859375
1 0.63203125 0.55078125 0.08515625 0.0859375
1 0.6265625 0.415625 0.09765625 0.0984375
1 0.72421875 0.47265625 0.08515625 0.0859375
1 0.7234375 0.60390625 0.09765625 0.0984375
1 0.725 0.71953125 0.09765625 0.09765625
1 0.821875 0.6625 0.109375 0.11015625
1 0.81875 0.54453125 0.09765625 0.0984375
1 0.91328125 0.1671875 0.109375 0.1109375
1 0.91875 0.275 0.11015625 0.11015625
1 0.915625 0.41953125 0.11015625 0.11015625
1 0.81875 0.22265625 0.08515625 0.0859375
1 0.91796875 0.0640625 0.09765625 0.0984375
1 0.72734375 0.05546875 0.08515625 0.08671875
1 0.63828125 0.1265625 0.08515625 0.0859375
1 0.53515625 0.05625 0.0859375 0.0859375
1 0.4375 0.11484375 0.109375 0.11015625
1 0.25859375 0.09765625 0.109375 0.1109375
1 0.16015625 0.0546875 0.0859375 0.0859375
1 0.06875 0.1203125 0.09765625 0.0984375
1 0.81953125 0.10703125 0.109375 0.11015625