1 0.9390625 0.953125 0.08515625 0.0859375
1 0.84296875 0.89921875 0.08515625 0.0859375
3 0.6421875 0.903125 0.09765625 0.09765625
1 0.4515625 0.89921875 0.11015625 0.11015625
1 0.27890625 0.884375 0.11015625 0.1109375
1 0.1609375 0.94296875 0.109375 0.11015625
1 0.071875 0.9 0.09765625 0.0984375
1 0.93671875 0.3796875 0.11015625 0.11015625
1 0.9375 0.29453125 0.09765625 0.0984375
1 0.94140625 0.184375 0.09765625 0.0984375
1 0.84453125 0.1265625 0.11015625 0.11015625
1 0.84453125 0.24296875 0.11015625 0.11015625
1 0.83671875 0.35390625 0.11015625 0.11015625
1 0.93671875 0.6421875 0.11015625 0.11015625
1 0.93828125 0.7375 0.09765625 0.0984375
1 0.9390625 0.82734375 0.109375 0.11015625
1 0.8359375 0.79140625 0.109375 0.11015625
1 0.7390625 0.8390625 0.11015625 0.11015625
1 0.64375 0.79765625 0.109375 0.11015625
1 0.5359375 0.840625 0.109375 0.11015625
1 0.55 0.50859375 0.09765625 0.09765625
1 0.75 0.07109375 0.109375 0.11015625
1 0.74375 0.18515625 0.11015625 0.11015625
1 0.74609375 0.2953125 0.09765625 0.0984375
2 0.74375 0.40859375 0.0734375 0.0734375
1 0.65 0.1125 0.0859375 0.0859375
1 0.6453125 0.22890625 0.09765625 0.0984375
1 0.6453125 0.35 0.11015625 0.11015625
1 0.646875 0.46328125 0.109375 0.11015625
1 0.55 0.0671875 0.0859375 0.0859375
1 0.55390625 0.1875 0.09765625 0.09765625
1 0.546875 0.2859375 0.09765625 0.09765625
1 0.5546875 0.39921875 0.109375 0.1109375
1 0.4578125 0.1171875 0.109375 0.1109375
1 0.459375 0.22734375 0.109375 0.1109375
0 0.459375 0.32265625 0.09765625 0.0984375
1 0.4546875 0.45234375 0.109375 0.11015625
1 0.4546875 0.5796875 0.09765625 0.09765625
1 0.45234375 0.7796875 0.109375 0.1109375
1 0.36796875 0.63359375 0.09765625 0.0984375
1 0.36484375 0.521875 0.11015625 0.1109375
1 0.365625 0.39765625 0.11015625 0.11015625
1 0.3625 0.2875 0.109375 0.11015625
1 0.36640625 0.175 0.109375 0.11015625
1 0.35625 0.0796875 0.11015625 0.11015625
1 0.27734375 0.23515625 0.09765625 0.09765625
1 0.28046875 0.340625 0.09765625 0.0984375
1 0.284375 0.434375 0.09765625 0.0984375
1 0.28046875 0.5734375 0.109375 0.11015625
1 0.284375 0.68515625 0.109375 0.11015625
1 0.2703125 0.7921875 0.11015625 0.1109375
1 0.16875 0.83515625 0.109375 0.1109375
1 0.1703125 0.7296875 0.11015625 0.1109375
1 0.1703125 0.61328125 0.08515625 0.0859375
1 0.17578125 0.39140625 0.09765625 0.0984375
1 0.17890625 0.290625 0.109375 0.1109375
1 0.17265625 0.184375 0.11015625 0.11015625
1 0.1765625 0.06328125 0.11015625 0.1109375
1 0.090625 0.7828125 0.09765625 0.0984375