2 0.25546875 0.90859375 0.0734375 0.0734375
1 0.0671875 0.45390625 0.09765625 0.09765625
1 0.07109375 0.34296875 0.09765625 0.0984375
1 0.07109375 0.22890625 0.09765625 0.0984375
1 0.06640625 0.1203125 0.109375 0.11015625
1 0.1625 0.06484375 0.109375 0.11015625
1 0.1578125 0.17734375 0.109375 0.11015625
1 0.153125 0.29140625 0.09765625 0.0984375
1 0.1578125 0.39765625 0.09765625 0.0984375
1 0.2484375 0.4609375 0.08515625 0.0859375
1 0.25390625 0.33203125 0.0859375 0.0859375
1 0.25390625 0.221875 0.0859375 0.0859375
1 0.25390625 0.115625 0.09765625 0.0984375
1 0.346875 0.3984375 0.0859375 0.0859375
1 0.36328125 0.2875 0.09765625 0.0984375
1 0.3578125 0.17734375 0.109375 0.11015625
1 0.3546875 0.06953125 0.08515625 0.0859375
1 0.44921875 0.12421875 0.09765625 0.09765625
1 0.44375 0.2359375 0.09765625 0.0984375
1 0.4359375 0.34609375 0.11015625 0.11015625
1 0.434375 0.459375 0.09765625 0.0984375
1 0.53515625 0.3921875 0.09765625 0.0984375
1 0.5453125 0.29453125 0.09765625 0.0984375
1 0.5421875 0.17734375 0.109375 0.11015625
1 0.53984375 0.078125 0.08515625 0.0859375
1 0.63671875 0.12578125 0.09765625 0.0984375
1 0.63359375 0.2390625 0.09765625 0.0984375
1 0.6265625 0.34296875 0.09765625 0.09765625
1 0.63125 0.44296875 0.109375 0.11015625
1 0.7296875 0.4 0.09765625 0.0984375
1 0.7296875 0.28984375 0.109375 0.11015625
1 0.728125 0.18828125 0.11015625 0.11015625
1 0.73046875 0.0734375 0.09765625 0.0984375
1 0.821875 0.1296875 0.09765625 0.0984375
1 0.828125 0.23515625 0.09765625 0.0984375
1 0.82734375 0.35703125 0.09765625 0.0984375
1 0.8234375 0.45703125 0.08515625 0.0859375
1 0.91796875 0.4078125 0.09765625 0.0984375
1 0.915625 0.2921875 0.11015625 0.11015625
1 0.92109375 0.1859375 0.109375 0.1109375
1 0.925 0.075 0.09765625 0.0984375
1 0.440625 0.8828125 0.0859375 0.0859375
2 0.346875 0.9375 0.0734375 0.07421875
1 0.1546875 0.94453125 0.08515625 0.0859375
1 0.06171875 0.903125 0.09765625 0.09765625
1 0.91015625 0.8578125 0.09765625 0.09765625
1 0.8125 0.9 0.09765625 0.0984375
1 0.7234375 0.940625 0.109375 0.1109375
1 0.628125 0.89375 0.109375 0.1109375
1 0.53359375 0.94921875 0.08515625 0.0859375
1 0.9125 0.5171875 0.09765625 0.0984375
1 0.9109375 0.62421875 0.109375 0.11015625
1 0.91015625 0.7359375 0.09765625 0.09765625
1 0.82421875 0.78046875 0.09765625 0.09765625
1 0.81640625 0.565625 0.09765625 0.09765625
1 0.82109375 0.67890625 0.09765625 0.09765625
1 0.7296875 0.515625 0.09765625 0.09765625
1 0.7296875 0.6296875 0.09765625 0.09765625
1 0.721875 0.740625 0.09765625 0.09765625
1 0.72109375 0.84140625 0.11015625 0.11015625
1 0.6328125 0.790625 0.09765625 0.0984375
1 0.63046875 0.678125 0.11015625 0.11015625
1 0.63046875 0.55546875 0.11015625 0.1109375
3 0.5390625 0.6203125 0.0859375 0.0859375
1 0.5359375 0.4859375 0.09765625 0.09765625
1 0.44375 0.5640625 0.109375 0.11015625
1 0.4421875 0.68671875 0.09765625 0.0984375
1 0.4421875 0.78203125 0.08515625 0.08671875
1 0.353125 0.853125 0.08515625 0.0859375
1 0.346875 0.7296875 0.11015625 0.11015625
1 0.3484375 0.6203125 0.11015625 0.11015625
1 0.3484375 0.51015625 0.09765625 0.0984375
1 0.24921875 0.56875 0.09765625 0.0984375
1 0.25078125 0.67890625 0.09765625 0.0984375
1 0.25 0.7828125 0.0859375 0.0859375
1 0.15234375 0.84140625 0.109375 0.11015625
1 0.15546875 0.73671875 0.09765625 0.0984375
1 0.15546875 0.61875 0.0859375 0.0859375
1 0.1546875 0.5125 0.0859375 0.0859375
1 0.06328125 0.559375 0.09765625 0.0984375
1 0.0609375 0.66640625 0.09765625 0.0984375
1 0.06640625 0.77265625 0.09765625 0.09765625
1 0.5390625 0.74296875 0.109375 0.11015625
1 0.534375 0.83359375 0.109375 0.11015625