1 0.4984375 0.42421875 0.109375 0.11015625
2 0.678125 0.52421875 0.0734375 0.07421875
2 0.975 0.12578125 0.02421875 0.02421875
2 0.975 0.2359375 0.02421875 0.02421875
2 0.97109375 0.35078125 0.02421875 0.02421875
2 0.9671875 0.46015625 0.02421875 0.02421875
2 0.9703125 0.5421875 0.02421875 0.02421875
1 0.684375 0.09140625 0.09765625 0.0984375
1 0.68828125 0.19453125 0.109375 0.11015625
1 0.6796875 0.30546875 0.09765625 0.09765625
1 0.684375 0.4171875 0.09765625 0.09765625
3 0.58671875 0.146875 0.0859375 0.0859375
1 0.5875 0.259375 0.09765625 0.09765625
1 0.58359375 0.36484375 0.11015625 0.11015625
1 0.584375 0.47421875 0.09765625 0.0984375
1 0.4984375 0.0828125 0.11015625 0.1109375
1 0.496875 0.19609375 0.11015625 0.1109375
1 0.49609375 0.30859375 0.09765625 0.09765625
1 0.50078125 0.5296875 0.0734375 0.0734375
1 0.3984375 0.1390625 0.109375 0.1109375
1 0.3953125 0.26015625 0.109375 0.11015625
1 0.39765625 0.36796875 0.09765625 0.0984375
1 0.4015625 0.471875 0.09765625 0.0984375
1 0.30078125 0.08671875 0.109375 0.11015625
1 0.30546875 0.19453125 0.09765625 0.0984375
1 0.30625 0.30546875 0.09765625 0.0984375
1 0.30625 0.41171875 0.09765625 0.0984375
2 0.309375 0.52421875 0.0734375 0.0734375
1 0.20390625 0.13671875 0.08515625 0.0859375
1 0.2078125 0.2390625 0.09765625 0.0984375
1 0.21015625 0.36171875 0.09765625 0.0984375
1 0.21015625 0.47109375 0.09765625 0.0984375
1 0.11015625 0.07734375 0.11015625 0.11015625
1 0.11796875 0.18984375 0.09765625 0.0984375
1 0.1125 0.2953125 0.09765625 0.0984375
1 0.11328125 0.41484375 0.09765625 0.0984375
2 0.11796875 0.51640625 0.0734375 0.07421875
2 0.1203125 0.69453125 0.06171875 0.06171875
1 0.11875 0.8015625 0.09765625 0.0984375
1 0.11796875 0.91328125 0.09765625 0.0984375
1 0.21875 0.74375 0.09765625 0.0984375
1 0.2125 0.86171875 0.09765625 0.0984375
2 0.315625 0.69296875 0.0609375 0.06171875
1 0.3078125 0.79921875 0.09765625 0.0984375
1 0.3078125 0.90859375 0.09765625 0.0984375
1 0.4046875 0.746875 0.08515625 0.0859375
1 0.4 0.8546875 0.09765625 0.0984375
2 0.496875 0.69375 0.0609375 0.06171875
1 0.5 0.803125 0.09765625 0.0984375
1 0.4953125 0.915625 0.09765625 0.0984375
1 0.5890625 0.75 0.0859375 0.0859375
1 0.58984375 0.85390625 0.09765625 0.0984375
2 0.68671875 0.7015625 0.0359375 0.0375
1 0.6875 0.8 0.09765625 0.09765625
1 0.68671875 0.90859375 0.109375 0.11015625
1 0.7828125 0.75859375 0.08515625 0.0859375
1 0.78046875 0.85625 0.09765625 0.09765625
2 0.8828125 0.70546875 0.0609375 0.06171875
1 0.875 0.80390625 0.0859375 0.0859375
1 0.8765625 0.91484375 0.11015625 0.1109375