2 0.76875 0.1578125 0.0734375 0.0734375
2 0.76484375 0.034375 0.06171875 0.06171875
2 0.7703125 0.48125 0.0859375 0.0859375
2 0.9625 0.81953125 0.0734375 0.0734375
1 0.11015625 0.103125 0.11015625 0.1109375
1 0.1140625 0.2125 0.11015625 0.1109375
1 0.11328125 0.325 0.109375 0.11015625
1 0.109375 0.42734375 0.09765625 0.0984375
1 0.1125 0.54375 0.109375 0.11015625
1 0.20390625 0.05 0.09765625 0.0984375
1 0.20390625 0.15625 0.09765625 0.09765625
1 0.20703125 0.26484375 0.09765625 0.09765625
1 0.20859375 0.3734375 0.11015625 0.1109375
1 0.209375 0.4828125 0.09765625 0.0984375
1 0.303125 0.1078125 0.09765625 0.0984375
1 0.3046875 0.21171875 0.09765625 0.0984375
1 0.29609375 0.32421875 0.109375 0.1109375
1 0.2984375 0.42890625 0.11015625 0.1109375
1 0.30625 0.525 0.11015625 0.1109375
1 0.3953125 0.15078125 0.09765625 0.0984375
1 0.39765625 0.26640625 0.109375 0.11015625
1 0.39453125 0.3734375 0.09765625 0.09765625
1 0.396875 0.4875 0.09765625 0.09765625
1 0.4875 0.10390625 0.09765625 0.0984375
1 0.490625 0.209375 0.09765625 0.0984375
1 0.4890625 0.32109375 0.11015625 0.11015625
1 0.48828125 0.428125 0.09765625 0.0984375
1 0.584375 0.15859375 0.0859375 0.08671875
1 0.58046875 0.26953125 0.08515625 0.0859375
1 0.58359375 0.3765625 0.08515625 0.0859375
1 0.58359375 0.48515625 0.0734375 0.07421875
1 0.67578125 0.10234375 0.0859375 0.0859375
1 0.67265625 0.2125 0.0859375 0.0859375
1 0.675 0.321875 0.0734375 0.0734375
0 0.67734375 0.4328125 0.0734375 0.0734375
1 0.77265625 0.27734375 0.0859375 0.0859375
1 0.76953125 0.37734375 0.0859375 0.08671875
1 0.8671875 0.1 0.09765625 0.09765625
1 0.865625 0.2078125 0.08515625 0.0859375
1 0.86484375 0.32109375 0.08515625 0.0859375
1 0.865625 0.42890625 0.08515625 0.0859375
0 0.95859375 0.0421875 0.0734375 0.07421875
2 0.96015625 0.37734375 0.06171875 0.06171875
1 0.86875 0.540625 0.0859375 0.08671875
1 0.68125 0.534375 0.09765625 0.0984375
1 0.95625 0.59453125 0.0734375 0.0734375
1 0.8640625 0.6515625 0.0859375 0.0859375
1 0.86015625 0.76328125 0.09765625 0.0984375
1 0.86328125 0.87109375 0.0859375 0.0859375
1 0.7671875 0.5984375 0.09765625 0.0984375
1 0.7671875 0.70546875 0.09765625 0.0984375
1 0.7703125 0.8203125 0.08515625 0.0859375
1 0.77265625 0.92890625 0.08515625 0.0859375
1 0.67578125 0.646875 0.09765625 0.0984375
1 0.67890625 0.759375 0.09765625 0.09765625
1 0.675 0.87890625 0.08515625 0.0859375
1 0.5859375 0.5921875 0.09765625 0.09765625
1 0.5828125 0.71171875 0.0859375 0.0859375
1 0.58515625 0.8203125 0.0734375 0.07421875
1 0.58359375 0.92890625 0.0734375 0.07421875
1 0.48828125 0.540625 0.109375 0.1109375
1 0.4875 0.65234375 0.09765625 0.09765625
1 0.49140625 0.765625 0.09765625 0.09765625
1 0.49140625 0.87109375 0.08515625 0.0859375
1 0.39375 0.59453125 0.09765625 0.09765625
1 0.39375 0.70546875 0.09765625 0.0984375
1 0.39609375 0.81640625 0.08515625 0.0859375
1 0.39453125 0.928125 0.09765625 0.0984375
1 0.3 0.65390625 0.11015625 0.11015625
1 0.30234375 0.7609375 0.11015625 0.11015625
1 0.2984375 0.871875 0.0859375 0.0859375
1 0.20234375 0.5953125 0.09765625 0.0984375
1 0.19921875 0.7046875 0.09765625 0.0984375
1 0.2078125 0.81796875 0.09765625 0.0984375
1 0.209375 0.925 0.09765625 0.0984375
1 0.103125 0.65703125 0.109375 0.11015625
1 0.10234375 0.76875 0.109375 0.11015625
1 0.10625 0.871875 0.11015625 0.11015625