2 0.36171875 0.29140625 0.0734375 0.0734375
2 0.4515625 0.4375 0.0734375 0.07421875
2 0.45234375 0.3328125 0.0734375 0.0734375
2 0.5484375 0.37578125 0.0734375 0.0734375
2 0.26796875 0.3546875 0.08515625 0.0859375
2 0.3640625 0.38671875 0.0734375 0.07421875
2 0.0875 0.909375 0.0734375 0.0734375
2 0.36875 0.503125 0.0734375 0.07421875
2 0.08671875 0.8078125 0.0734375 0.0734375
2 0.5515625 0.48046875 0.0859375 0.0859375
2 0.45546875 0.5578125 0.0734375 0.07421875
2 0.9234375 0.41875 0.0734375 0.07421875
2 0.9078125 0.31171875 0.0734375 0.07421875
2 0.7375 0.74296875 0.0734375 0.0734375
2 0.72578125 0.6296875 0.0734375 0.0734375
2 0.92265625 0.6203125 0.0734375 0.0734375
2 0.64453125 0.67578125 0.0859375 0.0859375
2 0.9234375 0.50703125 0.0734375 0.0734375
2 0.63828125 0.55703125 0.0734375 0.0734375
1 0.08515625 0.2484375 0.121875 0.1234375
1 0.08125 0.36796875 0.121875 0.1234375
1 0.08359375 0.4765625 0.08515625 0.0859375
1 0.08125 0.596875 0.09765625 0.0984375
1 0.17578125 0.19921875 0.09765625 0.09765625
1 0.1796875 0.3125 0.09765625 0.09765625
1 0.1796875 0.4171875 0.09765625 0.09765625
1 0.18125 0.53125 0.09765625 0.09765625
1 0.18125 0.6375 0.121875 0.1234375
1 0.0796875 0.7078125 0.0734375 0.0734375
1 0.18125 0.7484375 0.121875 0.1234375
2 0.26640625 0.25078125 0.0734375 0.07421875
1 0.2734375 0.47265625 0.0859375 0.0859375
1 0.2703125 0.5859375 0.09765625 0.09765625
1 0.27109375 0.69609375 0.121875 0.1234375
2 0.36015625 0.19375 0.0609375 0.06171875
1 0.3625 0.6359375 0.09765625 0.09765625
2 0.4484375 0.22578125 0.0609375 0.06171875
1 0.4625 0.69609375 0.08515625 0.0859375
2 0.53671875 0.178125 0.06171875 0.06171875
2 0.5375 0.26484375 0.06171875 0.06171875
1 0.55546875 0.6171875 0.0859375 0.0859375
1 0.55546875 0.73359375 0.08515625 0.0859375
2 0.6421875 0.2453125 0.0484375 0.05
2 0.64140625 0.34921875 0.0484375 0.05
2 0.6453125 0.45859375 0.0734375 0.0734375
2 0.7171875 0.20859375 0.0609375 0.06171875
2 0.7203125 0.30625 0.0609375 0.06171875
2 0.7203125 0.39140625 0.0609375 0.06171875
2 0.7296875 0.49921875 0.06171875 0.06171875
2 0.80546875 0.26015625 0.06171875 0.06171875
2 0.81328125 0.365625 0.0734375 0.0734375
2 0.8265625 0.45390625 0.0734375 0.0734375
2 0.825 0.56484375 0.0734375 0.0734375
2 0.82734375 0.6859375 0.0734375 0.0734375
2 0.8953125 0.2 0.06171875 0.06171875
1 0.93828125 0.73515625 0.0859375 0.08671875
1 0.93203125 0.86171875 0.11015625 0.11015625
1 0.83125 0.803125 0.08515625 0.08671875
1 0.84296875 0.91484375 0.09765625 0.0984375
1 0.7390625 0.8484375 0.0859375 0.0859375
1 0.64609375 0.79921875 0.0734375 0.0734375
1 0.6546875 0.91171875 0.09765625 0.0984375
1 0.55703125 0.82890625 0.08515625 0.0859375
1 0.4625 0.8078125 0.09765625 0.09765625
1 0.45703125 0.9203125 0.09765625 0.09765625
1 0.36875 0.75078125 0.0859375 0.0859375
1 0.36328125 0.859375 0.109375 0.1109375
1 0.27265625 0.8 0.09765625 0.09765625
1 0.2671875 0.91171875 0.09765625 0.0984375
1 0.17734375 0.85625 0.11015625 0.11015625