2 0.571875 0.88125 0.0859375 0.08671875
1 0.3875 0.0921875 0.09765625 0.09765625
1 0.3828125 0.19609375 0.09765625 0.09765625
1 0.378125 0.31328125 0.09765625 0.0984375
1 0.47890625 0.2546875 0.0734375 0.07421875
1 0.56640625 0.096875 0.09765625 0.0984375
1 0.5765625 0.2078125 0.09765625 0.09765625
1 0.578125 0.31875 0.09765625 0.09765625
1 0.6640625 0.14765625 0.109375 0.11015625
1 0.66328125 0.26640625 0.109375 0.11015625
1 0.6640625 0.37421875 0.109375 0.1109375
1 0.7546875 0.09609375 0.11015625 0.11015625
1 0.7625 0.20859375 0.11015625 0.11015625
1 0.7640625 0.3171875 0.109375 0.11015625
1 0.86015625 0.15 0.11015625 0.11015625
1 0.8625 0.2609375 0.11015625 0.11015625
1 0.86171875 0.3765625 0.11015625 0.11015625
3 0.853125 0.48359375 0.11015625 0.11015625
1 0.9484375 0.875 0.0859375 0.0859375
1 0.85234375 0.60625 0.0734375 0.07421875
1 0.85546875 0.7046875 0.09765625 0.09765625
1 0.8484375 0.8234375 0.09765625 0.09765625
1 0.753125 0.42890625 0.109375 0.11015625
1 0.75625 0.53984375 0.109375 0.1109375
1 0.759375 0.640625 0.109375 0.1109375
1 0.753125 0.76015625 0.09765625 0.0984375
1 0.753125 0.8765625 0.08515625 0.0859375
1 0.6671875 0.47734375 0.109375 0.1109375
1 0.6671875 0.58515625 0.08515625 0.0859375
1 0.6640625 0.71015625 0.09765625 0.0984375
1 0.671875 0.81953125 0.09765625 0.0984375
1 0.5671875 0.44453125 0.11015625 0.1109375
1 0.56953125 0.553125 0.08515625 0.0859375
1 0.56328125 0.671875 0.08515625 0.0859375
1 0.56953125 0.775 0.0859375 0.0859375
1 0.478125 0.3859375 0.08515625 0.0859375
2 0.48515625 0.49921875 0.02421875 0.02421875
2 0.478125 0.61796875 0.0375 0.0375
2 0.48125 0.72421875 0.02421875 0.02421875
2 0.475 0.8375 0.02421875 0.02421875
2 0.38359375 0.64609375 0.02421875 0.02421875
2 0.38359375 0.75625 0.02421875 0.02421875
2 0.3796875 0.871875 0.02421875 0.02421875
1 0.3859375 0.42109375 0.09765625 0.0984375
1 0.38359375 0.5265625 0.09765625 0.0984375
2 0.37578125 0.98125 0.02421875 0.02421875
2 0.47578125 0.92421875 0.02421875 0.02421875
1 0.67578125 0.9234375 0.0859375 0.0859375
1 0.8484375 0.92890625 0.09765625 0.0984375
1 0.09296875 0.61171875 0.09765625 0.0984375
1 0.096875 0.715625 0.109375 0.11015625
1 0.0875 0.8265625 0.09765625 0.09765625
1 0.09296875 0.9375 0.09765625 0.09765625