2 0.33828125 0.66484375 0.0734375 0.0734375
2 0.43125 0.25625 0.0734375 0.07421875
2 0.2453125 0.7375 0.0734375 0.07421875
2 0.54140625 0.8953125 0.0734375 0.0734375
2 0.4234375 0.9390625 0.06171875 0.06171875
1 0.9109375 0.553125 0.0859375 0.0859375
1 0.91328125 0.64921875 0.09765625 0.09765625
1 0.81171875 0.50703125 0.109375 0.11015625
1 0.9046875 0.896875 0.09765625 0.09765625
1 0.8109375 0.85234375 0.08515625 0.0859375
1 0.71171875 0.9015625 0.109375 0.11015625
1 0.721875 0.7765625 0.11015625 0.11015625
1 0.71484375 0.571875 0.09765625 0.09765625
1 0.6265625 0.50703125 0.109375 0.11015625
1 0.61875 0.8484375 0.11015625 0.11015625
1 0.5296875 0.5640625 0.11015625 0.1109375
1 0.4390625 0.53984375 0.109375 0.11015625
1 0.43125 0.6359375 0.09765625 0.09765625
1 0.3359375 0.56328125 0.09765625 0.0984375
1 0.34375 0.7921875 0.09765625 0.09765625
1 0.5359375 0.7734375 0.0859375 0.0859375
1 0.24921875 0.50703125 0.09765625 0.09765625
1 0.240625 0.615625 0.0859375 0.0859375
1 0.2515625 0.84375 0.09765625 0.09765625
1 0.153125 0.80546875 0.0859375 0.0859375
1 0.15546875 0.89765625 0.11015625 0.11015625
1 0.0625 0.50625 0.09765625 0.0984375
3 0.05546875 0.62109375 0.0859375 0.0859375
1 0.0578125 0.7265625 0.08515625 0.0859375
1 0.059375 0.84296875 0.11015625 0.11015625
1 0.90859375 0.44609375 0.11015625 0.11015625
1 0.91328125 0.340625 0.09765625 0.09765625
1 0.9171875 0.246875 0.09765625 0.09765625
1 0.9171875 0.146875 0.0859375 0.0859375
1 0.81640625 0.0609375 0.109375 0.11015625
1 0.81171875 0.18828125 0.11015625 0.1109375
1 0.815625 0.28359375 0.11015625 0.11015625
1 0.821875 0.4078125 0.109375 0.1109375
1 0.72578125 0.3484375 0.109375 0.11015625
1 0.72578125 0.24140625 0.109375 0.11015625
1 0.721875 0.13203125 0.109375 0.11015625
1 0.6328125 0.075 0.0859375 0.0859375
1 0.6265625 0.1921875 0.09765625 0.0984375
1 0.62578125 0.2953125 0.09765625 0.09765625
1 0.2421875 0.0578125 0.0859375 0.0859375
1 0.2484375 0.1890625 0.08515625 0.0859375
1 0.35625 0.20625 0.08515625 0.0859375
1 0.35234375 0.1234375 0.08515625 0.0859375
1 0.43515625 0.08515625 0.08515625 0.0859375
1 0.4359375 0.1671875 0.08515625 0.0859375
1 0.534375 0.3171875 0.0859375 0.0859375
1 0.53203125 0.21015625 0.08515625 0.0859375
1 0.53984375 0.115625 0.08515625 0.0859375
1 0.53046875 0.46640625 0.09765625 0.0984375
1 0.43828125 0.44609375 0.109375 0.11015625
1 0.34140625 0.4625 0.11015625 0.11015625
1 0.246875 0.39453125 0.09765625 0.09765625
1 0.1546875 0.1296875 0.09765625 0.0984375
1 0.15546875 0.24296875 0.09765625 0.0984375
1 0.06640625 0.075 0.09765625 0.0984375
1 0.0625 0.1875 0.0859375 0.0859375
1 0.059375 0.296875 0.09765625 0.09765625
1 0.0546875 0.3953125 0.0859375 0.0859375