2 0.74296875 0.18828125 0.0734375 0.0734375
2 0.815625 0.3390625 0.0734375 0.07421875
1 0.93125 0.85546875 0.0859375 0.0859375
1 0.9171875 0.5125 0.08515625 0.08671875
1 0.9234375 0.61640625 0.09765625 0.09765625
1 0.9171875 0.74765625 0.09765625 0.0984375
1 0.815625 0.45625 0.0859375 0.0859375
1 0.8171875 0.56953125 0.08515625 0.0859375
1 0.82421875 0.6828125 0.09765625 0.09765625
1 0.828125 0.7859375 0.109375 0.11015625
1 0.83828125 0.92265625 0.08515625 0.0859375
1 0.73359375 0.84375 0.11015625 0.1109375
1 0.7359375 0.7421875 0.109375 0.1109375
1 0.734375 0.6265625 0.09765625 0.0984375
3 0.73515625 0.51484375 0.0734375 0.07421875
1 0.6375 0.45234375 0.08515625 0.0859375
1 0.634375 0.5734375 0.08515625 0.0859375
1 0.63671875 0.68203125 0.109375 0.11015625
1 0.63984375 0.790625 0.09765625 0.0984375
1 0.6453125 0.9140625 0.0859375 0.0859375
1 0.559375 0.85 0.08515625 0.0859375
1 0.56171875 0.7375 0.08515625 0.0859375
1 0.5625 0.63125 0.09765625 0.0984375
1 0.54765625 0.5265625 0.0859375 0.0859375
1 0.45390625 0.45546875 0.09765625 0.0984375
1 0.45 0.5796875 0.11015625 0.11015625
1 0.45078125 0.6859375 0.11015625 0.11015625
1 0.4546875 0.7953125 0.096875 0.0984375
1 0.45546875 0.89921875 0.08515625 0.0859375
1 0.36328125 0.525 0.109375 0.11015625
1 0.36328125 0.63125 0.09765625 0.0984375
1 0.3625 0.74140625 0.11015625 0.11015625
1 0.36015625 0.8546875 0.109375 0.11015625
1 0.17734375 0.50390625 0.08515625 0.0859375
1 0.18828125 0.63359375 0.09765625 0.09765625
1 0.184375 0.7390625 0.09765625 0.0984375
1 0.171875 0.8546875 0.09765625 0.0984375
1 0.075 0.46171875 0.09765625 0.09765625
1 0.06328125 0.57109375 0.109375 0.11015625
1 0.071875 0.6859375 0.09765625 0.09765625
1 0.0703125 0.8015625 0.09765625 0.0984375
1 0.071875 0.9125 0.09765625 0.09765625
3 0.73984375 0.390625 0.0734375 0.07421875
3 0.73515625 0.2828125 0.0734375 0.0734375
1 0.64140625 0.24140625 0.0859375 0.0859375
1 0.64140625 0.35625 0.0859375 0.0859375
3 0.83046875 0.2453125 0.0734375 0.07421875
3 0.83046875 0.12578125 0.0734375 0.0734375
1 0.92109375 0.17109375 0.0859375 0.0859375
1 0.92578125 0.290625 0.0859375 0.0859375
1 0.9234375 0.07109375 0.08515625 0.0859375
1 0.92421875 0.39765625 0.08515625 0.0859375
1 0.74296875 0.08125 0.08515625 0.0859375
1 0.64375 0.14140625 0.11015625 0.11015625
1 0.55390625 0.1984375 0.0859375 0.0859375
1 0.5546875 0.28828125 0.0859375 0.0859375
1 0.559375 0.08984375 0.08515625 0.0859375
1 0.45 0.1546875 0.09765625 0.0984375
1 0.4546875 0.2359375 0.09765625 0.0984375
1 0.35625 0.309375 0.08515625 0.0859375
1 0.3578125 0.4046875 0.09765625 0.0984375
1 0.45390625 0.35 0.09765625 0.0984375
1 0.55859375 0.40078125 0.09765625 0.0984375
1 0.359375 0.2015625 0.09765625 0.0984375
1 0.3609375 0.10859375 0.0859375 0.0859375
1 0.26640625 0.35234375 0.09765625 0.09765625
1 0.265625 0.2375 0.09765625 0.0984375
1 0.2671875 0.1375 0.08515625 0.0859375
1 0.184375 0.08671875 0.09765625 0.09765625
1 0.1734375 0.19140625 0.0859375 0.0859375
1 0.178125 0.29296875 0.0859375 0.0859375
1 0.17109375 0.4015625 0.0859375 0.08671875
1 0.075 0.13125 0.09765625 0.0984375
1 0.07578125 0.24375 0.08515625 0.0859375
1 0.08203125 0.3546875 0.0859375 0.0859375
1 0.2640625 0.571875 0.11015625 0.11015625
1 0.265625 0.69375 0.109375 0.11015625
1 0.265625 0.809375 0.109375 0.11015625
1 0.2609375 0.9046875 0.109375 0.11015625
1 0.26640625 0.465625 0.08515625 0.0859375