2 0.39609375 0.8359375 0.0734375 0.07421875
2 0.11640625 0.5890625 0.0734375 0.0734375
1 0.11015625 0.14140625 0.08515625 0.0859375
1 0.2078125 0.07890625 0.0859375 0.0859375
1 0.29609375 0.13984375 0.09765625 0.0984375
1 0.396875 0.07265625 0.09765625 0.0984375
1 0.4921875 0.1234375 0.109375 0.11015625
1 0.590625 0.08046875 0.09765625 0.0984375
1 0.68515625 0.1375 0.08515625 0.0859375
1 0.7796875 0.08828125 0.09765625 0.0984375
1 0.875 0.1453125 0.09765625 0.0984375
1 0.503125 0.9375 0.0859375 0.0859375
3 0.3015625 0.67421875 0.0859375 0.08671875
1 0.3015625 0.56328125 0.0859375 0.0859375
2 0.20859375 0.61796875 0.0734375 0.07421875
2 0.2125 0.7234375 0.0734375 0.07421875
1 0.1125 0.6875 0.08515625 0.0859375
1 0.1109375 0.7875 0.09765625 0.09765625
1 0.1140625 0.92265625 0.09765625 0.0984375
1 0.203125 0.82265625 0.09765625 0.0984375
1 0.3 0.8796875 0.08515625 0.0859375
1 0.8640625 0.58671875 0.09765625 0.0984375
1 0.771875 0.53828125 0.09765625 0.09765625
1 0.7734375 0.634375 0.09765625 0.0984375
1 0.76875 0.7515625 0.109375 0.11015625
1 0.765625 0.85703125 0.109375 0.11015625
1 0.6734375 0.58046875 0.09765625 0.0984375
1 0.68046875 0.6859375 0.09765625 0.0984375
1 0.675 0.7984375 0.11015625 0.11015625
1 0.67265625 0.9125 0.11015625 0.11015625
1 0.58125 0.85625 0.109375 0.1109375
1 0.58984375 0.72265625 0.09765625 0.09765625
1 0.58515625 0.62109375 0.109375 0.1109375
1 0.4890625 0.57421875 0.109375 0.1109375
1 0.49453125 0.68203125 0.11015625 0.11015625
1 0.49140625 0.8265625 0.11015625 0.11015625
1 0.3953125 0.6296875 0.08515625 0.0859375
1 0.8734375 0.45703125 0.09765625 0.09765625
1 0.8671875 0.35 0.09765625 0.0984375
1 0.8671875 0.2640625 0.09765625 0.0984375
1 0.7734375 0.19765625 0.09765625 0.0984375
1 0.77265625 0.30546875 0.109375 0.11015625
1 0.771875 0.4171875 0.09765625 0.09765625
1 0.6859375 0.4609375 0.09765625 0.09765625
1 0.678125 0.24609375 0.09765625 0.09765625
1 0.6828125 0.359375 0.09765625 0.09765625
1 0.590625 0.19609375 0.09765625 0.09765625
1 0.590625 0.3109375 0.09765625 0.09765625
1 0.5828125 0.42109375 0.09765625 0.09765625
1 0.5828125 0.521875 0.11015625 0.11015625
1 0.49375 0.47109375 0.09765625 0.0984375
1 0.49140625 0.35859375 0.11015625 0.11015625
1 0.49140625 0.2359375 0.11015625 0.1109375
3 0.4 0.30078125 0.0859375 0.0859375
1 0.39765625 0.1671875 0.09765625 0.09765625
1 0.3046875 0.24453125 0.109375 0.11015625
1 0.30390625 0.36796875 0.09765625 0.0984375
1 0.303125 0.4625 0.08515625 0.08671875
1 0.2140625 0.534375 0.08515625 0.0859375
1 0.20859375 0.4109375 0.11015625 0.11015625
1 0.209375 0.3015625 0.11015625 0.11015625
1 0.21015625 0.190625 0.09765625 0.0984375
1 0.11015625 0.24921875 0.09765625 0.0984375
1 0.1125 0.36015625 0.09765625 0.0984375
1 0.1109375 0.4640625 0.0859375 0.0859375
1 0.4 0.4234375 0.109375 0.11015625
1 0.3953125 0.5140625 0.109375 0.11015625