1 0.91015625 0.62734375 0.09765625 0.0984375
1 0.91953125 0.51875 0.11015625 0.11015625
1 0.82109375 0.56171875 0.109375 0.11015625
1 0.73359375 0.509375 0.0859375 0.0859375
1 0.72265625 0.6140625 0.0859375 0.0859375
1 0.7265625 0.7390625 0.0859375 0.0859375
1 0.71953125 0.8390625 0.0859375 0.0859375
1 0.8296875 0.9046875 0.08515625 0.0859375
1 0.81953125 0.78828125 0.0859375 0.0859375
1 0.82109375 0.6734375 0.08515625 0.0859375
1 0.91484375 0.74375 0.0859375 0.0859375
1 0.9125 0.86640625 0.08515625 0.0859375
1 0.91328125 0.9484375 0.08515625 0.0859375
1 0.63359375 0.46015625 0.09765625 0.0984375
1 0.6375 0.5765625 0.0859375 0.0859375
1 0.6359375 0.684375 0.09765625 0.0984375
1 0.63359375 0.79296875 0.08515625 0.0859375
1 0.63203125 0.9109375 0.09765625 0.0984375
1 0.54296875 0.525 0.09765625 0.09765625
1 0.54375 0.628125 0.09765625 0.09765625
1 0.54453125 0.73828125 0.08515625 0.0859375
1 0.54375 0.85625 0.09765625 0.0984375
1 0.45625 0.47578125 0.11015625 0.11015625
1 0.45 0.590625 0.09765625 0.0984375
1 0.44609375 0.7 0.09765625 0.0984375
1 0.44609375 0.81328125 0.09765625 0.0984375
1 0.4484375 0.92578125 0.09765625 0.09765625
1 0.35234375 0.4390625 0.08515625 0.0859375
1 0.34921875 0.54609375 0.08515625 0.0859375
1 0.35234375 0.6421875 0.08515625 0.0859375
1 0.34921875 0.75703125 0.08515625 0.0859375
1 0.3515625 0.87109375 0.09765625 0.09765625
1 0.2609375 0.92578125 0.09765625 0.09765625
1 0.26640625 0.81015625 0.109375 0.11015625
1 0.265625 0.7046875 0.09765625 0.0984375
3 0.2609375 0.596875 0.08515625 0.0859375
1 0.26015625 0.484375 0.08515625 0.0859375
1 0.165625 0.42578125 0.0859375 0.0859375
1 0.1671875 0.5390625 0.0859375 0.0859375
1 0.1625 0.6484375 0.09765625 0.09765625
1 0.171875 0.765625 0.109375 0.1109375
1 0.1671875 0.86171875 0.09765625 0.0984375
1 0.0671875 0.9203125 0.109375 0.11015625
1 0.0671875 0.8078125 0.109375 0.11015625
1 0.07109375 0.69765625 0.109375 0.11015625
1 0.075 0.59375 0.109375 0.1109375
1 0.08125 0.47109375 0.09765625 0.0984375
1 0.06640625 0.15703125 0.09765625 0.0984375
1 0.08125 0.27890625 0.09765625 0.0984375
1 0.07578125 0.375 0.11015625 0.1109375
1 0.16484375 0.1046875 0.0859375 0.0859375
1 0.16328125 0.209375 0.08515625 0.0859375
1 0.1703125 0.315625 0.09765625 0.09765625
1 0.2609375 0.371875 0.09765625 0.0984375
1 0.259375 0.265625 0.08515625 0.0859375
1 0.26484375 0.14765625 0.0859375 0.0859375
1 0.3578125 0.0984375 0.0859375 0.0859375
1 0.35859375 0.20859375 0.09765625 0.0984375
1 0.35625 0.31015625 0.09765625 0.0984375
1 0.45703125 0.14921875 0.09765625 0.0984375
1 0.45 0.2609375 0.09765625 0.0984375
1 0.45390625 0.36796875 0.09765625 0.0984375
1 0.54609375 0.409375 0.09765625 0.0984375
1 0.553125 0.2984375 0.09765625 0.09765625
1 0.5453125 0.190625 0.09765625 0.0984375
1 0.54765625 0.0796875 0.09765625 0.09765625
1 0.6359375 0.1359375 0.09765625 0.0984375
1 0.6390625 0.24140625 0.08515625 0.0859375
1 0.6390625 0.34296875 0.09765625 0.0984375
1 0.73515625 0.39375 0.11015625 0.11015625
1 0.73359375 0.2859375 0.109375 0.11015625
1 0.728125 0.178125 0.109375 0.11015625
1 0.73515625 0.0765625 0.11015625 0.11015625
1 0.8265625 0.11875 0.08515625 0.0859375
1 0.82890625 0.209375 0.0859375 0.0859375
1 0.82421875 0.3421875 0.09765625 0.0984375
1 0.925 0.40703125 0.109375 0.1109375
1 0.825 0.45390625 0.0859375 0.0859375
1 0.92109375 0.28203125 0.0859375 0.0859375
1 0.92109375 0.18984375 0.09765625 0.0984375
1 0.9203125 0.06875 0.09765625 0.0984375