2 0.44375 0.09921875 0.0734375 0.0734375
1 0.79921875 0.7125 0.08515625 0.0859375
1 0.7953125 0.83515625 0.11015625 0.11015625
1 0.69453125 0.88203125 0.109375 0.1109375
1 0.69609375 0.778125 0.11015625 0.11015625
1 0.609375 0.71640625 0.09765625 0.0984375
1 0.609375 0.82578125 0.109375 0.11015625
1 0.61171875 0.94375 0.11015625 0.11015625
1 0.50703125 0.88515625 0.09765625 0.0984375
1 0.5109375 0.76484375 0.09765625 0.09765625
1 0.415625 0.83125 0.08515625 0.0859375
1 0.41875 0.9390625 0.109375 0.11015625
1 0.31875 0.84609375 0.09765625 0.0984375
1 0.31875 0.75625 0.109375 0.11015625
1 0.2265625 0.71640625 0.09765625 0.0984375
1 0.23046875 0.83359375 0.109375 0.11015625
1 0.2328125 0.9453125 0.08515625 0.0859375
1 0.128125 0.7796875 0.08515625 0.08671875
1 0.128125 0.87578125 0.08515625 0.0859375
2 0.0421875 0.93125 0.0484375 0.0484375
1 0.8921875 0.68125 0.109375 0.1109375
1 0.8890625 0.784375 0.09765625 0.0984375
1 0.8921875 0.89375 0.08515625 0.0859375
2 0.32578125 0.14296875 0.06171875 0.06171875
1 0.90703125 0.1453125 0.09765625 0.0984375
1 0.9203125 0.28984375 0.109375 0.11015625
1 0.90703125 0.38515625 0.109375 0.11015625
1 0.8921875 0.48828125 0.09765625 0.09765625
1 0.81171875 0.4390625 0.109375 0.11015625
1 0.8078125 0.32109375 0.109375 0.11015625
0 0.809375 0.22265625 0.08515625 0.0859375
1 0.80625 0.10078125 0.09765625 0.09765625
1 0.71328125 0.05625 0.08515625 0.0859375
1 0.7078125 0.16484375 0.09765625 0.0984375
1 0.7078125 0.265625 0.09765625 0.09765625
1 0.7078125 0.38125 0.109375 0.11015625
1 0.709375 0.47890625 0.11015625 0.11015625
1 0.6109375 0.43671875 0.109375 0.11015625
1 0.6125 0.32265625 0.09765625 0.0984375
1 0.6234375 0.20703125 0.109375 0.1109375
1 0.6140625 0.10625 0.109375 0.11015625
1 0.53125 0.16484375 0.0859375 0.0859375
1 0.4390625 0.2234375 0.09765625 0.09765625
1 0.42109375 0.3234375 0.11015625 0.11015625
1 0.41875 0.409375 0.11015625 0.11015625
1 0.5234375 0.41875 0.109375 0.1109375
1 0.51484375 0.275 0.09765625 0.0984375
3 0.32265625 0.23359375 0.0734375 0.0734375
1 0.32734375 0.3390625 0.09765625 0.0984375
1 0.32265625 0.44765625 0.11015625 0.11015625
1 0.2390625 0.4078125 0.09765625 0.09765625
1 0.24375 0.33046875 0.09765625 0.0984375
1 0.0578125 0.10234375 0.11015625 0.11015625
1 0.05078125 0.2140625 0.09765625 0.0984375
2 0.1421875 0.3546875 0.0734375 0.0734375
1 0.1484375 0.45390625 0.09765625 0.0984375