1 0.10625 0.1984375 0.109375 0.11015625
1 0.871875 0.08984375 0.0859375 0.0859375
1 0.87421875 0.1984375 0.09765625 0.0984375
1 0.78203125 0.14296875 0.09765625 0.0984375
1 0.7796875 0.2546875 0.09765625 0.0984375
1 0.67890625 0.0890625 0.11015625 0.11015625
1 0.675 0.196875 0.11015625 0.11015625
1 0.58359375 0.1515625 0.11015625 0.11015625
1 0.5828125 0.2609375 0.109375 0.1109375
1 0.4859375 0.090625 0.09765625 0.09765625
1 0.490625 0.20703125 0.09765625 0.09765625
1 0.396875 0.146875 0.109375 0.1109375
1 0.39140625 0.24609375 0.11015625 0.1109375
1 0.29375 0.090625 0.11015625 0.1109375
1 0.2984375 0.19765625 0.11015625 0.11015625
1 0.20703125 0.14609375 0.109375 0.11015625
1 0.1046875 0.09140625 0.109375 0.11015625
2 0.10546875 0.3109375 0.0484375 0.05
2 0.2 0.24921875 0.0484375 0.0484375
1 0.1078125 0.41796875 0.109375 0.1109375
1 0.21015625 0.4765625 0.0859375 0.0859375
1 0.20390625 0.3640625 0.08515625 0.0859375
2 0.3 0.315625 0.08515625 0.0859375
1 0.29765625 0.421875 0.08515625 0.0859375
1 0.3046875 0.5296875 0.09765625 0.09765625
1 0.3 0.63359375 0.09765625 0.09765625
1 0.2953125 0.75078125 0.09765625 0.0984375
2 0.39375 0.3640625 0.0734375 0.0734375
1 0.396875 0.47578125 0.08515625 0.0859375
1 0.39609375 0.6921875 0.0734375 0.07421875
1 0.4828125 0.31015625 0.09765625 0.0984375
1 0.48828125 0.41953125 0.09765625 0.0984375
1 0.48359375 0.534375 0.09765625 0.0984375
1 0.49296875 0.6453125 0.09765625 0.09765625
1 0.4953125 0.75625 0.09765625 0.09765625
1 0.58515625 0.36484375 0.11015625 0.11015625
1 0.58671875 0.47890625 0.11015625 0.11015625
1 0.58125 0.58515625 0.109375 0.11015625
1 0.5796875 0.70390625 0.109375 0.11015625
1 0.58125 0.81171875 0.109375 0.1109375
1 0.68046875 0.3140625 0.11015625 0.11015625
1 0.67734375 0.425 0.11015625 0.11015625
1 0.67109375 0.53359375 0.11015625 0.11015625
1 0.67890625 0.64609375 0.11015625 0.11015625
1 0.68046875 0.7546875 0.109375 0.11015625
1 0.78125 0.36640625 0.109375 0.11015625
1 0.78125 0.475 0.09765625 0.0984375
1 0.7765625 0.5875 0.11015625 0.11015625
1 0.7796875 0.6984375 0.11015625 0.11015625
1 0.77890625 0.8140625 0.11015625 0.11015625
1 0.87421875 0.30703125 0.109375 0.11015625
1 0.88125 0.43125 0.109375 0.11015625
1 0.87421875 0.534375 0.109375 0.11015625
1 0.87421875 0.65078125 0.109375 0.11015625
1 0.87109375 0.7546875 0.109375 0.11015625
3 0.865625 0.8734375 0.11015625 0.11015625
3 0.7703125 0.92109375 0.11015625 0.11015625
1 0.6703125 0.86640625 0.109375 0.11015625
1 0.584375 0.91484375 0.109375 0.1109375
1 0.48359375 0.88203125 0.11015625 0.1109375
1 0.3953125 0.8234375 0.08515625 0.0859375
2 0.4015625 0.93671875 0.02421875 0.02421875
1 0.303125 0.85859375 0.09765625 0.0984375