1 0.31640625 0.17109375 0.109375 0.11015625
1 0.8890625 0.06171875 0.11015625 0.11015625
1 0.88515625 0.16953125 0.11015625 0.11015625
1 0.79375 0.12421875 0.11015625 0.11015625
1 0.79296875 0.23359375 0.109375 0.1109375
1 0.69609375 0.06328125 0.09765625 0.09765625
1 0.7 0.1796875 0.09765625 0.09765625
1 0.60625 0.11875 0.109375 0.1109375
1 0.60078125 0.21875 0.11015625 0.1109375
1 0.503125 0.06328125 0.11015625 0.1109375
1 0.50859375 0.1703125 0.11015625 0.11015625
1 0.4171875 0.11875 0.109375 0.11015625
1 0.3140625 0.0640625 0.109375 0.11015625
1 0.2203125 0.115625 0.109375 0.11015625
2 0.2234375 0.22890625 0.0484375 0.05
2 0.315625 0.28359375 0.0484375 0.05
2 0.41015625 0.221875 0.0484375 0.0484375
1 0.12734375 0.06953125 0.11015625 0.11015625
1 0.13046875 0.18203125 0.11015625 0.11015625
1 0.1296875 0.28828125 0.08515625 0.0859375
1 0.13046875 0.38984375 0.11015625 0.11015625
1 0.2203125 0.34140625 0.109375 0.11015625
1 0.3171875 0.390625 0.109375 0.1109375
1 0.4203125 0.44921875 0.0859375 0.0859375
1 0.41328125 0.33671875 0.08515625 0.0859375
2 0.51015625 0.28828125 0.08515625 0.0859375
1 0.50703125 0.39453125 0.08515625 0.0859375
1 0.51484375 0.5015625 0.09765625 0.09765625
1 0.509375 0.60625 0.09765625 0.09765625
1 0.5046875 0.7234375 0.09765625 0.0984375
2 0.60390625 0.33671875 0.0734375 0.0734375
1 0.60703125 0.4484375 0.08515625 0.0859375
1 0.60625 0.66484375 0.0734375 0.07421875
1 0.6921875 0.2828125 0.09765625 0.0984375
1 0.6984375 0.3921875 0.09765625 0.0984375
1 0.69375 0.50703125 0.09765625 0.0984375
1 0.703125 0.61796875 0.09765625 0.09765625
1 0.7046875 0.728125 0.09765625 0.09765625
1 0.7953125 0.3375 0.11015625 0.11015625
1 0.79609375 0.4515625 0.11015625 0.11015625
1 0.790625 0.5578125 0.109375 0.11015625
1 0.78984375 0.6765625 0.109375 0.11015625
1 0.790625 0.784375 0.109375 0.1109375
1 0.88984375 0.28671875 0.11015625 0.11015625
1 0.8875 0.39765625 0.11015625 0.11015625
1 0.88125 0.50625 0.11015625 0.11015625
1 0.8890625 0.61875 0.11015625 0.11015625
1 0.890625 0.72734375 0.109375 0.11015625
1 0.8796875 0.8390625 0.109375 0.11015625
1 0.79375 0.8875 0.109375 0.1109375
1 0.69375 0.8546875 0.11015625 0.1109375
1 0.6046875 0.79609375 0.08515625 0.0859375
2 0.61171875 0.909375 0.02421875 0.02421875
1 0.5125 0.83125 0.09765625 0.0984375
1 0.5109375 0.93671875 0.09765625 0.0984375