1 0.90625 0.63359375 0.09765625 0.0984375
1 0.909375 0.7046875 0.0859375 0.0859375
1 0.90390625 0.81953125 0.11015625 0.1109375
1 0.896875 0.94375 0.11015625 0.11015625
1 0.803125 0.5484375 0.09765625 0.0984375
1 0.809375 0.66171875 0.09765625 0.0984375
1 0.80625 0.775 0.0859375 0.08671875
1 0.809375 0.88046875 0.09765625 0.0984375
1 0.71796875 0.603125 0.09765625 0.0984375
1 0.7140625 0.71484375 0.09765625 0.09765625
1 0.7140625 0.8171875 0.0859375 0.0859375
1 0.71484375 0.928125 0.09765625 0.0984375
1 0.61796875 0.65859375 0.109375 0.11015625
1 0.625 0.771875 0.09765625 0.0984375
1 0.61640625 0.88359375 0.08515625 0.0859375
1 0.528125 0.60390625 0.11015625 0.11015625
1 0.5265625 0.71875 0.109375 0.1109375
1 0.52734375 0.82578125 0.09765625 0.0984375
1 0.5234375 0.934375 0.09765625 0.09765625
1 0.43984375 0.66015625 0.08515625 0.0859375
1 0.434375 0.76875 0.09765625 0.0984375
1 0.4265625 0.8859375 0.09765625 0.0984375
1 0.34453125 0.60625 0.08515625 0.0859375
1 0.3375 0.71953125 0.09765625 0.09765625
1 0.33515625 0.82265625 0.09765625 0.0984375
1 0.33203125 0.9359375 0.09765625 0.0984375
3 0.24609375 0.871875 0.09765625 0.09765625
1 0.23671875 0.76484375 0.11015625 0.11015625
1 0.240625 0.65546875 0.11015625 0.11015625
3 0.14375 0.61015625 0.09765625 0.09765625
1 0.1375 0.7140625 0.09765625 0.0984375
1 0.13984375 0.8234375 0.09765625 0.0984375
1 0.1421875 0.92890625 0.109375 0.11015625
3 0.71796875 0.371875 0.06171875 0.06171875
1 0.8109375 0.44140625 0.08515625 0.0859375
1 0.9078125 0.4 0.0859375 0.0859375
1 0.9078125 0.490625 0.0859375 0.0859375
1 0.903125 0.0640625 0.109375 0.1109375
1 0.90703125 0.165625 0.109375 0.1109375
1 0.81171875 0.221875 0.109375 0.1109375
1 0.81953125 0.1125 0.109375 0.11015625
1 0.721875 0.05546875 0.09765625 0.0984375
1 0.7234375 0.16171875 0.09765625 0.0984375
1 0.7234375 0.2453125 0.09765625 0.09765625
1 0.62109375 0.2 0.09765625 0.0984375
1 0.63125 0.0984375 0.109375 0.11015625
1 0.54140625 0.13828125 0.11015625 0.11015625
1 0.43828125 0.08671875 0.11015625 0.11015625
1 0.3375 0.0609375 0.11015625 0.11015625
1 0.7171875 0.48984375 0.109375 0.11015625
1 0.62265625 0.55234375 0.11015625 0.11015625
1 0.53046875 0.50234375 0.11015625 0.11015625
1 0.628125 0.425 0.0859375 0.0859375
1 0.5359375 0.38828125 0.109375 0.11015625
1 0.5296875 0.3140625 0.09765625 0.0984375
1 0.43828125 0.34921875 0.11015625 0.11015625
1 0.4390625 0.44453125 0.09765625 0.0984375
1 0.440625 0.534375 0.109375 0.11015625
1 0.33671875 0.4984375 0.109375 0.11015625
1 0.23984375 0.54609375 0.11015625 0.11015625
1 0.14453125 0.5046875 0.109375 0.11015625
1 0.05078125 0.215625 0.09765625 0.09765625
2 0.24453125 0.115625 0.0734375 0.0734375
1 0.14609375 0.05703125 0.11015625 0.11015625
1 0.14765625 0.1703125 0.109375 0.11015625
1 0.05546875 0.10625 0.109375 0.1109375