2 0.46171875 0.54140625 0.0734375 0.0734375
2 0.5515625 0.6875 0.0734375 0.07421875
2 0.55234375 0.5828125 0.0734375 0.0734375
2 0.64765625 0.62578125 0.0734375 0.0734375
2 0.36796875 0.6046875 0.08515625 0.0859375
2 0.46328125 0.63671875 0.0734375 0.07421875
2 0.46796875 0.753125 0.0734375 0.07421875
2 0.6515625 0.73046875 0.0859375 0.0859375
2 0.55546875 0.8078125 0.0734375 0.07421875
2 0.82578125 0.8796875 0.0734375 0.0734375
2 0.74375 0.92578125 0.0859375 0.0859375
2 0.7375 0.80703125 0.0734375 0.0734375
1 0.2765625 0.0453125 0.08515625 0.0859375
1 0.08203125 0.04375 0.0859375 0.0859375
1 0.090625 0.15546875 0.09765625 0.09765625
1 0.18203125 0.09375 0.08515625 0.0859375
1 0.18046875 0.2046875 0.09765625 0.09765625
1 0.28046875 0.15234375 0.09765625 0.09765625
1 0.27421875 0.246875 0.08515625 0.0859375
1 0.36875 0.09765625 0.0859375 0.0859375
1 0.37109375 0.2015625 0.0859375 0.0859375
1 0.46484375 0.1421875 0.0859375 0.0859375
1 0.46171875 0.25 0.0859375 0.0859375
1 0.565625 0.090625 0.08515625 0.0859375
1 0.5578125 0.1921875 0.09765625 0.0984375
1 0.65546875 0.1453125 0.09765625 0.0984375
3 0.746875 0.0875 0.0859375 0.0859375
1 0.7515625 0.19765625 0.09765625 0.0984375
1 0.85 0.14921875 0.0859375 0.0859375
1 0.084375 0.4421875 0.0734375 0.07421875
1 0.08984375 0.5546875 0.09765625 0.09765625
1 0.09609375 0.66796875 0.121875 0.1234375
1 0.0921875 0.78046875 0.09765625 0.0984375
1 0.0796875 0.88359375 0.09765625 0.0984375
1 0.18515625 0.4984375 0.121875 0.1234375
1 0.18125 0.61796875 0.121875 0.1234375
1 0.1828125 0.7265625 0.08515625 0.0859375
1 0.18046875 0.846875 0.09765625 0.0984375
1 0.275 0.44921875 0.09765625 0.09765625
1 0.2796875 0.5625 0.09765625 0.09765625
1 0.2796875 0.6671875 0.09765625 0.09765625
1 0.28125 0.78125 0.09765625 0.09765625
1 0.28046875 0.8875 0.121875 0.1234375
1 0.17890625 0.9578125 0.0734375 0.0734375
2 0.365625 0.50078125 0.0734375 0.07421875
1 0.3734375 0.72265625 0.0859375 0.0859375
1 0.3703125 0.8359375 0.09765625 0.09765625
2 0.46015625 0.44375 0.0609375 0.06171875
1 0.46171875 0.8859375 0.09765625 0.09765625
2 0.54765625 0.47578125 0.0609375 0.06171875
1 0.56171875 0.94609375 0.08515625 0.0859375
2 0.6359375 0.428125 0.06171875 0.06171875
2 0.6375 0.51484375 0.06171875 0.06171875
1 0.65546875 0.8671875 0.0859375 0.0859375
2 0.7421875 0.4953125 0.0484375 0.05
2 0.74140625 0.59921875 0.0484375 0.05
2 0.74453125 0.70859375 0.0734375 0.0734375
2 0.81640625 0.45859375 0.0609375 0.06171875
2 0.8203125 0.55625 0.0609375 0.06171875
2 0.8203125 0.64140625 0.0609375 0.06171875
2 0.8296875 0.74921875 0.06171875 0.06171875
2 0.9046875 0.51015625 0.06171875 0.06171875
2 0.9125 0.615625 0.0734375 0.0734375
2 0.9265625 0.70390625 0.0734375 0.0734375
2 0.92421875 0.81484375 0.0734375 0.0734375
2 0.92734375 0.9359375 0.0734375 0.0734375