2 0.9109375 0.72734375 0.0734375 0.07421875
1 0.15546875 0.07734375 0.11015625 0.1109375
1 0.3453125 0.07734375 0.0859375 0.0859375
1 0.534375 0.071875 0.0859375 0.0859375
1 0.72265625 0.07890625 0.09765625 0.09765625
1 0.91171875 0.08203125 0.08515625 0.0859375
2 0.15546875 0.95703125 0.0734375 0.07421875
1 0.059375 0.4546875 0.0859375 0.0859375
1 0.0640625 0.5734375 0.09765625 0.09765625
1 0.059375 0.67109375 0.09765625 0.09765625
1 0.06171875 0.7921875 0.0859375 0.0859375
1 0.06328125 0.90390625 0.08515625 0.08671875
1 0.15703125 0.84375 0.0859375 0.0859375
1 0.1546875 0.73515625 0.09765625 0.0984375
1 0.15703125 0.62578125 0.0859375 0.08671875
1 0.15234375 0.5203125 0.09765625 0.0984375
1 0.2546875 0.45625 0.11015625 0.11015625
1 0.2546875 0.56953125 0.08515625 0.0859375
1 0.253125 0.684375 0.109375 0.11015625
1 0.24921875 0.78046875 0.109375 0.11015625
1 0.24765625 0.946875 0.08515625 0.0859375
1 0.3453125 0.5140625 0.08515625 0.0859375
1 0.3421875 0.63203125 0.08515625 0.0859375
1 0.346875 0.75859375 0.08515625 0.0859375
1 0.34296875 0.85234375 0.08515625 0.08671875
1 0.43828125 0.4640625 0.09765625 0.0984375
1 0.440625 0.571875 0.0859375 0.0859375
1 0.4390625 0.6765625 0.09765625 0.0984375
1 0.4390625 0.79609375 0.08515625 0.0859375
1 0.4453125 0.9015625 0.09765625 0.0984375
1 0.528125 0.5140625 0.09765625 0.0984375
1 0.534375 0.6375 0.08515625 0.0859375
1 0.534375 0.72578125 0.08515625 0.08671875
1 0.53203125 0.83671875 0.0859375 0.0859375
1 0.5328125 0.95390625 0.0859375 0.0859375
1 0.6265625 0.5140625 0.09765625 0.0984375
1 0.63203125 0.5828125 0.09765625 0.09765625
1 0.625 0.66328125 0.09765625 0.0984375
1 0.63828125 0.79296875 0.08515625 0.0859375
1 0.64453125 0.89921875 0.0859375 0.0859375
1 0.725 0.51953125 0.08515625 0.0859375
1 0.728125 0.6375 0.0859375 0.0859375
1 0.72578125 0.71796875 0.09765625 0.0984375
1 0.7203125 0.84375 0.0859375 0.0859375
1 0.725 0.9421875 0.0859375 0.0859375
1 0.81953125 0.45 0.0859375 0.0859375
1 0.81953125 0.57421875 0.0859375 0.0859375
1 0.81640625 0.7015625 0.0859375 0.08671875
1 0.81640625 0.8046875 0.0859375 0.0859375
1 0.81875 0.915625 0.08515625 0.0859375
1 0.90703125 0.83671875 0.08515625 0.0859375
1 0.9046875 0.515625 0.09765625 0.09765625
1 0.9109375 0.6171875 0.09765625 0.09765625
1 0.91015625 0.17421875 0.09765625 0.0984375
1 0.91484375 0.2703125 0.09765625 0.09765625
1 0.9046875 0.4046875 0.0859375 0.0859375
1 0.81640625 0.34375 0.09765625 0.09765625
1 0.8234375 0.23828125 0.09765625 0.09765625
1 0.8234375 0.13203125 0.09765625 0.0984375
1 0.73203125 0.184375 0.11015625 0.1109375
1 0.72578125 0.296875 0.08515625 0.0859375
1 0.72734375 0.40234375 0.08515625 0.0859375
1 0.625 0.121875 0.09765625 0.09765625
1 0.62890625 0.234375 0.09765625 0.09765625
1 0.6328125 0.33125 0.109375 0.11015625
1 0.634375 0.41875 0.09765625 0.0984375
1 0.53125 0.40546875 0.09765625 0.0984375
1 0.53515625 0.30390625 0.09765625 0.0984375
1 0.53046875 0.18515625 0.09765625 0.0984375
1 0.44453125 0.1390625 0.11015625 0.11015625
1 0.4390625 0.24296875 0.09765625 0.0984375
1 0.44375 0.35625 0.11015625 0.11015625
1 0.34375 0.403125 0.0859375 0.0859375
1 0.34609375 0.28046875 0.08515625 0.08671875
1 0.3421875 0.19375 0.08515625 0.0859375
1 0.25078125 0.13359375 0.109375 0.11015625
1 0.2453125 0.246875 0.109375 0.11015625
1 0.25078125 0.35234375 0.0859375 0.0859375
1 0.16015625 0.19453125 0.09765625 0.0984375
1 0.1578125 0.2890625 0.0859375 0.0859375
1 0.15859375 0.409375 0.11015625 0.11015625
1 0.06171875 0.3453125 0.11015625 0.11015625
1 0.06171875 0.23515625 0.11015625 0.11015625
1 0.06328125 0.1265625 0.09765625 0.0984375