2 0.075 0.45234375 0.0734375 0.07421875
1 0.84765625 0.57890625 0.109375 0.11015625
2 0.37734375 0.9 0.0734375 0.0734375
2 0.2828125 0.8578125 0.0734375 0.07421875
3 0.93671875 0.30078125 0.0859375 0.0859375
1 0.9375 0.4140625 0.09765625 0.09765625
1 0.9328125 0.51875 0.11015625 0.11015625
1 0.93359375 0.628125 0.09765625 0.0984375
1 0.8484375 0.2375 0.11015625 0.1109375
1 0.84609375 0.35078125 0.11015625 0.1109375
1 0.8453125 0.4625 0.09765625 0.09765625
1 0.85 0.684375 0.0734375 0.0734375
1 0.7484375 0.1890625 0.11015625 0.1109375
1 0.7484375 0.29296875 0.109375 0.1109375
1 0.7453125 0.41484375 0.109375 0.11015625
1 0.746875 0.521875 0.09765625 0.0984375
1 0.75078125 0.6265625 0.09765625 0.0984375
1 0.65 0.240625 0.109375 0.11015625
1 0.65546875 0.34921875 0.09765625 0.0984375
1 0.65625 0.459375 0.09765625 0.0984375
1 0.65625 0.565625 0.09765625 0.0984375
2 0.65859375 0.678125 0.0734375 0.0734375
1 0.653125 0.1296875 0.109375 0.1109375
1 0.55625 0.18671875 0.109375 0.11015625
1 0.553125 0.290625 0.08515625 0.0859375
1 0.5578125 0.39296875 0.09765625 0.0984375
1 0.559375 0.51640625 0.09765625 0.0984375
1 0.559375 0.62578125 0.09765625 0.0984375
1 0.46015625 0.1296875 0.11015625 0.11015625
1 0.459375 0.23203125 0.11015625 0.11015625
1 0.46796875 0.34453125 0.09765625 0.0984375
1 0.46171875 0.45 0.09765625 0.0984375
1 0.4625 0.56875 0.09765625 0.0984375
2 0.4671875 0.67109375 0.0734375 0.07421875
1 0.36484375 0.18203125 0.11015625 0.11015625
1 0.3703125 0.28671875 0.109375 0.11015625
1 0.37109375 0.4 0.09765625 0.0984375
1 0.3703125 0.5140625 0.09765625 0.0984375
1 0.3703125 0.61875 0.0859375 0.0859375
1 0.26875 0.128125 0.0859375 0.08671875
1 0.2703125 0.23671875 0.109375 0.11015625
1 0.271875 0.34296875 0.09765625 0.0984375
1 0.2703125 0.45625 0.09765625 0.0984375
1 0.2765625 0.5609375 0.08515625 0.0859375
1 0.2734375 0.66796875 0.09765625 0.09765625
1 0.171875 0.17734375 0.109375 0.11015625
1 0.1765625 0.28828125 0.09765625 0.0984375
1 0.1734375 0.3953125 0.08515625 0.0859375
1 0.175 0.5046875 0.08515625 0.0859375
1 0.18125 0.61875 0.09765625 0.09765625
1 0.0765625 0.11484375 0.09765625 0.0984375
1 0.075 0.2296875 0.08515625 0.0859375
1 0.08046875 0.3453125 0.08515625 0.0859375
1 0.08125 0.55859375 0.0734375 0.07421875
2 0.07734375 0.6625 0.0609375 0.06171875
1 0.55859375 0.075 0.109375 0.11015625
1 0.36640625 0.071875 0.08515625 0.0859375
1 0.17578125 0.0671875 0.109375 0.11015625
1 0.0828125 0.846875 0.08515625 0.0859375
1 0.1765625 0.91015625 0.09765625 0.09765625
2 0.4703125 0.84921875 0.06171875 0.06171875
1 0.56875 0.89765625 0.09765625 0.0984375
2 0.66484375 0.846875 0.0609375 0.06171875
1 0.7546875 0.9015625 0.08515625 0.0859375
2 0.846875 0.8484375 0.0609375 0.06171875
1 0.93828125 0.9046875 0.0859375 0.0859375