2 0.053125 0.2515625 0.0734375 0.07421875
2 0.14140625 0.1921875 0.0734375 0.07421875
1 0.9140625 0.31875 0.109375 0.11015625
2 0.44375 0.63984375 0.0734375 0.0734375
2 0.34921875 0.59765625 0.0734375 0.07421875
1 0.9125 0.090625 0.11015625 0.1109375
1 0.9125 0.203125 0.09765625 0.09765625
1 0.91640625 0.42421875 0.0734375 0.0734375
1 0.81171875 0.1546875 0.109375 0.11015625
1 0.81328125 0.2625 0.09765625 0.0984375
1 0.8171875 0.36640625 0.09765625 0.0984375
1 0.721875 0.0890625 0.09765625 0.0984375
1 0.72265625 0.2 0.09765625 0.0984375
1 0.72265625 0.30625 0.09765625 0.0984375
2 0.725 0.41875 0.0734375 0.0734375
1 0.62421875 0.13359375 0.09765625 0.0984375
1 0.62578125 0.25625 0.09765625 0.0984375
1 0.62578125 0.365625 0.09765625 0.0984375
1 0.534375 0.084375 0.09765625 0.0984375
1 0.528125 0.18984375 0.09765625 0.0984375
1 0.5296875 0.309375 0.09765625 0.0984375
2 0.53359375 0.4109375 0.0734375 0.07421875
1 0.4375 0.13984375 0.09765625 0.0984375
1 0.43671875 0.2546875 0.09765625 0.0984375
1 0.43671875 0.359375 0.0859375 0.0859375
1 0.3375 0.08359375 0.09765625 0.0984375
1 0.33671875 0.196875 0.09765625 0.0984375
1 0.34296875 0.30078125 0.08515625 0.0859375
1 0.33984375 0.4078125 0.09765625 0.09765625
1 0.23984375 0.1359375 0.08515625 0.0859375
1 0.24140625 0.2453125 0.08515625 0.0859375
1 0.2484375 0.359375 0.09765625 0.09765625
1 0.146875 0.0859375 0.08515625 0.0859375
1 0.14765625 0.2984375 0.0734375 0.07421875
2 0.14375 0.403125 0.0609375 0.06171875
1 0.059375 0.1359375 0.0859375 0.0859375
3 0.05390625 0.3390625 0.0734375 0.07421875
1 0.05703125 0.56171875 0.08515625 0.0859375
1 0.0578125 0.64453125 0.09765625 0.09765625
1 0.0625 0.8609375 0.109375 0.11015625
1 0.14921875 0.58671875 0.08515625 0.0859375
1 0.15078125 0.69921875 0.121875 0.1234375
1 0.16328125 0.91328125 0.0859375 0.0859375
1 0.24296875 0.65 0.09765625 0.09765625
1 0.2515625 0.75703125 0.121875 0.1234375
1 0.2515625 0.86640625 0.11015625 0.1109375
1 0.3390625 0.69296875 0.109375 0.11015625
1 0.34375 0.80546875 0.109375 0.1109375
1 0.34296875 0.91796875 0.121875 0.1234375
1 0.4390625 0.75078125 0.11015625 0.11015625
1 0.4421875 0.8609375 0.121875 0.1234375
2 0.53671875 0.5890625 0.06171875 0.06171875
1 0.53515625 0.69609375 0.09765625 0.0984375
1 0.534375 0.8078125 0.09765625 0.0984375
1 0.540625 0.9015625 0.09765625 0.09765625
1 0.634375 0.63828125 0.09765625 0.0984375
1 0.62890625 0.75625 0.09765625 0.0984375
1 0.628125 0.85234375 0.121875 0.1234375
2 0.73125 0.5875 0.0609375 0.06171875
1 0.7234375 0.69375 0.09765625 0.0984375
1 0.7234375 0.803125 0.09765625 0.0984375
1 0.72578125 0.9203125 0.121875 0.1234375
1 0.82109375 0.64140625 0.08515625 0.0859375
1 0.81640625 0.74921875 0.09765625 0.0984375
1 0.81953125 0.8640625 0.121875 0.121875
2 0.91328125 0.58828125 0.0609375 0.06171875
1 0.915625 0.69765625 0.09765625 0.0984375
1 0.9109375 0.81015625 0.09765625 0.0984375
1 0.9125 0.92109375 0.09765625 0.0984375