2 0.39296875 0.171875 0.0734375 0.07421875
2 0.48125 0.1125 0.0734375 0.07421875
2 0.2046875 0.6765625 0.0734375 0.0734375
2 0.78359375 0.56015625 0.0734375 0.0734375
2 0.6890625 0.5171875 0.0734375 0.07421875
1 0.86796875 0.11015625 0.09765625 0.0984375
1 0.86875 0.22890625 0.09765625 0.0984375
2 0.8734375 0.33125 0.0734375 0.07421875
1 0.77734375 0.06015625 0.09765625 0.0984375
1 0.7765625 0.17421875 0.09765625 0.0984375
1 0.7765625 0.2796875 0.0859375 0.0859375
1 0.6765625 0.11640625 0.09765625 0.0984375
1 0.6828125 0.2203125 0.08515625 0.0859375
1 0.6796875 0.328125 0.09765625 0.09765625
1 0.5796875 0.05546875 0.08515625 0.0859375
1 0.58125 0.16484375 0.08515625 0.0859375
1 0.5875 0.2796875 0.09765625 0.09765625
1 0.4875 0.21875 0.0734375 0.07421875
2 0.48359375 0.32265625 0.0609375 0.06171875
1 0.39921875 0.05546875 0.0859375 0.0859375
1 0.20078125 0.05078125 0.08515625 0.0859375
1 0.3046875 0.09765625 0.09765625 0.09765625
3 0.39375 0.25859375 0.0734375 0.07421875
1 0.30078125 0.2125 0.09765625 0.09765625
2 0.29453125 0.30625 0.0734375 0.07421875
1 0.20625 0.1671875 0.08515625 0.0859375
2 0.20625 0.26640625 0.0734375 0.0734375
1 0.1046875 0.22890625 0.09765625 0.0984375
1 0.11015625 0.115625 0.0859375 0.0859375
2 0.10078125 0.48671875 0.0734375 0.0734375
2 0.10390625 0.6140625 0.0734375 0.0734375
2 0.11015625 0.740625 0.0734375 0.0734375
1 0.11015625 0.840625 0.109375 0.11015625
1 0.1984375 0.55625 0.121875 0.1234375
1 0.2046875 0.7875 0.08515625 0.0859375
1 0.20234375 0.89921875 0.11015625 0.11015625
1 0.30078125 0.509375 0.09765625 0.0984375
1 0.303125 0.61640625 0.121875 0.1234375
1 0.30546875 0.72890625 0.109375 0.11015625
1 0.29296875 0.8421875 0.109375 0.11015625
1 0.396875 0.48125 0.08515625 0.0859375
1 0.39765625 0.5640625 0.09765625 0.09765625
1 0.39609375 0.684375 0.121875 0.1234375
1 0.40234375 0.78046875 0.109375 0.11015625
1 0.40703125 0.896875 0.109375 0.11015625
1 0.4890625 0.50703125 0.08515625 0.0859375
1 0.490625 0.61875 0.121875 0.1234375
1 0.503125 0.8328125 0.0859375 0.0859375
1 0.5828125 0.5703125 0.09765625 0.09765625
1 0.59140625 0.6765625 0.121875 0.1234375
1 0.59140625 0.7859375 0.11015625 0.1109375
1 0.5890625 0.88828125 0.11015625 0.11015625
1 0.67890625 0.6125 0.109375 0.11015625
1 0.68359375 0.72578125 0.109375 0.1109375
1 0.6828125 0.8375 0.121875 0.1234375
1 0.77890625 0.6703125 0.11015625 0.11015625
1 0.78203125 0.78125 0.121875 0.1234375
1 0.78046875 0.89375 0.121875 0.1234375
2 0.8765625 0.509375 0.06171875 0.06171875
1 0.875 0.615625 0.09765625 0.0984375
1 0.87421875 0.728125 0.09765625 0.0984375
1 0.88125 0.82109375 0.09765625 0.09765625