2 0.175 0.32890625 0.0734375 0.0734375
2 0.83359375 0.38671875 0.0734375 0.07421875
2 0.740625 0.32578125 0.0609375 0.06171875
2 0.8421875 0.8265625 0.0734375 0.0734375
3 0.834375 0.92109375 0.0734375 0.0734375
1 0.74140625 0.8796875 0.0859375 0.0859375
3 0.93046875 0.88359375 0.0734375 0.07421875
3 0.93046875 0.7640625 0.0734375 0.0734375
1 0.93046875 0.54375 0.08515625 0.0859375
1 0.928125 0.44140625 0.0859375 0.0859375
1 0.5484375 0.4578125 0.0859375 0.0859375
1 0.365625 0.57109375 0.0859375 0.0859375
1 0.45625 0.60078125 0.0859375 0.0859375
1 0.925 0.31796875 0.09765625 0.0984375
1 0.840625 0.28515625 0.09765625 0.09765625
1 0.83515625 0.49609375 0.09765625 0.09765625
1 0.8359375 0.59921875 0.09765625 0.0984375
1 0.8421875 0.71953125 0.08515625 0.0859375
1 0.92734375 0.65234375 0.08515625 0.0859375
1 0.7484375 0.4453125 0.109375 0.1109375
1 0.74140625 0.55234375 0.11015625 0.11015625
1 0.74296875 0.659375 0.11015625 0.11015625
1 0.74375 0.7796875 0.11015625 0.11015625
1 0.653125 0.83671875 0.0859375 0.0859375
1 0.6546875 0.9265625 0.0859375 0.0859375
1 0.65859375 0.728125 0.08515625 0.0859375
1 0.6546875 0.596875 0.11015625 0.11015625
1 0.65078125 0.4953125 0.11015625 0.11015625
1 0.65546875 0.390625 0.0859375 0.0859375
1 0.6578125 0.27890625 0.09765625 0.0984375
1 0.553125 0.334375 0.09765625 0.0984375
1 0.5515625 0.575 0.11015625 0.1109375
1 0.54765625 0.6859375 0.11015625 0.11015625
1 0.55 0.79375 0.09765625 0.0984375
1 0.5546875 0.87421875 0.09765625 0.0984375
1 0.45546875 0.9484375 0.08515625 0.0859375
1 0.459375 0.840625 0.09765625 0.0984375
1 0.3609375 0.44375 0.09765625 0.09765625
1 0.3578125 0.328125 0.08515625 0.0859375
1 0.45625 0.278125 0.0859375 0.0859375
3 0.46796875 0.3796875 0.09765625 0.09765625
1 0.4609375 0.49609375 0.0859375 0.0859375
1 0.3640625 0.678125 0.08515625 0.0859375
1 0.4609375 0.746875 0.0859375 0.0859375
1 0.28125 0.63203125 0.0859375 0.0859375
1 0.27421875 0.50625 0.08515625 0.0859375
1 0.365625 0.8765625 0.09765625 0.0984375
1 0.36640625 0.7765625 0.08515625 0.0859375
1 0.284375 0.72578125 0.09765625 0.09765625
1 0.2734375 0.8296875 0.0859375 0.0859375
1 0.27734375 0.93125 0.0859375 0.0859375
1 0.0765625 0.5 0.0859375 0.0859375
1 0.17578125 0.4515625 0.09765625 0.09765625
1 0.178125 0.553125 0.08515625 0.0859375
1 0.17578125 0.65546875 0.09765625 0.09765625
1 0.175 0.7703125 0.09765625 0.0984375
1 0.175 0.8828125 0.08515625 0.0859375
1 0.07890625 0.93203125 0.09765625 0.0984375
1 0.0859375 0.8359375 0.09765625 0.09765625
1 0.08125 0.71875 0.0859375 0.0859375
1 0.08671875 0.60078125 0.08515625 0.0859375
1 0.084375 0.38359375 0.09765625 0.0984375
1 0.08671875 0.2765625 0.08515625 0.0859375
2 0.17421875 0.10234375 0.0734375 0.07421875
1 0.0765625 0.0515625 0.08515625 0.0859375
1 0.0828125 0.16484375 0.0859375 0.0859375
1 0.1734375 0.225 0.08515625 0.0859375
1 0.2765625 0.0609375 0.09765625 0.0984375
1 0.27265625 0.17265625 0.09765625 0.0984375
3 0.2703125 0.409375 0.08515625 0.0859375
1 0.3671875 0.21796875 0.09765625 0.0984375
1 0.365625 0.11328125 0.08515625 0.0859375
1 0.4640625 0.1671875 0.09765625 0.0984375
1 0.459375 0.07109375 0.09765625 0.09765625
1 0.5546875 0.0921875 0.09765625 0.0984375
1 0.553125 0.221875 0.09765625 0.0984375
1 0.65703125 0.1484375 0.08515625 0.0859375
1 0.659375 0.05546875 0.0859375 0.0859375
1 0.74453125 0.2265625 0.08515625 0.0859375
1 0.73828125 0.11328125 0.0859375 0.0859375
1 0.83984375 0.05234375 0.09765625 0.0984375
1 0.84296875 0.1890625 0.09765625 0.0984375
1 0.9328125 0.21875 0.08515625 0.0859375
1 0.9328125 0.103125 0.08515625 0.0859375
2 0.278125 0.2984375 0.0859375 0.0859375