2 0.75703125 0.46796875 0.0734375 0.0734375
2 0.846875 0.6140625 0.0734375 0.07421875
2 0.8484375 0.509375 0.0734375 0.0734375
2 0.94375 0.55234375 0.0734375 0.0734375
2 0.66328125 0.53125 0.08515625 0.0859375
2 0.759375 0.56328125 0.0734375 0.07421875
2 0.7640625 0.6796875 0.0734375 0.07421875
2 0.946875 0.65703125 0.0859375 0.0859375
2 0.85078125 0.734375 0.0734375 0.07421875
1 0.10625 0.128125 0.0734375 0.0734375
1 0.18671875 0.07890625 0.09765625 0.0984375
2 0.17734375 0.19375 0.06171875 0.06171875
1 0.2828125 0.13203125 0.09765625 0.0984375
1 0.38671875 0.08203125 0.09765625 0.09765625
1 0.4765625 0.13203125 0.09765625 0.09765625
1 0.5765625 0.07890625 0.09765625 0.09765625
1 0.56953125 0.1734375 0.08515625 0.0859375
1 0.6671875 0.128125 0.0859375 0.0859375
1 0.7609375 0.06953125 0.0859375 0.0859375
1 0.7578125 0.1765625 0.0859375 0.0859375
1 0.853125 0.11875 0.09765625 0.0984375
2 0.090625 0.3390625 0.0484375 0.0484375
1 0.0875 0.42421875 0.09765625 0.0984375
1 0.0875 0.53984375 0.121875 0.121875
1 0.09140625 0.6453125 0.121875 0.1234375
1 0.090625 0.7625 0.11015625 0.11015625
1 0.08671875 0.865625 0.121875 0.1234375
1 0.1765625 0.371875 0.0734375 0.0734375
1 0.18046875 0.48359375 0.109375 0.11015625
1 0.18125 0.59296875 0.109375 0.11015625
1 0.18125 0.7015625 0.0859375 0.0859375
1 0.18671875 0.81484375 0.11015625 0.11015625
1 0.28671875 0.4234375 0.121875 0.1234375
1 0.275 0.53203125 0.121875 0.1234375
1 0.28203125 0.653125 0.09765625 0.0984375
1 0.2828125 0.7515625 0.09765625 0.0984375
1 0.2796875 0.87109375 0.121875 0.1234375
1 0.38046875 0.36875 0.0734375 0.07421875
1 0.3859375 0.48125 0.09765625 0.09765625
1 0.3921875 0.59453125 0.121875 0.1234375
1 0.3875 0.7078125 0.09765625 0.0984375
1 0.37578125 0.81015625 0.09765625 0.0984375
1 0.48125 0.425 0.121875 0.1234375
1 0.47734375 0.5453125 0.121875 0.1234375
1 0.47890625 0.653125 0.08515625 0.0859375
1 0.4765625 0.77421875 0.09765625 0.0984375
1 0.57109375 0.37578125 0.09765625 0.09765625
1 0.575 0.4890625 0.09765625 0.09765625
1 0.575 0.59375 0.09765625 0.09765625
1 0.57734375 0.7078125 0.09765625 0.09765625
1 0.5765625 0.8140625 0.121875 0.1234375
1 0.475 0.884375 0.0734375 0.0734375
1 0.5765625 0.925 0.121875 0.1234375
2 0.66171875 0.428125 0.0734375 0.07421875
1 0.66875 0.64921875 0.0859375 0.0859375
1 0.665625 0.7625 0.09765625 0.09765625
1 0.66640625 0.8734375 0.121875 0.1234375
2 0.75625 0.3703125 0.0609375 0.06171875
1 0.7578125 0.8125 0.09765625 0.09765625
2 0.84375 0.403125 0.0609375 0.06171875
1 0.8578125 0.8734375 0.08515625 0.0859375
2 0.93203125 0.3546875 0.06171875 0.06171875
2 0.9328125 0.4421875 0.06171875 0.06171875
1 0.9515625 0.79375 0.0859375 0.0859375
1 0.95078125 0.91015625 0.08515625 0.0859375
1 0.76484375 0.928125 0.0859375 0.0859375
1 0.371875 0.92421875 0.09765625 0.0984375
1 0.175 0.9203125 0.11015625 0.11015625