2 0.28984375 0.1546875 0.0734375 0.0734375
2 0.37734375 0.22265625 0.0734375 0.07421875
2 0.48125 0.1640625 0.0734375 0.07421875
2 0.48671875 0.05 0.0734375 0.07421875
2 0.5828125 0.096875 0.0484375 0.0484375
1 0.9546875 0.090625 0.0859375 0.0859375
1 0.95625 0.3203125 0.0859375 0.0859375
1 0.86328125 0.378125 0.09765625 0.09765625
1 0.86015625 0.0515625 0.09765625 0.0984375
1 0.86015625 0.16171875 0.09765625 0.0984375
1 0.859375 0.27109375 0.09765625 0.0984375
1 0.76875 0.3296875 0.109375 0.11015625
1 0.37578125 0.115625 0.09765625 0.0984375
1 0.2875 0.2734375 0.08515625 0.0859375
1 0.47890625 0.27421875 0.08515625 0.0859375
1 0.759375 0.109375 0.0859375 0.0859375
1 0.76875 0.2125 0.09765625 0.0984375
1 0.671875 0.27890625 0.09765625 0.0984375
1 0.66875 0.38984375 0.0859375 0.0859375
1 0.571875 0.33203125 0.09765625 0.09765625
1 0.475 0.3890625 0.09765625 0.0984375
1 0.65859375 0.1546875 0.08515625 0.0859375
1 0.57734375 0.21171875 0.0859375 0.0859375
1 0.2828125 0.04765625 0.08515625 0.0859375
1 0.20234375 0.109375 0.08515625 0.0859375
1 0.19609375 0.215625 0.09765625 0.09765625
1 0.19375 0.32734375 0.09765625 0.0984375
1 0.09765625 0.38125 0.09765625 0.09765625
1 0.09375 0.26796875 0.09765625 0.0984375
1 0.8515625 0.934375 0.09765625 0.0984375
1 0.7640625 0.88046875 0.09765625 0.0984375
1 0.6625 0.82890625 0.109375 0.11015625
1 0.66328125 0.94140625 0.109375 0.1109375
1 0.559375 0.90625 0.09765625 0.09765625
1 0.478125 0.93515625 0.09765625 0.0984375
1 0.37890625 0.88125 0.109375 0.11015625
1 0.2875 0.9328125 0.109375 0.11015625
1 0.18515625 0.88203125 0.11015625 0.11015625
1 0.0953125 0.92890625 0.109375 0.11015625
1 0.953125 0.428125 0.0859375 0.0859375
1 0.953125 0.52421875 0.0859375 0.08671875
1 0.946875 0.6359375 0.09765625 0.0984375
1 0.85859375 0.49140625 0.109375 0.11015625
1 0.85625 0.596875 0.09765625 0.0984375
1 0.85859375 0.7171875 0.09765625 0.0984375
1 0.8609375 0.82890625 0.09765625 0.09765625
1 0.76640625 0.4421875 0.09765625 0.0984375
1 0.76484375 0.5578125 0.09765625 0.0984375
1 0.76640625 0.66328125 0.09765625 0.09765625
1 0.7609375 0.76640625 0.09765625 0.09765625
1 0.6671875 0.49765625 0.09765625 0.0984375
1 0.6640625 0.59375 0.109375 0.1109375
1 0.6609375 0.709375 0.109375 0.1109375
1 0.56640625 0.77109375 0.09765625 0.0984375
1 0.57890625 0.6546875 0.09765625 0.09765625
1 0.58515625 0.54609375 0.0859375 0.0859375
1 0.575 0.43359375 0.09765625 0.09765625
1 0.47265625 0.49140625 0.109375 0.1109375
1 0.47265625 0.60625 0.09765625 0.09765625
1 0.46796875 0.7078125 0.11015625 0.11015625
1 0.46796875 0.81953125 0.09765625 0.0984375
1 0.37890625 0.7703125 0.09765625 0.0984375
1 0.37734375 0.665625 0.11015625 0.11015625
1 0.378125 0.54609375 0.09765625 0.0984375
1 0.378125 0.43671875 0.11015625 0.1109375
1 0.3796875 0.3328125 0.09765625 0.09765625
1 0.2890625 0.38671875 0.09765625 0.09765625
1 0.2796875 0.478125 0.09765625 0.0984375
1 0.2828125 0.6078125 0.09765625 0.0984375
1 0.28515625 0.71328125 0.109375 0.11015625
1 0.278125 0.83046875 0.09765625 0.0984375
1 0.1890625 0.78671875 0.09765625 0.0984375
1 0.19140625 0.659375 0.109375 0.11015625
1 0.1859375 0.55234375 0.109375 0.11015625
1 0.1921875 0.43515625 0.109375 0.11015625
1 0.0984375 0.61171875 0.09765625 0.0984375
1 0.0953125 0.70859375 0.11015625 0.11015625
1 0.0921875 0.82109375 0.09765625 0.0984375