1 0.9203125 0.0734375 0.11015625 0.11015625
2 0.91640625 0.1734375 0.06171875 0.06171875
1 0.9171875 0.29453125 0.11015625 0.11015625
1 0.9171875 0.4109375 0.109375 0.11015625
2 0.821875 0.13125 0.06171875 0.06171875
1 0.8234375 0.24140625 0.109375 0.11015625
1 0.821875 0.3609375 0.109375 0.11015625
1 0.73359375 0.07265625 0.109375 0.11015625
1 0.72734375 0.1984375 0.0859375 0.0859375
1 0.72734375 0.2984375 0.109375 0.11015625
1 0.7296875 0.40703125 0.09765625 0.0984375
1 0.63203125 0.12734375 0.11015625 0.11015625
1 0.6359375 0.2375 0.11015625 0.11015625
1 0.6375 0.35 0.11015625 0.11015625
1 0.53984375 0.0671875 0.11015625 0.11015625
1 0.54140625 0.184375 0.11015625 0.11015625
1 0.5421875 0.28359375 0.109375 0.11015625
1 0.5375 0.3984375 0.109375 0.1109375
1 0.63984375 0.45703125 0.11015625 0.1109375
1 0.45 0.11953125 0.109375 0.11015625
1 0.44921875 0.23359375 0.109375 0.1109375
1 0.4453125 0.3515625 0.109375 0.1109375
1 0.346875 0.0578125 0.09765625 0.09765625
1 0.34765625 0.184375 0.09765625 0.09765625
1 0.3546875 0.2859375 0.11015625 0.1109375
1 0.346875 0.40390625 0.11015625 0.11015625
1 0.24453125 0.13125 0.08515625 0.0859375
1 0.24921875 0.2265625 0.09765625 0.09765625
1 0.2515625 0.34453125 0.08515625 0.0859375
1 0.1484375 0.071875 0.09765625 0.09765625
1 0.1453125 0.1765625 0.08515625 0.0859375
1 0.15 0.2921875 0.11015625 0.11015625
1 0.15234375 0.403125 0.109375 0.11015625
1 0.059375 0.1375 0.0859375 0.0859375
1 0.05859375 0.25078125 0.109375 0.11015625
1 0.0546875 0.35 0.09765625 0.0984375
1 0.05546875 0.45859375 0.09765625 0.0984375
1 0.15 0.51484375 0.109375 0.11015625
1 0.14921875 0.62734375 0.109375 0.11015625
1 0.15234375 0.7359375 0.109375 0.11015625
1 0.25 0.45234375 0.09765625 0.0984375
1 0.2390625 0.575 0.09765625 0.0984375
1 0.2484375 0.6921875 0.09765625 0.0984375
1 0.246875 0.78671875 0.09765625 0.0984375
1 0.34609375 0.51640625 0.11015625 0.11015625
1 0.34921875 0.61953125 0.11015625 0.11015625
1 0.35703125 0.72890625 0.08515625 0.08671875
1 0.440625 0.46328125 0.109375 0.11015625
1 0.4453125 0.56484375 0.109375 0.11015625
1 0.44609375 0.68046875 0.109375 0.11015625
1 0.44453125 0.79765625 0.11015625 0.11015625
1 0.528125 0.5078125 0.11015625 0.1109375
1 0.5390625 0.62265625 0.109375 0.11015625
1 0.53984375 0.73515625 0.109375 0.11015625
1 0.63203125 0.571875 0.11015625 0.1109375
1 0.628125 0.68203125 0.11015625 0.11015625
1 0.634375 0.78671875 0.109375 0.11015625
1 0.7328125 0.50859375 0.09765625 0.09765625
1 0.728125 0.62421875 0.11015625 0.1109375
1 0.725 0.7328125 0.11015625 0.1109375
1 0.82734375 0.46015625 0.09765625 0.0984375
1 0.828125 0.56796875 0.09765625 0.0984375
1 0.8265625 0.6796875 0.09765625 0.09765625
1 0.821875 0.7890625 0.09765625 0.09765625
1 0.9171875 0.51875 0.11015625 0.11015625
1 0.91484375 0.6296875 0.109375 0.11015625
1 0.91328125 0.73671875 0.109375 0.11015625
1 0.91484375 0.83671875 0.109375 0.1109375
1 0.8234375 0.9 0.11015625 0.1109375
1 0.7234375 0.8453125 0.11015625 0.11015625
1 0.6328125 0.903125 0.109375 0.11015625
1 0.53515625 0.8484375 0.109375 0.11015625
1 0.43828125 0.9 0.09765625 0.0984375
1 0.34765625 0.840625 0.09765625 0.0984375
1 0.2453125 0.903125 0.09765625 0.0984375
1 0.14765625 0.8453125 0.11015625 0.11015625
1 0.05859375 0.909375 0.0859375 0.0859375