2 0.80390625 0.2265625 0.0859375 0.0859375
2 0.903125 0.078125 0.0484375 0.0484375
2 0.675 0.6078125 0.0484375 0.05
2 0.8859375 0.93671875 0.0609375 0.06171875
2 0.88984375 0.85703125 0.0609375 0.06171875
2 0.88984375 0.73515625 0.0484375 0.05
1 0.803125 0.134375 0.09765625 0.0984375
1 0.696875 0.1765625 0.0859375 0.0859375
1 0.709375 0.08671875 0.0859375 0.0859375
2 0.4296875 0.13125 0.0609375 0.06171875
2 0.4265625 0.03046875 0.0484375 0.05
2 0.5 0.67109375 0.0484375 0.0484375
2 0.4984375 0.77734375 0.0484375 0.0484375
2 0.49140625 0.87421875 0.0375 0.0375
2 0.4921875 0.9625 0.0375 0.0375
2 0.58515625 0.71171875 0.0484375 0.0484375
2 0.58671875 0.82578125 0.0609375 0.06171875
2 0.57734375 0.94609375 0.0375 0.0375
2 0.6515625 0.84296875 0.06171875 0.06171875
2 0.64375 0.9421875 0.0484375 0.0484375
2 0.790625 0.778125 0.02421875 0.02421875
2 0.790625 0.884375 0.0359375 0.0375
2 0.12109375 0.7125 0.0484375 0.0484375
2 0.11875 0.80078125 0.0484375 0.0484375
2 0.1234375 0.9046875 0.0359375 0.0359375
2 0.21171875 0.9234375 0.0375 0.0375
2 0.27421875 0.88671875 0.0359375 0.0375
2 0.221875 0.81328125 0.0375 0.0375
2 0.22734375 0.69140625 0.0375 0.0375
2 0.89765625 0.3015625 0.0484375 0.0484375
2 0.9 0.41328125 0.0484375 0.0484375
2 0.7953125 0.665625 0.0375 0.0359375
2 0.8 0.5484375 0.0484375 0.0484375
2 0.8 0.44453125 0.0484375 0.0484375
2 0.80625 0.3328125 0.0484375 0.0484375
2 0.68828125 0.2984375 0.0234375 0.02421875
2 0.6828125 0.4015625 0.0484375 0.0484375
2 0.671875 0.5140625 0.0375 0.0359375
2 0.603125 0.2453125 0.0484375 0.0484375
2 0.603125 0.3609375 0.02421875 0.02421875
2 0.59609375 0.4875 0.02421875 0.02421875
2 0.58984375 0.60234375 0.0484375 0.05
2 0.51015625 0.2984375 0.0359375 0.0359375
2 0.51015625 0.428125 0.02421875 0.02421875
2 0.5046875 0.5375 0.02421875 0.02421875
2 0.43671875 0.228125 0.0375 0.0359375
2 0.4390625 0.346875 0.0484375 0.05
2 0.43359375 0.478125 0.0375 0.0375
2 0.4359375 0.58125 0.0484375 0.0484375
2 0.4328125 0.7109375 0.0359375 0.0375
2 0.34609375 0.27109375 0.0359375 0.0359375
1 0.1125 0.60078125 0.0484375 0.0484375
2 0.90546875 0.190625 0.02421875 0.02421875
2 0.23125 0.02109375 0.0375 0.0359375
2 0.13125 0.06796875 0.0359375 0.0359375
2 0.11015625 0.1921875 0.0359375 0.0375
2 0.22578125 0.14375 0.0359375 0.0359375
2 0.34453125 0.08671875 0.0484375 0.05
2 0.3453125 0.175 0.0375 0.0359375
2 0.60625 0.1390625 0.0484375 0.0484375
2 0.5140625 0.0765625 0.0484375 0.0484375
2 0.5140625 0.178125 0.0359375 0.0375
2 0.4375 0.8265625 0.0484375 0.0484375
2 0.88515625 0.66015625 0.0359375 0.0375