2 0.44296875 0.0515625 0.06171875 0.06171875
2 0.69609375 0.12109375 0.0734375 0.07421875
2 0.60625 0.05234375 0.06171875 0.06171875
2 0.4421875 0.14609375 0.06171875 0.06171875
2 0.79375 0.06640625 0.0484375 0.0484375
2 0.5140625 0.10859375 0.0734375 0.07421875
1 0.79375 0.43046875 0.121875 0.1234375
1 0.7859375 0.5359375 0.121875 0.1234375
1 0.790625 0.6609375 0.121875 0.1234375
1 0.790625 0.7703125 0.121875 0.1234375
1 0.784375 0.878125 0.121875 0.1234375
1 0.68671875 0.93671875 0.121875 0.1234375
1 0.690625 0.809375 0.121875 0.121875
1 0.69375 0.709375 0.121875 0.1234375
1 0.6984375 0.603125 0.121875 0.1234375
1 0.69296875 0.525 0.121875 0.1234375
1 0.5984375 0.428125 0.11015625 0.1109375
1 0.59921875 0.5453125 0.121875 0.1234375
1 0.61015625 0.653125 0.121875 0.121875
1 0.5984375 0.76875 0.121875 0.1234375
1 0.59453125 0.87109375 0.121875 0.1234375
1 0.5015625 0.9171875 0.0859375 0.0859375
1 0.5125 0.81875 0.08515625 0.0859375
1 0.5125 0.703125 0.0859375 0.0859375
1 0.51875 0.5828125 0.08515625 0.0859375
1 0.51796875 0.4859375 0.08515625 0.0859375
1 0.415625 0.534375 0.09765625 0.09765625
1 0.41484375 0.6546875 0.08515625 0.0859375
1 0.4140625 0.75859375 0.09765625 0.0984375
1 0.409375 0.865625 0.09765625 0.0984375
1 0.31484375 0.91875 0.121875 0.1234375
1 0.32734375 0.4796875 0.121875 0.1234375
1 0.32265625 0.59765625 0.121875 0.1234375
1 0.3234375 0.70703125 0.121875 0.1234375
1 0.32734375 0.81953125 0.121875 0.1234375
1 0.2390625 0.534375 0.121875 0.1234375
1 0.23359375 0.65625 0.121875 0.1234375
1 0.22734375 0.75703125 0.121875 0.1234375
1 0.228125 0.8671875 0.121875 0.1234375
1 0.13359375 0.909375 0.109375 0.11015625
1 0.13359375 0.8109375 0.109375 0.11015625
1 0.13828125 0.70390625 0.121875 0.1234375
1 0.1359375 0.5921875 0.09765625 0.0984375
1 0.13125 0.47265625 0.08515625 0.0859375
1 0.05390625 0.528125 0.0859375 0.0859375
1 0.04765625 0.64453125 0.08515625 0.0859375
1 0.8765625 0.39375 0.08515625 0.0859375
1 0.87734375 0.48671875 0.121875 0.121875
1 0.8734375 0.60546875 0.121875 0.1234375
1 0.8796875 0.709375 0.0859375 0.0859375
1 0.8734375 0.8265625 0.121875 0.1234375
1 0.8703125 0.93046875 0.121875 0.1234375
2 0.8 0.1453125 0.0484375 0.0484375