2 0.45625 0.38203125 0.0609375 0.06171875
2 0.5375 0.4515625 0.08515625 0.0859375
2 0.4625 0.6 0.0484375 0.0484375
2 0.5375 0.6625 0.0484375 0.0484375
2 0.4625 0.48984375 0.06171875 0.06171875
2 0.4546875 0.153125 0.0484375 0.0484375
2 0.2796875 0.1703125 0.0484375 0.0484375
2 0.1703125 0.11640625 0.0484375 0.0484375
2 0.27734375 0.284375 0.0484375 0.05
2 0.07890625 0.1578125 0.0484375 0.0484375
2 0.08515625 0.278125 0.06171875 0.06171875
2 0.16484375 0.32890625 0.0484375 0.0484375
2 0.36015625 0.45 0.06171875 0.06171875
2 0.359375 0.3375 0.0484375 0.05
2 0.63671875 0.7171875 0.0484375 0.0484375
2 0.63671875 0.83515625 0.0609375 0.06171875
2 0.6375 0.61015625 0.0484375 0.0484375
2 0.73046875 0.88515625 0.0484375 0.05
2 0.6359375 0.93046875 0.0609375 0.06171875
1 0.9125 0.11015625 0.09765625 0.09765625
1 0.55234375 0.10625 0.08515625 0.0859375
1 0.646875 0.05234375 0.09765625 0.0984375
1 0.7328125 0.10390625 0.11015625 0.11015625
1 0.9234375 0.34140625 0.09765625 0.0984375
1 0.9265625 0.221875 0.109375 0.11015625
1 0.73515625 0.2109375 0.121875 0.1234375
1 0.8375 0.2828125 0.09765625 0.0984375
1 0.8390625 0.16015625 0.121875 0.1234375
1 0.84140625 0.3859375 0.11015625 0.1109375
1 0.73515625 0.33125 0.109375 0.1109375
1 0.6453125 0.3859375 0.109375 0.1109375
1 0.64140625 0.27265625 0.109375 0.1109375
1 0.64453125 0.1578125 0.109375 0.1109375
1 0.55390625 0.2140625 0.09765625 0.09765625
1 0.5421875 0.33671875 0.09765625 0.09765625
1 0.63515625 0.47734375 0.08515625 0.0859375
1 0.7296875 0.43984375 0.11015625 0.11015625
1 0.82890625 0.5046875 0.109375 0.11015625
1 0.82890625 0.6140625 0.109375 0.11015625
1 0.83125 0.721875 0.11015625 0.11015625
1 0.8328125 0.821875 0.11015625 0.11015625
1 0.8328125 0.934375 0.11015625 0.11015625
1 0.93359375 0.88125 0.09765625 0.0984375
1 0.9296875 0.7703125 0.09765625 0.0984375
1 0.9234375 0.66171875 0.109375 0.11015625
1 0.93046875 0.54921875 0.109375 0.11015625
1 0.9171875 0.43984375 0.11015625 0.11015625
2 0.45 0.04375 0.02421875 0.02421875
2 0.44453125 0.26953125 0.0484375 0.0484375
2 0.36015625 0.2390625 0.0375 0.0375
2 0.3625 0.11328125 0.0484375 0.0484375
2 0.2765625 0.05703125 0.02421875 0.02421875
2 0.1 0.3953125 0.0484375 0.05
2 0.08046875 0.05 0.02421875 0.02421875
2 0.54765625 0.540625 0.0609375 0.06171875
2 0.54765625 0.7671875 0.0375 0.0375
2 0.16015625 0.42890625 0.0484375 0.05
2 0.165625 0.76015625 0.02421875 0.02421875
2 0.1625 0.55625 0.02421875 0.02421875
2 0.08828125 0.72734375 0.0359375 0.0375
2 0.7265625 0.7765625 0.0375 0.0375
2 0.7328125 0.553125 0.0484375 0.0484375
2 0.73359375 0.653125 0.0484375 0.0484375
2 0.084375 0.9375 0.0375 0.0375
2 0.0796875 0.83125 0.0375 0.0375