1 0.06171875 0.1828125 0.09765625 0.09765625
1 0.14921875 0.1375 0.09765625 0.09765625
1 0.1515625 0.25 0.109375 0.1109375
1 0.24453125 0.06953125 0.121875 0.1234375
1 0.240625 0.18359375 0.121875 0.1234375
1 0.3546875 0.12578125 0.121875 0.1234375
1 0.3546875 0.234375 0.121875 0.1234375
1 0.24375 0.30546875 0.09765625 0.09765625
1 0.2515625 0.4109375 0.09765625 0.09765625
1 0.240625 0.534375 0.09765625 0.09765625
1 0.24375 0.62265625 0.09765625 0.0984375
1 0.14140625 0.68984375 0.09765625 0.0984375
1 0.15546875 0.57109375 0.0859375 0.0859375
1 0.1484375 0.465625 0.0859375 0.0859375
1 0.153125 0.3546875 0.09765625 0.09765625
1 0.053125 0.30078125 0.09765625 0.09765625
1 0.0546875 0.4203125 0.09765625 0.0984375
1 0.0546875 0.5125 0.09765625 0.0984375
1 0.05546875 0.73515625 0.08515625 0.08671875
1 0.91875 0.14375 0.121875 0.1234375
1 0.4390625 0.08046875 0.11015625 0.11015625
1 0.44765625 0.18671875 0.121875 0.121875
1 0.53671875 0.12578125 0.11015625 0.11015625
1 0.62421875 0.06953125 0.121875 0.1234375
1 0.63203125 0.1953125 0.121875 0.1234375
1 0.7234375 0.1328125 0.121875 0.1234375
1 0.815625 0.0765625 0.11015625 0.1109375
1 0.82890625 0.19609375 0.11015625 0.1109375
1 0.35234375 0.340625 0.121875 0.1234375
1 0.346875 0.4546875 0.121875 0.121875
1 0.35 0.55703125 0.11015625 0.11015625
1 0.34296875 0.68828125 0.09765625 0.0984375
1 0.240625 0.7375 0.0859375 0.0859375
1 0.34140625 0.8 0.11015625 0.11015625
1 0.434375 0.73828125 0.08515625 0.0859375
1 0.4375 0.6375 0.09765625 0.0984375
1 0.4359375 0.51875 0.09765625 0.0984375
1 0.440625 0.409375 0.09765625 0.0984375
1 0.440625 0.30625 0.121875 0.1234375
1 0.53671875 0.23515625 0.096875 0.09765625
1 0.52734375 0.3453125 0.09765625 0.09765625
1 0.54609375 0.45078125 0.09765625 0.0984375
1 0.5359375 0.575 0.0859375 0.0859375
1 0.5390625 0.67421875 0.09765625 0.0984375
1 0.53515625 0.79609375 0.09765625 0.0984375
1 0.6296875 0.73515625 0.121875 0.1234375
1 0.6265625 0.63125 0.121875 0.1234375
1 0.6265625 0.51171875 0.121875 0.1234375
1 0.6234375 0.4125 0.11015625 0.1109375
1 0.628125 0.296875 0.121875 0.1234375
1 0.72578125 0.24296875 0.109375 0.11015625
1 0.73359375 0.33671875 0.121875 0.1234375
1 0.72421875 0.45703125 0.121875 0.1234375
1 0.725 0.5828125 0.121875 0.1234375
1 0.7171875 0.68671875 0.11015625 0.11015625
1 0.71796875 0.79765625 0.121875 0.1234375
1 0.82109375 0.7359375 0.109375 0.11015625
1 0.82734375 0.6265625 0.09765625 0.09765625
1 0.81796875 0.52265625 0.121875 0.1234375
1 0.81875 0.41484375 0.121875 0.1234375
1 0.8171875 0.30234375 0.09765625 0.0984375
1 0.91875 0.240625 0.11015625 0.11015625
1 0.91328125 0.35703125 0.11015625 0.11015625
1 0.9203125 0.45234375 0.11015625 0.11015625
1 0.91328125 0.57421875 0.121875 0.1234375
1 0.909375 0.6828125 0.121875 0.1234375
1 0.9078125 0.8 0.109375 0.11015625
1 0.90703125 0.89375 0.09765625 0.09765625
1 0.82109375 0.8390625 0.09765625 0.09765625
1 0.71953125 0.903125 0.11015625 0.11015625
1 0.6234375 0.84921875 0.109375 0.11015625
1 0.61875 0.946875 0.09765625 0.0984375
1 0.52421875 0.903125 0.09765625 0.0984375
1 0.43515625 0.84296875 0.08515625 0.08671875
2 0.325 0.9 0.0484375 0.05
1 0.24375 0.8578125 0.09765625 0.0984375
1 0.03828125 0.971875 0.0484375 0.0484375
1 0.05078125 0.8515625 0.0484375 0.0484375
1 0.1328125 0.8796875 0.0375 0.0375
2 0.43046875 0.965625 0.0375 0.0375
1 0.14921875 0.7984375 0.09765625 0.09765625