2 0.2640625 0.03046875 0.0484375 0.0484375
2 0.26796875 0.80625 0.06171875 0.06171875
2 0.25703125 0.69296875 0.06171875 0.06171875
2 0.0625 0.92109375 0.0609375 0.06171875
2 0.06171875 0.8234375 0.0609375 0.06171875
3 0.93359375 0.0890625 0.09765625 0.0984375
2 0.36328125 0.08515625 0.0484375 0.0484375
2 0.36328125 0.20390625 0.0609375 0.06171875
2 0.3640625 0.5359375 0.06171875 0.06171875
2 0.45703125 0.253125 0.0484375 0.05
2 0.3625 0.2984375 0.0609375 0.06171875
2 0.3640625 0.64375 0.0609375 0.06171875
2 0.353125 0.8765625 0.06171875 0.06171875
2 0.3734375 0.4171875 0.0734375 0.0734375
2 0.54765625 0.96640625 0.0609375 0.06171875
1 0.93125 0.64140625 0.11015625 0.11015625
1 0.9171875 0.73984375 0.11015625 0.11015625
1 0.91875 0.84296875 0.0734375 0.07421875
1 0.91875 0.94375 0.0859375 0.0859375
2 0.840625 0.92265625 0.0375 0.0375
2 0.4484375 0.69375 0.0609375 0.06171875
2 0.4484375 0.80234375 0.0484375 0.05
2 0.446875 0.896875 0.0484375 0.05
2 0.365625 0.76484375 0.0484375 0.05
2 0.1671875 0.7546875 0.0375 0.0375
2 0.15625 0.86015625 0.0484375 0.0484375
1 0.84375 0.6984375 0.109375 0.11015625
1 0.8328125 0.7984375 0.109375 0.1109375
1 0.75546875 0.6546875 0.121875 0.1234375
1 0.74453125 0.75390625 0.11015625 0.1109375
1 0.74296875 0.86015625 0.11015625 0.11015625
1 0.65703125 0.7 0.11015625 0.1109375
1 0.6578125 0.803125 0.11015625 0.11015625
1 0.64921875 0.915625 0.11015625 0.11015625
1 0.5578125 0.7375 0.0859375 0.0859375
1 0.5578125 0.84375 0.121875 0.1234375
1 0.5578125 0.090625 0.11015625 0.11015625
1 0.559375 0.18984375 0.11015625 0.11015625
1 0.559375 0.30234375 0.11015625 0.11015625
1 0.66015625 0.24921875 0.09765625 0.0984375
1 0.65625 0.13828125 0.09765625 0.0984375
1 0.753125 0.08671875 0.109375 0.11015625
1 0.74921875 0.190625 0.109375 0.11015625
1 0.7546875 0.30234375 0.09765625 0.0984375
1 0.83515625 0.2515625 0.11015625 0.11015625
1 0.84296875 0.14609375 0.11015625 0.11015625
1 0.93671875 0.20546875 0.11015625 0.11015625
1 0.9328125 0.32109375 0.11015625 0.11015625
1 0.92890625 0.4234375 0.11015625 0.11015625
1 0.9328125 0.534375 0.09765625 0.0984375
1 0.84296875 0.36484375 0.109375 0.11015625
1 0.8421875 0.48125 0.09765625 0.0984375
1 0.8390625 0.59140625 0.109375 0.11015625
1 0.7515625 0.43125 0.09765625 0.0984375
1 0.753125 0.521875 0.09765625 0.09765625
1 0.64921875 0.36953125 0.11015625 0.11015625
1 0.659375 0.4765625 0.09765625 0.09765625
1 0.6546875 0.5875 0.11015625 0.1109375
1 0.55390625 0.6296875 0.09765625 0.0984375
1 0.55390625 0.53984375 0.109375 0.1109375
1 0.5609375 0.4234375 0.11015625 0.1109375
2 0.27421875 0.1359375 0.0375 0.0375
2 0.453125 0.14453125 0.0375 0.0375
2 0.453125 0.37421875 0.0484375 0.05
2 0.45703125 0.4796875 0.0484375 0.0484375
2 0.4515625 0.584375 0.06171875 0.06171875
2 0.06640625 0.69609375 0.0375 0.0375