2 0.78203125 0.24609375 0.0734375 0.07421875
2 0.71171875 0.0953125 0.06171875 0.06171875
2 0.778125 0.6859375 0.06171875 0.06171875
2 0.50390625 0.628125 0.0859375 0.0859375
2 0.87578125 0.1046875 0.08515625 0.0859375
1 0.8703125 0.8484375 0.11015625 0.1109375
1 0.87109375 0.746875 0.0859375 0.0859375
1 0.87421875 0.6453125 0.0734375 0.07421875
1 0.87734375 0.528125 0.08515625 0.0859375
1 0.8765625 0.40546875 0.08515625 0.0859375
1 0.875 0.30390625 0.0859375 0.0859375
1 0.88828125 0.20390625 0.11015625 0.11015625
1 0.7859375 0.15 0.0859375 0.08671875
1 0.7875 0.35625 0.0859375 0.0859375
1 0.78203125 0.46953125 0.09765625 0.09765625
1 0.78046875 0.58203125 0.08515625 0.0859375
1 0.778125 0.80390625 0.11015625 0.11015625
1 0.68203125 0.85234375 0.11015625 0.11015625
1 0.684375 0.7390625 0.109375 0.11015625
1 0.6859375 0.6234375 0.11015625 0.11015625
1 0.6953125 0.50703125 0.09765625 0.0984375
1 0.703125 0.40859375 0.109375 0.11015625
1 0.6984375 0.3234375 0.109375 0.11015625
1 0.70390625 0.19921875 0.11015625 0.1109375
1 0.61171875 0.1515625 0.121875 0.1234375
1 0.60859375 0.26015625 0.11015625 0.11015625
1 0.6 0.35859375 0.11015625 0.11015625
1 0.596875 0.47578125 0.11015625 0.11015625
1 0.590625 0.575 0.0859375 0.0859375
1 0.6046875 0.6890625 0.109375 0.1109375
1 0.6015625 0.7828125 0.09765625 0.09765625
1 0.496875 0.83671875 0.0859375 0.08671875
1 0.49609375 0.7375 0.0859375 0.0859375
1 0.49765625 0.534375 0.11015625 0.11015625
1 0.5046875 0.40703125 0.11015625 0.1109375
1 0.51953125 0.29609375 0.09765625 0.0984375
1 0.51484375 0.19609375 0.09765625 0.09765625
1 0.40625 0.14375 0.09765625 0.0984375
1 0.40703125 0.25078125 0.0859375 0.0859375
1 0.41875 0.3484375 0.09765625 0.09765625
1 0.415625 0.46171875 0.109375 0.11015625
1 0.4109375 0.56875 0.109375 0.1109375
1 0.4078125 0.68125 0.109375 0.1109375
3 0.4109375 0.81171875 0.08515625 0.0859375
1 0.3171875 0.8390625 0.09765625 0.09765625
1 0.31171875 0.73359375 0.0859375 0.0859375
1 0.30859375 0.62421875 0.09765625 0.0984375
1 0.3125 0.5140625 0.09765625 0.09765625
1 0.31953125 0.4046875 0.109375 0.1109375
1 0.3171875 0.303125 0.09765625 0.09765625
1 0.32890625 0.20703125 0.08515625 0.0859375
1 0.3171875 0.12578125 0.08515625 0.0859375
1 0.19453125 0.1234375 0.0859375 0.0859375
1 0.1875 0.35859375 0.09765625 0.0984375
1 0.19609375 0.4703125 0.09765625 0.09765625
1 0.1921875 0.575 0.09765625 0.0984375
1 0.19375 0.66171875 0.09765625 0.0984375
1 0.190625 0.790625 0.08515625 0.0859375
1 0.10078125 0.84453125 0.0859375 0.0859375
1 0.10625 0.72421875 0.11015625 0.11015625
1 0.1046875 0.61484375 0.09765625 0.0984375
1 0.096875 0.509375 0.09765625 0.0984375
1 0.1 0.41953125 0.109375 0.11015625
1 0.1 0.28984375 0.0859375 0.0859375
1 0.10859375 0.18125 0.08515625 0.0859375
1 0.103125 0.95 0.08515625 0.0859375
2 0.30390625 0.95625 0.0484375 0.0484375
1 0.19453125 0.89609375 0.08515625 0.08671875
3 0.409375 0.89453125 0.0859375 0.0859375
3 0.49765625 0.95625 0.0734375 0.07421875
1 0.59140625 0.915625 0.08515625 0.0859375
1 0.77421875 0.9078125 0.109375 0.1109375