2 0.52421875 0.8765625 0.0609375 0.06171875
2 0.909375 0.89921875 0.0484375 0.0484375
2 0.61640625 0.8234375 0.0484375 0.0484375
2 0.81875 0.94140625 0.0484375 0.0484375
2 0.6125 0.93515625 0.0609375 0.06171875
2 0.71796875 0.88125 0.0609375 0.06171875
2 0.35 0.896875 0.0375 0.0375
2 0.0796875 0.8515625 0.0359375 0.0375
2 0.4390625 0.93203125 0.0484375 0.05
2 0.1609375 0.8265625 0.0375 0.0375
2 0.071875 0.95703125 0.0484375 0.0484375
2 0.4421875 0.83671875 0.06171875 0.06171875
2 0.2609375 0.7171875 0.0734375 0.0734375
2 0.52265625 0.78046875 0.0734375 0.07421875
2 0.340625 0.5421875 0.06171875 0.06171875
2 0.2625 0.62421875 0.0484375 0.05
2 0.35 0.446875 0.06171875 0.06171875
2 0.525 0.58515625 0.0609375 0.06171875
2 0.5265625 0.67890625 0.0484375 0.0484375
2 0.61796875 0.62109375 0.0484375 0.0484375
2 0.715625 0.66953125 0.06171875 0.06171875
2 0.61640625 0.7234375 0.06171875 0.06171875
2 0.6265625 0.51796875 0.06171875 0.06171875
2 0.8140625 0.61484375 0.0484375 0.05
2 0.91171875 0.565625 0.0734375 0.0734375
2 0.8140625 0.50078125 0.0609375 0.06171875
2 0.71484375 0.56171875 0.0609375 0.06171875
2 0.9109375 0.78203125 0.0484375 0.0484375
1 0.07578125 0.078125 0.121875 0.1234375
1 0.06953125 0.17890625 0.121875 0.1234375
1 0.07734375 0.29765625 0.121875 0.1234375
1 0.1625 0.34765625 0.121875 0.1234375
1 0.1703125 0.2359375 0.121875 0.1234375
1 0.165625 0.11796875 0.121875 0.1234375
1 0.2609375 0.19921875 0.121875 0.1234375
1 0.259375 0.29921875 0.09765625 0.0984375
1 0.271875 0.4140625 0.121875 0.1234375
1 0.06875 0.3875 0.08515625 0.08671875
1 0.6265625 0.05859375 0.08515625 0.0859375
1 0.6125 0.17109375 0.121875 0.1234375
1 0.62109375 0.29453125 0.09765625 0.0984375
1 0.721875 0.1265625 0.09765625 0.0984375
1 0.721875 0.24140625 0.109375 0.11015625
1 0.715625 0.34296875 0.11015625 0.11015625
1 0.8171875 0.06796875 0.11015625 0.11015625
1 0.81953125 0.18515625 0.121875 0.121875
1 0.8171875 0.29453125 0.09765625 0.0984375
1 0.90546875 0.1265625 0.09765625 0.0984375
1 0.90703125 0.240625 0.09765625 0.0984375
1 0.90546875 0.35078125 0.09765625 0.0984375
1 0.8125 0.4265625 0.09765625 0.0984375
1 0.72109375 0.45234375 0.08515625 0.0859375
1 0.26484375 0.5125 0.109375 0.11015625
1 0.17109375 0.4484375 0.109375 0.11015625
1 0.1703125 0.5515625 0.11015625 0.11015625
1 0.16484375 0.72578125 0.121875 0.121875
1 0.065625 0.7375 0.09765625 0.0984375
1 0.06171875 0.63515625 0.11015625 0.11015625
1 0.07109375 0.50859375 0.09765625 0.0984375
1 0.9109375 0.45546875 0.0375 0.0359375
2 0.91328125 0.675 0.0375 0.0375
2 0.62578125 0.3953125 0.0375 0.0359375
2 0.81953125 0.83359375 0.02421875 0.02421875
2 0.81953125 0.7203125 0.02421875 0.02421875
2 0.7171875 0.77265625 0.02421875 0.02421875
2 0.52421875 0.37578125 0.0359375 0.0375
2 0.5484375 0.51640625 0.02421875 0.02421875
2 0.440625 0.496875 0.0375 0.0375
2 0.44453125 0.4015625 0.0375 0.0375
2 0.4453125 0.28515625 0.0375 0.0375
2 0.340625 0.66328125 0.0359375 0.0359375
2 0.446875 0.6203125 0.0375 0.0375
1 0.44609375 0.73125 0.0484375 0.05
2 0.34453125 0.77109375 0.0359375 0.0359375
2 0.2640625 0.93671875 0.0484375 0.0484375
2 0.1546875 0.946875 0.0359375 0.0375