2 0.30546875 0.0671875 0.08515625 0.0859375
2 0.38984375 0.21796875 0.08515625 0.0859375
2 0.4734375 0.38515625 0.0734375 0.0734375
2 0.18515625 0.87421875 0.0734375 0.07421875
1 0.94375 0.24140625 0.09765625 0.0984375
1 0.9484375 0.4578125 0.09765625 0.0984375
1 0.94921875 0.54453125 0.09765625 0.0984375
1 0.946875 0.6734375 0.08515625 0.0859375
1 0.85625 0.72734375 0.0859375 0.0859375
1 0.86171875 0.60703125 0.11015625 0.11015625
1 0.86015625 0.49765625 0.09765625 0.0984375
1 0.85234375 0.3921875 0.09765625 0.0984375
1 0.85546875 0.30234375 0.109375 0.11015625
1 0.85546875 0.17265625 0.0859375 0.0859375
1 0.86484375 0.0640625 0.08515625 0.0859375
1 0.7703125 0.1203125 0.09765625 0.0984375
1 0.77421875 0.23203125 0.109375 0.11015625
1 0.76640625 0.33515625 0.09765625 0.09765625
1 0.7671875 0.44609375 0.109375 0.11015625
1 0.7625 0.5359375 0.11015625 0.11015625
1 0.7578125 0.65078125 0.09765625 0.0984375
1 0.10078125 0.0578125 0.08515625 0.0859375
1 0.10234375 0.15078125 0.121875 0.121875
1 0.0984375 0.26953125 0.121875 0.1234375
1 0.1046875 0.3734375 0.0859375 0.0859375
1 0.0984375 0.490625 0.121875 0.1234375
1 0.0953125 0.59453125 0.121875 0.1234375
1 0.09609375 0.7015625 0.121875 0.1234375
1 0.18828125 0.65703125 0.121875 0.1234375
1 0.19609375 0.76640625 0.121875 0.1234375
1 0.190625 0.534375 0.121875 0.121875
1 0.19609375 0.434375 0.121875 0.1234375
1 0.19296875 0.32109375 0.121875 0.1234375
1 0.2015625 0.209375 0.08515625 0.08671875
1 0.196875 0.0828125 0.08515625 0.0859375
1 0.303125 0.15703125 0.0859375 0.0859375
1 0.3078125 0.26953125 0.0859375 0.0859375
1 0.29609375 0.37890625 0.0859375 0.0859375
1 0.3 0.49296875 0.0859375 0.0859375
1 0.2984375 0.609375 0.08515625 0.0859375
0 0.29296875 0.7078125 0.0609375 0.06171875
1 0.2859375 0.8265625 0.09765625 0.09765625
1 0.3703125 0.74296875 0.121875 0.1234375
1 0.3765625 0.653125 0.109375 0.1109375
3 0.38359375 0.53984375 0.0859375 0.0859375
1 0.3890625 0.41796875 0.09765625 0.09765625
1 0.38515625 0.296875 0.08515625 0.0859375
1 0.39296875 0.1125 0.08515625 0.0859375
1 0.47734375 0.05625 0.08515625 0.0859375
1 0.46953125 0.1734375 0.08515625 0.08671875
1 0.47421875 0.278125 0.08515625 0.0859375
2 0.5609375 0.528125 0.0484375 0.0484375
1 0.46796875 0.49921875 0.0859375 0.0859375
1 0.47421875 0.60234375 0.121875 0.1234375
1 0.47109375 0.715625 0.121875 0.1234375
1 0.4703125 0.82265625 0.09765625 0.0984375
1 0.56171875 0.76875 0.09765625 0.0984375
1 0.5640625 0.65703125 0.121875 0.1234375
1 0.6546875 0.70859375 0.09765625 0.0984375
1 0.6609375 0.81328125 0.0859375 0.0859375
1 0.66484375 0.5765625 0.09765625 0.0984375
1 0.66484375 0.475 0.09765625 0.0984375
1 0.66015625 0.371875 0.09765625 0.0984375
1 0.675 0.27109375 0.09765625 0.0984375
1 0.67890625 0.1515625 0.09765625 0.09765625
1 0.6734375 0.0609375 0.08515625 0.0859375
1 0.58046875 0.1203125 0.121875 0.1234375
1 0.5796875 0.2234375 0.09765625 0.0984375
1 0.7640625 0.76953125 0.09765625 0.09765625
1 0.85859375 0.8328125 0.08515625 0.0859375
1 0.278125 0.9390625 0.09765625 0.09765625
1 0.371875 0.87578125 0.121875 0.1234375
1 0.46953125 0.94375 0.09765625 0.09765625
1 0.5609375 0.88203125 0.09765625 0.0984375
1 0.65 0.934375 0.09765625 0.09765625
1 0.75859375 0.89765625 0.09765625 0.0984375
1 0.8546875 0.9296875 0.09765625 0.09765625
1 0.95078125 0.77890625 0.08515625 0.08671875
1 0.94375 0.88125 0.0734375 0.0734375
1 0.565625 0.425 0.08515625 0.0859375