2 0.2796875 0.640625 0.0484375 0.0484375
2 0.27421875 0.7453125 0.06171875 0.06171875
2 0.27890625 0.54375 0.06171875 0.06171875
2 0.27734375 0.43046875 0.0609375 0.06171875
2 0.2765625 0.86015625 0.06171875 0.06171875
2 0.27421875 0.96015625 0.0609375 0.06171875
2 0.9484375 0.71953125 0.0609375 0.06171875
2 0.9546875 0.93671875 0.0484375 0.0484375
2 0.9546875 0.8265625 0.06171875 0.06171875
2 0.946875 0.490625 0.0484375 0.0484375
2 0.771875 0.50703125 0.0484375 0.0484375
2 0.6625 0.453125 0.0484375 0.0484375
2 0.36875 0.3765625 0.0484375 0.0484375
2 0.3578125 0.70078125 0.04765625 0.05
2 0.76953125 0.621875 0.0484375 0.05
2 0.4578125 0.75390625 0.0734375 0.07421875
2 0.57109375 0.4953125 0.0484375 0.0484375
2 0.57734375 0.61484375 0.06171875 0.06171875
2 0.65703125 0.665625 0.0484375 0.0484375
2 0.365625 0.4890625 0.0609375 0.06171875
2 0.85234375 0.78671875 0.06171875 0.06171875
2 0.4625 0.6421875 0.0609375 0.06171875
2 0.3546875 0.92890625 0.0734375 0.0734375
2 0.8515625 0.67421875 0.0484375 0.05
2 0.465625 0.55390625 0.06171875 0.0609375
2 0.4703125 0.43515625 0.0609375 0.06171875
2 0.19375 0.58515625 0.06171875 0.06171875
2 0.10234375 0.45 0.0375 0.0375
2 0.1921875 0.4859375 0.0484375 0.05
2 0.18984375 0.7125 0.06171875 0.06171875
2 0.18671875 0.8046875 0.0484375 0.0484375
2 0.19453125 0.38984375 0.06171875 0.06171875
2 0.27578125 0.334375 0.0734375 0.07421875
2 0.09296875 0.09609375 0.06171875 0.06171875
2 0.278125 0.1390625 0.0609375 0.06171875
2 0.2796875 0.2328125 0.0484375 0.0484375
2 0.9421875 0.278125 0.0484375 0.05
2 0.37109375 0.175 0.0484375 0.0484375
2 0.46796875 0.2234375 0.06171875 0.06171875
2 0.771875 0.06328125 0.0609375 0.06171875
2 0.36953125 0.2765625 0.06171875 0.06171875
2 0.3796875 0.071875 0.06171875 0.06171875
2 0.5671875 0.16875 0.0484375 0.05
2 0.76953125 0.290625 0.0484375 0.05
2 0.66484375 0.11953125 0.0734375 0.0734375
2 0.85234375 0.228125 0.06171875 0.06171875
2 0.5671875 0.05390625 0.0609375 0.06171875
2 0.46796875 0.115625 0.0609375 0.06171875
2 0.6640625 0.3359375 0.0484375 0.0484375
2 0.9421875 0.153125 0.0484375 0.0484375
2 0.94140625 0.05625 0.0484375 0.0484375
2 0.86015625 0.11640625 0.0484375 0.05
2 0.7796875 0.15703125 0.02421875 0.02421875
2 0.665625 0.228125 0.0375 0.0375
2 0.85546875 0.3390625 0.0484375 0.0484375
2 0.9421875 0.38046875 0.02421875 0.02421875
2 0.93671875 0.60625 0.0484375 0.0484375
2 0.85234375 0.5765625 0.0375 0.0375
2 0.8546875 0.45 0.0484375 0.0484375
2 0.76875 0.39375 0.02421875 0.02421875
2 0.5921875 0.73203125 0.0484375 0.05
2 0.57265625 0.3875 0.02421875 0.02421875
2 0.57265625 0.27421875 0.02421875 0.02421875
2 0.4703125 0.3265625 0.02421875 0.02421875
1 0.36171875 0.60546875 0.0359375 0.0375
1 0.3578125 0.8078125 0.08515625 0.0859375
2 0.65234375 0.76640625 0.0484375 0.05
2 0.6546875 0.89296875 0.02421875 0.02421875
2 0.46015625 0.84140625 0.02421875 0.02421875
2 0.3015625 0.06953125 0.02421875 0.02421875
2 0.19375 0.05078125 0.0375 0.0375
2 0.09296875 0.2171875 0.0359375 0.0359375
2 0.2 0.1734375 0.0375 0.0375
1 0.19921875 0.284375 0.0484375 0.05
2 0.096875 0.325 0.0359375 0.0359375
2 0.0953125 0.5484375 0.0375 0.0375
2 0.09375 0.66484375 0.0375 0.0375
2 0.0953125 0.76953125 0.0375 0.0375
2 0.0921875 0.8671875 0.0375 0.0375