1 0.24296875 0.06953125 0.11015625 0.11015625
1 0.3359375 0.11875 0.09765625 0.0984375
1 0.4265625 0.06953125 0.109375 0.11015625
1 0.6203125 0.06875 0.11015625 0.1109375
1 0.5171875 0.121875 0.11015625 0.1109375
1 0.71484375 0.12109375 0.09765625 0.09765625
1 0.80546875 0.0671875 0.109375 0.11015625
1 0.9046875 0.1203125 0.11015625 0.11015625
1 0.909375 0.24296875 0.109375 0.11015625
1 0.90546875 0.3421875 0.109375 0.11015625
1 0.9078125 0.440625 0.09765625 0.0984375
1 0.90234375 0.56328125 0.109375 0.11015625
1 0.80625 0.175 0.109375 0.11015625
1 0.8046875 0.2828125 0.109375 0.11015625
1 0.80625 0.396875 0.09765625 0.0984375
1 0.803125 0.5015625 0.11015625 0.1109375
1 0.8171875 0.61328125 0.09765625 0.09765625
1 0.71015625 0.23359375 0.11015625 0.11015625
1 0.71484375 0.34375 0.09765625 0.09765625
1 0.709375 0.45 0.09765625 0.09765625
1 0.71015625 0.56640625 0.09765625 0.09765625
1 0.621875 0.1765625 0.09765625 0.0984375
1 0.62578125 0.2875 0.09765625 0.09765625
1 0.6265625 0.39453125 0.09765625 0.09765625
1 0.61875 0.62421875 0.109375 0.11015625
1 0.61640625 0.50703125 0.109375 0.11015625
1 0.51640625 0.22734375 0.109375 0.1109375
1 0.51171875 0.3375 0.109375 0.1109375
1 0.51640625 0.446875 0.109375 0.11015625
1 0.51484375 0.571875 0.121875 0.1234375
1 0.428125 0.16796875 0.109375 0.1109375
1 0.42109375 0.28359375 0.109375 0.11015625
1 0.4234375 0.384375 0.11015625 0.11015625
1 0.415625 0.49453125 0.11015625 0.11015625
1 0.425 0.57734375 0.0734375 0.0734375
1 0.32890625 0.22734375 0.09765625 0.0984375
1 0.3328125 0.33125 0.09765625 0.0984375
1 0.33125 0.44609375 0.09765625 0.0984375
1 0.3265625 0.5578125 0.11015625 0.11015625
1 0.2390625 0.1703125 0.09765625 0.0984375
1 0.2328125 0.27578125 0.11015625 0.11015625
1 0.228125 0.39375 0.109375 0.11015625
1 0.23515625 0.509375 0.109375 0.11015625
1 0.14453125 0.11484375 0.09765625 0.0984375
1 0.14375 0.225 0.109375 0.11015625
1 0.14453125 0.3328125 0.109375 0.11015625
1 0.1421875 0.44609375 0.109375 0.11015625
3 0.053125 0.16328125 0.09765625 0.0984375
1 0.1375 0.55625 0.11015625 0.11015625
1 0.23828125 0.61953125 0.109375 0.11015625
1 0.80546875 0.73125 0.09765625 0.0984375
1 0.7078125 0.67265625 0.09765625 0.0984375
1 0.7140625 0.7796875 0.09765625 0.0984375
1 0.80703125 0.840625 0.11015625 0.11015625
1 0.8921875 0.7859375 0.109375 0.11015625
1 0.61796875 0.8484375 0.09765625 0.09765625
1 0.61328125 0.73125 0.109375 0.11015625
1 0.51640625 0.675 0.109375 0.1109375
1 0.51875 0.7828125 0.11015625 0.1109375
1 0.425 0.70703125 0.11015625 0.1109375
1 0.42265625 0.83828125 0.11015625 0.11015625
1 0.5125 0.89375 0.11015625 0.1109375
1 0.23046875 0.73359375 0.109375 0.11015625
1 0.32421875 0.79375 0.109375 0.11015625
1 0.3328125 0.66328125 0.109375 0.1109375
1 0.328125 0.89296875 0.109375 0.11015625
1 0.23984375 0.84296875 0.11015625 0.11015625
1 0.13515625 0.88828125 0.11015625 0.11015625
1 0.13671875 0.7765625 0.09765625 0.0984375
1 0.14140625 0.66875 0.11015625 0.11015625
1 0.88984375 0.89921875 0.11015625 0.11015625
1 0.703125 0.89921875 0.09765625 0.0984375
1 0.23125 0.94140625 0.11015625 0.1109375
1 0.9046875 0.675 0.109375 0.11015625