2 0.2328125 0.696875 0.0609375 0.06171875
2 0.340625 0.6140625 0.0609375 0.06171875
2 0.05546875 0.61796875 0.0484375 0.0484375
2 0.4171875 0.665625 0.06171875 0.06171875
2 0.06328125 0.709375 0.0484375 0.0484375
2 0.5296875 0.6421875 0.06171875 0.06171875
2 0.14453125 0.67265625 0.0484375 0.0484375
2 0.621875 0.634375 0.0484375 0.0484375
2 0.2421875 0.5140625 0.0609375 0.06171875
2 0.14921875 0.11875 0.06171875 0.06171875
2 0.146875 0.46328125 0.06171875 0.06171875
2 0.15078125 0.5609375 0.06171875 0.06171875
2 0.24375 0.05625 0.06171875 0.06171875
2 0.43359375 0.46953125 0.0484375 0.0484375
2 0.353125 0.49375 0.0484375 0.0484375
2 0.24375 0.1546875 0.0484375 0.05
2 0.24296875 0.25546875 0.0484375 0.05
2 0.53828125 0.46484375 0.0484375 0.0484375
2 0.4390625 0.33671875 0.0484375 0.0484375
2 0.534375 0.54765625 0.0484375 0.0484375
2 0.61796875 0.546875 0.0484375 0.0484375
2 0.13828125 0.88046875 0.06171875 0.06171875
2 0.528125 0.73671875 0.06171875 0.06171875
2 0.05625 0.8796875 0.0609375 0.0609375
2 0.34296875 0.82578125 0.0609375 0.06171875
2 0.06171875 0.8 0.0609375 0.06171875
2 0.23203125 0.78046875 0.06171875 0.06171875
2 0.2296875 0.88515625 0.06171875 0.06171875
2 0.33984375 0.73203125 0.0609375 0.06171875
2 0.14765625 0.7875 0.06171875 0.06171875
2 0.3390625 0.9015625 0.06171875 0.06171875
2 0.4265625 0.76875 0.0609375 0.06171875
2 0.43125 0.86484375 0.0609375 0.06171875
2 0.6125 0.83046875 0.06171875 0.06171875
2 0.6125 0.728125 0.0609375 0.06171875
2 0.52890625 0.815625 0.06171875 0.06171875
2 0.53515625 0.89296875 0.0484375 0.05
2 0.61875 0.91328125 0.0484375 0.05
2 0.68828125 0.8796875 0.0484375 0.0484375
2 0.6984375 0.77734375 0.0484375 0.0484375
2 0.9359375 0.6546875 0.0484375 0.0484375
1 0.06328125 0.43984375 0.06171875 0.06171875
1 0.0640625 0.5265625 0.0609375 0.06171875
2 0.53984375 0.36796875 0.0375 0.0375
2 0.43046875 0.57109375 0.0484375 0.0484375
2 0.35625 0.37890625 0.0375 0.0375
1 0.23828125 0.61171875 0.0609375 0.06171875
2 0.7328125 0.07734375 0.0484375 0.0484375
2 0.72578125 0.1734375 0.0375 0.0375
2 0.7265625 0.2625 0.0375 0.0375
2 0.82109375 0.12578125 0.0609375 0.06171875
2 0.81171875 0.24609375 0.0375 0.0375
2 0.8859375 0.14296875 0.06171875 0.06171875
2 0.878125 0.2421875 0.0484375 0.0484375
2 0.353125 0.10078125 0.0484375 0.0484375
2 0.3578125 0.2046875 0.0359375 0.0359375
2 0.3515625 0.28671875 0.0484375 0.05
2 0.44609375 0.2234375 0.0375 0.0375
2 0.50859375 0.18671875 0.0359375 0.0375
2 0.45625 0.11328125 0.0375 0.0375
2 0.0609375 0.11015625 0.0484375 0.05
2 0.15078125 0.22578125 0.0359375 0.0375
2 0.0578125 0.21953125 0.0375 0.0375
2 0.671875 0.12578125 0.0484375 0.0484375