2 0.678125 0.728125 0.0484375 0.0484375
2 0.67265625 0.83359375 0.06171875 0.06171875
2 0.67734375 0.63125 0.06171875 0.06171875
2 0.67578125 0.51796875 0.0609375 0.06171875
2 0.675 0.94765625 0.06171875 0.06171875
2 0.7671875 0.46484375 0.0484375 0.0484375
2 0.75625 0.78828125 0.04765625 0.05
2 0.85625 0.8421875 0.0734375 0.07421875
2 0.96953125 0.5828125 0.0484375 0.0484375
2 0.7640625 0.5765625 0.0609375 0.06171875
2 0.8609375 0.7296875 0.0609375 0.06171875
2 0.8640625 0.64140625 0.06171875 0.0609375
2 0.86875 0.52265625 0.0609375 0.06171875
2 0.13203125 0.503125 0.0484375 0.0484375
2 0.03359375 0.5921875 0.06171875 0.06171875
2 0.22578125 0.8265625 0.0609375 0.06171875
2 0.13359375 0.95234375 0.0484375 0.05
2 0.3171875 0.925 0.0609375 0.06171875
2 0.5921875 0.6734375 0.06171875 0.06171875
2 0.50078125 0.53828125 0.0375 0.0375
2 0.23125 0.49296875 0.0359375 0.0375
2 0.0359375 0.82265625 0.06171875 0.06171875
2 0.590625 0.5734375 0.0484375 0.05
2 0.3125 0.46796875 0.0375 0.0375
2 0.2234375 0.5984375 0.0484375 0.0484375
2 0.13203125 0.8375 0.0484375 0.05
2 0.58828125 0.8 0.06171875 0.06171875
2 0.58515625 0.8921875 0.0484375 0.0484375
2 0.59296875 0.478125 0.06171875 0.06171875
2 0.4125 0.35859375 0.0734375 0.0734375
2 0.67421875 0.421875 0.0734375 0.07421875
2 0.49140625 0.184375 0.06171875 0.06171875
2 0.4140625 0.26640625 0.0484375 0.05
2 0.5015625 0.08828125 0.06171875 0.06171875
2 0.6765625 0.22734375 0.0609375 0.06171875
2 0.678125 0.3203125 0.0484375 0.0484375
2 0.76953125 0.2625 0.0484375 0.0484375
2 0.86640625 0.3109375 0.06171875 0.06171875
2 0.76796875 0.36484375 0.06171875 0.06171875
2 0.778125 0.159375 0.06171875 0.06171875
2 0.965625 0.25625 0.0484375 0.05
2 0.965625 0.1421875 0.0609375 0.06171875
2 0.86640625 0.20390625 0.0609375 0.06171875
1 0.87265625 0.09375 0.08515625 0.0859375
1 0.415625 0.15390625 0.109375 0.11015625
1 0.321875 0.090625 0.109375 0.11015625
1 0.321875 0.19296875 0.11015625 0.11015625
1 0.315625 0.36796875 0.121875 0.121875
1 0.2171875 0.3796875 0.09765625 0.0984375
1 0.21328125 0.2765625 0.11015625 0.11015625
1 0.22265625 0.15 0.09765625 0.0984375
1 0.12421875 0.14921875 0.09765625 0.0984375
1 0.12421875 0.2890625 0.121875 0.1234375
1 0.12421875 0.4234375 0.109375 0.11015625
2 0.77734375 0.03671875 0.0375 0.0359375
2 0.97109375 0.475 0.02421875 0.02421875
2 0.97109375 0.36171875 0.02421875 0.02421875
2 0.86875 0.41484375 0.02421875 0.02421875
1 0.76015625 0.69375 0.0359375 0.0375
1 0.75625 0.8953125 0.08515625 0.0859375
2 0.85859375 0.92890625 0.02421875 0.02421875
2 0.7 0.1578125 0.02421875 0.02421875
2 0.5921875 0.1390625 0.0375 0.0375
2 0.5953125 0.04296875 0.0375 0.0375
2 0.49140625 0.30546875 0.0359375 0.0359375
2 0.5984375 0.26171875 0.0375 0.0375
1 0.59765625 0.37265625 0.0484375 0.05
2 0.4953125 0.4125 0.0359375 0.0359375
2 0.49375 0.63671875 0.0375 0.0375
2 0.4921875 0.753125 0.0375 0.0375
2 0.49375 0.8578125 0.0375 0.0375
2 0.490625 0.9546875 0.0375 0.0375
2 0.41484375 0.578125 0.0484375 0.0484375
2 0.30625 0.5890625 0.0359375 0.0375
2 0.31796875 0.71484375 0.0359375 0.0375
2 0.3171875 0.79765625 0.0484375 0.0484375
2 0.4109375 0.690625 0.0609375 0.06171875
2 0.22265625 0.7078125 0.0375 0.0375
2 0.125 0.75859375 0.0484375 0.0484375
2 0.128125 0.6546875 0.0375 0.0375
2 0.03515625 0.4984375 0.0484375 0.0484375
2 0.03046875 0.70546875 0.0484375 0.05
2 0.03125 0.92421875 0.0484375 0.05
2 0.225 0.92421875 0.0484375 0.05