2 0.1359375 0.20625 0.06171875 0.06171875
2 0.228125 0.19921875 0.0484375 0.0484375
2 0.03984375 0.034375 0.0484375 0.0484375
2 0.14453125 0.0296875 0.0484375 0.0484375
2 0.140625 0.1125 0.0484375 0.0484375
2 0.225 0.1109375 0.0484375 0.0484375
2 0.134375 0.3015625 0.06171875 0.06171875
2 0.1234375 0.6984375 0.0734375 0.07421875
2 0.115625 0.9078125 0.0734375 0.0734375
2 0.0328125 0.64296875 0.06171875 0.06171875
2 0.03828125 0.73671875 0.0609375 0.06171875
2 0.0328125 0.33359375 0.0609375 0.06171875
2 0.03828125 0.42890625 0.0609375 0.06171875
2 0.21953125 0.3953125 0.06171875 0.06171875
2 0.21875 0.2921875 0.0609375 0.06171875
2 0.13515625 0.38046875 0.06171875 0.06171875
2 0.14140625 0.4578125 0.0484375 0.05
2 0.22578125 0.478125 0.0484375 0.05
2 0.2125 0.875 0.0734375 0.07421875
2 0.92265625 0.2234375 0.0484375 0.05
2 0.9265625 0.1265625 0.0484375 0.05
2 0.82734375 0.06484375 0.0484375 0.05
2 0.83359375 0.16328125 0.06171875 0.06171875
2 0.7234375 0.05 0.0484375 0.05
2 0.734375 0.13125 0.0484375 0.05
2 0.734375 0.22734375 0.0484375 0.05
2 0.628125 0.265625 0.0484375 0.0484375
2 0.83203125 0.26484375 0.0484375 0.05
2 0.2953125 0.44453125 0.0484375 0.0484375
2 0.3046875 0.3421875 0.0484375 0.0484375
2 0.3109375 0.9390625 0.0609375 0.06171875
2 0.50546875 0.94375 0.08515625 0.0859375
2 0.21875 0.64765625 0.0484375 0.0484375
2 0.21484375 0.7515625 0.0484375 0.0484375
1 0.1234375 0.79296875 0.0734375 0.07421875
1 0.8984375 0.9421875 0.0859375 0.0859375
1 0.8109375 0.88515625 0.09765625 0.0984375
1 0.70234375 0.903125 0.0859375 0.0859375
2 0.9265625 0.03828125 0.0359375 0.0375
2 0.7359375 0.325 0.0484375 0.0484375
2 0.63125 0.1640625 0.0484375 0.0484375
2 0.5421875 0.21875 0.0484375 0.0484375
2 0.0375 0.1359375 0.0484375 0.0484375
2 0.9359375 0.32734375 0.02421875 0.02421875