2 0.66796875 0.8140625 0.0609375 0.06171875
2 0.74921875 0.8828125 0.08515625 0.0859375
2 0.67421875 0.92109375 0.06171875 0.06171875
2 0.6671875 0.58515625 0.0484375 0.0484375
2 0.49140625 0.6015625 0.0484375 0.0484375
2 0.38203125 0.54765625 0.0484375 0.0484375
2 0.0890625 0.471875 0.0484375 0.0484375
2 0.07734375 0.7953125 0.04765625 0.05
2 0.4890625 0.71640625 0.0484375 0.05
2 0.17734375 0.8484375 0.0734375 0.07421875
2 0.290625 0.58984375 0.0484375 0.0484375
2 0.29765625 0.709375 0.06171875 0.06171875
2 0.3765625 0.7609375 0.0484375 0.0484375
2 0.08515625 0.58359375 0.0609375 0.06171875
2 0.571875 0.88125 0.06171875 0.06171875
2 0.1828125 0.73671875 0.0609375 0.06171875
2 0.57109375 0.76875 0.0484375 0.05
2 0.18515625 0.6484375 0.06171875 0.0609375
2 0.190625 0.5296875 0.0609375 0.06171875
2 0.6625 0.37265625 0.0484375 0.05
2 0.090625 0.26953125 0.0484375 0.0484375
2 0.18828125 0.31796875 0.06171875 0.06171875
2 0.49140625 0.1578125 0.0609375 0.06171875
2 0.0890625 0.371875 0.06171875 0.06171875
2 0.09921875 0.16640625 0.06171875 0.06171875
2 0.2875 0.26328125 0.0484375 0.05
2 0.4890625 0.38515625 0.0484375 0.05
2 0.384375 0.2140625 0.0734375 0.0734375
2 0.571875 0.32265625 0.06171875 0.06171875
2 0.2875 0.14921875 0.0609375 0.06171875
2 0.1875 0.21015625 0.0609375 0.06171875
2 0.578125 0.1046875 0.0484375 0.0484375
2 0.38359375 0.43046875 0.0484375 0.0484375
1 0.86171875 0.25078125 0.121875 0.1234375
1 0.75859375 0.315625 0.109375 0.11015625
1 0.85234375 0.35859375 0.09765625 0.0984375
1 0.94921875 0.30859375 0.09765625 0.09765625
1 0.7671875 0.41953125 0.109375 0.11015625
1 0.7640625 0.53828125 0.08515625 0.0859375
1 0.85859375 0.48359375 0.09765625 0.0984375
2 0.6625 0.2484375 0.0484375 0.0484375
1 0.28515625 0.075 0.09765625 0.0984375
1 0.19375 0.10078125 0.08515625 0.0859375
1 0.8578125 0.8171875 0.109375 0.1109375
1 0.853125 0.70390625 0.109375 0.1109375
1 0.85625 0.58984375 0.109375 0.1109375
1 0.765625 0.6453125 0.09765625 0.09765625
1 0.75390625 0.76875 0.09765625 0.09765625
1 0.846875 0.909375 0.08515625 0.0859375
1 0.9421875 0.871875 0.11015625 0.11015625
2 0.66484375 0.04296875 0.0484375 0.0484375
2 0.6609375 0.1515625 0.0484375 0.0484375
2 0.5796875 0.21171875 0.0484375 0.05
2 0.49921875 0.2515625 0.02421875 0.02421875
2 0.48515625 0.0578125 0.0484375 0.0484375
1 0.38359375 0.10390625 0.0375 0.0359375
2 0.3859375 0.3234375 0.0375 0.0375
2 0.575 0.43359375 0.0484375 0.0484375
2 0.0984375 0.04375 0.0375 0.0359375
2 0.66171875 0.475 0.02421875 0.02421875
2 0.65625 0.7015625 0.0484375 0.0484375
2 0.571875 0.67109375 0.0375 0.0375
2 0.57421875 0.5453125 0.0484375 0.0484375
2 0.4890625 0.4890625 0.02421875 0.02421875
2 0.31171875 0.8265625 0.0484375 0.05
2 0.2921875 0.48203125 0.02421875 0.02421875
2 0.2921875 0.36875 0.02421875 0.02421875
2 0.18984375 0.42109375 0.02421875 0.02421875
1 0.08125 0.7 0.0359375 0.0375
1 0.07734375 0.90234375 0.08515625 0.0859375
2 0.371875 0.8609375 0.0484375 0.05
2 0.18046875 0.9359375 0.02421875 0.02421875
2 0.02109375 0.16484375 0.02421875 0.02421875