2 0.571875 0.15859375 0.06171875 0.06171875
2 0.4734375 0.0921875 0.06171875 0.06171875
2 0.825 0.228125 0.0734375 0.07421875
2 0.73515625 0.159375 0.06171875 0.06171875
2 0.578125 0.0625 0.0609375 0.0609375
2 0.57109375 0.253125 0.06171875 0.06171875
2 0.92265625 0.1734375 0.0484375 0.0484375
2 0.928125 0.065625 0.0484375 0.05
2 0.64296875 0.215625 0.0734375 0.07421875
2 0.7328125 0.046875 0.0484375 0.0484375
2 0.64375 0.08984375 0.0609375 0.0609375
2 0.83125 0.11953125 0.0609375 0.06171875
1 0.92265625 0.53828125 0.121875 0.1234375
1 0.91484375 0.64375 0.121875 0.1234375
1 0.91953125 0.76875 0.121875 0.1234375
1 0.91953125 0.878125 0.121875 0.1234375
1 0.81953125 0.91640625 0.121875 0.121875
1 0.82265625 0.81640625 0.121875 0.1234375
1 0.82734375 0.7109375 0.121875 0.1234375
1 0.821875 0.6328125 0.121875 0.1234375
1 0.72734375 0.53515625 0.11015625 0.1109375
1 0.728125 0.65234375 0.121875 0.1234375
1 0.7390625 0.76015625 0.121875 0.121875
1 0.72734375 0.87578125 0.121875 0.1234375
1 0.64140625 0.92578125 0.08515625 0.0859375
1 0.64140625 0.8109375 0.0859375 0.0859375
1 0.64765625 0.690625 0.08515625 0.0859375
1 0.646875 0.59375 0.08515625 0.0859375
1 0.5453125 0.64140625 0.09765625 0.09765625
1 0.54375 0.76171875 0.08515625 0.0859375
1 0.54296875 0.865625 0.09765625 0.0984375
1 0.45625 0.58671875 0.121875 0.1234375
1 0.4515625 0.7046875 0.121875 0.1234375
1 0.45234375 0.8140625 0.121875 0.1234375
1 0.45625 0.9265625 0.121875 0.1234375
1 0.36796875 0.64140625 0.121875 0.1234375
1 0.3625 0.7640625 0.121875 0.1234375
1 0.35625 0.8640625 0.121875 0.1234375
1 0.2625 0.91875 0.109375 0.11015625
1 0.2671875 0.81171875 0.121875 0.1234375
1 0.26484375 0.7 0.09765625 0.0984375
1 0.26015625 0.5796875 0.08515625 0.0859375
1 0.1828125 0.6359375 0.0859375 0.0859375
1 0.1765625 0.7515625 0.08515625 0.0859375
1 0.16796875 0.8578125 0.09765625 0.09765625
1 0.078125 0.6890625 0.0859375 0.0859375
1 0.075 0.8 0.0859375 0.0859375
1 0.0671875 0.9203125 0.0859375 0.0859375
2 0.92890625 0.253125 0.0484375 0.0484375
2 0.39765625 0.03828125 0.0609375 0.06171875
2 0.20859375 0.04140625 0.02421875 0.02421875
2 0.115625 0.075 0.02421875 0.02421875