2 0.34296875 0.04921875 0.0609375 0.06171875
2 0.1625 0.0453125 0.0734375 0.07421875
2 0.23828125 0.096875 0.0484375 0.0484375
2 0.065625 0.09453125 0.0734375 0.0734375
2 0.525 0.28125 0.0734375 0.07421875
2 0.05546875 0.59296875 0.08515625 0.0859375
2 0.23671875 0.3109375 0.06171875 0.06171875
2 0.33671875 0.25625 0.0484375 0.0484375
2 0.13984375 0.74296875 0.08515625 0.0859375
2 0.06796875 0.20390625 0.06171875 0.06171875
2 0.2359375 0.20859375 0.06171875 0.06171875
2 0.434375 0.2234375 0.0484375 0.0484375
2 0.2234375 0.9109375 0.0734375 0.0734375
2 0.63359375 0.10703125 0.06171875 0.06171875
2 0.828125 0.09453125 0.0609375 0.06171875
2 0.6265625 0.33359375 0.06171875 0.06171875
2 0.80703125 0.27109375 0.0734375 0.0734375
2 0.828125 0.16484375 0.0484375 0.05
2 0.9296875 0.16171875 0.0609375 0.06171875
2 0.9203125 0.253125 0.0734375 0.0734375
1 0.9125 0.55234375 0.09765625 0.0984375
1 0.91328125 0.659375 0.0859375 0.0859375
1 0.925 0.75703125 0.09765625 0.09765625
1 0.921875 0.86953125 0.109375 0.11015625
1 0.81875 0.921875 0.09765625 0.09765625
1 0.825 0.8125 0.109375 0.1109375
1 0.8234375 0.7109375 0.09765625 0.09765625
1 0.834375 0.615625 0.08515625 0.0859375
1 0.82265625 0.534375 0.08515625 0.0859375
1 0.7 0.53125 0.0859375 0.0859375
1 0.69375 0.7671875 0.09765625 0.0984375
1 0.70234375 0.87890625 0.09765625 0.09765625
1 0.60234375 0.9171875 0.09765625 0.0984375
1 0.60546875 0.82734375 0.109375 0.11015625
1 0.60546875 0.6984375 0.0859375 0.0859375
1 0.61484375 0.58984375 0.08515625 0.0859375
1 0.5203125 0.64609375 0.09765625 0.0984375
1 0.52421875 0.75703125 0.109375 0.11015625
1 0.51640625 0.86015625 0.09765625 0.09765625
1 0.053125 0.6828125 0.0859375 0.0859375
1 0.0578125 0.7953125 0.0859375 0.0859375
1 0.04609375 0.9046875 0.0859375 0.0859375
1 0.1390625 0.94375 0.09765625 0.09765625
1 0.13515625 0.821875 0.08515625 0.0859375
1 0.14296875 0.6375 0.08515625 0.0859375
1 0.22734375 0.58203125 0.08515625 0.0859375
1 0.21953125 0.6984375 0.08515625 0.08671875
1 0.22421875 0.80390625 0.08515625 0.0859375
1 0.41015625 0.896875 0.09765625 0.0984375
1 0.425 0.79609375 0.09765625 0.0984375
1 0.42890625 0.6765625 0.09765625 0.09765625
1 0.4234375 0.5859375 0.08515625 0.0859375
1 0.33046875 0.6453125 0.121875 0.1234375
1 0.3296875 0.7484375 0.09765625 0.0984375
1 0.315625 0.95 0.08515625 0.0859375
2 0.91484375 0.340625 0.0484375 0.05
2 0.71796875 0.15078125 0.0484375 0.05
2 0.721875 0.2640625 0.0484375 0.0484375
2 0.6265625 0.21796875 0.06171875 0.06171875
2 0.4375 0.115625 0.0375 0.0375
2 0.334375 0.16484375 0.0359375 0.0375
1 0.1546875 0.14453125 0.0734375 0.07421875
2 0.153125 0.265625 0.0375 0.0375
2 0.06640625 0.29375 0.0484375 0.05