1 0.90625 0.240625 0.109375 0.11015625
1 0.8140625 0.29765625 0.11015625 0.11015625
1 0.8140625 0.1859375 0.109375 0.11015625
1 0.81640625 0.071875 0.109375 0.11015625
1 0.721875 0.12421875 0.09765625 0.0984375
1 0.721875 0.23671875 0.11015625 0.11015625
1 0.62890625 0.29453125 0.109375 0.11015625
1 0.62890625 0.18203125 0.09765625 0.0984375
1 0.63203125 0.07109375 0.09765625 0.0984375
1 0.5328125 0.11796875 0.109375 0.11015625
3 0.53828125 0.23984375 0.109375 0.11015625
1 0.43203125 0.28515625 0.11015625 0.1109375
1 0.434375 0.17578125 0.09765625 0.09765625
1 0.43671875 0.0734375 0.109375 0.11015625
1 0.3453125 0.13203125 0.11015625 0.1109375
1 0.34453125 0.234375 0.09765625 0.09765625
1 0.2484375 0.2921875 0.0734375 0.07421875
1 0.2515625 0.1859375 0.0859375 0.0859375
1 0.25390625 0.0828125 0.0859375 0.0859375
1 0.1546875 0.1265625 0.109375 0.11015625
1 0.15703125 0.23203125 0.09765625 0.0984375
1 0.0640625 0.06015625 0.09765625 0.0984375
1 0.07109375 0.1796875 0.121875 0.1234375
1 0.0671875 0.27890625 0.11015625 0.11015625
1 0.0640625 0.3953125 0.121875 0.1234375
1 0.0625 0.6125 0.109375 0.11015625
1 0.06953125 0.70859375 0.109375 0.11015625
1 0.14921875 0.79375 0.109375 0.11015625
1 0.153125 0.6734375 0.11015625 0.11015625
1 0.15 0.571875 0.11015625 0.11015625
1 0.15703125 0.45390625 0.11015625 0.1109375
1 0.15390625 0.35 0.11015625 0.1109375
1 0.24609375 0.396875 0.109375 0.1109375
1 0.2484375 0.5078125 0.109375 0.1109375
1 0.24140625 0.61640625 0.09765625 0.09765625
1 0.2484375 0.73125 0.09765625 0.0984375
1 0.246875 0.84921875 0.11015625 0.11015625
1 0.33984375 0.89765625 0.09765625 0.0984375
1 0.3453125 0.796875 0.09765625 0.09765625
1 0.334375 0.6828125 0.109375 0.1109375
1 0.34921875 0.5625 0.121875 0.1234375
1 0.3484375 0.446875 0.0734375 0.07421875
1 0.33984375 0.353125 0.09765625 0.0984375
1 0.4328125 0.41328125 0.121875 0.1234375
1 0.4328125 0.509375 0.11015625 0.11015625
1 0.4296875 0.6125 0.09765625 0.09765625
1 0.4265625 0.7328125 0.109375 0.1109375
1 0.43046875 0.84921875 0.109375 0.11015625
1 0.53828125 0.78984375 0.109375 0.1109375
1 0.525 0.68203125 0.11015625 0.11015625
1 0.528125 0.56484375 0.11015625 0.11015625
1 0.5328125 0.46328125 0.11015625 0.11015625
1 0.5328125 0.3421875 0.109375 0.11015625
1 0.62578125 0.40078125 0.109375 0.11015625
1 0.621875 0.50703125 0.109375 0.11015625
1 0.62578125 0.603125 0.09765625 0.0984375
1 0.62734375 0.73984375 0.11015625 0.11015625
1 0.62421875 0.84765625 0.11015625 0.1109375
1 0.52109375 0.9015625 0.11015625 0.1109375
1 0.71875 0.9 0.09765625 0.09765625
1 0.71171875 0.79453125 0.109375 0.11015625
1 0.71796875 0.68046875 0.109375 0.11015625
1 0.71875 0.56875 0.109375 0.11015625
1 0.71171875 0.45 0.09765625 0.0984375
1 0.721875 0.34296875 0.09765625 0.0984375
1 0.81953125 0.4 0.09765625 0.0984375
1 0.81171875 0.5140625 0.09765625 0.0984375
1 0.8140625 0.6203125 0.09765625 0.0984375
1 0.8140625 0.73515625 0.109375 0.11015625
1 0.809375 0.84609375 0.109375 0.11015625
1 0.90859375 0.9 0.11015625 0.11015625
1 0.928125 0.78828125 0.0734375 0.0734375
1 0.9046875 0.67734375 0.09765625 0.0984375
1 0.91015625 0.5671875 0.09765625 0.0984375
1 0.91484375 0.46015625 0.11015625 0.11015625
1 0.90625 0.34453125 0.09765625 0.09765625
1 0.24296875 0.95 0.09765625 0.0984375
1 0.1484375 0.89375 0.09765625 0.0984375
3 0.05625 0.94296875 0.09765625 0.0984375