2 0.17734375 0.0828125 0.0734375 0.07421875
2 0.08671875 0.025 0.0484375 0.0484375
2 0.946875 0.04609375 0.06171875 0.06171875
2 0.93984375 0.45625 0.0734375 0.07421875
2 0.27890625 0.13515625 0.06171875 0.06171875
2 0.671875 0.13359375 0.0484375 0.05
2 0.459375 0.07265625 0.0734375 0.0734375
2 0.775 0.0640625 0.06171875 0.06171875
2 0.86953125 0.30546875 0.06171875 0.06171875
2 0.57265625 0.05546875 0.0734375 0.0734375
2 0.9359375 0.89609375 0.06171875 0.06171875
2 0.6625 0.8375 0.0859375 0.0859375
1 0.94453125 0.36015625 0.0859375 0.08671875
1 0.9453125 0.56640625 0.0859375 0.0859375
1 0.940625 0.6796875 0.09765625 0.09765625
1 0.9390625 0.7921875 0.08515625 0.0859375
1 0.84453125 0.83359375 0.11015625 0.11015625
1 0.853125 0.7171875 0.09765625 0.0984375
1 0.8609375 0.61875 0.109375 0.11015625
1 0.85625 0.53359375 0.109375 0.11015625
1 0.86171875 0.409375 0.11015625 0.1109375
1 0.7703125 0.3609375 0.121875 0.1234375
1 0.7671875 0.4703125 0.11015625 0.11015625
1 0.75859375 0.56875 0.11015625 0.11015625
1 0.75546875 0.6859375 0.11015625 0.11015625
1 0.74921875 0.78515625 0.0859375 0.0859375
1 0.7625 0.89921875 0.109375 0.1109375
1 0.6546875 0.946875 0.0859375 0.0859375
1 0.65546875 0.74453125 0.11015625 0.11015625
1 0.6625 0.6171875 0.11015625 0.1109375
1 0.678125 0.50625 0.09765625 0.0984375
1 0.67265625 0.40625 0.09765625 0.09765625
1 0.5640625 0.35390625 0.09765625 0.0984375
1 0.565625 0.4609375 0.0859375 0.0859375
1 0.57734375 0.55859375 0.09765625 0.09765625
1 0.57421875 0.67109375 0.109375 0.11015625
1 0.56953125 0.778125 0.109375 0.1109375
1 0.56640625 0.89140625 0.109375 0.1109375
1 0.46953125 0.94375 0.0859375 0.0859375
1 0.4671875 0.834375 0.09765625 0.0984375
1 0.4703125 0.7234375 0.09765625 0.09765625
1 0.47734375 0.6140625 0.109375 0.1109375
1 0.47578125 0.5125 0.09765625 0.09765625
1 0.48671875 0.4171875 0.08515625 0.0859375
1 0.475 0.3359375 0.08515625 0.0859375
1 0.35234375 0.3328125 0.0859375 0.0859375
1 0.3453125 0.56875 0.09765625 0.0984375
1 0.3546875 0.68046875 0.09765625 0.09765625
1 0.35078125 0.784375 0.09765625 0.0984375
1 0.3515625 0.871875 0.09765625 0.0984375
1 0.2640625 0.934375 0.11015625 0.11015625
1 0.2625 0.825 0.09765625 0.0984375
1 0.2546875 0.71953125 0.09765625 0.0984375
1 0.2578125 0.6296875 0.109375 0.11015625
1 0.2578125 0.5 0.0859375 0.0859375
1 0.2671875 0.39140625 0.08515625 0.0859375
1 0.17265625 0.44765625 0.09765625 0.0984375
1 0.1765625 0.559375 0.109375 0.11015625
1 0.16875 0.6625 0.09765625 0.09765625
1 0.1703125 0.77265625 0.109375 0.11015625
1 0.16484375 0.8625 0.11015625 0.11015625
1 0.0671875 0.90390625 0.09765625 0.0984375
1 0.0671875 0.80234375 0.09765625 0.0984375
1 0.0625 0.6984375 0.09765625 0.0984375
1 0.07734375 0.5984375 0.09765625 0.0984375
1 0.08125 0.478125 0.09765625 0.09765625
1 0.07578125 0.3875 0.08515625 0.0859375
1 0.95546875 0.128125 0.0734375 0.07421875
1 0.8625 0.08359375 0.09765625 0.0984375
2 0.5671875 0.1421875 0.0484375 0.05
2 0.37421875 0.065625 0.0484375 0.0484375