2 0.10078125 0.39921875 0.06171875 0.06171875
2 0.7953125 0.66328125 0.0609375 0.06171875
2 0.50078125 0.81328125 0.0859375 0.0859375
2 0.696875 0.740625 0.0609375 0.06171875
2 0.69609375 0.84296875 0.0734375 0.07421875
2 0.60078125 0.66484375 0.0484375 0.0484375
2 0.8890625 0.5125 0.06171875 0.06171875
2 0.903125 0.72578125 0.0484375 0.05
1 0.8875 0.40625 0.11015625 0.1109375
1 0.87421875 0.06484375 0.09765625 0.0984375
1 0.8859375 0.178125 0.09765625 0.0984375
1 0.878125 0.284375 0.09765625 0.09765625
1 0.78984375 0.1125 0.09765625 0.0984375
1 0.79296875 0.225 0.09765625 0.09765625
1 0.78984375 0.3375 0.109375 0.1109375
1 0.79609375 0.43359375 0.0859375 0.0859375
1 0.71328125 0.11796875 0.121875 0.1234375
1 0.70234375 0.259375 0.109375 0.1109375
1 0.6984375 0.38203125 0.121875 0.1234375
1 0.70625 0.490625 0.121875 0.1234375
1 0.59765625 0.1078125 0.09765625 0.09765625
1 0.60625 0.2125 0.09765625 0.09765625
1 0.60078125 0.340625 0.09765625 0.0984375
1 0.603125 0.44296875 0.11015625 0.11015625
1 0.51171875 0.053125 0.09765625 0.09765625
1 0.51015625 0.184375 0.11015625 0.11015625
1 0.50703125 0.2875 0.09765625 0.0984375
1 0.5015625 0.39375 0.09765625 0.0984375
1 0.50703125 0.5140625 0.0859375 0.08671875
1 0.409375 0.11640625 0.11015625 0.11015625
1 0.40703125 0.23203125 0.11015625 0.11015625
1 0.40703125 0.340625 0.121875 0.121875
1 0.40703125 0.45625 0.121875 0.121875
1 0.31328125 0.06328125 0.109375 0.11015625
1 0.309375 0.1609375 0.09765625 0.0984375
1 0.3203125 0.275 0.09765625 0.0984375
1 0.3171875 0.39140625 0.09765625 0.0984375
1 0.3140625 0.51640625 0.09765625 0.0984375
1 0.21484375 0.11640625 0.09765625 0.0984375
1 0.2171875 0.2203125 0.09765625 0.0984375
1 0.221875 0.33828125 0.09765625 0.0984375
1 0.12578125 0.05703125 0.08515625 0.08671875
1 0.50078125 0.6078125 0.08515625 0.0859375
1 0.5 0.72109375 0.09765625 0.0984375
1 0.39453125 0.7640625 0.0859375 0.0859375
1 0.40625 0.6734375 0.0859375 0.0859375
1 0.41328125 0.56328125 0.0859375 0.0859375
1 0.321875 0.615625 0.09765625 0.0984375
2 0.1265625 0.71796875 0.0609375 0.06171875
2 0.12421875 0.61796875 0.0484375 0.05
2 0.9046875 0.81796875 0.0484375 0.05
1 0.9 0.6265625 0.06171875 0.06171875
2 0.7859375 0.5515625 0.0484375 0.05
2 0.7015625 0.6140625 0.0609375 0.06171875
2 0.7 0.93828125 0.02421875 0.025
2 0.80078125 0.8828125 0.0484375 0.0484375
2 0.7953125 0.76484375 0.0484375 0.05
2 0.790625 0.975 0.02421875 0.02421875
2 0.59453125 0.8890625 0.0484375 0.0484375
2 0.50390625 0.9203125 0.0484375 0.0484375
2 0.3859375 0.88515625 0.0234375 0.02421875
2 0.30078125 0.83203125 0.0484375 0.0484375
2 0.3 0.94765625 0.02421875 0.02421875
2 0.2078125 0.88515625 0.0359375 0.0359375
2 0.13359375 0.81484375 0.0375 0.0359375
2 0.13671875 0.934375 0.0484375 0.05
2 0.04375 0.8578125 0.0359375 0.0359375
3 0.6015625 0.5671875 0.0484375 0.0484375
2 0.603125 0.778125 0.02421875 0.02421875
2 0.209375 0.565625 0.0359375 0.0375
2 0.1296875 0.5 0.0359375 0.0375
2 0.0265625 0.5546875 0.0375 0.0375
2 0.0421875 0.6734375 0.0484375 0.05
2 0.04296875 0.7625 0.0375 0.0359375
2 0.30390625 0.72578125 0.0484375 0.0484375
2 0.2109375 0.66328125 0.0484375 0.0484375
2 0.21171875 0.76484375 0.0359375 0.0375
2 0.12109375 0.1796875 0.0375 0.0375
2 0.02578125 0.425 0.02421875 0.02421875
2 0.215625 0.4515625 0.0375 0.0375