1 0.85859375 0.0828125 0.08515625 0.0859375
1 0.85234375 0.19296875 0.11015625 0.11015625
1 0.85234375 0.30390625 0.09765625 0.0984375
1 0.853125 0.41640625 0.11015625 0.11015625
1 0.759375 0.47421875 0.109375 0.11015625
1 0.759375 0.36171875 0.09765625 0.0984375
1 0.7625 0.25078125 0.09765625 0.0984375
1 0.76640625 0.146875 0.09765625 0.0984375
1 0.671875 0.08828125 0.09765625 0.0984375
1 0.66796875 0.2 0.109375 0.11015625
1 0.6640625 0.29765625 0.109375 0.11015625
3 0.66875 0.41953125 0.109375 0.11015625
1 0.56328125 0.46484375 0.11015625 0.1109375
1 0.565625 0.35546875 0.09765625 0.09765625
1 0.5671875 0.253125 0.109375 0.11015625
1 0.571875 0.15390625 0.109375 0.11015625
1 0.478125 0.08828125 0.11015625 0.11015625
1 0.4734375 0.196875 0.09765625 0.09765625
1 0.47578125 0.31171875 0.11015625 0.1109375
1 0.47578125 0.4140625 0.09765625 0.09765625
1 0.3796875 0.471875 0.0734375 0.07421875
1 0.3828125 0.365625 0.0859375 0.0859375
1 0.384375 0.2625 0.0859375 0.0859375
1 0.3921875 0.1453125 0.08515625 0.0859375
1 0.2875 0.07890625 0.109375 0.1109375
1 0.28828125 0.19453125 0.109375 0.1109375
1 0.28515625 0.30625 0.109375 0.11015625
1 0.28828125 0.41171875 0.09765625 0.0984375
1 0.19609375 0.14140625 0.109375 0.1109375
1 0.1953125 0.23984375 0.09765625 0.0984375
1 0.2015625 0.359375 0.121875 0.1234375
1 0.19765625 0.45859375 0.11015625 0.11015625
1 0.09453125 0.41328125 0.11015625 0.11015625
1 0.096875 0.2984375 0.11015625 0.11015625
1 0.09921875 0.08125 0.11015625 0.11015625
2 0.0984375 0.18671875 0.0484375 0.0484375
1 0.0921875 0.85859375 0.109375 0.11015625
1 0.0984375 0.73671875 0.109375 0.11015625
1 0.090625 0.6359375 0.109375 0.11015625
1 0.0953125 0.52890625 0.109375 0.11015625
1 0.19453125 0.575 0.121875 0.1234375
1 0.190625 0.6875 0.121875 0.1234375
1 0.19375 0.7921875 0.109375 0.11015625
1 0.2 0.88828125 0.109375 0.11015625
1 0.28359375 0.853125 0.11015625 0.11015625
1 0.28046875 0.7515625 0.11015625 0.11015625
1 0.2875 0.63359375 0.11015625 0.1109375
1 0.284375 0.5296875 0.11015625 0.1109375
1 0.3765625 0.5765625 0.109375 0.1109375
1 0.37890625 0.6875 0.109375 0.1109375
1 0.371875 0.79609375 0.09765625 0.09765625
1 0.37890625 0.9109375 0.09765625 0.0984375
1 0.46484375 0.8625 0.109375 0.1109375
1 0.4796875 0.7421875 0.121875 0.1234375
1 0.47890625 0.6265625 0.0734375 0.07421875
1 0.4703125 0.5328125 0.09765625 0.0984375
1 0.5640625 0.59296875 0.121875 0.1234375
1 0.5640625 0.6890625 0.11015625 0.11015625
1 0.5609375 0.7921875 0.09765625 0.09765625
1 0.5578125 0.9125 0.109375 0.1109375
1 0.65546875 0.86171875 0.11015625 0.11015625
1 0.65859375 0.74453125 0.11015625 0.11015625
1 0.66328125 0.64296875 0.11015625 0.11015625
1 0.6640625 0.521875 0.109375 0.11015625
1 0.75703125 0.58046875 0.109375 0.11015625
1 0.753125 0.68671875 0.109375 0.11015625
1 0.75703125 0.7828125 0.09765625 0.0984375
1 0.75859375 0.91953125 0.11015625 0.11015625
1 0.8484375 0.86015625 0.109375 0.11015625
1 0.85 0.7484375 0.109375 0.11015625
1 0.84296875 0.6296875 0.09765625 0.0984375
1 0.85234375 0.52265625 0.09765625 0.0984375
1 0.95 0.5796875 0.09765625 0.0984375
1 0.9421875 0.69375 0.09765625 0.0984375
1 0.9453125 0.8 0.09765625 0.0984375