3 0.3375 0.853125 0.09765625 0.0984375
1 0.91328125 0.0796875 0.09765625 0.09765625
1 0.9140625 0.19609375 0.09765625 0.09765625
1 0.8234375 0.2546875 0.109375 0.11015625
1 0.8203125 0.1375 0.109375 0.11015625
1 0.7203125 0.0765625 0.109375 0.11015625
1 0.71953125 0.20234375 0.121875 0.1234375
1 0.61953125 0.12421875 0.11015625 0.11015625
1 0.6296875 0.2078125 0.0734375 0.0734375
1 0.53515625 0.07578125 0.09765625 0.0984375
1 0.53046875 0.18828125 0.11015625 0.11015625
1 0.4390625 0.1390625 0.109375 0.11015625
1 0.346875 0.07578125 0.109375 0.11015625
1 0.25078125 0.1359375 0.11015625 0.11015625
1 0.0578125 0.121875 0.09765625 0.09765625
1 0.1515625 0.071875 0.11015625 0.11015625
1 0.15234375 0.19140625 0.109375 0.1109375
1 0.24921875 0.24140625 0.11015625 0.11015625
1 0.34140625 0.1859375 0.11015625 0.11015625
1 0.4421875 0.24921875 0.109375 0.11015625
1 0.9125 0.30234375 0.09765625 0.0984375
1 0.91796875 0.409375 0.09765625 0.0984375
1 0.821875 0.478125 0.09765625 0.09765625
1 0.8171875 0.3609375 0.109375 0.11015625
1 0.7203125 0.3046875 0.109375 0.1109375
1 0.7234375 0.41328125 0.11015625 0.1109375
1 0.6296875 0.33671875 0.11015625 0.1109375
1 0.6265625 0.46796875 0.11015625 0.11015625
1 0.71640625 0.5234375 0.11015625 0.1109375
1 0.434375 0.3640625 0.109375 0.11015625
1 0.528125 0.4234375 0.109375 0.11015625
1 0.5375 0.29296875 0.109375 0.1109375
1 0.53203125 0.52265625 0.109375 0.11015625
1 0.44375 0.4734375 0.11015625 0.11015625
1 0.3390625 0.51796875 0.11015625 0.11015625
1 0.340625 0.40703125 0.09765625 0.0984375
1 0.3453125 0.2984375 0.11015625 0.11015625
1 0.24375 0.3421875 0.11015625 0.11015625
1 0.2515625 0.4484375 0.109375 0.11015625
1 0.15 0.4140625 0.121875 0.1234375
1 0.16015625 0.3015625 0.109375 0.11015625
1 0.159375 0.521875 0.121875 0.1234375
1 0.0546875 0.4734375 0.09765625 0.0984375
1 0.0578125 0.35390625 0.109375 0.11015625
1 0.90703125 0.52890625 0.09765625 0.0984375
1 0.91796875 0.64296875 0.09765625 0.0984375
1 0.9109375 0.75234375 0.11015625 0.11015625
1 0.90546875 0.871875 0.11015625 0.11015625
1 0.81484375 0.58671875 0.11015625 0.11015625
1 0.815625 0.696875 0.11015625 0.11015625
1 0.81328125 0.81171875 0.109375 0.11015625
1 0.8109375 0.9171875 0.109375 0.11015625
1 0.715625 0.64375 0.121875 0.1234375
1 0.7171875 0.74921875 0.109375 0.11015625
1 0.715625 0.8578125 0.109375 0.11015625
1 0.6265625 0.9 0.11015625 0.1109375
1 0.6265625 0.803125 0.0734375 0.07421875
1 0.63125 0.69921875 0.121875 0.1234375
1 0.6265625 0.57578125 0.109375 0.11015625
1 0.0609375 0.9015625 0.09765625 0.0984375
1 0.06171875 0.68125 0.109375 0.11015625
1 0.1453125 0.6265625 0.121875 0.1234375
1 0.1546875 0.72890625 0.11015625 0.11015625
1 0.15703125 0.85 0.109375 0.11015625
1 0.24765625 0.909375 0.11015625 0.11015625
1 0.24375 0.7953125 0.11015625 0.11015625
1 0.2375 0.7 0.11015625 0.11015625
1 0.24296875 0.571875 0.109375 0.1109375
1 0.340625 0.63125 0.109375 0.1109375
1 0.34296875 0.73984375 0.109375 0.11015625
1 0.4265625 0.89765625 0.109375 0.11015625
1 0.43359375 0.80390625 0.109375 0.1109375
1 0.43046875 0.68359375 0.09765625 0.09765625
1 0.43515625 0.57109375 0.11015625 0.1109375
1 0.53046875 0.6296875 0.11015625 0.11015625
1 0.52734375 0.740625 0.09765625 0.09765625
1 0.528125 0.8546875 0.11015625 0.1109375