2 0.30078125 0.0515625 0.0484375 0.0484375
2 0.128125 0.04921875 0.0734375 0.0734375
2 0.5875 0.2359375 0.0734375 0.07421875
2 0.11796875 0.54765625 0.08515625 0.0859375
2 0.29921875 0.26640625 0.06171875 0.06171875
2 0.39921875 0.2109375 0.0484375 0.0484375
2 0.20234375 0.6984375 0.08515625 0.0859375
2 0.13046875 0.15859375 0.06171875 0.06171875
2 0.2984375 0.16328125 0.06171875 0.06171875
2 0.496875 0.17890625 0.0484375 0.0484375
2 0.2859375 0.865625 0.0734375 0.0734375
2 0.69609375 0.06171875 0.06171875 0.06171875
2 0.890625 0.04921875 0.0609375 0.06171875
2 0.6890625 0.28828125 0.06171875 0.06171875
2 0.86953125 0.22578125 0.0734375 0.0734375
2 0.890625 0.11953125 0.0484375 0.05
1 0.88125 0.8765625 0.09765625 0.09765625
1 0.8875 0.7671875 0.109375 0.1109375
1 0.8859375 0.665625 0.09765625 0.09765625
1 0.896875 0.5703125 0.08515625 0.0859375
1 0.88515625 0.4890625 0.08515625 0.0859375
1 0.7625 0.4859375 0.0859375 0.0859375
1 0.75625 0.721875 0.09765625 0.0984375
1 0.76484375 0.834375 0.09765625 0.09765625
1 0.7609375 0.93828125 0.09765625 0.0984375
1 0.66484375 0.87265625 0.09765625 0.0984375
1 0.66796875 0.7828125 0.109375 0.11015625
1 0.66796875 0.653125 0.0859375 0.0859375
1 0.67734375 0.5453125 0.08515625 0.0859375
1 0.5828125 0.60078125 0.09765625 0.0984375
1 0.58671875 0.7125 0.109375 0.11015625
1 0.57890625 0.815625 0.09765625 0.09765625
1 0.5796875 0.9265625 0.109375 0.11015625
1 0.115625 0.6375 0.0859375 0.0859375
1 0.1203125 0.75 0.0859375 0.0859375
1 0.10859375 0.859375 0.0859375 0.0859375
1 0.2015625 0.8984375 0.09765625 0.09765625
1 0.19765625 0.77734375 0.08515625 0.0859375
1 0.20546875 0.59296875 0.08515625 0.0859375
1 0.28984375 0.5375 0.08515625 0.0859375
1 0.28203125 0.65390625 0.08515625 0.08671875
1 0.28671875 0.75859375 0.08515625 0.0859375
1 0.47265625 0.85234375 0.09765625 0.0984375
1 0.4875 0.7515625 0.09765625 0.0984375
1 0.49140625 0.63203125 0.09765625 0.09765625
1 0.4859375 0.540625 0.08515625 0.0859375
1 0.39296875 0.60078125 0.121875 0.1234375
1 0.3921875 0.70390625 0.09765625 0.0984375
1 0.378125 0.90546875 0.08515625 0.0859375
2 0.78046875 0.10625 0.0484375 0.05
2 0.784375 0.21875 0.0484375 0.0484375
2 0.6890625 0.1734375 0.06171875 0.06171875
2 0.5 0.0703125 0.0375 0.0375
2 0.396875 0.1203125 0.0359375 0.0375
1 0.2171875 0.1 0.0734375 0.07421875
2 0.215625 0.2203125 0.0375 0.0375
2 0.12890625 0.2484375 0.0484375 0.05
2 0.025 0.28984375 0.0484375 0.05