2 0.66640625 0.371875 0.06171875 0.06171875
2 0.75859375 0.45 0.0484375 0.0484375
2 0.7640625 0.33125 0.0484375 0.05
2 0.50625 0.35390625 0.0609375 0.06171875
2 0.14765625 0.3625 0.0484375 0.0484375
2 0.2265625 0.428125 0.0484375 0.0484375
2 0.409375 0.41171875 0.06171875 0.06171875
2 0.85625 0.38125 0.0484375 0.05
2 0.2296875 0.303125 0.0609375 0.06171875
2 0.86640625 0.146875 0.0734375 0.0734375
2 0.86875 0.25859375 0.0734375 0.0734375
2 0.7671875 0.21328125 0.0609375 0.06171875
2 0.8671875 0.034375 0.0609375 0.06171875
1 0.78046875 0.075 0.0359375 0.0375
2 0.1546875 0.1515625 0.0484375 0.0484375
2 0.153125 0.0578125 0.0484375 0.0484375
2 0.14921875 0.2671875 0.0609375 0.06171875
2 0.42265625 0.115625 0.0609375 0.06171875
2 0.2265625 0.215625 0.0609375 0.06171875
2 0.49921875 0.25625 0.0484375 0.0484375
2 0.21875 0.1125 0.0484375 0.0484375
2 0.41875 0.203125 0.0734375 0.07421875
2 0.03515625 0.39609375 0.0484375 0.05
2 0.0390625 0.29921875 0.0484375 0.05
2 0.03828125 0.1125 0.0609375 0.06171875
2 0.940625 0.334375 0.06171875 0.06171875
2 0.95 0.11875 0.0609375 0.06171875
2 0.94609375 0.4390625 0.06171875 0.06171875
2 0.5046875 0.584375 0.06171875 0.06171875
2 0.40546875 0.51796875 0.06171875 0.06171875
2 0.75703125 0.6546875 0.0734375 0.07421875
2 0.6671875 0.58515625 0.06171875 0.06171875
2 0.5109375 0.48828125 0.0609375 0.0609375
2 0.503125 0.67890625 0.06171875 0.06171875
2 0.85546875 0.6 0.0484375 0.0484375
2 0.86015625 0.49140625 0.0484375 0.05
2 0.57578125 0.64140625 0.0734375 0.07421875
2 0.66484375 0.47265625 0.0484375 0.0484375
2 0.5765625 0.515625 0.0609375 0.0609375
2 0.7640625 0.5453125 0.0609375 0.06171875
1 0.93828125 0.9265625 0.08515625 0.0859375
2 0.9515625 0.2203125 0.0359375 0.0375
2 0.9515625 0.5484375 0.0484375 0.05
2 0.8609375 0.67890625 0.0484375 0.0484375
2 0.66953125 0.2921875 0.0359375 0.0375
2 0.68359375 0.1703125 0.0375 0.0359375
2 0.5828125 0.3015625 0.0484375 0.0484375
2 0.59296875 0.4140625 0.0375 0.0375
2 0.5078125 0.16328125 0.0375 0.0375
2 0.41796875 0.3109375 0.0484375 0.0484375
2 0.33515625 0.36640625 0.0484375 0.0484375
2 0.3296875 0.4640625 0.0609375 0.06171875
2 0.34296875 0.1546875 0.0484375 0.0484375
2 0.14140625 0.4671875 0.02421875 0.02421875
2 0.03828125 0.2109375 0.0359375 0.0375
2 0.67890625 0.059375 0.0375 0.0375
2 0.5109375 0.06953125 0.0484375 0.0484375
2 0.58671875 0.10078125 0.0375 0.0375
2 0.3390625 0.0203125 0.02421875 0.02421875
2 0.34609375 0.24921875 0.02421875 0.02421875
2 0.0484375 0.50078125 0.02421875 0.02421875