3 0.35234375 0.9390625 0.09765625 0.0984375
1 0.93359375 0.059375 0.09765625 0.09765625
1 0.928125 0.165625 0.09765625 0.09765625
1 0.92890625 0.28203125 0.09765625 0.09765625
1 0.8453125 0.11015625 0.09765625 0.09765625
1 0.8375 0.340625 0.109375 0.11015625
1 0.83515625 0.2234375 0.109375 0.11015625
1 0.73515625 0.1625 0.109375 0.11015625
1 0.73359375 0.28828125 0.121875 0.1234375
1 0.6421875 0.1 0.11015625 0.11015625
1 0.634375 0.21015625 0.11015625 0.11015625
1 0.64375 0.29375 0.0734375 0.0734375
1 0.55 0.16171875 0.09765625 0.0984375
1 0.5453125 0.27421875 0.11015625 0.11015625
1 0.446875 0.11015625 0.109375 0.11015625
1 0.45390625 0.225 0.109375 0.11015625
1 0.3609375 0.16171875 0.109375 0.11015625
1 0.27109375 0.11171875 0.11015625 0.11015625
1 0.26484375 0.221875 0.11015625 0.11015625
1 0.16796875 0.05625 0.09765625 0.0984375
1 0.07421875 0.1015625 0.09765625 0.09765625
1 0.071875 0.2078125 0.09765625 0.09765625
1 0.0578125 0.328125 0.09765625 0.09765625
1 0.16640625 0.1578125 0.11015625 0.11015625
1 0.1671875 0.27734375 0.109375 0.1109375
1 0.2640625 0.32734375 0.11015625 0.11015625
1 0.35625 0.271875 0.11015625 0.11015625
1 0.45703125 0.33515625 0.109375 0.11015625
1 0.9265625 0.38828125 0.09765625 0.0984375
1 0.9328125 0.4953125 0.09765625 0.0984375
1 0.83671875 0.5640625 0.09765625 0.09765625
1 0.83203125 0.446875 0.109375 0.11015625
1 0.73515625 0.390625 0.109375 0.1109375
1 0.7375 0.49921875 0.11015625 0.1109375
1 0.64375 0.42265625 0.11015625 0.1109375
1 0.64140625 0.55390625 0.11015625 0.11015625
1 0.73125 0.609375 0.11015625 0.1109375
1 0.44921875 0.45 0.109375 0.11015625
1 0.54296875 0.509375 0.109375 0.11015625
1 0.5515625 0.37890625 0.109375 0.1109375
1 0.546875 0.60859375 0.109375 0.11015625
1 0.45859375 0.559375 0.11015625 0.11015625
1 0.35390625 0.60390625 0.11015625 0.11015625
1 0.35546875 0.49296875 0.09765625 0.0984375
1 0.36015625 0.384375 0.11015625 0.11015625
1 0.25859375 0.428125 0.11015625 0.11015625
1 0.26640625 0.534375 0.109375 0.11015625
1 0.16484375 0.5 0.121875 0.1234375
1 0.175 0.3875 0.109375 0.11015625
1 0.17421875 0.6078125 0.121875 0.1234375
1 0.06953125 0.559375 0.09765625 0.0984375
1 0.071875 0.43984375 0.109375 0.11015625
1 0.921875 0.61484375 0.09765625 0.0984375
1 0.9328125 0.72890625 0.09765625 0.0984375
1 0.925 0.83828125 0.11015625 0.11015625
1 0.8296875 0.67265625 0.11015625 0.11015625
1 0.83046875 0.7828125 0.11015625 0.11015625
1 0.828125 0.89765625 0.109375 0.11015625
1 0.7296875 0.7296875 0.121875 0.1234375
1 0.73125 0.83515625 0.109375 0.11015625
1 0.73046875 0.94375 0.109375 0.11015625
1 0.64140625 0.8890625 0.0734375 0.07421875
1 0.64609375 0.78515625 0.121875 0.1234375
1 0.64140625 0.66171875 0.109375 0.11015625
1 0.06953125 0.8796875 0.109375 0.11015625
1 0.0765625 0.7671875 0.109375 0.11015625
1 0.06328125 0.6578125 0.11015625 0.11015625
1 0.159375 0.7125 0.121875 0.1234375
1 0.16953125 0.81484375 0.11015625 0.11015625
1 0.171875 0.9359375 0.109375 0.11015625
1 0.25859375 0.88125 0.11015625 0.11015625
1 0.25234375 0.7859375 0.11015625 0.11015625
1 0.2578125 0.6578125 0.109375 0.1109375
1 0.35546875 0.7171875 0.109375 0.1109375
1 0.3578125 0.82578125 0.109375 0.11015625
1 0.4484375 0.88984375 0.109375 0.1109375
1 0.4453125 0.76953125 0.09765625 0.09765625
1 0.45 0.65703125 0.11015625 0.1109375
1 0.5453125 0.715625 0.11015625 0.11015625
1 0.5421875 0.8265625 0.09765625 0.09765625
1 0.5421875 0.940625 0.11015625 0.1109375