2 0.871875 0.4953125 0.06171875 0.06171875
2 0.9640625 0.57421875 0.0484375 0.0484375
2 0.96875 0.45546875 0.0484375 0.05
2 0.7109375 0.478125 0.0609375 0.06171875
2 0.35234375 0.4859375 0.0484375 0.0484375
2 0.43125 0.5515625 0.0484375 0.0484375
2 0.61484375 0.5359375 0.06171875 0.06171875
2 0.434375 0.42734375 0.0609375 0.06171875
2 0.359375 0.275 0.0484375 0.0484375
2 0.3625 0.07421875 0.0484375 0.0484375
2 0.35859375 0.18125 0.0484375 0.0484375
2 0.3546875 0.39140625 0.0609375 0.06171875
2 0.628125 0.23984375 0.0609375 0.06171875
2 0.54375 0.0578125 0.0484375 0.0484375
2 0.4328125 0.1234375 0.0375 0.0375
2 0.7203125 0.0921875 0.0484375 0.0484375
2 0.6328125 0.12890625 0.0609375 0.0609375
2 0.6359375 0.05234375 0.06171875 0.06171875
2 0.43125 0.3390625 0.0609375 0.06171875
2 0.7890625 0.1234375 0.0484375 0.0484375
2 0.70390625 0.3796875 0.0484375 0.0484375
2 0.4234375 0.2359375 0.0484375 0.0484375
2 0.6234375 0.32734375 0.0734375 0.07421875
2 0.240625 0.5203125 0.0484375 0.05
2 0.24375 0.4234375 0.0484375 0.05
2 0.14453125 0.36171875 0.0484375 0.05
2 0.15546875 0.05546875 0.0484375 0.05
2 0.15078125 0.46015625 0.06171875 0.06171875
2 0.04375 0.0984375 0.0609375 0.06171875
2 0.14921875 0.25390625 0.0484375 0.0484375
2 0.040625 0.346875 0.0484375 0.05
2 0.0515625 0.428125 0.0484375 0.05
2 0.0515625 0.52421875 0.0484375 0.05
2 0.14921875 0.56171875 0.0484375 0.05
2 0.24296875 0.23671875 0.0609375 0.06171875
2 0.15234375 0.15390625 0.0484375 0.05
2 0.24140625 0.11875 0.0484375 0.05
2 0.709375 0.70859375 0.06171875 0.06171875
2 0.6109375 0.6421875 0.06171875 0.06171875
2 0.9625 0.778125 0.0734375 0.07421875
2 0.87265625 0.709375 0.06171875 0.06171875
2 0.715625 0.6125 0.0609375 0.0609375
2 0.70859375 0.803125 0.06171875 0.06171875
2 0.78046875 0.765625 0.0734375 0.07421875
2 0.8703125 0.596875 0.0484375 0.0484375
2 0.78125 0.63984375 0.0609375 0.0609375
2 0.96875 0.66953125 0.0609375 0.06171875
2 0.87421875 0.415625 0.0359375 0.0375
2 0.8890625 0.29453125 0.0375 0.0359375
2 0.78828125 0.42578125 0.0484375 0.0484375
2 0.79765625 0.53828125 0.0375 0.0375
2 0.7125 0.2875 0.0375 0.0375
2 0.6234375 0.434375 0.0484375 0.0484375
2 0.53984375 0.490625 0.0484375 0.0484375
2 0.53515625 0.58828125 0.0609375 0.06171875
2 0.54765625 0.278125 0.0484375 0.0484375
2 0.34609375 0.59140625 0.02421875 0.02421875
2 0.24375 0.33515625 0.0359375 0.0375
2 0.05390625 0.621875 0.0484375 0.0484375
2 0.98125 0.0890625 0.0359375 0.0359375
2 0.88359375 0.18359375 0.0375 0.0375
2 0.715625 0.19375 0.0484375 0.0484375
2 0.7921875 0.225 0.0375 0.0375
2 0.54453125 0.14375 0.02421875 0.02421875
2 0.5515625 0.3734375 0.02421875 0.02421875
2 0.253125 0.62421875 0.02421875 0.02421875