2 0.5796875 0.29453125 0.06171875 0.06171875
2 0.56875 0.18125 0.06171875 0.06171875
2 0.37421875 0.409375 0.0609375 0.06171875
2 0.19375 0.40546875 0.0734375 0.07421875
2 0.290625 0.2515625 0.06171875 0.06171875
2 0.09921875 0.3265625 0.0734375 0.07421875
2 0.26953125 0.45703125 0.0484375 0.0484375
2 0.3734375 0.31171875 0.0609375 0.06171875
2 0.18984375 0.1828125 0.0734375 0.07421875
2 0.096875 0.4546875 0.0734375 0.0734375
2 0.2796875 0.35625 0.06171875 0.0609375
2 0.10078125 0.22578125 0.0609375 0.06171875
2 0.19765625 0.28203125 0.0734375 0.07421875
2 0.55625 0.64140625 0.0734375 0.07421875
2 0.08671875 0.953125 0.08515625 0.0859375
2 0.26796875 0.67109375 0.06171875 0.06171875
2 0.36796875 0.61640625 0.0484375 0.0484375
2 0.09921875 0.5640625 0.06171875 0.06171875
2 0.2671875 0.56875 0.06171875 0.06171875
2 0.465625 0.584375 0.0484375 0.0484375
2 0.67578125 0.13203125 0.0609375 0.06171875
2 0.66484375 0.36484375 0.06171875 0.06171875
2 0.66484375 0.4671875 0.06171875 0.06171875
2 0.859375 0.4546875 0.0609375 0.06171875
2 0.6578125 0.69375 0.06171875 0.06171875
2 0.83828125 0.63125 0.0734375 0.0734375
2 0.859375 0.525 0.0484375 0.05
2 0.9609375 0.521875 0.0609375 0.06171875
2 0.9515625 0.6140625 0.0734375 0.0734375
1 0.94375 0.9125 0.09765625 0.0984375
1 0.85390625 0.89453125 0.08515625 0.0859375
1 0.73125 0.89140625 0.0859375 0.0859375
1 0.64609375 0.95 0.08515625 0.0859375
1 0.25859375 0.9421875 0.08515625 0.0859375
1 0.4546875 0.94609375 0.08515625 0.0859375
2 0.94609375 0.70078125 0.0484375 0.05
2 0.759375 0.18203125 0.0609375 0.06171875
2 0.759375 0.290625 0.0484375 0.05
2 0.75859375 0.38515625 0.0484375 0.05
2 0.74921875 0.5109375 0.0484375 0.05
2 0.753125 0.62421875 0.0484375 0.0484375
2 0.6578125 0.57890625 0.06171875 0.06171875
2 0.6765625 0.253125 0.0484375 0.05
2 0.478125 0.24296875 0.0375 0.0375
2 0.46796875 0.3484375 0.0484375 0.0484375
2 0.46875 0.47578125 0.0375 0.0375
2 0.365625 0.525 0.0359375 0.0375
1 0.86875 0.22578125 0.0859375 0.0859375
1 0.86953125 0.33203125 0.121875 0.1234375
1 0.1859375 0.5046875 0.0734375 0.07421875
2 0.184375 0.62578125 0.0375 0.0375
2 0.09765625 0.65390625 0.0484375 0.05
2 0.1078125 0.115625 0.0484375 0.0484375
1 0.865625 0.11796875 0.09765625 0.0984375
2 0.76328125 0.07265625 0.06171875 0.06171875
2 0.378125 0.184375 0.0375 0.0375
2 0.29375 0.13359375 0.02421875 0.02421875
2 0.190625 0.071875 0.0484375 0.05