2 0.4234375 0.86484375 0.06171875 0.06171875
1 0.26484375 0.090625 0.09765625 0.09765625
1 0.253125 0.2140625 0.09765625 0.09765625
1 0.25703125 0.30234375 0.09765625 0.0984375
1 0.1546875 0.36953125 0.09765625 0.0984375
1 0.16796875 0.25078125 0.0859375 0.0859375
1 0.1609375 0.1453125 0.0859375 0.0859375
1 0.0671875 0.1 0.09765625 0.0984375
1 0.0671875 0.1921875 0.09765625 0.0984375
1 0.0609375 0.3078125 0.09765625 0.0984375
1 0.06796875 0.41484375 0.08515625 0.08671875
1 0.36015625 0.134375 0.121875 0.121875
1 0.3625 0.23671875 0.11015625 0.11015625
1 0.35546875 0.36796875 0.09765625 0.0984375
1 0.253125 0.4171875 0.0859375 0.0859375
1 0.35390625 0.4796875 0.11015625 0.11015625
1 0.446875 0.41796875 0.08515625 0.0859375
1 0.45 0.3171875 0.09765625 0.0984375
1 0.4484375 0.1984375 0.09765625 0.0984375
1 0.453125 0.0890625 0.09765625 0.0984375
1 0.55859375 0.13046875 0.09765625 0.0984375
1 0.5484375 0.2546875 0.0859375 0.0859375
1 0.5515625 0.35390625 0.09765625 0.0984375
1 0.54765625 0.47578125 0.09765625 0.0984375
1 0.6421875 0.41484375 0.121875 0.1234375
1 0.6390625 0.3109375 0.121875 0.1234375
1 0.6390625 0.19140625 0.121875 0.1234375
1 0.6359375 0.0921875 0.11015625 0.1109375
1 0.73671875 0.13671875 0.121875 0.1234375
1 0.7375 0.2625 0.121875 0.1234375
1 0.7296875 0.36640625 0.11015625 0.11015625
1 0.73125 0.47734375 0.121875 0.1234375
1 0.834375 0.415625 0.109375 0.11015625
1 0.83984375 0.30625 0.09765625 0.09765625
1 0.83046875 0.20234375 0.121875 0.1234375
1 0.83125 0.09453125 0.121875 0.1234375
1 0.9328125 0.13203125 0.11015625 0.11015625
1 0.9265625 0.25390625 0.121875 0.1234375
1 0.92265625 0.3625 0.121875 0.1234375
1 0.92109375 0.4796875 0.109375 0.11015625
1 0.9203125 0.5734375 0.09765625 0.09765625
1 0.92890625 0.67890625 0.09765625 0.09765625
1 0.92265625 0.80625 0.09765625 0.0984375
1 0.925 0.90859375 0.11015625 0.11015625
1 0.834375 0.51875 0.09765625 0.09765625
1 0.8328125 0.65 0.11015625 0.11015625
1 0.82890625 0.753125 0.09765625 0.0984375
1 0.82421875 0.86015625 0.09765625 0.0984375
1 0.73203125 0.5828125 0.11015625 0.11015625
1 0.72890625 0.69765625 0.11015625 0.11015625
1 0.72890625 0.80625 0.121875 0.121875
1 0.72890625 0.92265625 0.121875 0.121875
1 0.6359375 0.52890625 0.109375 0.11015625
1 0.63203125 0.6265625 0.09765625 0.0984375
1 0.6421875 0.740625 0.09765625 0.0984375
1 0.63984375 0.85703125 0.09765625 0.0984375
1 0.5375 0.5828125 0.09765625 0.0984375
1 0.5390625 0.6859375 0.09765625 0.0984375
1 0.54375 0.80390625 0.09765625 0.0984375
1 0.44765625 0.52265625 0.08515625 0.08671875
2 0.3375 0.5796875 0.0484375 0.05
1 0.25703125 0.5375 0.09765625 0.0984375
2 0.4515625 0.965625 0.0359375 0.0375
2 0.06953125 0.871875 0.0359375 0.0359375
1 0.05078125 0.6515625 0.0484375 0.0484375
1 0.06328125 0.53125 0.0484375 0.0484375
1 0.1453125 0.559375 0.0375 0.0375
2 0.13671875 0.70703125 0.0375 0.0375
2 0.28515625 0.6640625 0.0375 0.0375
2 0.33515625 0.78984375 0.0359375 0.0375
2 0.44375 0.6453125 0.0375 0.0375
2 0.25390625 0.85 0.0375 0.0375
2 0.3484375 0.89140625 0.02421875 0.02421875
2 0.03984375 0.7515625 0.0359375 0.0375
2 0.19765625 0.9671875 0.0359375 0.0359375
2 0.53828125 0.9171875 0.0375 0.0375
1 0.1625 0.478125 0.09765625 0.09765625