2 0.05859375 0.96015625 0.0484375 0.0484375
2 0.06640625 0.634375 0.0609375 0.06171875
2 0.05546875 0.86640625 0.0484375 0.05
2 0.06875 0.4328125 0.0484375 0.0484375
2 0.05546875 0.775 0.0484375 0.05
2 0.17734375 0.25703125 0.0734375 0.07421875
2 0.478125 0.09921875 0.0484375 0.05
2 0.37578125 0.25234375 0.0484375 0.05
2 0.2703125 0.0890625 0.0375 0.0359375
2 0.18046875 0.1765625 0.0484375 0.0484375
2 0.47734375 0.19375 0.0359375 0.0359375
2 0.1765625 0.359375 0.06171875 0.0609375
2 0.26640625 0.52265625 0.06171875 0.0609375
2 0.46875 0.35078125 0.0484375 0.05
2 0.3640625 0.571875 0.0609375 0.0609375
2 0.36875 0.3890625 0.0484375 0.0484375
2 0.4734375 0.4328125 0.0484375 0.0484375
2 0.46015625 0.51640625 0.0484375 0.0484375
2 0.5578125 0.45 0.0359375 0.0375
2 0.9328125 0.25859375 0.06171875 0.06171875
1 0.184375 0.0375 0.06171875 0.06171875
2 0.959375 0.57734375 0.0609375 0.06171875
2 0.95625 0.47734375 0.0484375 0.05
2 0.965625 0.67421875 0.0375 0.0359375
2 0.96875 0.79375 0.0484375 0.05
2 0.9625 0.925 0.0375 0.0375
2 0.87578125 0.7171875 0.0359375 0.0359375
2 0.96171875 0.359375 0.0359375 0.0375
2 0.85859375 0.4140625 0.0375 0.0375
2 0.7609375 0.4671875 0.0375 0.0359375
2 0.6609375 0.5140625 0.0359375 0.0359375
2 0.6390625 0.6390625 0.0359375 0.0375
2 0.75546875 0.590625 0.0359375 0.0359375
2 0.87421875 0.5328125 0.0484375 0.05
2 0.875 0.621875 0.0375 0.0359375
2 0.26640625 0.29765625 0.0375 0.0375
1 0.08125 0.11484375 0.06171875 0.06171875
2 0.0828125 0.2203125 0.0359375 0.0375
2 0.3890625 0.12734375 0.0484375 0.05
2 0.5796875 0.26484375 0.0359375 0.0359375
1 0.5609375 0.0453125 0.0484375 0.0484375
2 0.646875 0.10078125 0.0375 0.0375
2 0.7953125 0.0578125 0.0375 0.0375
2 0.8453125 0.18359375 0.0359375 0.0375
2 0.953125 0.0390625 0.0375 0.0375
2 0.7640625 0.24296875 0.0375 0.0375
2 0.8578125 0.284375 0.02421875 0.02421875
2 0.54921875 0.1453125 0.0359375 0.0375
1 0.1734375 0.58046875 0.0609375 0.06171875
2 0.1734375 0.65625 0.0484375 0.0484375
2 0.2671875 0.409375 0.0359375 0.0375
1 0.259375 0.6203125 0.0484375 0.0484375
2 0.375 0.4828125 0.0375 0.0375
2 0.4640625 0.6625 0.02421875 0.025
2 0.5453125 0.6625 0.0359375 0.0375
2 0.7078125 0.3609375 0.0359375 0.0359375
2 0.26640625 0.8484375 0.0375 0.0375
2 0.25703125 0.940625 0.0375 0.0359375
2 0.37578125 0.96015625 0.0375 0.0375
2 0.3859375 0.84296875 0.0359375 0.0375
2 0.46953125 0.87890625 0.0359375 0.0375
2 0.47421875 0.96875 0.0359375 0.0375
2 0.53984375 0.915625 0.0375 0.0375
2 0.5390625 0.84296875 0.0375 0.0375