2 0.40546875 0.796875 0.0734375 0.07421875
2 0.2265625 0.9046875 0.0484375 0.0484375
2 0.0375 0.92265625 0.0609375 0.06171875
1 0.8859375 0.85390625 0.11015625 0.11015625
1 0.88671875 0.740625 0.109375 0.11015625
1 0.8828125 0.63046875 0.109375 0.11015625
1 0.8859375 0.525 0.09765625 0.09765625
1 0.7875 0.58125 0.11015625 0.11015625
1 0.79375 0.6921875 0.09765625 0.0984375
1 0.78515625 0.81328125 0.09765625 0.0984375
1 0.78671875 0.91875 0.11015625 0.11015625
1 0.6984375 0.5328125 0.11015625 0.11015625
1 0.6890625 0.63515625 0.11015625 0.11015625
1 0.6859375 0.75078125 0.11015625 0.11015625
1 0.69453125 0.85234375 0.109375 0.11015625
1 0.6 0.58515625 0.109375 0.11015625
1 0.59765625 0.6921875 0.109375 0.11015625
1 0.5953125 0.8078125 0.109375 0.11015625
1 0.5921875 0.9203125 0.109375 0.11015625
1 0.50390625 0.63984375 0.09765625 0.0984375
1 0.49609375 0.746875 0.109375 0.11015625
1 0.49375 0.85390625 0.11015625 0.11015625
1 0.40859375 0.58203125 0.08515625 0.0859375
1 0.39921875 0.69765625 0.11015625 0.11015625
1 0.4078125 0.909375 0.0734375 0.07421875
1 0.31875 0.5296875 0.11015625 0.11015625
1 0.30546875 0.628125 0.11015625 0.11015625
1 0.30625 0.73125 0.0734375 0.07421875
1 0.30625 0.83203125 0.0859375 0.0859375
1 0.3140625 0.9234375 0.0859375 0.0859375
2 0.228125 0.81171875 0.0375 0.0375
2 0.13515625 0.871875 0.0359375 0.0375
1 0.23125 0.5875 0.109375 0.11015625
1 0.2203125 0.6875 0.109375 0.1109375
1 0.14296875 0.54296875 0.121875 0.1234375
1 0.13203125 0.6421875 0.11015625 0.1109375
1 0.13046875 0.7484375 0.11015625 0.11015625
1 0.8921875 0.09453125 0.09765625 0.0984375
1 0.78984375 0.146875 0.09765625 0.09765625
1 0.7015625 0.08984375 0.11015625 0.1109375
1 0.8921875 0.2171875 0.09765625 0.09765625
1 0.8890625 0.32109375 0.09765625 0.09765625
1 0.8796875 0.428125 0.109375 0.1109375
1 0.79609375 0.2546875 0.09765625 0.09765625
1 0.78828125 0.365625 0.109375 0.1109375
1 0.7828125 0.46171875 0.11015625 0.11015625
1 0.69375 0.20234375 0.11015625 0.1109375
1 0.6984375 0.42109375 0.11015625 0.11015625
1 0.70078125 0.30546875 0.11015625 0.11015625
1 0.59921875 0.2546875 0.121875 0.1234375
1 0.6046875 0.37109375 0.121875 0.1234375
1 0.59921875 0.47109375 0.121875 0.121875
1 0.59609375 0.146875 0.11015625 0.11015625
1 0.49921875 0.09296875 0.11015625 0.11015625
1 0.5109375 0.20078125 0.109375 0.11015625
1 0.50078125 0.30703125 0.109375 0.11015625
1 0.50078125 0.415625 0.109375 0.11015625
1 0.5 0.525 0.109375 0.11015625
1 0.13671875 0.0796875 0.109375 0.11015625
1 0.1421875 0.190625 0.09765625 0.0984375
1 0.2234375 0.13984375 0.11015625 0.11015625
1 0.325 0.09453125 0.11015625 0.11015625
1 0.409375 0.1421875 0.109375 0.11015625
3 0.41640625 0.25546875 0.11015625 0.11015625
1 0.42109375 0.35625 0.08515625 0.08671875
1 0.41328125 0.4828125 0.11015625 0.11015625
1 0.32109375 0.209375 0.11015625 0.11015625
1 0.3171875 0.31171875 0.11015625 0.11015625
1 0.3203125 0.4234375 0.09765625 0.0984375
1 0.23046875 0.253125 0.109375 0.11015625
1 0.2296875 0.36953125 0.09765625 0.0984375
1 0.2265625 0.4796875 0.109375 0.11015625
1 0.13984375 0.31953125 0.09765625 0.0984375
1 0.140625 0.41015625 0.09765625 0.09765625