2 0.046875 0.775 0.0484375 0.05
2 0.14140625 0.853125 0.0484375 0.05
2 0.13984375 0.94765625 0.0359375 0.0359375
1 0.14765625 0.06875 0.121875 0.1234375
1 0.33671875 0.07734375 0.109375 0.1109375
1 0.4296875 0.1328125 0.09765625 0.09765625
1 0.4375 0.23828125 0.09765625 0.09765625
1 0.42578125 0.3609375 0.09765625 0.09765625
1 0.4296875 0.45 0.09765625 0.0984375
1 0.32734375 0.5171875 0.09765625 0.0984375
1 0.340625 0.3984375 0.0859375 0.0859375
1 0.334375 0.29296875 0.0859375 0.0859375
1 0.3390625 0.18125 0.09765625 0.09765625
1 0.23828125 0.128125 0.09765625 0.09765625
1 0.240625 0.24765625 0.09765625 0.0984375
1 0.240625 0.3390625 0.09765625 0.0984375
1 0.23359375 0.45546875 0.09765625 0.0984375
1 0.240625 0.56171875 0.08515625 0.08671875
1 0.1453125 0.4046875 0.11015625 0.11015625
1 0.14375 0.28671875 0.09765625 0.0984375
1 0.14296875 0.18046875 0.11015625 0.11015625
1 0.05 0.1265625 0.09765625 0.0984375
1 0.146875 0.51796875 0.0609375 0.06171875
1 0.05390625 0.56875 0.0484375 0.0484375
1 0.5375 0.16796875 0.121875 0.1234375
1 0.5328125 0.28203125 0.121875 0.121875
1 0.5359375 0.384375 0.11015625 0.11015625
1 0.528125 0.51484375 0.09765625 0.0984375
1 0.42578125 0.5640625 0.0859375 0.0859375
1 0.5265625 0.62734375 0.11015625 0.11015625
1 0.61953125 0.565625 0.08515625 0.0859375
1 0.6234375 0.4640625 0.09765625 0.0984375
1 0.62109375 0.34609375 0.09765625 0.0984375
1 0.62578125 0.23671875 0.09765625 0.0984375
1 0.6265625 0.13359375 0.121875 0.1234375
1 0.721875 0.0625 0.096875 0.09765625
1 0.7125 0.17265625 0.09765625 0.09765625
1 0.73125 0.278125 0.09765625 0.0984375
1 0.721875 0.40234375 0.0859375 0.0859375
1 0.725 0.5015625 0.09765625 0.0984375
1 0.7203125 0.6234375 0.09765625 0.0984375
1 0.81484375 0.5625 0.121875 0.1234375
1 0.81171875 0.4578125 0.121875 0.1234375
1 0.81171875 0.3390625 0.121875 0.1234375
1 0.809375 0.2390625 0.11015625 0.1109375
1 0.8140625 0.12421875 0.121875 0.1234375
1 0.9109375 0.06953125 0.109375 0.11015625
1 0.91953125 0.1640625 0.121875 0.1234375
1 0.909375 0.284375 0.121875 0.1234375
1 0.9109375 0.41015625 0.121875 0.1234375
1 0.903125 0.5140625 0.11015625 0.11015625
1 0.90390625 0.625 0.121875 0.1234375
1 0.9046875 0.7296875 0.11015625 0.11015625
1 0.9015625 0.8453125 0.11015625 0.11015625
1 0.80859375 0.6765625 0.109375 0.11015625
1 0.8046875 0.77421875 0.09765625 0.0984375
1 0.815625 0.88828125 0.09765625 0.0984375
1 0.71015625 0.7296875 0.09765625 0.0984375
1 0.71171875 0.83359375 0.09765625 0.0984375
1 0.6203125 0.6703125 0.08515625 0.08671875
2 0.5109375 0.72734375 0.0484375 0.05
1 0.4296875 0.68515625 0.09765625 0.0984375
1 0.053125 0.675 0.0359375 0.0375
1 0.15546875 0.62109375 0.0359375 0.0375
2 0.0515625 0.88125 0.0484375 0.05
1 0.2234375 0.7984375 0.0484375 0.0484375
1 0.2359375 0.67890625 0.0484375 0.0484375
1 0.31875 0.70703125 0.0375 0.0375
2 0.309375 0.8546875 0.0375 0.0375
2 0.4578125 0.81171875 0.0375 0.0375
2 0.50859375 0.9375 0.0359375 0.0375
2 0.61640625 0.79296875 0.0375 0.0375
2 0.2125 0.89921875 0.0359375 0.0375
1 0.33515625 0.62578125 0.09765625 0.09765625