2 0.5796875 0.83671875 0.0734375 0.07421875
2 0.94921875 0.81796875 0.0484375 0.05
2 0.86328125 0.83046875 0.0609375 0.06171875
2 0.94921875 0.9421875 0.0609375 0.06171875
2 0.8671875 0.925 0.0609375 0.06171875
2 0.58359375 0.9484375 0.0734375 0.07421875
2 0.40625 0.27890625 0.0609375 0.06171875
2 0.1125 0.42890625 0.0859375 0.0859375
2 0.30859375 0.35625 0.0609375 0.06171875
2 0.30703125 0.4578125 0.0734375 0.07421875
2 0.21171875 0.28046875 0.0484375 0.0484375
2 0.1984375 0.93671875 0.0484375 0.05
2 0.4046875 0.9421875 0.0359375 0.0375
2 0.7046875 0.72578125 0.06171875 0.06171875
2 0.690625 0.0828125 0.0484375 0.0484375
2 0.5921875 0.17265625 0.06171875 0.06171875
2 0.50078125 0.12734375 0.06171875 0.06171875
2 0.85859375 0.6 0.06171875 0.06171875
2 0.784375 0.40703125 0.0609375 0.06171875
2 0.5890625 0.7328125 0.0484375 0.0484375
2 0.6921875 0.5328125 0.0484375 0.05
2 0.87578125 0.50546875 0.0609375 0.06171875
2 0.78984375 0.0734375 0.0359375 0.0375
2 0.59453125 0.403125 0.06171875 0.06171875
2 0.87109375 0.04765625 0.0375 0.0375
2 0.78203125 0.17890625 0.0484375 0.0484375
2 0.690625 0.4171875 0.0484375 0.05
2 0.51484375 0.34140625 0.0484375 0.05
1 0.40703125 0.0484375 0.0859375 0.0859375
1 0.31796875 0.10546875 0.121875 0.1234375
1 0.2140625 0.0578125 0.11015625 0.11015625
1 0.11796875 0.1296875 0.0859375 0.08671875
1 0.11171875 0.22265625 0.08515625 0.0859375
1 0.1109375 0.33671875 0.09765625 0.0984375
2 0.9734375 0.1578125 0.0484375 0.0484375
2 0.86484375 0.16875 0.0359375 0.0375
2 0.8765625 0.2953125 0.0359375 0.0375
2 0.87578125 0.378125 0.0484375 0.0484375
2 0.78125 0.28828125 0.0375 0.0375
2 0.68359375 0.3390625 0.0484375 0.0484375
2 0.68671875 0.234375 0.0375 0.0375
2 0.59375 0.078125 0.0484375 0.0484375
2 0.5890625 0.2859375 0.0484375 0.05
2 0.515625 0.4328125 0.0484375 0.05
1 0.5109375 0.24140625 0.06171875 0.06171875
2 0.39765625 0.16640625 0.0484375 0.05
2 0.3125 0.22890625 0.0609375 0.06171875
2 0.3109375 0.55390625 0.02421875 0.025
2 0.4125 0.4984375 0.0484375 0.0484375
2 0.40625 0.38046875 0.0484375 0.05
2 0.58984375 0.5046875 0.0484375 0.05
2 0.7828125 0.5046875 0.0484375 0.05
2 0.9578125 0.5859375 0.0359375 0.0375
2 0.953125 0.7140625 0.0484375 0.05
2 0.8671875 0.7125 0.0484375 0.05
2 0.7875 0.68984375 0.0484375 0.05
2 0.78203125 0.79375 0.06171875 0.06171875
2 0.78515625 0.87421875 0.0484375 0.0484375
2 0.7875 0.95625 0.0484375 0.0484375
2 0.6953125 0.89375 0.0484375 0.0484375
2 0.7 0.80078125 0.0484375 0.0484375
2 0.696875 0.63359375 0.0484375 0.05
2 0.58515625 0.61796875 0.0484375 0.0484375
2 0.5109375 0.66171875 0.02421875 0.02421875
2 0.51640625 0.78671875 0.02421875 0.02421875
2 0.51796875 0.9015625 0.02421875 0.025
2 0.4015625 0.82890625 0.02421875 0.02421875
2 0.4015625 0.590625 0.02421875 0.02421875
2 0.09921875 0.9796875 0.02421875 0.02421875
2 0.20625 0.50390625 0.0484375 0.0484375
2 0.209375 0.615625 0.0484375 0.0484375
2 0.103125 0.86796875 0.0375 0.0359375
2 0.10859375 0.75078125 0.0484375 0.0484375
2 0.10859375 0.646875 0.0484375 0.0484375
2 0.115625 0.53515625 0.0484375 0.0484375
3 0.2125 0.1828125 0.0484375 0.0484375
2 0.2140625 0.39296875 0.02421875 0.02421875
2 0.31015625 0.775 0.02421875 0.02421875
2 0.19375 0.8625 0.0359375 0.0375