2 0.4796875 0.69609375 0.0609375 0.06171875
2 0.5609375 0.76484375 0.08515625 0.0859375
2 0.4859375 0.91328125 0.0484375 0.0484375
2 0.4859375 0.803125 0.06171875 0.06171875
2 0.478125 0.4671875 0.0484375 0.0484375
2 0.303125 0.48359375 0.0484375 0.0484375
2 0.19375 0.4296875 0.0484375 0.0484375
2 0.30078125 0.5984375 0.0484375 0.05
2 0.10234375 0.471875 0.0484375 0.0484375
2 0.10859375 0.59140625 0.06171875 0.06171875
2 0.18828125 0.6421875 0.0484375 0.0484375
2 0.38359375 0.76328125 0.06171875 0.06171875
2 0.3828125 0.65078125 0.0484375 0.05
2 0.4734375 0.2546875 0.0484375 0.05
2 0.303125 0.03984375 0.0609375 0.06171875
2 0.0984375 0.1453125 0.0484375 0.05
2 0.30078125 0.2671875 0.0484375 0.05
2 0.19609375 0.09609375 0.0734375 0.0734375
2 0.38359375 0.2046875 0.06171875 0.06171875
2 0.1953125 0.3125 0.0484375 0.0484375
2 0.6609375 0.9234375 0.0484375 0.0484375
1 0.95 0.30390625 0.09765625 0.09765625
1 0.9359375 0.4234375 0.09765625 0.09765625
1 0.7671875 0.08203125 0.11015625 0.1109375
1 0.6734375 0.1328125 0.121875 0.1234375
1 0.5703125 0.19765625 0.109375 0.11015625
1 0.6640625 0.240625 0.09765625 0.0984375
1 0.7609375 0.190625 0.09765625 0.09765625
1 0.57890625 0.3015625 0.109375 0.11015625
1 0.57578125 0.4203125 0.08515625 0.0859375
1 0.6703125 0.365625 0.09765625 0.0984375
1 0.75703125 0.303125 0.11015625 0.11015625
1 0.75625 0.4171875 0.11015625 0.11015625
1 0.85859375 0.36015625 0.121875 0.1234375
1 0.8609375 0.253125 0.121875 0.1234375
2 0.4734375 0.1296875 0.0484375 0.0484375
1 0.946875 0.6546875 0.09765625 0.0984375
1 0.75859375 0.52421875 0.121875 0.1234375
1 0.8609375 0.59609375 0.09765625 0.0984375
1 0.8625 0.4734375 0.121875 0.1234375
1 0.86484375 0.69921875 0.11015625 0.1109375
1 0.75859375 0.64453125 0.109375 0.1109375
1 0.66875 0.69921875 0.109375 0.1109375
1 0.66484375 0.5859375 0.109375 0.1109375
1 0.66796875 0.471875 0.109375 0.1109375
1 0.57734375 0.52734375 0.09765625 0.09765625
1 0.565625 0.65 0.09765625 0.09765625
1 0.65859375 0.790625 0.08515625 0.0859375
1 0.753125 0.753125 0.11015625 0.11015625
1 0.85234375 0.81796875 0.109375 0.11015625
1 0.85234375 0.92734375 0.109375 0.11015625
1 0.940625 0.753125 0.11015625 0.11015625
2 0.47265625 0.0328125 0.0484375 0.0484375
2 0.39140625 0.09296875 0.0484375 0.05
2 0.3109375 0.13359375 0.02421875 0.02421875
2 0.196875 0.2046875 0.0375 0.0375
2 0.38671875 0.315625 0.0484375 0.0484375
2 0.4734375 0.35703125 0.02421875 0.02421875
2 0.46796875 0.5828125 0.0484375 0.0484375
2 0.38359375 0.553125 0.0375 0.0375
2 0.3859375 0.4265625 0.0484375 0.0484375
2 0.3 0.3703125 0.02421875 0.02421875
2 0.1234375 0.70859375 0.0484375 0.05
2 0.10390625 0.3640625 0.02421875 0.02421875
2 0.10390625 0.25078125 0.02421875 0.02421875
2 0.57109375 0.85390625 0.0609375 0.06171875
2 0.18359375 0.74296875 0.0484375 0.05
2 0.1859375 0.86953125 0.02421875 0.02421875
2 0.75625 0.86640625 0.0484375 0.0484375
2 0.75703125 0.9671875 0.0484375 0.0484375