2 0.75078125 0.1578125 0.06171875 0.06171875
2 0.84296875 0.2359375 0.0484375 0.0484375
2 0.84765625 0.11796875 0.0484375 0.05
2 0.58984375 0.13984375 0.0609375 0.06171875
2 0.23125 0.1484375 0.0484375 0.0484375
2 0.3109375 0.2140625 0.0484375 0.0484375
2 0.49375 0.19765625 0.06171875 0.06171875
2 0.940625 0.1671875 0.0484375 0.05
2 0.31328125 0.0890625 0.0609375 0.06171875
2 0.95234375 0.04453125 0.0734375 0.0734375
2 0.23359375 0.053125 0.0609375 0.06171875
2 0.5828125 0.0421875 0.0484375 0.0484375
2 0.11875 0.18203125 0.0484375 0.05
2 0.1234375 0.08515625 0.0484375 0.05
2 0.028125 0.22421875 0.0484375 0.05
2 0.58828125 0.3703125 0.06171875 0.06171875
2 0.48984375 0.30390625 0.06171875 0.06171875
2 0.84140625 0.440625 0.0734375 0.07421875
2 0.7515625 0.371875 0.06171875 0.06171875
2 0.59453125 0.27421875 0.0609375 0.0609375
2 0.5875 0.465625 0.06171875 0.06171875
2 0.9390625 0.3859375 0.0484375 0.0484375
2 0.94453125 0.278125 0.0484375 0.05
2 0.659375 0.428125 0.0734375 0.07421875
2 0.74921875 0.25859375 0.0484375 0.0484375
2 0.66015625 0.3015625 0.0609375 0.0609375
2 0.84765625 0.33125 0.0609375 0.06171875
1 0.93125 0.85546875 0.121875 0.1234375
1 0.84453125 0.92265625 0.121875 0.1234375
1 0.83828125 0.84453125 0.121875 0.1234375
1 0.74375 0.746875 0.11015625 0.1109375
1 0.74453125 0.8640625 0.121875 0.1234375
1 0.66484375 0.90234375 0.08515625 0.0859375
1 0.66328125 0.80546875 0.08515625 0.0859375
1 0.56171875 0.853125 0.09765625 0.09765625
1 0.4734375 0.7984375 0.121875 0.1234375
1 0.46796875 0.9171875 0.121875 0.1234375
1 0.384375 0.853125 0.121875 0.1234375
1 0.28125 0.91171875 0.09765625 0.0984375
1 0.2765625 0.7921875 0.08515625 0.0859375
1 0.19921875 0.84765625 0.0859375 0.0859375
1 0.09453125 0.9015625 0.0859375 0.0859375
2 0.9453125 0.46484375 0.0484375 0.0484375
2 0.753125 0.078125 0.0359375 0.0375
2 0.6671875 0.0875 0.0484375 0.0484375
2 0.6765625 0.2 0.0375 0.0375
2 0.5015625 0.096875 0.0484375 0.0484375
2 0.41875 0.15234375 0.0484375 0.0484375
2 0.4140625 0.25078125 0.0609375 0.06171875
2 0.225 0.253125 0.02421875 0.02421875
2 0.43046875 0.0359375 0.02421875 0.02421875
2 0.13203125 0.28671875 0.02421875 0.02421875