2 0.08125 0.35859375 0.08515625 0.0859375
1 0.07109375 0.89140625 0.11015625 0.1109375
2 0.39296875 0.5140625 0.08515625 0.0859375
1 0.94140625 0.309375 0.09765625 0.09765625
1 0.93984375 0.4296875 0.08515625 0.0859375
1 0.9390625 0.53359375 0.09765625 0.0984375
1 0.934375 0.64140625 0.09765625 0.0984375
1 0.93125 0.7390625 0.09765625 0.0984375
1 0.93828125 0.865625 0.121875 0.1234375
1 0.834375 0.91484375 0.121875 0.121875
1 0.8421875 0.80546875 0.121875 0.121875
1 0.840625 0.69453125 0.121875 0.1234375
1 0.853125 0.2546875 0.121875 0.1234375
1 0.8484375 0.3734375 0.121875 0.1234375
1 0.84921875 0.4828125 0.121875 0.1234375
1 0.853125 0.59453125 0.121875 0.1234375
1 0.7640625 0.309375 0.121875 0.1234375
1 0.759375 0.43125 0.121875 0.1234375
1 0.75234375 0.53203125 0.121875 0.1234375
1 0.753125 0.6421875 0.121875 0.1234375
1 0.74921875 0.7484375 0.121875 0.1234375
1 0.7375 0.8609375 0.11015625 0.11015625
1 0.646875 0.9234375 0.0734375 0.0734375
1 0.65546875 0.78984375 0.109375 0.11015625
1 0.659375 0.68515625 0.109375 0.11015625
1 0.659375 0.58671875 0.109375 0.11015625
1 0.66328125 0.4796875 0.121875 0.1234375
1 0.6609375 0.36796875 0.09765625 0.0984375
1 0.65703125 0.2484375 0.08515625 0.0859375
1 0.57890625 0.30390625 0.0859375 0.0859375
1 0.57265625 0.4203125 0.08515625 0.0859375
1 0.5640625 0.525 0.09765625 0.09765625
1 0.559375 0.6421875 0.09765625 0.0984375
1 0.55859375 0.746875 0.09765625 0.0984375
1 0.4625 0.79453125 0.08515625 0.08671875
1 0.475 0.3578125 0.0859375 0.0859375
1 0.471875 0.46796875 0.0859375 0.0859375
1 0.4640625 0.5875 0.0859375 0.0859375
1 0.390625 0.39140625 0.09765625 0.0984375
1 0.38671875 0.3 0.09765625 0.0984375
1 0.278125 0.31875 0.0859375 0.0859375
1 0.08125 0.5578125 0.121875 0.1234375
3 0.07734375 0.67734375 0.11015625 0.11015625
1 0.07578125 0.7859375 0.121875 0.1234375
1 0.17578125 0.62890625 0.109375 0.1109375
1 0.175 0.7296875 0.121875 0.1234375
1 0.17421875 0.8421875 0.121875 0.121875
1 0.25703125 0.89921875 0.121875 0.1234375
1 0.26875 0.78359375 0.09765625 0.0984375
1 0.2703125 0.6796875 0.08515625 0.0859375
1 0.26484375 0.57734375 0.08515625 0.0859375
1 0.36875 0.85703125 0.09765625 0.0984375
1 0.45859375 0.92421875 0.11015625 0.11015625
0 0.3875 0.72578125 0.0734375 0.07421875