2 0.2953125 0.92734375 0.0609375 0.06171875
2 0.10078125 0.92890625 0.0484375 0.0484375
2 0.57890625 0.73125 0.0484375 0.0484375
2 0.48125 0.82109375 0.06171875 0.06171875
2 0.3890625 0.77578125 0.06171875 0.06171875
2 0.9484375 0.76640625 0.0375 0.0375
2 0.678125 0.721875 0.0359375 0.0375
2 0.759375 0.69609375 0.0375 0.0375
2 0.67109375 0.82734375 0.0484375 0.0484375
2 0.86015625 0.5875 0.0734375 0.0734375
2 0.9390625 0.4125 0.06171875 0.06171875
2 0.8609375 0.49453125 0.0484375 0.05
2 0.9484375 0.3171875 0.06171875 0.06171875
1 0.1 0.16015625 0.121875 0.1234375
1 0.0984375 0.278125 0.109375 0.11015625
1 0.20546875 0.20390625 0.121875 0.1234375
1 0.1984375 0.10859375 0.121875 0.1234375
1 0.28671875 0.15546875 0.121875 0.1234375
1 0.2828125 0.2734375 0.121875 0.1234375
1 0.38203125 0.225 0.121875 0.1234375
1 0.38203125 0.11015625 0.121875 0.1234375
1 0.4859375 0.15625 0.121875 0.1234375
1 0.48515625 0.26953125 0.121875 0.1234375
1 0.57890625 0.23671875 0.121875 0.121875
1 0.590625 0.11875 0.09765625 0.0984375
1 0.6765625 0.16796875 0.121875 0.1234375
1 0.7609375 0.21796875 0.121875 0.1234375
1 0.76875 0.10625 0.121875 0.1234375
1 0.86015625 0.06953125 0.121875 0.1234375
1 0.85859375 0.16953125 0.09765625 0.0984375
1 0.8703125 0.284375 0.121875 0.1234375
1 0.6671875 0.25703125 0.08515625 0.08671875
1 0.86328125 0.38203125 0.109375 0.11015625
1 0.76953125 0.31875 0.109375 0.11015625
1 0.76875 0.42109375 0.11015625 0.11015625
1 0.76328125 0.59609375 0.121875 0.121875
1 0.6640625 0.6078125 0.09765625 0.0984375
1 0.6609375 0.50546875 0.11015625 0.11015625
1 0.6703125 0.378125 0.09765625 0.0984375
1 0.57109375 0.37734375 0.09765625 0.0984375
1 0.571875 0.5171875 0.121875 0.1234375
1 0.57109375 0.6515625 0.109375 0.11015625
1 0.48359375 0.38046875 0.09765625 0.0984375
1 0.48203125 0.484375 0.121875 0.1234375
1 0.4828125 0.60234375 0.09765625 0.0984375
1 0.3875 0.6703125 0.11015625 0.1109375
1 0.37421875 0.32890625 0.09765625 0.0984375
1 0.3859375 0.4421875 0.09765625 0.0984375
1 0.378125 0.54765625 0.09765625 0.09765625
1 0.28984375 0.3765625 0.09765625 0.0984375
1 0.29296875 0.48828125 0.09765625 0.09765625
1 0.28984375 0.6015625 0.109375 0.1109375
1 0.29609375 0.696875 0.0859375 0.0859375
1 0.21328125 0.38203125 0.121875 0.1234375
1 0.20234375 0.5234375 0.109375 0.1109375
1 0.1984375 0.6453125 0.121875 0.1234375
1 0.20625 0.75390625 0.121875 0.1234375
1 0.09765625 0.37109375 0.09765625 0.09765625
1 0.10625 0.4765625 0.09765625 0.09765625
1 0.10078125 0.60390625 0.09765625 0.0984375
1 0.103125 0.70625 0.11015625 0.11015625
2 0.9390625 0.53359375 0.0359375 0.0359375
2 0.94296875 0.64140625 0.0359375 0.0359375
2 0.94140625 0.865625 0.0375 0.0375
2 0.8625 0.80625 0.0484375 0.0484375
2 0.753125 0.8171875 0.0359375 0.0375
2 0.76484375 0.94375 0.0359375 0.0375
2 0.85859375 0.91953125 0.0609375 0.06171875
2 0.6703125 0.93671875 0.0375 0.0375
2 0.575 0.8828125 0.0375 0.0375
2 0.4828125 0.7265625 0.0484375 0.0484375
2 0.47734375 0.934375 0.0484375 0.05
1 0.4 0.88984375 0.06171875 0.06171875
2 0.2859375 0.81484375 0.0484375 0.05
2 0.2015625 0.87734375 0.0609375 0.06171875
3 0.1015625 0.83125 0.0484375 0.0484375