2 0.2125 0.9421875 0.06171875 0.06171875
2 0.96796875 0.9515625 0.0484375 0.0484375
3 0.87421875 0.12421875 0.109375 0.11015625
1 0.8734375 0.2375 0.109375 0.11015625
1 0.78203125 0.28984375 0.109375 0.11015625
1 0.78203125 0.16875 0.109375 0.11015625
1 0.7890625 0.06875 0.109375 0.11015625
1 0.68046875 0.128125 0.11015625 0.11015625
1 0.67421875 0.23203125 0.11015625 0.11015625
1 0.58828125 0.29140625 0.11015625 0.11015625
1 0.57890625 0.178125 0.11015625 0.11015625
1 0.58828125 0.06484375 0.11015625 0.11015625
1 0.49375 0.1296875 0.0734375 0.0734375
1 0.49375 0.2359375 0.09765625 0.0984375
1 0.4 0.296875 0.09765625 0.09765625
2 0.32109375 0.24375 0.0359375 0.0375
1 0.403125 0.0546875 0.0859375 0.0859375
1 0.4015625 0.1796875 0.0859375 0.0859375
1 0.21796875 0.09921875 0.11015625 0.11015625
1 0.12578125 0.11328125 0.109375 0.1109375
1 0.1296875 0.234375 0.121875 0.1234375
1 0.128125 0.328125 0.121875 0.1234375
1 0.88125 0.34453125 0.109375 0.11015625
1 0.684375 0.340625 0.11015625 0.11015625
1 0.5859375 0.4046875 0.109375 0.11015625
1 0.48203125 0.353125 0.121875 0.1234375
1 0.39375 0.415625 0.0734375 0.07421875
1 0.4890625 0.4546875 0.109375 0.11015625
1 0.78984375 0.40859375 0.11015625 0.11015625
1 0.1234375 0.4546875 0.121875 0.1234375
1 0.12734375 0.553125 0.121875 0.1234375
1 0.1234375 0.69453125 0.121875 0.1234375
1 0.121875 0.79453125 0.09765625 0.0984375
1 0.134375 0.909375 0.121875 0.1234375
1 0.4890625 0.55390625 0.08515625 0.0859375
1 0.475 0.665625 0.121875 0.1234375
1 0.48359375 0.78984375 0.09765625 0.0984375
1 0.58203125 0.509375 0.109375 0.11015625
1 0.584375 0.621875 0.09765625 0.0984375
1 0.584375 0.73671875 0.109375 0.11015625
1 0.57734375 0.83828125 0.11015625 0.11015625
1 0.67890625 0.45234375 0.11015625 0.11015625
1 0.67890625 0.56328125 0.11015625 0.11015625
1 0.68203125 0.68046875 0.121875 0.121875
1 0.6796875 0.78984375 0.09765625 0.0984375
1 0.775 0.50234375 0.11015625 0.11015625
1 0.7671875 0.621875 0.09765625 0.0984375
1 0.76953125 0.7359375 0.09765625 0.0984375
1 0.7671875 0.84609375 0.09765625 0.0984375
1 0.86640625 0.4546875 0.109375 0.1109375
1 0.86796875 0.56484375 0.109375 0.11015625
1 0.87578125 0.6796875 0.121875 0.1234375
1 0.8859375 0.7859375 0.11015625 0.11015625
1 0.675 0.92109375 0.09765625 0.0984375
1 0.58359375 0.946875 0.08515625 0.0859375
2 0.875 0.9046875 0.0484375 0.0484375
1 0.7734375 0.95078125 0.0375 0.0359375
2 0.48828125 0.88984375 0.0375 0.0359375
2 0.3859375 0.87109375 0.0359375 0.0375
2 0.30625 0.896875 0.0375 0.0375
2 0.3078125 0.78046875 0.0375 0.0375