2 0.1078125 0.7 0.08515625 0.0859375
2 0.0328125 0.8484375 0.0484375 0.0484375
2 0.1078125 0.9109375 0.0484375 0.0484375
2 0.0328125 0.7390625 0.06171875 0.06171875
2 0.025 0.40234375 0.0484375 0.0484375
2 0.20703125 0.965625 0.0484375 0.0484375
2 0.2078125 0.859375 0.0484375 0.0484375
1 0.871875 0.14140625 0.109375 0.11015625
1 0.87890625 0.25625 0.109375 0.11015625
1 0.78828125 0.0796875 0.109375 0.11015625
1 0.7859375 0.19296875 0.109375 0.11015625
1 0.69609375 0.14296875 0.11015625 0.11015625
1 0.68984375 0.253125 0.11015625 0.11015625
1 0.59296875 0.0875 0.09765625 0.0984375
1 0.49921875 0.1328125 0.09765625 0.09765625
1 0.496875 0.2390625 0.09765625 0.09765625
1 0.4828125 0.359375 0.09765625 0.09765625
1 0.59140625 0.1890625 0.11015625 0.11015625
1 0.5921875 0.30859375 0.109375 0.1109375
1 0.6890625 0.35859375 0.11015625 0.11015625
1 0.78046875 0.303125 0.11015625 0.11015625
1 0.88203125 0.36640625 0.109375 0.11015625
1 0.2203125 0.06875 0.121875 0.1234375
1 0.1171875 0.13359375 0.109375 0.11015625
1 0.2109375 0.1765625 0.09765625 0.0984375
1 0.3078125 0.12578125 0.09765625 0.09765625
1 0.12578125 0.23671875 0.109375 0.11015625
1 0.12265625 0.35546875 0.08515625 0.0859375
1 0.2171875 0.3015625 0.09765625 0.0984375
1 0.30390625 0.2390625 0.11015625 0.11015625
1 0.303125 0.353125 0.11015625 0.11015625
1 0.40546875 0.29609375 0.121875 0.1234375
1 0.4078125 0.18828125 0.121875 0.1234375
1 0.87421875 0.48125 0.109375 0.11015625
1 0.88359375 0.590625 0.11015625 0.11015625
1 0.77890625 0.63515625 0.11015625 0.11015625
1 0.78046875 0.52421875 0.09765625 0.0984375
1 0.784375 0.415625 0.11015625 0.11015625
1 0.6828125 0.459375 0.11015625 0.11015625
1 0.69140625 0.565625 0.109375 0.11015625
1 0.5890625 0.53125 0.121875 0.1234375
1 0.6 0.41875 0.109375 0.11015625
1 0.59921875 0.6390625 0.121875 0.1234375
1 0.49375 0.590625 0.09765625 0.0984375
1 0.496875 0.47109375 0.109375 0.11015625
1 0.30546875 0.46015625 0.121875 0.1234375
1 0.4078125 0.53203125 0.09765625 0.0984375
1 0.409375 0.409375 0.121875 0.1234375
1 0.41171875 0.634375 0.11015625 0.1109375
1 0.30546875 0.5796875 0.109375 0.1109375
1 0.215625 0.634375 0.109375 0.1109375
1 0.21171875 0.521875 0.109375 0.1109375
1 0.21484375 0.40703125 0.109375 0.1109375
1 0.12421875 0.4625 0.09765625 0.09765625
1 0.1125 0.5859375 0.09765625 0.09765625
1 0.20546875 0.7265625 0.08515625 0.0859375
1 0.3 0.6890625 0.11015625 0.11015625
1 0.39921875 0.753125 0.109375 0.11015625
1 0.39921875 0.8625 0.109375 0.11015625
1 0.49375 0.9109375 0.109375 0.11015625
1 0.50078125 0.7984375 0.109375 0.11015625
1 0.4875 0.6890625 0.11015625 0.11015625
1 0.584375 0.74375 0.121875 0.1234375
1 0.59453125 0.84609375 0.11015625 0.11015625
1 0.6828125 0.9125 0.11015625 0.11015625
1 0.67734375 0.8171875 0.11015625 0.11015625
1 0.6828125 0.6890625 0.109375 0.1109375
1 0.78046875 0.7484375 0.109375 0.1109375
1 0.78203125 0.85703125 0.109375 0.11015625
1 0.8734375 0.92109375 0.109375 0.1109375
1 0.8703125 0.80078125 0.09765625 0.09765625
1 0.87421875 0.68828125 0.11015625 0.1109375
2 0.0203125 0.2921875 0.02421875 0.02421875
2 0.11796875 0.78984375 0.0609375 0.06171875
2 0.303125 0.8015625 0.0484375 0.0484375
2 0.30390625 0.90234375 0.0484375 0.0484375