2 0.475 0.8375 0.0484375 0.0484375
2 0.2984375 0.8546875 0.0484375 0.0484375
2 0.1890625 0.80078125 0.0484375 0.0484375
2 0.296875 0.96953125 0.0484375 0.05
2 0.0984375 0.84296875 0.0484375 0.0484375
2 0.1046875 0.9625 0.06171875 0.06171875
2 0.46953125 0.62578125 0.0484375 0.05
2 0.2984375 0.4109375 0.0609375 0.06171875
2 0.09453125 0.51640625 0.0484375 0.05
2 0.296875 0.63828125 0.0484375 0.05
2 0.1921875 0.4671875 0.0734375 0.0734375
2 0.3796875 0.57578125 0.06171875 0.06171875
2 0.09453125 0.4015625 0.0609375 0.06171875
2 0.3859375 0.3578125 0.0484375 0.0484375
2 0.19140625 0.68359375 0.0484375 0.0484375
1 0.1 0.08671875 0.121875 0.121875
1 0.09765625 0.19609375 0.09765625 0.0984375
1 0.1875 0.1421875 0.09765625 0.0984375
1 0.1859375 0.25234375 0.09765625 0.0984375
1 0.29375 0.0859375 0.121875 0.1234375
1 0.30390625 0.1921875 0.11015625 0.11015625
1 0.3875 0.14375 0.121875 0.1234375
1 0.471875 0.0734375 0.121875 0.1234375
1 0.478125 0.1921875 0.109375 0.11015625
1 0.56953125 0.24296875 0.11015625 0.11015625
1 0.565625 0.1265625 0.11015625 0.1109375
1 0.66875 0.096875 0.121875 0.1234375
1 0.6765625 0.1875 0.11015625 0.1109375
1 0.7578125 0.13359375 0.109375 0.11015625
1 0.76640625 0.2296875 0.121875 0.1234375
1 0.8625 0.1171875 0.121875 0.1234375
1 0.86640625 0.21875 0.121875 0.1234375
1 0.95 0.45625 0.09765625 0.0984375
1 0.9484375 0.56875 0.09765625 0.09765625
1 0.94609375 0.675 0.09765625 0.09765625
1 0.93125 0.7953125 0.09765625 0.09765625
1 0.8484375 0.42109375 0.121875 0.1234375
1 0.76328125 0.453125 0.11015625 0.1109375
1 0.66953125 0.50390625 0.121875 0.1234375
1 0.56640625 0.56875 0.109375 0.11015625
1 0.66015625 0.61171875 0.09765625 0.0984375
1 0.75703125 0.56171875 0.09765625 0.09765625
1 0.575 0.67265625 0.109375 0.11015625
1 0.571875 0.790625 0.08515625 0.0859375
1 0.665625 0.73671875 0.09765625 0.0984375
1 0.753125 0.67421875 0.11015625 0.11015625
1 0.75234375 0.78828125 0.11015625 0.11015625
1 0.8546875 0.73125 0.121875 0.1234375
1 0.85703125 0.62421875 0.121875 0.1234375
2 0.46953125 0.50078125 0.0484375 0.0484375
1 0.09296875 0.32734375 0.09765625 0.0984375
1 0.7546875 0.8953125 0.121875 0.1234375
1 0.85859375 0.84453125 0.121875 0.1234375
1 0.6640625 0.84296875 0.109375 0.1109375
1 0.5734375 0.8984375 0.09765625 0.09765625
2 0.47265625 0.29609375 0.0484375 0.0484375
2 0.46875 0.4046875 0.0484375 0.0484375
2 0.3875 0.4640625 0.0484375 0.05
2 0.30703125 0.5046875 0.02421875 0.02421875
2 0.29296875 0.3109375 0.0484375 0.0484375
2 0.39375 0.24296875 0.0484375 0.0484375
1 0.19140625 0.35703125 0.0375 0.0359375
2 0.19375 0.5765625 0.0375 0.0375
2 0.3828125 0.68671875 0.0484375 0.0484375
2 0.46953125 0.728125 0.02421875 0.02421875
2 0.4640625 0.95390625 0.0484375 0.0484375
2 0.3796875 0.9234375 0.0375 0.0375
2 0.38203125 0.79765625 0.0484375 0.0484375
2 0.29609375 0.74140625 0.02421875 0.02421875
2 0.1 0.73515625 0.02421875 0.02421875
2 0.1 0.621875 0.02421875 0.02421875