2 0.6765625 0.37265625 0.06171875 0.06171875
2 0.665625 0.259375 0.06171875 0.06171875
2 0.4703125 0.4875 0.0609375 0.06171875
2 0.290625 0.48359375 0.0734375 0.07421875
2 0.3875 0.3296875 0.06171875 0.06171875
2 0.19609375 0.4046875 0.0734375 0.07421875
2 0.36640625 0.53515625 0.0484375 0.0484375
2 0.46953125 0.38984375 0.0609375 0.06171875
2 0.28671875 0.2609375 0.0734375 0.07421875
2 0.0921875 0.46953125 0.0484375 0.0484375
2 0.19375 0.5328125 0.0734375 0.0734375
2 0.096875 0.3609375 0.0609375 0.06171875
2 0.3765625 0.434375 0.06171875 0.0609375
2 0.196875 0.30390625 0.0609375 0.06171875
2 0.096875 0.0328125 0.0609375 0.06171875
2 0.2140625 0.06484375 0.0609375 0.06171875
2 0.09453125 0.15 0.0609375 0.06171875
2 0.0984375 0.25859375 0.0609375 0.06171875
2 0.29453125 0.36015625 0.0734375 0.07421875
2 0.653125 0.71953125 0.0734375 0.07421875
2 0.36484375 0.74921875 0.06171875 0.06171875
2 0.46484375 0.69453125 0.0484375 0.0484375
2 0.19609375 0.6421875 0.06171875 0.06171875
2 0.3640625 0.646875 0.06171875 0.06171875
2 0.090625 0.59140625 0.06171875 0.06171875
2 0.5625 0.6625 0.0484375 0.0484375
2 0.771875 0.10234375 0.06171875 0.06171875
2 0.77265625 0.21015625 0.0609375 0.06171875
2 0.7609375 0.44296875 0.06171875 0.06171875
2 0.7609375 0.5453125 0.06171875 0.06171875
2 0.95625 0.5328125 0.0609375 0.06171875
2 0.7546875 0.771875 0.06171875 0.06171875
2 0.93515625 0.709375 0.0734375 0.0734375
2 0.95625 0.603125 0.0484375 0.05
2 0.85625 0.26015625 0.0609375 0.06171875
2 0.85625 0.36875 0.0484375 0.05
2 0.85546875 0.46328125 0.0484375 0.05
2 0.8453125 0.5890625 0.0484375 0.05
2 0.85 0.70234375 0.0484375 0.0484375
2 0.7546875 0.65703125 0.06171875 0.06171875
2 0.7734375 0.33125 0.0484375 0.05
2 0.575 0.32109375 0.0375 0.0375
2 0.5640625 0.4265625 0.0484375 0.0484375
2 0.565625 0.55390625 0.0375 0.0375
2 0.4625 0.603125 0.0359375 0.0375
1 0.2828125 0.5828125 0.0734375 0.07421875
2 0.28125 0.70390625 0.0375 0.0375
2 0.19453125 0.73203125 0.0484375 0.05
2 0.090625 0.77265625 0.0484375 0.05
2 0.20390625 0.19375 0.0484375 0.0484375
2 0.865625 0.04609375 0.0484375 0.0484375
2 0.86015625 0.15078125 0.06171875 0.06171875
2 0.3984375 0.0984375 0.0484375 0.0484375
2 0.475 0.2625 0.0375 0.0375
2 0.38984375 0.21171875 0.02421875 0.02421875
2 0.2875 0.15 0.0484375 0.05
2 0.28828125 0.0265625 0.02421875 0.025