2 0.31875 0.79375 0.06171875 0.06171875
1 0.1484375 0.1421875 0.09765625 0.09765625
1 0.15234375 0.23125 0.09765625 0.0984375
1 0.05 0.2984375 0.09765625 0.0984375
1 0.06328125 0.1796875 0.0859375 0.0859375
1 0.05625 0.07421875 0.0859375 0.0859375
1 0.25546875 0.06328125 0.121875 0.121875
1 0.25859375 0.165625 0.11015625 0.11015625
1 0.25078125 0.29609375 0.09765625 0.0984375
1 0.1484375 0.3453125 0.0859375 0.0859375
1 0.24921875 0.40859375 0.11015625 0.11015625
1 0.3421875 0.346875 0.08515625 0.0859375
1 0.3453125 0.2453125 0.09765625 0.0984375
1 0.34375 0.12734375 0.09765625 0.0984375
1 0.45390625 0.059375 0.09765625 0.0984375
1 0.44453125 0.18359375 0.0859375 0.0859375
1 0.446875 0.2828125 0.09765625 0.0984375
1 0.44375 0.4046875 0.09765625 0.0984375
1 0.5375 0.34375 0.121875 0.1234375
1 0.534375 0.2390625 0.121875 0.1234375
1 0.534375 0.1203125 0.121875 0.1234375
1 0.63203125 0.065625 0.121875 0.1234375
1 0.63359375 0.19140625 0.121875 0.1234375
1 0.62578125 0.2953125 0.11015625 0.11015625
1 0.6265625 0.40625 0.121875 0.1234375
1 0.7296875 0.34453125 0.109375 0.11015625
1 0.73515625 0.23515625 0.09765625 0.09765625
1 0.72578125 0.13125 0.121875 0.1234375
1 0.82890625 0.0609375 0.11015625 0.11015625
1 0.821875 0.1828125 0.121875 0.1234375
1 0.81796875 0.290625 0.121875 0.1234375
1 0.81640625 0.40859375 0.109375 0.11015625
1 0.9234375 0.33515625 0.121875 0.1234375
1 0.91640625 0.2390625 0.121875 0.1234375
1 0.91875 0.10703125 0.09765625 0.0984375
1 0.93125 0.5125 0.121875 0.1234375
1 0.9203125 0.6546875 0.109375 0.1109375
1 0.91640625 0.7765625 0.121875 0.1234375
1 0.92421875 0.884375 0.121875 0.1234375
1 0.815625 0.5015625 0.09765625 0.09765625
1 0.82421875 0.6078125 0.09765625 0.09765625
1 0.81875 0.73515625 0.09765625 0.0984375
1 0.82109375 0.8375 0.11015625 0.11015625
1 0.7296875 0.446875 0.09765625 0.09765625
1 0.728125 0.57890625 0.11015625 0.11015625
1 0.725 0.68203125 0.09765625 0.0984375
1 0.71953125 0.78828125 0.09765625 0.0984375
1 0.725 0.90859375 0.0859375 0.08671875
1 0.62734375 0.5109375 0.11015625 0.11015625
1 0.62421875 0.6265625 0.11015625 0.11015625
1 0.62421875 0.73515625 0.121875 0.121875
1 0.62421875 0.85078125 0.121875 0.121875
1 0.53125 0.4578125 0.109375 0.11015625
1 0.52734375 0.55546875 0.09765625 0.0984375
1 0.53828125 0.66953125 0.09765625 0.0984375
1 0.53515625 0.7859375 0.09765625 0.0984375
1 0.53203125 0.9109375 0.09765625 0.0984375
1 0.4328125 0.5109375 0.09765625 0.0984375
1 0.434375 0.61484375 0.09765625 0.0984375
1 0.4390625 0.7328125 0.09765625 0.0984375
1 0.34296875 0.4515625 0.08515625 0.08671875
2 0.23359375 0.50859375 0.0484375 0.05
1 0.15234375 0.46640625 0.09765625 0.0984375
3 0.81953125 0.96171875 0.0484375 0.0484375
2 0.42734375 0.96015625 0.0359375 0.0375
2 0.346875 0.89453125 0.0359375 0.0375
2 0.24375 0.94921875 0.0375 0.0375
1 0.040625 0.48828125 0.0375 0.0375
2 0.03203125 0.6359375 0.0375 0.0375
2 0.18046875 0.59296875 0.0375 0.0375
2 0.23125 0.71875 0.0359375 0.0375
2 0.3390625 0.57421875 0.0375 0.0375
2 0.14921875 0.778125 0.0375 0.0375
2 0.24375 0.81953125 0.02421875 0.02421875
2 0.09296875 0.89609375 0.0359375 0.0359375
2 0.43359375 0.8453125 0.0375 0.0375
1 0.0578125 0.40703125 0.09765625 0.09765625