2 0.49921875 0.07109375 0.0734375 0.07421875
2 0.21171875 0.10078125 0.06171875 0.06171875
2 0.31171875 0.04609375 0.0484375 0.0484375
2 0.11484375 0.5328125 0.08515625 0.0859375
2 0.19765625 0.70078125 0.0734375 0.0734375
2 0.60078125 0.1234375 0.06171875 0.06171875
2 0.78203125 0.0609375 0.0734375 0.0734375
2 0.8953125 0.04375 0.0734375 0.0734375
1 0.88671875 0.3421875 0.09765625 0.0984375
1 0.8875 0.44921875 0.0859375 0.0859375
1 0.89921875 0.546875 0.09765625 0.09765625
1 0.896875 0.659375 0.109375 0.11015625
1 0.89140625 0.76640625 0.109375 0.1109375
1 0.8890625 0.8796875 0.109375 0.1109375
1 0.7921875 0.93125 0.0859375 0.0859375
1 0.7890625 0.82265625 0.09765625 0.0984375
1 0.79296875 0.71171875 0.09765625 0.09765625
1 0.8 0.60234375 0.109375 0.1109375
1 0.79765625 0.50078125 0.09765625 0.09765625
1 0.809375 0.40546875 0.08515625 0.0859375
1 0.79765625 0.32421875 0.08515625 0.0859375
1 0.675 0.32109375 0.0859375 0.0859375
1 0.66796875 0.55703125 0.09765625 0.0984375
1 0.6765625 0.66875 0.09765625 0.09765625
1 0.67265625 0.77265625 0.09765625 0.0984375
1 0.6734375 0.86015625 0.09765625 0.0984375
1 0.58671875 0.92265625 0.11015625 0.11015625
1 0.58515625 0.81328125 0.09765625 0.0984375
1 0.57734375 0.7078125 0.09765625 0.0984375
1 0.5796875 0.61796875 0.109375 0.11015625
1 0.5796875 0.48828125 0.0859375 0.0859375
1 0.5890625 0.3796875 0.08515625 0.0859375
1 0.4953125 0.4359375 0.09765625 0.0984375
1 0.49921875 0.54765625 0.109375 0.11015625
1 0.49140625 0.65 0.09765625 0.09765625
1 0.4921875 0.7609375 0.109375 0.11015625
1 0.48671875 0.85078125 0.11015625 0.11015625
3 0.10859375 0.85546875 0.0859375 0.0859375
1 0.11328125 0.73359375 0.09765625 0.09765625
1 0.11015625 0.6125 0.08515625 0.0859375
1 0.11796875 0.428125 0.08515625 0.0859375
1 0.2015625 0.371875 0.08515625 0.0859375
1 0.19375 0.4890625 0.08515625 0.08671875
1 0.1984375 0.59375 0.08515625 0.0859375
2 0.28515625 0.84375 0.0484375 0.0484375
1 0.1921875 0.8140625 0.0859375 0.0859375
1 0.1984375 0.91796875 0.121875 0.1234375
1 0.38984375 0.8921875 0.09765625 0.0984375
1 0.38984375 0.790625 0.09765625 0.0984375
1 0.384375 0.68671875 0.09765625 0.0984375
1 0.39921875 0.58671875 0.09765625 0.0984375
1 0.403125 0.4671875 0.09765625 0.09765625
1 0.39765625 0.37578125 0.08515625 0.0859375
1 0.30546875 0.4359375 0.121875 0.1234375
1 0.3046875 0.53828125 0.09765625 0.0984375
1 0.290625 0.740625 0.08515625 0.0859375
2 0.88984375 0.13046875 0.0484375 0.05
2 0.69609375 0.05390625 0.0484375 0.0484375
2 0.128125 0.05546875 0.0375 0.0375
2 0.040625 0.08359375 0.0484375 0.05