2 0.5515625 0.0453125 0.0734375 0.07421875
2 0.92109375 0.02578125 0.0484375 0.05
2 0.83515625 0.03828125 0.0609375 0.06171875
2 0.8328125 0.72734375 0.0609375 0.06171875
2 0.475 0.73515625 0.0484375 0.0484375
2 0.55390625 0.80078125 0.0484375 0.0484375
2 0.73671875 0.784375 0.06171875 0.06171875
2 0.55625 0.6765625 0.0609375 0.06171875
2 0.48125 0.52421875 0.0484375 0.0484375
2 0.484375 0.3234375 0.0484375 0.0484375
2 0.48046875 0.43046875 0.0484375 0.0484375
2 0.4765625 0.63984375 0.0609375 0.06171875
2 0.75 0.4890625 0.0609375 0.06171875
2 0.8359375 0.246875 0.0609375 0.06171875
2 0.92109375 0.15 0.0609375 0.06171875
2 0.8390625 0.13359375 0.0609375 0.06171875
2 0.4796875 0.2078125 0.06171875 0.06171875
2 0.665625 0.30625 0.0484375 0.0484375
2 0.5546875 0.371875 0.0375 0.0375
2 0.66484375 0.2125 0.0484375 0.0484375
2 0.84296875 0.340625 0.0484375 0.0484375
2 0.7546875 0.378125 0.0609375 0.0609375
2 0.55546875 0.2578125 0.0734375 0.07421875
2 0.75859375 0.3015625 0.06171875 0.06171875
2 0.55390625 0.58828125 0.0609375 0.06171875
2 0.9109375 0.371875 0.0484375 0.0484375
2 0.8265625 0.62890625 0.0484375 0.0484375
2 0.54609375 0.48515625 0.0484375 0.0484375
2 0.7453125 0.5765625 0.0734375 0.07421875
2 0.55546875 0.15625 0.0734375 0.07421875
2 0.3625 0.76875 0.0484375 0.05
2 0.36640625 0.67265625 0.0484375 0.05
2 0.26640625 0.6109375 0.0484375 0.05
2 0.27734375 0.30390625 0.0484375 0.05
2 0.27265625 0.709375 0.06171875 0.06171875
2 0.36796875 0.25234375 0.06171875 0.06171875
2 0.165625 0.346875 0.0609375 0.06171875
2 0.271875 0.503125 0.0484375 0.0484375
2 0.16328125 0.59609375 0.0484375 0.05
2 0.1734375 0.67734375 0.0484375 0.05
2 0.1734375 0.77265625 0.0484375 0.05
2 0.0671875 0.81171875 0.0484375 0.0484375
2 0.271875 0.8109375 0.0484375 0.05
2 0.365625 0.4859375 0.0609375 0.06171875
2 0.27421875 0.403125 0.0484375 0.05
2 0.1703125 0.2671875 0.0609375 0.06171875
2 0.27421875 0.20625 0.0375 0.0375
2 0.36328125 0.36796875 0.0484375 0.05
2 0.1703125 0.1453125 0.0484375 0.05
2 0.3765625 0.15 0.0359375 0.0375
2 0.83125 0.9578125 0.06171875 0.06171875
2 0.7328125 0.89140625 0.06171875 0.06171875
2 0.8375 0.8609375 0.0609375 0.0609375
2 0.903125 0.8890625 0.0609375 0.0609375
2 0.91015625 0.675 0.0484375 0.0484375
2 0.9203125 0.7875 0.0375 0.0375
2 0.83515625 0.5359375 0.0375 0.0375
2 0.7453125 0.68359375 0.0484375 0.0484375
2 0.6625 0.7390625 0.0484375 0.0484375
2 0.65703125 0.8375 0.0609375 0.06171875
2 0.6703125 0.52734375 0.0484375 0.0484375
2 0.46796875 0.840625 0.02421875 0.02421875
2 0.365625 0.584375 0.0359375 0.0375
2 0.17578125 0.87109375 0.0484375 0.0484375
2 0.0703125 0.71015625 0.0484375 0.0484375
2 0.91015625 0.25390625 0.0375 0.0375
2 0.75703125 0.08203125 0.0484375 0.0484375
2 0.75859375 0.1640625 0.0484375 0.0484375
2 0.6671875 0.1015625 0.0484375 0.0484375
2 0.48984375 0.109375 0.02421875 0.025
2 0.3734375 0.03671875 0.02421875 0.02421875
2 0.8375 0.4421875 0.0484375 0.0484375
2 0.9140625 0.4734375 0.0375 0.0375
2 0.66640625 0.39296875 0.02421875 0.02421875
2 0.6734375 0.62265625 0.02421875 0.02421875
2 0.07109375 0.18828125 0.02421875 0.02421875
2 0.07109375 0.2953125 0.0359375 0.0375
2 0.075 0.07578125 0.0375 0.0359375
2 0.165625 0.0703125 0.0359375 0.0375
2 0.37578125 0.8734375 0.02421875 0.02421875