2 0.0625 0.0484375 0.0484375 0.0484375
2 0.81875 0.07421875 0.0734375 0.07421875
2 0.34921875 0.3859375 0.08515625 0.0859375
2 0.53046875 0.10390625 0.06171875 0.06171875
2 0.63125 0.0484375 0.0484375 0.0484375
2 0.434375 0.5359375 0.08515625 0.0859375
2 0.5171875 0.70390625 0.0734375 0.0734375
2 0.9203125 0.1265625 0.06171875 0.06171875
1 0.06171875 0.41328125 0.121875 0.1234375
1 0.90546875 0.925 0.11015625 0.11015625
1 0.9046875 0.815625 0.09765625 0.0984375
1 0.896875 0.71015625 0.09765625 0.0984375
1 0.89921875 0.6203125 0.109375 0.11015625
1 0.89921875 0.49140625 0.0859375 0.0859375
1 0.90859375 0.3828125 0.08515625 0.0859375
1 0.8140625 0.4390625 0.09765625 0.0984375
1 0.81875 0.55 0.109375 0.11015625
1 0.8109375 0.653125 0.09765625 0.09765625
1 0.81171875 0.7640625 0.109375 0.11015625
1 0.80625 0.85390625 0.11015625 0.11015625
1 0.1453125 0.37578125 0.08515625 0.0859375
1 0.14609375 0.46953125 0.121875 0.121875
1 0.1421875 0.5875 0.121875 0.1234375
1 0.1484375 0.69140625 0.0859375 0.0859375
1 0.1421875 0.80859375 0.121875 0.1234375
1 0.1390625 0.91328125 0.121875 0.1234375
1 0.23515625 0.853125 0.121875 0.121875
1 0.23984375 0.753125 0.121875 0.1234375
1 0.23671875 0.63984375 0.121875 0.1234375
1 0.2453125 0.528125 0.08515625 0.08671875
1 0.240625 0.4015625 0.08515625 0.0859375
1 0.346875 0.47578125 0.0859375 0.0859375
1 0.3515625 0.5875 0.0859375 0.0859375
1 0.33984375 0.696875 0.0859375 0.0859375
1 0.34375 0.81171875 0.0859375 0.0859375
1 0.3421875 0.928125 0.08515625 0.0859375
3 0.428125 0.85859375 0.0859375 0.0859375
1 0.4328125 0.7359375 0.09765625 0.09765625
1 0.42890625 0.615625 0.08515625 0.0859375
1 0.43671875 0.43046875 0.08515625 0.0859375
1 0.52109375 0.375 0.08515625 0.0859375
1 0.51328125 0.49140625 0.08515625 0.08671875
1 0.51796875 0.596875 0.08515625 0.0859375
2 0.6046875 0.846875 0.0484375 0.0484375
1 0.51171875 0.8171875 0.0859375 0.0859375
1 0.51796875 0.92109375 0.121875 0.1234375
1 0.709375 0.8953125 0.09765625 0.0984375
1 0.709375 0.79375 0.09765625 0.0984375
1 0.70390625 0.68984375 0.09765625 0.0984375
1 0.71875 0.5890625 0.09765625 0.0984375
1 0.72265625 0.46953125 0.09765625 0.09765625
1 0.7171875 0.37890625 0.08515625 0.0859375
1 0.62421875 0.43828125 0.121875 0.1234375
1 0.62421875 0.54140625 0.09765625 0.0984375
1 0.61015625 0.74296875 0.08515625 0.0859375
2 0.446875 0.05859375 0.0375 0.0375
2 0.36015625 0.08671875 0.0484375 0.05
2 0.25703125 0.12734375 0.0484375 0.05
2 0.06875 0.128125 0.0484375 0.0484375