2 0.36796875 0.79375 0.06171875 0.06171875
2 0.28984375 0.87578125 0.0484375 0.05
2 0.37734375 0.69765625 0.06171875 0.06171875
2 0.553125 0.83671875 0.0609375 0.06171875
2 0.55390625 0.9296875 0.0484375 0.0484375
2 0.6453125 0.871875 0.0484375 0.0484375
2 0.74296875 0.9203125 0.06171875 0.06171875
2 0.65390625 0.76875 0.06171875 0.06171875
2 0.8421875 0.865625 0.0484375 0.05
2 0.9390625 0.8171875 0.0734375 0.0734375
2 0.8421875 0.7515625 0.0609375 0.06171875
2 0.7421875 0.81328125 0.0609375 0.06171875
1 0.565625 0.053125 0.09765625 0.09765625
1 0.29375 0.084375 0.121875 0.1234375
1 0.10078125 0.0828125 0.09765625 0.0984375
1 0.84921875 0.09609375 0.11015625 0.11015625
1 0.75078125 0.1609375 0.109375 0.11015625
1 0.646875 0.109375 0.121875 0.1234375
1 0.559375 0.171875 0.0734375 0.07421875
1 0.6546875 0.21015625 0.109375 0.11015625
1 0.196875 0.1734375 0.121875 0.1234375
1 0.10625 0.209375 0.121875 0.1234375
1 0.28828125 0.2109375 0.121875 0.1234375
1 0.103125 0.32890625 0.121875 0.1234375
1 0.096875 0.4296875 0.121875 0.1234375
1 0.1046875 0.5484375 0.121875 0.1234375
1 0.18984375 0.5984375 0.121875 0.1234375
1 0.19765625 0.4875 0.121875 0.1234375
1 0.19296875 0.36875 0.121875 0.1234375
1 0.19609375 0.26640625 0.09765625 0.09765625
1 0.2921875 0.30859375 0.121875 0.1234375
1 0.28828125 0.45 0.121875 0.1234375
1 0.2875 0.55 0.09765625 0.0984375
1 0.29921875 0.66484375 0.121875 0.1234375
1 0.09609375 0.63828125 0.08515625 0.08671875
1 0.65390625 0.309375 0.08515625 0.0859375
1 0.63984375 0.421875 0.121875 0.1234375
1 0.6484375 0.5453125 0.09765625 0.0984375
1 0.746875 0.26484375 0.109375 0.11015625
1 0.74921875 0.37734375 0.09765625 0.0984375
1 0.74921875 0.49296875 0.109375 0.11015625
1 0.74296875 0.59453125 0.11015625 0.11015625
1 0.84453125 0.20859375 0.11015625 0.11015625
1 0.84453125 0.31875 0.11015625 0.11015625
1 0.846875 0.4359375 0.121875 0.121875
1 0.84453125 0.5453125 0.09765625 0.0984375
1 0.93984375 0.25859375 0.11015625 0.11015625
1 0.9328125 0.37734375 0.09765625 0.0984375
1 0.934375 0.49140625 0.09765625 0.0984375
1 0.9328125 0.60234375 0.09765625 0.0984375
1 0.83984375 0.67734375 0.09765625 0.0984375
1 0.7484375 0.703125 0.08515625 0.0859375
1 0.2921875 0.76328125 0.109375 0.11015625
1 0.1984375 0.7 0.109375 0.11015625
1 0.19765625 0.80234375 0.11015625 0.11015625
1 0.0890625 0.8859375 0.11015625 0.11015625
1 0.0984375 0.759375 0.09765625 0.0984375
1 0.93828125 0.70625 0.0375 0.0359375
2 0.940625 0.92578125 0.0375 0.0375
2 0.653125 0.64609375 0.0375 0.0359375
2 0.846875 0.97109375 0.02421875 0.02421875
2 0.5515625 0.6265625 0.0359375 0.0375
2 0.57578125 0.7671875 0.02421875 0.02421875
2 0.46796875 0.7484375 0.0375 0.0375
2 0.471875 0.65234375 0.0375 0.0375
2 0.47265625 0.5359375 0.0375 0.0375
2 0.36796875 0.91484375 0.0359375 0.0359375
2 0.475 0.87109375 0.0375 0.0375