2 0.6265625 0.81953125 0.0609375 0.06171875
2 0.5296875 0.896875 0.0609375 0.06171875
2 0.4328125 0.82109375 0.0484375 0.0484375
2 0.9109375 0.62421875 0.0484375 0.0484375
2 0.81328125 0.71328125 0.06171875 0.06171875
2 0.72109375 0.66875 0.06171875 0.06171875
2 0.81484375 0.94375 0.06171875 0.06171875
2 0.9109375 0.95859375 0.0484375 0.05
2 0.73515625 0.88203125 0.0484375 0.05
1 0.0578125 0.16640625 0.09765625 0.0984375
1 0.1515625 0.10546875 0.121875 0.1234375
1 0.23984375 0.05703125 0.11015625 0.11015625
1 0.240625 0.16796875 0.121875 0.1234375
1 0.34375 0.10625 0.109375 0.11015625
1 0.43046875 0.1703125 0.109375 0.11015625
1 0.5375 0.096875 0.121875 0.1234375
1 0.61484375 0.165625 0.121875 0.1234375
1 0.7140625 0.1171875 0.121875 0.1234375
1 0.8171875 0.1625 0.121875 0.1234375
1 0.9109375 0.1296875 0.121875 0.121875
1 0.903125 0.2703125 0.09765625 0.0984375
1 0.90390625 0.41015625 0.121875 0.1234375
1 0.903125 0.54453125 0.109375 0.11015625
1 0.815625 0.27265625 0.09765625 0.0984375
1 0.8140625 0.3765625 0.121875 0.1234375
1 0.8140625 0.49453125 0.09765625 0.0984375
1 0.71953125 0.5625 0.11015625 0.1109375
1 0.70625 0.22109375 0.09765625 0.0984375
1 0.71796875 0.334375 0.09765625 0.0984375
1 0.71015625 0.440625 0.09765625 0.09765625
1 0.621875 0.26875 0.09765625 0.0984375
1 0.625 0.38125 0.09765625 0.09765625
1 0.621875 0.49375 0.109375 0.1109375
1 0.628125 0.58984375 0.0859375 0.0859375
1 0.5453125 0.27421875 0.121875 0.1234375
1 0.534375 0.415625 0.109375 0.1109375
1 0.53046875 0.53828125 0.121875 0.1234375
1 0.53828125 0.646875 0.121875 0.1234375
1 0.4296875 0.2640625 0.09765625 0.09765625
1 0.43828125 0.36875 0.09765625 0.09765625
1 0.4328125 0.496875 0.09765625 0.0984375
1 0.43515625 0.59921875 0.11015625 0.11015625
1 0.34375 0.209375 0.09765625 0.09765625
1 0.3421875 0.340625 0.11015625 0.11015625
1 0.3390625 0.44375 0.09765625 0.0984375
1 0.334375 0.55 0.09765625 0.0984375
1 0.3390625 0.6703125 0.0859375 0.08671875
1 0.24140625 0.27265625 0.11015625 0.11015625
1 0.2390625 0.38828125 0.11015625 0.11015625
1 0.2390625 0.496875 0.121875 0.121875
1 0.2390625 0.6125 0.121875 0.121875
1 0.1453125 0.21953125 0.109375 0.11015625
1 0.14140625 0.3171875 0.09765625 0.0984375
1 0.15234375 0.43125 0.09765625 0.0984375
1 0.14921875 0.54765625 0.09765625 0.0984375
1 0.146875 0.67265625 0.09765625 0.0984375
1 0.05390625 0.49453125 0.09765625 0.0984375
1 0.3328125 0.7640625 0.08515625 0.0859375
1 0.33203125 0.87734375 0.09765625 0.0984375
1 0.2265625 0.9203125 0.0859375 0.0859375
1 0.23828125 0.8296875 0.0859375 0.0859375
1 0.2453125 0.71953125 0.0859375 0.0859375
1 0.1546875 0.771875 0.09765625 0.0984375
2 0.9046875 0.8796875 0.0484375 0.0484375
2 0.90703125 0.775 0.0375 0.0375
2 0.8140625 0.61875 0.0484375 0.0484375
2 0.809375 0.8265625 0.0484375 0.05
2 0.7359375 0.97421875 0.0484375 0.05
1 0.73203125 0.7828125 0.06171875 0.06171875
2 0.61796875 0.7078125 0.0484375 0.05
2 0.5328125 0.7703125 0.0609375 0.06171875
2 0.6265625 0.92109375 0.0484375 0.05
3 0.43359375 0.7234375 0.0484375 0.0484375
2 0.43515625 0.934375 0.02421875 0.02421875
2 0.04140625 0.721875 0.0359375 0.0375
2 0.1359375 0.88203125 0.0484375 0.0484375
2 0.04296875 0.81953125 0.0484375 0.0484375
2 0.04375 0.92109375 0.0359375 0.0375
2 0.04765625 0.6078125 0.0375 0.0375