2 0.64296875 0.9359375 0.0734375 0.07421875
2 0.9265625 0.92890625 0.0609375 0.06171875
2 0.46953125 0.37734375 0.0609375 0.06171875
2 0.17578125 0.52734375 0.0859375 0.0859375
2 0.371875 0.4546875 0.0609375 0.06171875
2 0.3703125 0.55625 0.0734375 0.07421875
2 0.275 0.37890625 0.0484375 0.0484375
2 0.046875 0.90859375 0.0484375 0.05
2 0.76796875 0.825 0.06171875 0.06171875
2 0.75390625 0.18125 0.0484375 0.0484375
2 0.65546875 0.27109375 0.06171875 0.06171875
2 0.5640625 0.22578125 0.06171875 0.06171875
2 0.92265625 0.6984375 0.06171875 0.06171875
2 0.84765625 0.50546875 0.0609375 0.06171875
2 0.65234375 0.83125 0.0484375 0.0484375
2 0.75625 0.63125 0.0484375 0.05
2 0.9390625 0.60390625 0.0609375 0.06171875
2 0.853125 0.171875 0.0359375 0.0375
2 0.6578125 0.5015625 0.06171875 0.06171875
2 0.934375 0.146875 0.0375 0.0375
2 0.8453125 0.27734375 0.0484375 0.0484375
2 0.75390625 0.51640625 0.0484375 0.05
2 0.578125 0.43984375 0.0484375 0.05
1 0.8390625 0.0578125 0.09765625 0.0984375
1 0.74609375 0.10234375 0.109375 0.11015625
1 0.65703125 0.05234375 0.09765625 0.0984375
1 0.56171875 0.1203125 0.11015625 0.1109375
1 0.4703125 0.14765625 0.0859375 0.0859375
1 0.3734375 0.0953125 0.121875 0.1234375
1 0.38125 0.20390625 0.121875 0.1234375
1 0.275 0.05390625 0.09765625 0.0984375
1 0.278125 0.15703125 0.11015625 0.11015625
1 0.1765625 0.1078125 0.09765625 0.0984375
1 0.18125 0.228125 0.0859375 0.08671875
1 0.08125 0.1703125 0.121875 0.121875
1 0.175 0.32109375 0.08515625 0.0859375
1 0.175 0.43515625 0.09765625 0.0984375
1 0.06953125 0.47734375 0.0859375 0.0859375
1 0.08125 0.3875 0.0859375 0.0859375
1 0.0875 0.27734375 0.0859375 0.0859375
2 0.928125 0.2671875 0.0359375 0.0375
2 0.93984375 0.39375 0.0359375 0.0375
2 0.9390625 0.4765625 0.0484375 0.0484375
2 0.84453125 0.38671875 0.0375 0.0375
2 0.746875 0.4375 0.0484375 0.0484375
2 0.75 0.3328125 0.0375 0.0375
2 0.65703125 0.1765625 0.0484375 0.0484375
2 0.65234375 0.384375 0.0484375 0.05
2 0.57890625 0.53203125 0.0484375 0.05
1 0.575 0.340625 0.06171875 0.06171875
2 0.4609375 0.26484375 0.0484375 0.05
2 0.37578125 0.32734375 0.0609375 0.06171875
2 0.37421875 0.65234375 0.02421875 0.025
2 0.47578125 0.596875 0.0484375 0.0484375
2 0.46953125 0.47890625 0.0484375 0.05
2 0.653125 0.603125 0.0484375 0.05
2 0.846875 0.603125 0.0484375 0.05
2 0.93046875 0.8109375 0.0484375 0.05
2 0.85078125 0.78828125 0.0484375 0.05
2 0.8453125 0.8921875 0.06171875 0.06171875
2 0.8484375 0.97265625 0.0484375 0.0484375
2 0.7640625 0.89921875 0.0484375 0.0484375
2 0.7609375 0.73203125 0.0484375 0.05
2 0.6484375 0.7171875 0.0484375 0.0484375
2 0.575 0.76015625 0.02421875 0.02421875
2 0.5796875 0.88515625 0.02421875 0.02421875
2 0.465625 0.92734375 0.02421875 0.02421875
2 0.465625 0.6890625 0.02421875 0.02421875
2 0.26953125 0.60234375 0.0484375 0.0484375
2 0.27265625 0.7140625 0.0484375 0.0484375
2 0.1671875 0.96640625 0.0375 0.0359375
2 0.171875 0.85 0.0484375 0.0484375
2 0.171875 0.7453125 0.0484375 0.0484375
2 0.17890625 0.63359375 0.0484375 0.0484375
2 0.0609375 0.59921875 0.0234375 0.02421875
2 0.0546875 0.70234375 0.0484375 0.0484375
2 0.04375 0.81484375 0.0375 0.0359375
3 0.2765625 0.28125 0.0484375 0.0484375
2 0.278125 0.49140625 0.02421875 0.02421875
2 0.3734375 0.8734375 0.02421875 0.02421875
2 0.25703125 0.9609375 0.0359375 0.0375