2 0.0890625 0.3828125 0.0734375 0.07421875
2 0.459375 0.3640625 0.0484375 0.05
2 0.3734375 0.3765625 0.0609375 0.06171875
2 0.73203125 0.8578125 0.0734375 0.0734375
2 0.73203125 0.621875 0.06171875 0.06171875
2 0.6328125 0.92421875 0.0609375 0.06171875
2 0.7375 0.40078125 0.0484375 0.05
2 0.7328125 0.7453125 0.0609375 0.06171875
1 0.64609375 0.7859375 0.0359375 0.0375
2 0.28828125 0.8265625 0.0609375 0.06171875
2 0.37421875 0.584375 0.0609375 0.06171875
2 0.459375 0.4875 0.0609375 0.06171875
2 0.3765625 0.47109375 0.0609375 0.06171875
2 0.20390625 0.64453125 0.0484375 0.0484375
2 0.09296875 0.71015625 0.0375 0.0375
2 0.203125 0.55078125 0.0484375 0.0484375
2 0.38125 0.67890625 0.0484375 0.0484375
2 0.29296875 0.715625 0.0609375 0.0609375
2 0.54765625 0.43046875 0.06171875 0.06171875
2 0.09296875 0.5953125 0.0734375 0.07421875
2 0.29609375 0.6390625 0.06171875 0.06171875
2 0.0921875 0.9265625 0.0609375 0.06171875
2 0.44921875 0.71015625 0.0484375 0.0484375
2 0.3640625 0.9671875 0.0484375 0.0484375
2 0.084375 0.8234375 0.0484375 0.0484375
2 0.28359375 0.9140625 0.0734375 0.07421875
2 0.09296875 0.49375 0.0734375 0.07421875
2 0.74375 0.0734375 0.06171875 0.06171875
2 0.7375 0.28828125 0.0609375 0.06171875
2 0.74140625 0.17421875 0.0609375 0.06171875
2 0.81640625 0.25390625 0.0484375 0.0484375
2 0.821875 0.14296875 0.0734375 0.0734375
2 0.93046875 0.18828125 0.06171875 0.06171875
2 0.81328125 0.70390625 0.0609375 0.06171875
2 0.92109375 0.64921875 0.0609375 0.06171875
2 0.91875 0.76640625 0.0609375 0.06171875
2 0.92265625 0.87421875 0.0609375 0.06171875
2 0.8125 0.46953125 0.0484375 0.05
2 0.815625 0.8296875 0.0609375 0.06171875
2 0.2140625 0.271875 0.06171875 0.06171875
2 0.36875 0.14609375 0.06171875 0.06171875
2 0.0984375 0.278125 0.0484375 0.0484375
2 0.20234375 0.07890625 0.0484375 0.05
2 0.3859375 0.0515625 0.0609375 0.06171875
2 0.55390625 0.31015625 0.06171875 0.06171875
2 0.8171875 0.93125 0.0359375 0.0375
2 0.5484375 0.88125 0.0375 0.0359375
2 0.3734375 0.87421875 0.0375 0.0375
2 0.2078125 0.865625 0.0484375 0.0484375
2 0.9234375 0.30390625 0.0375 0.0375
2 0.92734375 0.05546875 0.02421875 0.02421875
2 0.92578125 0.42265625 0.0375 0.0375
2 0.925 0.53984375 0.0375 0.0375
2 0.81328125 0.60859375 0.0484375 0.0484375
2 0.7359375 0.52421875 0.0359375 0.0375
2 0.8171875 0.365625 0.0484375 0.0484375
2 0.55859375 0.08125 0.0375 0.0375
2 0.1 0.05 0.0484375 0.05
2 0.29296875 0.05 0.0484375 0.05
2 0.4671875 0.13203125 0.0359375 0.0375
2 0.4625 0.26015625 0.0484375 0.05
2 0.5484375 0.5296875 0.0359375 0.0359375
2 0.64765625 0.3453125 0.0375 0.0375
2 0.3765625 0.25859375 0.0484375 0.05
2 0.4484375 0.5921875 0.0375 0.0375
2 0.296875 0.2359375 0.0484375 0.05
2 0.29140625 0.3390625 0.06171875 0.06171875
2 0.2953125 0.4203125 0.0484375 0.0484375
2 0.296875 0.5015625 0.0484375 0.0484375
2 0.2046875 0.4390625 0.0484375 0.0484375
2 0.21015625 0.346875 0.0484375 0.0484375
2 0.20703125 0.17890625 0.0484375 0.05
2 0.09453125 0.1640625 0.0484375 0.0484375
2 0.02109375 0.2078125 0.02421875 0.02421875
2 0.02578125 0.3328125 0.02421875 0.02421875
2 0.028125 0.446875 0.02421875 0.025
2 0.64140625 0.6765625 0.0359375 0.0359375
2 0.54375 0.7703125 0.0375 0.0375
2 0.37578125 0.78046875 0.0484375 0.0484375
2 0.45234375 0.81171875 0.0375 0.0375
2 0.2046875 0.73125 0.02421875 0.02421875
2 0.21171875 0.96015625 0.02421875 0.02421875