2 0.109375 0.42109375 0.0859375 0.0859375
2 0.1109375 0.29296875 0.0734375 0.07421875
2 0.1125 0.515625 0.08515625 0.0859375
2 0.1109375 0.928125 0.0734375 0.0734375
2 0.11953125 0.8109375 0.0734375 0.0734375
2 0.21015625 0.45234375 0.0734375 0.07421875
2 0.209375 0.35703125 0.0609375 0.06171875
2 0.40390625 0.3609375 0.08515625 0.0859375
1 0.39296875 0.89453125 0.11015625 0.1109375
2 0.715625 0.51640625 0.08515625 0.0859375
1 0.1015625 0.6171875 0.09765625 0.09765625
1 0.10390625 0.69921875 0.08515625 0.0859375
1 0.19921875 0.86796875 0.0859375 0.0859375
1 0.20703125 0.7828125 0.09765625 0.0984375
1 0.20546875 0.67265625 0.121875 0.1234375
1 0.20625 0.56875 0.109375 0.11015625
2 0.1171875 0.065625 0.0484375 0.0484375
2 0.11328125 0.1703125 0.0484375 0.0484375
1 0.9015625 0.30625 0.0859375 0.0859375
1 0.8953125 0.42265625 0.08515625 0.0859375
1 0.88671875 0.528125 0.09765625 0.09765625
1 0.88203125 0.6453125 0.09765625 0.0984375
1 0.88125 0.74921875 0.09765625 0.0984375
1 0.784375 0.79765625 0.08515625 0.08671875
1 0.796875 0.36015625 0.0859375 0.0859375
1 0.79375 0.4703125 0.0859375 0.0859375
1 0.7859375 0.590625 0.0859375 0.0859375
1 0.7125 0.39375 0.09765625 0.0984375
1 0.709375 0.303125 0.09765625 0.0984375
1 0.60078125 0.32109375 0.0859375 0.0859375
1 0.40390625 0.5609375 0.121875 0.1234375
3 0.4 0.68046875 0.11015625 0.11015625
1 0.39765625 0.7890625 0.121875 0.1234375
1 0.2765625 0.94609375 0.08515625 0.0859375
1 0.31328125 0.51875 0.109375 0.1109375
1 0.2953125 0.63828125 0.121875 0.121875
1 0.303125 0.7375 0.121875 0.1234375
1 0.3 0.840625 0.121875 0.1234375
1 0.4984375 0.63203125 0.109375 0.1109375
1 0.49765625 0.7328125 0.121875 0.1234375
1 0.496875 0.8453125 0.121875 0.121875
1 0.5796875 0.90234375 0.121875 0.1234375
1 0.590625 0.78671875 0.09765625 0.0984375
1 0.5921875 0.6828125 0.08515625 0.0859375
1 0.5875 0.5796875 0.08515625 0.0859375
1 0.69140625 0.86015625 0.09765625 0.0984375
1 0.78046875 0.92734375 0.11015625 0.11015625
0 0.709375 0.728125 0.0734375 0.07421875