2 0.775 0.809375 0.06171875 0.06171875
2 0.696875 0.89140625 0.0484375 0.05
2 0.784375 0.71328125 0.06171875 0.06171875
2 0.96015625 0.85234375 0.0609375 0.06171875
2 0.9609375 0.9453125 0.0484375 0.0484375
1 0.70078125 0.1 0.121875 0.1234375
1 0.6046875 0.0640625 0.11015625 0.11015625
1 0.5078125 0.0984375 0.09765625 0.0984375
1 0.321875 0.0984375 0.09765625 0.0984375
1 0.21953125 0.059375 0.09765625 0.0984375
1 0.60390625 0.1890625 0.121875 0.1234375
1 0.51328125 0.225 0.121875 0.1234375
1 0.69609375 0.2265625 0.121875 0.1234375
1 0.12890625 0.11953125 0.109375 0.11015625
1 0.12578125 0.23359375 0.121875 0.121875
1 0.12421875 0.3453125 0.121875 0.1234375
1 0.1265625 0.446875 0.121875 0.1234375
1 0.12265625 0.5515625 0.121875 0.1234375
1 0.11875 0.6703125 0.121875 0.1234375
1 0.21796875 0.62109375 0.121875 0.1234375
1 0.21796875 0.50703125 0.121875 0.1234375
1 0.22421875 0.3921875 0.121875 0.121875
1 0.22421875 0.2828125 0.121875 0.121875
1 0.21484375 0.17890625 0.09765625 0.0984375
1 0.32265625 0.2171875 0.121875 0.1234375
1 0.32578125 0.33203125 0.121875 0.1234375
1 0.321875 0.4421875 0.121875 0.121875
1 0.321875 0.553125 0.121875 0.1234375
1 0.32109375 0.665625 0.121875 0.1234375
1 0.41484375 0.63359375 0.121875 0.121875
1 0.4265625 0.51484375 0.09765625 0.0984375
1 0.41640625 0.4125 0.121875 0.1234375
1 0.4234375 0.2828125 0.121875 0.1234375
1 0.428125 0.1578125 0.121875 0.1234375
1 0.51015625 0.34453125 0.121875 0.1234375
1 0.5046875 0.4453125 0.121875 0.1234375
1 0.5125 0.5640625 0.121875 0.1234375
1 0.596875 0.6140625 0.121875 0.1234375
1 0.6046875 0.503125 0.121875 0.1234375
1 0.6 0.384375 0.121875 0.1234375
1 0.603125 0.28203125 0.09765625 0.09765625
1 0.7 0.32421875 0.121875 0.1234375
1 0.69609375 0.465625 0.121875 0.1234375
1 0.69453125 0.565625 0.09765625 0.0984375
1 0.70625 0.68046875 0.121875 0.1234375
1 0.503125 0.65390625 0.08515625 0.08671875
1 0.69921875 0.77890625 0.109375 0.11015625
1 0.60546875 0.715625 0.109375 0.11015625
1 0.6046875 0.81796875 0.11015625 0.11015625
1 0.496875 0.9015625 0.11015625 0.11015625
1 0.50625 0.775 0.09765625 0.0984375
1 0.40703125 0.77421875 0.09765625 0.0984375
1 0.4078125 0.9140625 0.121875 0.1234375
1 0.31953125 0.7765625 0.09765625 0.0984375
1 0.31796875 0.88125 0.121875 0.1234375
1 0.21015625 0.725 0.09765625 0.0984375
1 0.221875 0.83828125 0.09765625 0.0984375
1 0.2140625 0.94453125 0.09765625 0.09765625
1 0.12578125 0.77265625 0.09765625 0.0984375
1 0.12890625 0.884375 0.09765625 0.09765625
2 0.95859375 0.6421875 0.0359375 0.0375
2 0.9828125 0.7828125 0.02421875 0.02421875
2 0.875 0.7640625 0.0375 0.0375
2 0.87890625 0.66796875 0.0375 0.0375
2 0.8796875 0.5515625 0.0375 0.0375
2 0.775 0.93046875 0.0359375 0.0359375
2 0.88203125 0.88671875 0.0375 0.0375