2 0.1515625 0.8390625 0.0609375 0.06171875
2 0.05390625 0.91640625 0.0609375 0.06171875
2 0.4359375 0.64375 0.0484375 0.0484375
2 0.3375 0.7328125 0.06171875 0.06171875
2 0.2453125 0.68828125 0.06171875 0.06171875
2 0.5296875 0.9671875 0.0609375 0.06171875
2 0.89609375 0.8140625 0.06171875 0.06171875
2 0.8046875 0.67890625 0.0375 0.0375
2 0.534375 0.63359375 0.0359375 0.0375
2 0.3390625 0.96328125 0.06171875 0.06171875
2 0.89453125 0.7140625 0.0484375 0.05
2 0.61640625 0.60859375 0.0375 0.0375
2 0.52734375 0.7390625 0.0484375 0.0484375
2 0.8921875 0.940625 0.06171875 0.06171875
2 0.259375 0.9015625 0.0484375 0.05
2 0.896875 0.61875 0.06171875 0.06171875
2 0.71640625 0.49921875 0.0734375 0.0734375
2 0.7953125 0.325 0.06171875 0.06171875
2 0.71796875 0.40703125 0.0484375 0.05
2 0.80546875 0.22890625 0.06171875 0.06171875
1 0.06171875 0.11640625 0.121875 0.1234375
1 0.14296875 0.0671875 0.121875 0.1234375
1 0.1390625 0.1859375 0.121875 0.1234375
1 0.2390625 0.13671875 0.121875 0.1234375
1 0.3421875 0.06875 0.121875 0.1234375
1 0.34140625 0.18125 0.121875 0.1234375
1 0.43515625 0.14921875 0.121875 0.121875
1 0.5328125 0.0796875 0.121875 0.1234375
1 0.61796875 0.1296875 0.121875 0.1234375
1 0.71484375 0.08125 0.09765625 0.0984375
1 0.72734375 0.19609375 0.121875 0.1234375
1 0.52421875 0.16953125 0.08515625 0.08671875
1 0.71953125 0.29453125 0.109375 0.11015625
1 0.62578125 0.23125 0.109375 0.11015625
1 0.62578125 0.33359375 0.11015625 0.11015625
1 0.61953125 0.50859375 0.121875 0.121875
1 0.5203125 0.5203125 0.09765625 0.0984375
1 0.5171875 0.4171875 0.11015625 0.11015625
1 0.5265625 0.290625 0.09765625 0.0984375
1 0.428125 0.28984375 0.09765625 0.0984375
1 0.428125 0.4296875 0.121875 0.1234375
1 0.428125 0.5640625 0.109375 0.11015625
1 0.33984375 0.2921875 0.09765625 0.0984375
1 0.33828125 0.396875 0.121875 0.1234375
1 0.3390625 0.5140625 0.09765625 0.0984375
1 0.24375 0.58203125 0.11015625 0.1109375
1 0.23046875 0.240625 0.09765625 0.0984375
1 0.2421875 0.35390625 0.09765625 0.0984375
1 0.234375 0.46015625 0.09765625 0.09765625
1 0.146875 0.28828125 0.09765625 0.0984375
1 0.14921875 0.4 0.09765625 0.09765625
1 0.146875 0.5140625 0.109375 0.1109375
1 0.15234375 0.609375 0.0859375 0.0859375
1 0.06953125 0.29375 0.121875 0.1234375
1 0.05859375 0.4359375 0.109375 0.1109375
1 0.06328125 0.665625 0.121875 0.1234375
2 0.97890625 0.1578125 0.0359375 0.0375
2 0.8953125 0.2796875 0.0375 0.0375
2 0.89921875 0.18359375 0.0375 0.0375
2 0.9 0.0671875 0.0375 0.0375
2 0.7953125 0.44609375 0.0359375 0.0359375
2 0.90234375 0.40234375 0.0375 0.0375
1 0.9015625 0.51328125 0.0484375 0.05
2 0.79921875 0.553125 0.0359375 0.0359375
2 0.79765625 0.77734375 0.0375 0.0375
2 0.79609375 0.89375 0.0375 0.0375
2 0.71875 0.71875 0.0484375 0.0484375
2 0.61015625 0.7296875 0.0359375 0.0375
2 0.621875 0.85546875 0.0359375 0.0375
2 0.62109375 0.93828125 0.0484375 0.0484375
2 0.71484375 0.83125 0.0609375 0.06171875
2 0.5265625 0.8484375 0.0375 0.0375
2 0.42890625 0.89921875 0.0484375 0.0484375
2 0.43125 0.7953125 0.0375 0.0375
2 0.3390625 0.6390625 0.0484375 0.0484375
2 0.334375 0.84609375 0.0484375 0.05
1 0.25625 0.80234375 0.06171875 0.06171875
2 0.1421875 0.72734375 0.0484375 0.05
2 0.0578125 0.78984375 0.0609375 0.06171875
2 0.1515625 0.940625 0.0484375 0.05