2 0.35859375 0.44375 0.0484375 0.05
2 0.27265625 0.45625 0.0609375 0.06171875
2 0.63125 0.93828125 0.0734375 0.0734375
2 0.63125 0.7015625 0.06171875 0.06171875
2 0.63671875 0.48125 0.0484375 0.05
2 0.63203125 0.82578125 0.0609375 0.06171875
1 0.5453125 0.86640625 0.0359375 0.0375
2 0.1875 0.90703125 0.0609375 0.06171875
2 0.2734375 0.66484375 0.0609375 0.06171875
2 0.35859375 0.56796875 0.0609375 0.06171875
2 0.2765625 0.5515625 0.0609375 0.06171875
2 0.103125 0.725 0.0484375 0.0484375
2 0.10234375 0.63125 0.0484375 0.0484375
2 0.28046875 0.75859375 0.0484375 0.0484375
2 0.1921875 0.79609375 0.0609375 0.0609375
2 0.446875 0.51015625 0.06171875 0.06171875
2 0.19609375 0.71953125 0.06171875 0.06171875
2 0.3484375 0.78984375 0.0484375 0.0484375
2 0.63984375 0.03984375 0.06171875 0.06171875
2 0.64296875 0.15390625 0.06171875 0.06171875
2 0.63671875 0.36875 0.0609375 0.06171875
2 0.640625 0.2546875 0.0609375 0.06171875
2 0.715625 0.334375 0.0484375 0.0484375
2 0.8234375 0.04765625 0.0734375 0.07421875
2 0.72109375 0.2234375 0.0734375 0.0734375
2 0.8296875 0.26796875 0.06171875 0.06171875
2 0.7125 0.78359375 0.0609375 0.06171875
2 0.8203125 0.72890625 0.0609375 0.06171875
2 0.9375 0.7609375 0.0609375 0.06171875
2 0.81875 0.84609375 0.0609375 0.06171875
2 0.821875 0.9546875 0.0609375 0.06171875
2 0.71171875 0.54921875 0.0484375 0.05
2 0.71484375 0.909375 0.0609375 0.06171875
2 0.1140625 0.35234375 0.06171875 0.06171875
2 0.26796875 0.22578125 0.06171875 0.06171875
2 0.19375 0.0328125 0.0609375 0.06171875
2 0.1015625 0.15859375 0.0484375 0.05
2 0.28515625 0.13125 0.0609375 0.06171875
2 0.45390625 0.38984375 0.06171875 0.06171875
2 0.1 0.04375 0.0484375 0.05
2 0.553125 0.0984375 0.0484375 0.0484375
2 0.928125 0.88984375 0.0484375 0.0484375
2 0.4484375 0.96171875 0.0375 0.0359375
2 0.27265625 0.95390625 0.0375 0.0375
2 0.1078125 0.9453125 0.0484375 0.0484375
2 0.9578125 0.02578125 0.0484375 0.05
1 0.72421875 0.1015625 0.08515625 0.0859375
2 0.8234375 0.38359375 0.0375 0.0375
2 0.946875 0.35859375 0.0359375 0.0375
2 0.8265625 0.13515625 0.02421875 0.02421875
2 0.9421875 0.56875 0.0375 0.0375
2 0.93671875 0.66484375 0.0609375 0.06171875
2 0.825 0.503125 0.0375 0.0375
2 0.82421875 0.6203125 0.0375 0.0375
2 0.7125 0.68828125 0.0484375 0.0484375
2 0.63515625 0.6046875 0.0359375 0.0375
2 0.7171875 0.4453125 0.0484375 0.0484375
2 0.93828125 0.46171875 0.0375 0.0375
2 0.46171875 0.06328125 0.0375 0.0375
2 0.4578125 0.1609375 0.0375 0.0375
2 0.1921875 0.13046875 0.0484375 0.05
2 0.36640625 0.21171875 0.0359375 0.0375
2 0.3625 0.340625 0.0484375 0.05
2 0.44765625 0.61015625 0.0359375 0.0359375
2 0.546875 0.42578125 0.0375 0.0375
2 0.2765625 0.33828125 0.0484375 0.05
2 0.34765625 0.671875 0.0375 0.0375
2 0.19609375 0.315625 0.0484375 0.05
2 0.190625 0.41953125 0.06171875 0.06171875
2 0.19453125 0.5 0.0484375 0.0484375
2 0.19609375 0.58203125 0.0484375 0.0484375
2 0.1046875 0.51953125 0.0484375 0.0484375
2 0.109375 0.4265625 0.0484375 0.0484375
2 0.10625 0.259375 0.0484375 0.05
2 0.540625 0.75625 0.0359375 0.0359375
2 0.44375 0.85078125 0.0375 0.0375
2 0.275 0.86015625 0.0484375 0.0484375
2 0.3515625 0.89140625 0.0375 0.0375
2 0.10390625 0.8109375 0.02421875 0.02421875