2 0.07734375 0.09140625 0.0609375 0.06171875
2 0.2625 0.06015625 0.06171875 0.06171875
2 0.37421875 0.03671875 0.06171875 0.06171875
2 0.4671875 0.0296875 0.0484375 0.0484375
2 0.17421875 0.746875 0.0734375 0.0734375
2 0.37265625 0.13125 0.06171875 0.06171875
2 0.1875 0.2203125 0.0609375 0.06171875
2 0.0765625 0.175 0.06171875 0.06171875
2 0.075 0.2796875 0.06171875 0.06171875
2 0.26875 0.809375 0.0734375 0.0734375
2 0.178125 0.63125 0.0609375 0.0609375
2 0.36171875 0.528125 0.0734375 0.07421875
2 0.184375 0.1265625 0.0609375 0.06171875
2 0.07890625 0.475 0.0734375 0.07421875
2 0.184375 0.29609375 0.06171875 0.06171875
2 0.35390625 0.7375 0.0734375 0.0734375
2 0.27109375 0.4734375 0.06171875 0.06171875
2 0.2765625 0.5671875 0.0609375 0.06171875
2 0.271875 0.16328125 0.0609375 0.06171875
2 0.2765625 0.259375 0.0609375 0.06171875
2 0.44921875 0.8328125 0.0859375 0.0859375
2 0.4578125 0.225 0.06171875 0.06171875
2 0.45703125 0.12265625 0.0609375 0.06171875
2 0.3734375 0.21015625 0.06171875 0.06171875
2 0.36015625 0.86796875 0.0734375 0.0734375
2 0.3796875 0.2875 0.0484375 0.05
2 0.4640625 0.3078125 0.0484375 0.05
2 0.45078125 0.7046875 0.0734375 0.07421875
2 0.45234375 0.928125 0.08515625 0.0859375
2 0.97265625 0.05703125 0.0484375 0.05
2 0.86640625 0.0953125 0.0484375 0.0484375
2 0.5328125 0.27421875 0.0484375 0.0484375
2 0.55 0.8640625 0.0734375 0.07421875
2 0.54296875 0.171875 0.0484375 0.0484375
2 0.5484375 0.76875 0.0609375 0.06171875
2 0.74375 0.7734375 0.08515625 0.0859375
3 0.2671875 0.68984375 0.06171875 0.06171875
1 0.2640625 0.93125 0.08515625 0.0859375
1 0.17890625 0.85234375 0.08515625 0.08671875
1 0.071875 0.6890625 0.09765625 0.09765625
1 0.078125 0.81015625 0.09765625 0.0984375
1 0.07578125 0.91484375 0.11015625 0.11015625
2 0.45703125 0.47734375 0.0484375 0.0484375
2 0.453125 0.58203125 0.0484375 0.0484375
1 0.36171875 0.6234375 0.0734375 0.07421875
1 0.18203125 0.5125 0.08515625 0.0859375
1 0.0796875 0.56875 0.08515625 0.0859375
1 0.940625 0.73359375 0.0859375 0.0859375
1 0.653125 0.93046875 0.109375 0.1109375
2 0.975 0.15546875 0.0484375 0.0484375
2 0.78046875 0.0484375 0.0484375 0.0484375