1 0.06640625 0.053125 0.09765625 0.0984375
1 0.16796875 0.10234375 0.09765625 0.0984375
1 0.365625 0.1078125 0.11015625 0.1109375
1 0.55 0.1078125 0.121875 0.1234375
1 0.63828125 0.0640625 0.121875 0.1234375
1 0.91484375 0.09453125 0.11015625 0.11015625
2 0.82734375 0.2421875 0.0375 0.0375
1 0.93046875 0.20078125 0.109375 0.11015625
1 0.91796875 0.32109375 0.09765625 0.0984375
1 0.909375 0.43984375 0.0734375 0.0734375
1 0.91015625 0.54609375 0.09765625 0.0984375
1 0.81640625 0.6078125 0.09765625 0.09765625
2 0.73671875 0.5546875 0.0359375 0.0375
1 0.81953125 0.365625 0.0859375 0.0859375
1 0.8171875 0.490625 0.0859375 0.0859375
1 0.7375 0.2078125 0.121875 0.121875
1 0.63984375 0.15546875 0.121875 0.1234375
1 0.634375 0.409375 0.11015625 0.11015625
1 0.53984375 0.32890625 0.121875 0.1234375
1 0.5421875 0.21328125 0.109375 0.11015625
1 0.5421875 0.4234375 0.109375 0.1109375
1 0.5453125 0.5453125 0.121875 0.1234375
1 0.54453125 0.6390625 0.121875 0.1234375
1 0.4484375 0.603125 0.11015625 0.11015625
1 0.4484375 0.49375 0.121875 0.1234375
1 0.45546875 0.36875 0.121875 0.1234375
1 0.44765625 0.27421875 0.121875 0.1234375
1 0.4515625 0.1578125 0.109375 0.11015625
1 0.36171875 0.209375 0.11015625 0.1109375
1 0.3546875 0.3296875 0.121875 0.1234375
1 0.36484375 0.4328125 0.11015625 0.11015625
1 0.3625 0.54453125 0.11015625 0.11015625
1 0.3515625 0.6375 0.09765625 0.0984375
3 0.2625 0.5921875 0.121875 0.121875
1 0.25546875 0.4984375 0.121875 0.1234375
1 0.24921875 0.3796875 0.121875 0.1234375
1 0.27265625 0.278125 0.121875 0.1234375
1 0.2625 0.1640625 0.121875 0.1234375
1 0.16875 0.20546875 0.109375 0.11015625
1 0.1640625 0.325 0.109375 0.11015625
1 0.16640625 0.4265625 0.121875 0.1234375
1 0.16640625 0.5359375 0.121875 0.121875
1 0.165625 0.6375 0.09765625 0.0984375
1 0.06328125 0.5984375 0.09765625 0.0984375
1 0.05546875 0.49375 0.09765625 0.0984375
1 0.065625 0.3796875 0.09765625 0.0984375
1 0.06875 0.271875 0.109375 0.11015625
1 0.06328125 0.14375 0.09765625 0.0984375
1 0.82890625 0.146875 0.0859375 0.0859375
1 0.89765625 0.6640625 0.121875 0.1234375
1 0.81015625 0.7265625 0.0734375 0.07421875
1 0.90546875 0.76484375 0.109375 0.11015625
1 0.44765625 0.728125 0.121875 0.1234375
1 0.35703125 0.7640625 0.121875 0.1234375
1 0.53984375 0.765625 0.121875 0.1234375
1 0.06796875 0.93125 0.121875 0.121875
1 0.06796875 0.821875 0.121875 0.121875
1 0.05859375 0.71796875 0.09765625 0.0984375
1 0.16640625 0.75625 0.121875 0.1234375
1 0.16953125 0.87109375 0.121875 0.1234375
1 0.2671875 0.821875 0.121875 0.1234375
1 0.271875 0.696875 0.121875 0.1234375
1 0.35390625 0.88359375 0.121875 0.1234375
1 0.44375 0.9234375 0.121875 0.1234375
1 0.446875 0.82109375 0.09765625 0.09765625
1 0.54375 0.86328125 0.121875 0.1234375
1 0.9046875 0.8640625 0.08515625 0.0859375