2 0.6515625 0.41640625 0.06171875 0.06171875
2 0.559375 0.92734375 0.0609375 0.06171875
2 0.378125 0.35859375 0.0859375 0.0859375
2 0.06171875 0.8421875 0.0734375 0.0734375
2 0.3734375 0.78828125 0.0734375 0.07421875
1 0.93046875 0.59296875 0.109375 0.11015625
1 0.92421875 0.49296875 0.121875 0.1234375
1 0.93828125 0.365625 0.0734375 0.0734375
1 0.94296875 0.2640625 0.11015625 0.11015625
1 0.84609375 0.0828125 0.11015625 0.11015625
1 0.83515625 0.1953125 0.11015625 0.1109375
1 0.83671875 0.31484375 0.109375 0.11015625
1 0.8390625 0.4234375 0.11015625 0.11015625
1 0.8390625 0.53203125 0.11015625 0.1109375
1 0.74453125 0.57890625 0.11015625 0.1109375
1 0.7453125 0.47734375 0.0859375 0.0859375
1 0.7484375 0.37578125 0.0734375 0.07421875
1 0.7515625 0.25859375 0.08515625 0.0859375
1 0.75078125 0.1359375 0.08515625 0.0859375
1 0.6609375 0.08671875 0.0859375 0.0859375
1 0.65625 0.2 0.09765625 0.09765625
1 0.6546875 0.3125 0.08515625 0.0859375
1 0.6515625 0.534375 0.11015625 0.11015625
1 0.55625 0.5828125 0.11015625 0.11015625
1 0.55859375 0.46953125 0.109375 0.11015625
1 0.56015625 0.35390625 0.11015625 0.11015625
1 0.56953125 0.2375 0.09765625 0.0984375
1 0.57734375 0.1390625 0.109375 0.11015625
1 0.47421875 0.0890625 0.11015625 0.11015625
1 0.47109375 0.20625 0.11015625 0.11015625
1 0.46484375 0.30546875 0.0859375 0.0859375
1 0.478125 0.4203125 0.109375 0.1109375
1 0.47578125 0.5140625 0.09765625 0.09765625
1 0.37109375 0.5671875 0.0859375 0.08671875
1 0.3703125 0.46796875 0.0859375 0.0859375
1 0.371875 0.26484375 0.11015625 0.11015625
1 0.378125 0.1375 0.11015625 0.1109375
1 0.29296875 0.07890625 0.09765625 0.09765625
1 0.28984375 0.1921875 0.109375 0.11015625
1 0.28515625 0.2984375 0.109375 0.1109375
1 0.28203125 0.4125 0.109375 0.1109375
3 0.284375 0.5421875 0.08515625 0.0859375
1 0.19140625 0.56953125 0.09765625 0.09765625
1 0.1859375 0.4640625 0.0859375 0.0859375
1 0.1828125 0.3546875 0.09765625 0.0984375
1 0.18671875 0.24375 0.09765625 0.09765625
1 0.19375 0.134375 0.109375 0.1109375
1 0.06171875 0.0890625 0.09765625 0.0984375
1 0.0703125 0.2015625 0.09765625 0.09765625
1 0.06640625 0.30546875 0.09765625 0.0984375
1 0.0671875 0.3921875 0.09765625 0.0984375
1 0.06484375 0.521875 0.08515625 0.0859375
2 0.178125 0.68671875 0.0484375 0.0484375
1 0.06875 0.6265625 0.08515625 0.08671875
1 0.06171875 0.72890625 0.0734375 0.0734375
1 0.1796875 0.91015625 0.09765625 0.09765625
1 0.19296875 0.79453125 0.0734375 0.0734375
3 0.2828125 0.625 0.0859375 0.0859375
1 0.27265625 0.74609375 0.0734375 0.07421875
1 0.2796875 0.8515625 0.09765625 0.09765625
1 0.36796875 0.90703125 0.09765625 0.0984375
3 0.371875 0.68671875 0.0734375 0.07421875
1 0.465625 0.646875 0.08515625 0.0859375
1 0.46953125 0.74921875 0.121875 0.1234375
1 0.46796875 0.83203125 0.121875 0.1234375
1 0.55078125 0.69453125 0.109375 0.11015625
1 0.55390625 0.8140625 0.121875 0.1234375
1 0.65234375 0.8734375 0.09765625 0.09765625
1 0.65 0.7484375 0.0734375 0.07421875
1 0.75078125 0.6984375 0.109375 0.11015625
1 0.74453125 0.784375 0.0734375 0.0734375
1 0.74140625 0.90703125 0.0734375 0.0734375
1 0.83515625 0.6453125 0.109375 0.1109375
1 0.84140625 0.7546875 0.121875 0.1234375
1 0.82578125 0.85859375 0.11015625 0.11015625
1 0.92109375 0.9046875 0.121875 0.1234375
1 0.92109375 0.8078125 0.121875 0.121875
1 0.92734375 0.6953125 0.121875 0.1234375
1 0.6484375 0.6390625 0.109375 0.1109375