1 0.25859375 0.05703125 0.11015625 0.11015625
1 0.45390625 0.0703125 0.121875 0.1234375
1 0.6546875 0.0703125 0.121875 0.1234375
2 0.17109375 0.2046875 0.0375 0.0375
1 0.92734375 0.1265625 0.121875 0.1234375
1 0.92109375 0.24453125 0.109375 0.11015625
1 0.92265625 0.3453125 0.09765625 0.0984375
1 0.915625 0.45625 0.121875 0.1234375
1 0.9234375 0.5640625 0.121875 0.1234375
1 0.821875 0.50078125 0.121875 0.1234375
1 0.82734375 0.384375 0.09765625 0.09765625
1 0.82578125 0.2765625 0.121875 0.1234375
1 0.821875 0.171875 0.121875 0.1234375
1 0.82890625 0.06640625 0.121875 0.1234375
1 0.7359375 0.1234375 0.121875 0.1234375
1 0.73203125 0.2234375 0.121875 0.1234375
1 0.73203125 0.33984375 0.121875 0.1234375
1 0.7296875 0.45703125 0.121875 0.1234375
1 0.7203125 0.56953125 0.121875 0.1234375
1 0.63984375 0.1734375 0.11015625 0.1109375
1 0.63984375 0.2796875 0.11015625 0.1109375
3 0.63359375 0.39765625 0.109375 0.11015625
1 0.6328125 0.5109375 0.109375 0.11015625
1 0.5421875 0.56328125 0.109375 0.11015625
1 0.5421875 0.4421875 0.109375 0.11015625
1 0.5484375 0.3421875 0.109375 0.11015625
1 0.5453125 0.2328125 0.109375 0.1109375
1 0.5484375 0.12421875 0.109375 0.1109375
1 0.44375 0.18046875 0.109375 0.11015625
1 0.4421875 0.27890625 0.109375 0.11015625
1 0.43984375 0.4015625 0.11015625 0.11015625
1 0.434375 0.50546875 0.11015625 0.11015625
1 0.3484375 0.56484375 0.11015625 0.11015625
1 0.33828125 0.4515625 0.11015625 0.11015625
1 0.3484375 0.33828125 0.11015625 0.11015625
1 0.353125 0.2234375 0.11015625 0.11015625
1 0.35 0.115625 0.121875 0.1234375
1 0.27421875 0.16328125 0.109375 0.11015625
1 0.26171875 0.28359375 0.09765625 0.0984375
1 0.253125 0.403125 0.0734375 0.0734375
1 0.25390625 0.509375 0.09765625 0.0984375
1 0.16015625 0.5703125 0.09765625 0.09765625
2 0.08046875 0.5171875 0.0359375 0.0375
1 0.16328125 0.328125 0.0859375 0.0859375
1 0.1609375 0.453125 0.0859375 0.0859375
1 0.08125 0.1703125 0.121875 0.121875
1 0.17265625 0.109375 0.0859375 0.0859375
1 0.640625 0.61796875 0.109375 0.11015625
1 0.44375 0.6140625 0.11015625 0.11015625
1 0.3453125 0.678125 0.109375 0.11015625
1 0.24140625 0.6265625 0.121875 0.1234375
1 0.15390625 0.6890625 0.0734375 0.07421875
1 0.24921875 0.728125 0.109375 0.11015625
1 0.54921875 0.68203125 0.11015625 0.11015625
1 0.2484375 0.82734375 0.08515625 0.0859375
1 0.3421875 0.7828125 0.109375 0.11015625
1 0.34375 0.8953125 0.09765625 0.0984375
1 0.4390625 0.72578125 0.11015625 0.11015625
1 0.4390625 0.83671875 0.11015625 0.11015625
1 0.534375 0.77578125 0.11015625 0.11015625
1 0.52734375 0.8953125 0.09765625 0.0984375
1 0.62578125 0.728125 0.109375 0.1109375
1 0.628125 0.83828125 0.109375 0.11015625
1 0.7359375 0.675 0.121875 0.1234375
1 0.73359375 0.76640625 0.121875 0.1234375
1 0.72890625 0.8984375 0.121875 0.1234375
1 0.8234375 0.615625 0.121875 0.1234375
1 0.82734375 0.71171875 0.121875 0.1234375
1 0.8234375 0.8296875 0.121875 0.1234375
1 0.91953125 0.88984375 0.11015625 0.1109375
1 0.91328125 0.66875 0.121875 0.1234375
1 0.92265625 0.7796875 0.11015625 0.11015625