2 0.05 0.95390625 0.0734375 0.07421875
1 0.62578125 0.059375 0.109375 0.11015625
1 0.53359375 0.12578125 0.11015625 0.1109375
1 0.4421875 0.08125 0.11015625 0.1109375
1 0.43828125 0.19140625 0.11015625 0.1109375
1 0.340625 0.11796875 0.109375 0.1109375
1 0.25078125 0.06484375 0.109375 0.11015625
1 0.24609375 0.184375 0.109375 0.1109375
1 0.1515625 0.1203125 0.11015625 0.1109375
1 0.059375 0.06328125 0.11015625 0.1109375
1 0.06171875 0.1859375 0.109375 0.1109375
1 0.7375 0.11328125 0.121875 0.1234375
1 0.6296875 0.1890625 0.121875 0.121875
1 0.834375 0.18125 0.121875 0.1234375
1 0.0625 0.2828125 0.109375 0.11015625
1 0.15078125 0.221875 0.11015625 0.1109375
1 0.1515625 0.3546875 0.121875 0.1234375
1 0.153125 0.4578125 0.109375 0.11015625
1 0.153125 0.55625 0.109375 0.11015625
1 0.153125 0.67265625 0.09765625 0.0984375
1 0.25078125 0.2875 0.11015625 0.1109375
1 0.25078125 0.3984375 0.09765625 0.09765625
1 0.24296875 0.50234375 0.09765625 0.0984375
1 0.24140625 0.62265625 0.09765625 0.0984375
1 0.3421875 0.22890625 0.109375 0.11015625
1 0.34296875 0.3421875 0.109375 0.1109375
1 0.34140625 0.4484375 0.11015625 0.1109375
1 0.3328125 0.5671875 0.11015625 0.11015625
1 0.33515625 0.67734375 0.11015625 0.11015625
1 0.44140625 0.2828125 0.109375 0.11015625
1 0.440625 0.4 0.109375 0.11015625
1 0.43671875 0.50078125 0.109375 0.1109375
1 0.434375 0.62109375 0.109375 0.1109375
1 0.43828125 0.72734375 0.121875 0.1234375
1 0.53828125 0.24375 0.11015625 0.11015625
1 0.5328125 0.34140625 0.09765625 0.0984375
1 0.53125 0.44609375 0.09765625 0.0984375
3 0.5296875 0.5734375 0.109375 0.1109375
1 0.5375 0.66875 0.09765625 0.09765625
1 0.6296875 0.29453125 0.09765625 0.0984375
1 0.62578125 0.4 0.11015625 0.11015625
1 0.63125 0.5125 0.09765625 0.0984375
1 0.625 0.62421875 0.09765625 0.09765625
1 0.6265625 0.7359375 0.109375 0.1109375
1 0.73359375 0.22578125 0.09765625 0.0984375
1 0.728125 0.3484375 0.09765625 0.0984375
1 0.72578125 0.4421875 0.109375 0.11015625
1 0.7203125 0.55546875 0.121875 0.1234375
1 0.71640625 0.6703125 0.121875 0.1234375
1 0.83046875 0.6125 0.121875 0.1234375
1 0.83125 0.47734375 0.109375 0.11015625
1 0.83828125 0.378125 0.121875 0.121875
1 0.83203125 0.27578125 0.09765625 0.0984375
1 0.83046875 0.7203125 0.121875 0.1234375
1 0.71953125 0.7921875 0.09765625 0.09765625
1 0.72734375 0.89765625 0.09765625 0.09765625
1 0.62421875 0.95234375 0.0859375 0.0859375
1 0.62890625 0.840625 0.09765625 0.09765625
1 0.528125 0.7875 0.09765625 0.09765625
1 0.53046875 0.90703125 0.09765625 0.0984375
1 0.43359375 0.94609375 0.09765625 0.0984375
1 0.4328125 0.8390625 0.11015625 0.11015625
1 0.33984375 0.7859375 0.09765625 0.0984375
1 0.3328125 0.88046875 0.09765625 0.0984375
1 0.24296875 0.95 0.09765625 0.0984375
1 0.2515625 0.81796875 0.09765625 0.0984375
1 0.2390625 0.73203125 0.09765625 0.0984375
1 0.1453125 0.771875 0.09765625 0.0984375
1 0.1453125 0.90078125 0.09765625 0.0984375
1 0.05 0.82734375 0.09765625 0.0984375
1 0.925 0.1109375 0.121875 0.1234375
1 0.91875 0.234375 0.11015625 0.1109375
1 0.9234375 0.334375 0.11015625 0.11015625
1 0.928125 0.44609375 0.121875 0.1234375
1 0.91484375 0.5671875 0.11015625 0.11015625
1 0.9234375 0.6734375 0.121875 0.121875
1 0.82734375 0.82734375 0.121875 0.1234375
1 0.915625 0.89609375 0.09765625 0.0984375
1 0.91640625 0.79296875 0.121875 0.1234375