2 0.8078125 0.9265625 0.06171875 0.06171875
2 0.81796875 0.83046875 0.06171875 0.06171875
2 0.9265625 0.1328125 0.0359375 0.0375
1 0.73515625 0.1234375 0.121875 0.1234375
1 0.73359375 0.2171875 0.121875 0.1234375
1 0.63828125 0.18125 0.11015625 0.11015625
1 0.63828125 0.071875 0.121875 0.1234375
1 0.55234375 0.12265625 0.11015625 0.11015625
1 0.540625 0.215625 0.09765625 0.0984375
3 0.4515625 0.1703125 0.121875 0.121875
1 0.44453125 0.0765625 0.121875 0.1234375
1 0.35625 0.1140625 0.121875 0.121875
1 0.35546875 0.215625 0.09765625 0.0984375
1 0.253125 0.1765625 0.09765625 0.0984375
1 0.2453125 0.071875 0.09765625 0.0984375
1 0.165625 0.1265625 0.109375 0.11015625
1 0.06484375 0.17109375 0.121875 0.1234375
1 0.6375 0.30625 0.121875 0.1234375
1 0.54609375 0.3421875 0.121875 0.1234375
1 0.72890625 0.34375 0.121875 0.1234375
1 0.06875 0.27421875 0.109375 0.11015625
1 0.06875 0.3921875 0.11015625 0.11015625
1 0.075 0.71796875 0.121875 0.1234375
1 0.06796875 0.621875 0.121875 0.1234375
1 0.0703125 0.48984375 0.09765625 0.0984375
1 0.1625 0.23671875 0.109375 0.11015625
1 0.15859375 0.35078125 0.121875 0.121875
1 0.1578125 0.4625 0.121875 0.1234375
1 0.159375 0.5640625 0.121875 0.1234375
1 0.15546875 0.66875 0.121875 0.1234375
1 0.1515625 0.7875 0.121875 0.1234375
1 0.2515625 0.73828125 0.121875 0.1234375
1 0.2515625 0.62421875 0.121875 0.1234375
1 0.25703125 0.509375 0.121875 0.121875
1 0.25703125 0.4 0.121875 0.121875
1 0.2484375 0.29609375 0.09765625 0.0984375
1 0.35625 0.334375 0.121875 0.1234375
1 0.35859375 0.44921875 0.121875 0.1234375
1 0.3546875 0.559375 0.121875 0.121875
1 0.3546875 0.6703125 0.121875 0.1234375
1 0.35390625 0.7828125 0.121875 0.1234375
1 0.44765625 0.75078125 0.121875 0.121875
1 0.46015625 0.63203125 0.09765625 0.0984375
1 0.45 0.5296875 0.121875 0.1234375
1 0.45625 0.4 0.121875 0.1234375
1 0.46171875 0.275 0.121875 0.1234375
1 0.54375 0.46171875 0.121875 0.1234375
1 0.5375 0.5625 0.121875 0.1234375
1 0.5453125 0.68125 0.121875 0.1234375
1 0.63046875 0.73125 0.121875 0.1234375
1 0.63828125 0.6203125 0.121875 0.1234375
1 0.63359375 0.5015625 0.121875 0.1234375
1 0.63671875 0.39921875 0.09765625 0.09765625
1 0.7328125 0.44140625 0.121875 0.1234375
1 0.72890625 0.5828125 0.121875 0.1234375
1 0.72734375 0.6828125 0.09765625 0.0984375
1 0.73984375 0.79765625 0.121875 0.1234375
1 0.53671875 0.77109375 0.08515625 0.08671875
1 0.7328125 0.89609375 0.109375 0.11015625
1 0.6390625 0.8328125 0.109375 0.11015625
1 0.63828125 0.93515625 0.11015625 0.11015625
1 0.5390625 0.8921875 0.09765625 0.0984375
1 0.440625 0.89140625 0.09765625 0.0984375
1 0.35234375 0.89375 0.09765625 0.0984375
1 0.24296875 0.8421875 0.09765625 0.0984375
1 0.159375 0.88984375 0.09765625 0.0984375
1 0.0828125 0.8953125 0.121875 0.1234375
2 0.9078125 0.88125 0.0375 0.0375
2 0.9125 0.78515625 0.0375 0.0375
2 0.91328125 0.66875 0.0375 0.0375