2 0.1046875 0.8265625 0.08515625 0.0859375
2 0.68046875 0.1390625 0.06171875 0.06171875
2 0.58125 0.07265625 0.06171875 0.06171875
2 0.9328125 0.209375 0.0734375 0.07421875
2 0.84296875 0.13984375 0.06171875 0.06171875
2 0.68671875 0.04296875 0.0609375 0.0609375
2 0.67890625 0.23359375 0.06171875 0.06171875
2 0.7515625 0.19609375 0.0734375 0.07421875
2 0.840625 0.02734375 0.0484375 0.0484375
2 0.7515625 0.0703125 0.0609375 0.0609375
2 0.9390625 0.1 0.0609375 0.06171875
1 0.928125 0.896875 0.121875 0.121875
1 0.93125 0.796875 0.121875 0.1234375
1 0.9359375 0.69140625 0.121875 0.1234375
1 0.93046875 0.61328125 0.121875 0.1234375
1 0.83515625 0.515625 0.11015625 0.1109375
1 0.83671875 0.6328125 0.121875 0.1234375
1 0.846875 0.740625 0.121875 0.121875
1 0.83515625 0.85625 0.121875 0.1234375
1 0.74921875 0.90625 0.08515625 0.0859375
1 0.75 0.790625 0.0859375 0.0859375
1 0.75625 0.67109375 0.08515625 0.0859375
1 0.75546875 0.57421875 0.08515625 0.0859375
1 0.653125 0.621875 0.09765625 0.09765625
1 0.6515625 0.7421875 0.08515625 0.0859375
1 0.6515625 0.84609375 0.09765625 0.0984375
1 0.56484375 0.5671875 0.121875 0.1234375
1 0.56015625 0.6859375 0.121875 0.1234375
1 0.5609375 0.7953125 0.121875 0.1234375
1 0.56484375 0.90703125 0.121875 0.1234375
1 0.47578125 0.621875 0.121875 0.1234375
1 0.47109375 0.74375 0.121875 0.1234375
1 0.4640625 0.84453125 0.121875 0.1234375
1 0.37109375 0.89921875 0.109375 0.11015625
1 0.37578125 0.7921875 0.121875 0.1234375
1 0.3734375 0.68046875 0.09765625 0.0984375
1 0.36875 0.5609375 0.08515625 0.0859375
1 0.290625 0.61640625 0.0859375 0.0859375
1 0.284375 0.7328125 0.08515625 0.0859375
1 0.2765625 0.8375 0.09765625 0.09765625
1 0.18671875 0.6703125 0.0859375 0.0859375
1 0.18359375 0.78046875 0.0859375 0.0859375
1 0.17578125 0.9 0.0859375 0.0859375
1 0.10234375 0.70390625 0.09765625 0.0984375
1 0.0984375 0.6125 0.09765625 0.0984375
2 0.3171875 0.021875 0.02421875 0.02421875
2 0.22421875 0.05546875 0.02421875 0.02421875