2 0.665625 0.49921875 0.0484375 0.0484375
2 0.7453125 0.5640625 0.0484375 0.0484375
2 0.928125 0.5484375 0.06171875 0.06171875
2 0.7484375 0.43984375 0.0609375 0.06171875
2 0.67265625 0.28828125 0.0484375 0.0484375
2 0.67578125 0.08671875 0.0484375 0.0484375
2 0.671875 0.19453125 0.0484375 0.0484375
2 0.66796875 0.40390625 0.0609375 0.06171875
2 0.94140625 0.25234375 0.0609375 0.06171875
2 0.8578125 0.0703125 0.0484375 0.0484375
2 0.74609375 0.1359375 0.0375 0.0375
2 0.94609375 0.14140625 0.0609375 0.0609375
2 0.95 0.06484375 0.06171875 0.06171875
2 0.7453125 0.35234375 0.0609375 0.06171875
2 0.7375 0.24921875 0.0484375 0.0484375
2 0.93671875 0.33984375 0.0734375 0.07421875
2 0.55390625 0.5328125 0.0484375 0.05
2 0.5578125 0.4359375 0.0484375 0.05
2 0.4578125 0.37421875 0.0484375 0.05
2 0.46875 0.06796875 0.0484375 0.05
2 0.4640625 0.4734375 0.06171875 0.06171875
2 0.3578125 0.1109375 0.0609375 0.06171875
2 0.4625 0.26640625 0.0484375 0.0484375
2 0.3546875 0.36015625 0.0484375 0.05
2 0.365625 0.440625 0.0484375 0.05
2 0.365625 0.53671875 0.0484375 0.05
2 0.25859375 0.575 0.0484375 0.0484375
2 0.4625 0.575 0.0484375 0.05
2 0.55625 0.24921875 0.0609375 0.06171875
2 0.465625 0.16640625 0.0484375 0.05
2 0.5546875 0.13125 0.0484375 0.05
2 0.92421875 0.6546875 0.06171875 0.06171875
2 0.93671875 0.446875 0.0484375 0.0484375
2 0.853125 0.503125 0.0484375 0.0484375
2 0.8484375 0.60078125 0.0609375 0.06171875
2 0.8609375 0.290625 0.0484375 0.0484375
2 0.659375 0.60390625 0.02421875 0.02421875
2 0.55703125 0.34765625 0.0359375 0.0375
2 0.3671875 0.634375 0.0484375 0.0484375
2 0.26171875 0.4734375 0.0484375 0.0484375
2 0.17265625 0.528125 0.0484375 0.0484375
2 0.8578125 0.15703125 0.02421875 0.02421875
2 0.86484375 0.3859375 0.02421875 0.02421875
2 0.0484375 0.1203125 0.0375 0.0375
2 0.115625 0.11640625 0.0484375 0.0484375
2 0.2625 0.05859375 0.0359375 0.0375
2 0.5671875 0.6375 0.02421875 0.02421875