2 0.125 0.07578125 0.0609375 0.06171875
2 0.7796875 0.78046875 0.0734375 0.07421875
2 0.12578125 0.4078125 0.06171875 0.06171875
2 0.21875 0.12578125 0.0484375 0.05
2 0.12421875 0.1703125 0.0609375 0.06171875
2 0.12578125 0.51640625 0.0609375 0.06171875
2 0.11484375 0.7484375 0.06171875 0.06171875
2 0.13515625 0.28984375 0.0734375 0.0734375
2 0.11484375 0.85078125 0.06171875 0.06171875
2 0.309375 0.83828125 0.0609375 0.06171875
2 0.60078125 0.8875 0.0484375 0.0484375
2 0.309375 0.90859375 0.0484375 0.05
2 0.4109375 0.90546875 0.0609375 0.06171875
2 0.5015625 0.9625 0.06171875 0.06171875
1 0.878125 0.6234375 0.09765625 0.0984375
1 0.8703125 0.7296875 0.109375 0.11015625
1 0.86796875 0.8375 0.11015625 0.11015625
1 0.7828125 0.565625 0.08515625 0.0859375
1 0.77265625 0.68125 0.11015625 0.11015625
1 0.78203125 0.8921875 0.0734375 0.07421875
1 0.69296875 0.51328125 0.11015625 0.11015625
1 0.67890625 0.61171875 0.11015625 0.11015625
1 0.68046875 0.71484375 0.0734375 0.07421875
1 0.68046875 0.815625 0.0859375 0.0859375
1 0.68828125 0.90703125 0.0859375 0.0859375
2 0.60234375 0.7953125 0.0375 0.0375
2 0.509375 0.85546875 0.0359375 0.0375
2 0.21015625 0.565625 0.0609375 0.06171875
2 0.21015625 0.67421875 0.0484375 0.05
2 0.209375 0.76875 0.0484375 0.05
2 0.19921875 0.8953125 0.0484375 0.05
2 0.1078125 0.9625 0.06171875 0.06171875
2 0.1265625 0.6375 0.0484375 0.05
1 0.60546875 0.57109375 0.109375 0.11015625
1 0.59453125 0.67109375 0.109375 0.1109375
1 0.5171875 0.5265625 0.121875 0.1234375
1 0.50625 0.62578125 0.11015625 0.1109375
1 0.5046875 0.73203125 0.11015625 0.11015625
1 0.41875 0.571875 0.11015625 0.1109375
1 0.41953125 0.675 0.11015625 0.11015625
1 0.4109375 0.7875 0.11015625 0.11015625
1 0.31953125 0.609375 0.0859375 0.0859375
1 0.31953125 0.715625 0.121875 0.1234375
1 0.8734375 0.0765625 0.11015625 0.11015625
1 0.884375 0.184375 0.109375 0.11015625
1 0.875 0.290625 0.109375 0.11015625
1 0.875 0.39921875 0.109375 0.11015625
1 0.87421875 0.50859375 0.109375 0.11015625
1 0.32109375 0.06171875 0.11015625 0.11015625
1 0.32109375 0.17421875 0.11015625 0.11015625
1 0.421875 0.121875 0.09765625 0.0984375
1 0.5109375 0.06328125 0.109375 0.11015625
1 0.51640625 0.17421875 0.09765625 0.0984375
1 0.596875 0.1234375 0.11015625 0.11015625
1 0.6984375 0.07734375 0.11015625 0.11015625
1 0.7828125 0.12578125 0.109375 0.11015625
3 0.790625 0.2390625 0.11015625 0.11015625
1 0.7953125 0.3390625 0.08515625 0.08671875
1 0.7875 0.46640625 0.11015625 0.11015625
1 0.69453125 0.19296875 0.11015625 0.11015625
1 0.690625 0.2953125 0.11015625 0.11015625
1 0.69453125 0.40703125 0.09765625 0.0984375
1 0.6046875 0.23671875 0.109375 0.11015625
1 0.603125 0.353125 0.09765625 0.0984375
1 0.60078125 0.46328125 0.109375 0.11015625
1 0.5140625 0.303125 0.09765625 0.0984375
1 0.51484375 0.39375 0.09765625 0.09765625
1 0.4109375 0.24140625 0.11015625 0.11015625
1 0.42109375 0.3484375 0.09765625 0.09765625
1 0.41640625 0.46015625 0.11015625 0.1109375
1 0.315625 0.5015625 0.09765625 0.0984375
1 0.315625 0.4125 0.109375 0.1109375
1 0.32265625 0.29609375 0.11015625 0.1109375
2 0.21484375 0.246875 0.0484375 0.05
2 0.21875 0.3515625 0.0484375 0.0484375
2 0.21328125 0.45625 0.06171875 0.06171875