2 0.25703125 0.2484375 0.06171875 0.06171875
2 0.246875 0.13515625 0.06171875 0.06171875
2 0.0515625 0.3640625 0.0609375 0.06171875
2 0.05078125 0.26640625 0.0609375 0.06171875
2 0.23359375 0.5953125 0.0734375 0.07421875
2 0.04609375 0.5703125 0.0484375 0.0484375
2 0.14375 0.53828125 0.0484375 0.0484375
2 0.353125 0.08671875 0.0609375 0.06171875
2 0.3421875 0.31875 0.06171875 0.06171875
2 0.3421875 0.42109375 0.06171875 0.06171875
2 0.5375 0.40859375 0.0609375 0.06171875
2 0.33515625 0.64765625 0.06171875 0.06171875
2 0.728125 0.64609375 0.0484375 0.05
2 0.828125 0.4578125 0.0484375 0.0484375
2 0.51640625 0.58515625 0.0734375 0.0734375
2 0.5375 0.47890625 0.0484375 0.05
2 0.83125 0.5765625 0.06171875 0.06171875
2 0.6390625 0.47578125 0.0609375 0.06171875
2 0.9265625 0.81796875 0.06171875 0.06171875
2 0.72890625 0.5328125 0.06171875 0.06171875
2 0.6296875 0.56796875 0.0734375 0.0734375
1 0.91875 0.921875 0.11015625 0.1109375
1 0.8265625 0.87421875 0.121875 0.1234375
1 0.7296875 0.91875 0.09765625 0.09765625
1 0.62109375 0.86640625 0.09765625 0.0984375
1 0.54375 0.9296875 0.08515625 0.0859375
1 0.53203125 0.8484375 0.08515625 0.0859375
1 0.409375 0.8453125 0.0859375 0.0859375
1 0.3234375 0.9046875 0.08515625 0.0859375
1 0.13203125 0.9 0.08515625 0.0859375
1 0.9203125 0.08359375 0.11015625 0.11015625
1 0.90703125 0.18203125 0.11015625 0.11015625
1 0.9078125 0.28515625 0.0734375 0.07421875
1 0.9078125 0.3859375 0.0859375 0.0859375
1 0.915625 0.47734375 0.0859375 0.0859375
1 0.91875 0.59609375 0.09765625 0.0984375
2 0.8296875 0.365625 0.0375 0.0375
2 0.73671875 0.42578125 0.0359375 0.0375
2 0.62421875 0.6546875 0.0484375 0.05
2 0.4375 0.1359375 0.0609375 0.06171875
2 0.4375 0.24453125 0.0484375 0.05
2 0.43671875 0.3390625 0.0484375 0.05
2 0.4265625 0.465625 0.0484375 0.05
2 0.43046875 0.578125 0.0484375 0.0484375
2 0.33515625 0.5328125 0.06171875 0.06171875
2 0.3546875 0.2078125 0.0484375 0.05
2 0.15625 0.196875 0.0375 0.0375
2 0.1453125 0.303125 0.0484375 0.0484375
2 0.146875 0.4296875 0.0375 0.0375
2 0.04375 0.4796875 0.0359375 0.0375
1 0.8328125 0.14140625 0.109375 0.11015625
1 0.821875 0.24140625 0.109375 0.1109375
1 0.74453125 0.096875 0.121875 0.1234375
1 0.73359375 0.19609375 0.11015625 0.1109375
1 0.73203125 0.30234375 0.11015625 0.11015625
1 0.64609375 0.1421875 0.11015625 0.1109375
1 0.646875 0.2453125 0.11015625 0.11015625
1 0.63828125 0.3578125 0.11015625 0.11015625
1 0.546875 0.1796875 0.0859375 0.0859375
1 0.54765625 0.2859375 0.121875 0.1234375
1 0.54296875 0.071875 0.09765625 0.0984375
2 0.05546875 0.1390625 0.0375 0.0375