2 0.40546875 0.06171875 0.08515625 0.0859375
2 0.490625 0.21171875 0.08515625 0.0859375
2 0.5734375 0.3796875 0.0734375 0.0734375
2 0.2859375 0.86796875 0.0734375 0.07421875
1 0.11875 0.0890625 0.121875 0.1234375
1 0.1109375 0.19453125 0.121875 0.1234375
1 0.115625 0.31953125 0.121875 0.1234375
1 0.115625 0.42890625 0.121875 0.1234375
1 0.11015625 0.5359375 0.121875 0.1234375
1 0.1 0.63125 0.121875 0.121875
1 0.10390625 0.74375 0.121875 0.1234375
1 0.95625 0.1671875 0.0859375 0.0859375
1 0.87109375 0.11484375 0.09765625 0.0984375
1 0.875 0.22578125 0.109375 0.11015625
1 0.8671875 0.32890625 0.09765625 0.09765625
1 0.86796875 0.43984375 0.109375 0.11015625
1 0.8625 0.5296875 0.11015625 0.11015625
1 0.85859375 0.6453125 0.09765625 0.0984375
1 0.2015625 0.0515625 0.08515625 0.0859375
1 0.20234375 0.1453125 0.121875 0.121875
1 0.1984375 0.2640625 0.121875 0.1234375
1 0.2046875 0.3671875 0.0859375 0.0859375
1 0.1984375 0.484375 0.121875 0.1234375
1 0.19609375 0.5890625 0.121875 0.1234375
1 0.196875 0.6953125 0.121875 0.1234375
1 0.28828125 0.6515625 0.121875 0.1234375
1 0.29609375 0.7609375 0.121875 0.1234375
1 0.29140625 0.52890625 0.121875 0.121875
1 0.29609375 0.42890625 0.121875 0.1234375
1 0.29375 0.315625 0.121875 0.1234375
1 0.30234375 0.20390625 0.08515625 0.08671875
1 0.29765625 0.07734375 0.08515625 0.0859375
1 0.403125 0.1515625 0.0859375 0.0859375
1 0.4078125 0.2640625 0.0859375 0.0859375
1 0.396875 0.3734375 0.0859375 0.0859375
1 0.4 0.4875 0.0859375 0.0859375
1 0.39921875 0.603125 0.08515625 0.0859375
0 0.39375 0.7015625 0.0609375 0.06171875
1 0.38671875 0.8203125 0.09765625 0.09765625
1 0.47109375 0.7375 0.121875 0.1234375
1 0.47734375 0.64765625 0.109375 0.1109375
3 0.484375 0.534375 0.0859375 0.0859375
1 0.4890625 0.4125 0.09765625 0.09765625
1 0.4859375 0.290625 0.08515625 0.0859375
1 0.49375 0.10625 0.08515625 0.0859375
1 0.57734375 0.05078125 0.08515625 0.0859375
1 0.56953125 0.1671875 0.08515625 0.08671875
1 0.575 0.27265625 0.08515625 0.0859375
2 0.6609375 0.52265625 0.0484375 0.0484375
1 0.56875 0.49296875 0.0859375 0.0859375
1 0.575 0.596875 0.121875 0.1234375
1 0.571875 0.71015625 0.121875 0.1234375
1 0.57109375 0.8171875 0.09765625 0.0984375
1 0.6625 0.76328125 0.09765625 0.0984375
1 0.66484375 0.6515625 0.121875 0.1234375
1 0.7546875 0.70234375 0.09765625 0.0984375
1 0.76171875 0.8078125 0.0859375 0.0859375
1 0.765625 0.57109375 0.09765625 0.0984375
1 0.765625 0.46953125 0.09765625 0.0984375
1 0.7609375 0.365625 0.09765625 0.0984375
1 0.775 0.26484375 0.09765625 0.0984375
1 0.7796875 0.1453125 0.09765625 0.09765625
1 0.77421875 0.0546875 0.08515625 0.0859375
1 0.68125 0.1140625 0.121875 0.1234375
1 0.68046875 0.2171875 0.09765625 0.0984375
1 0.8640625 0.7640625 0.09765625 0.09765625
1 0.37890625 0.93359375 0.09765625 0.09765625
1 0.471875 0.8703125 0.121875 0.1234375
1 0.5703125 0.9375 0.09765625 0.09765625
1 0.6609375 0.8765625 0.09765625 0.0984375
1 0.75078125 0.92890625 0.09765625 0.09765625
1 0.859375 0.8921875 0.09765625 0.0984375
1 0.66640625 0.41875 0.08515625 0.0859375