2 0.32734375 0.153125 0.06171875 0.06171875
2 0.32109375 0.5625 0.0734375 0.07421875
2 0.053125 0.23984375 0.0484375 0.05
2 0.15234375 0.0515625 0.0484375 0.0484375
2 0.15546875 0.1703125 0.06171875 0.06171875
2 0.25078125 0.41171875 0.06171875 0.06171875
2 0.053125 0.1265625 0.06171875 0.06171875
2 0.69296875 0.2671875 0.06171875 0.06171875
2 0.41484375 0.42109375 0.08515625 0.0859375
1 0.8890625 0.4734375 0.121875 0.1234375
1 0.8875 0.58671875 0.11015625 0.11015625
1 0.88203125 0.68671875 0.09765625 0.0984375
1 0.88984375 0.80234375 0.109375 0.11015625
1 0.8765625 0.92109375 0.121875 0.1234375
1 0.78828125 0.85703125 0.11015625 0.11015625
1 0.79140625 0.74375 0.11015625 0.11015625
1 0.78515625 0.63984375 0.109375 0.11015625
1 0.7984375 0.53046875 0.121875 0.1234375
1 0.7984375 0.4234375 0.0734375 0.07421875
1 0.7015625 0.4703125 0.0734375 0.07421875
1 0.7 0.58515625 0.0734375 0.07421875
1 0.7015625 0.68125 0.09765625 0.0984375
1 0.6921875 0.78984375 0.11015625 0.11015625
1 0.690625 0.903125 0.109375 0.11015625
1 0.603125 0.9515625 0.0734375 0.0734375
1 0.6078125 0.85 0.11015625 0.11015625
1 0.6109375 0.7265625 0.121875 0.1234375
1 0.609375 0.62265625 0.109375 0.11015625
1 0.61015625 0.528125 0.09765625 0.0984375
1 0.60859375 0.41953125 0.09765625 0.0984375
1 0.5125 0.47265625 0.121875 0.1234375
1 0.51640625 0.5640625 0.121875 0.121875
1 0.5109375 0.66875 0.11015625 0.11015625
1 0.50078125 0.78125 0.11015625 0.1109375
1 0.5015625 0.90078125 0.109375 0.11015625
1 0.41328125 0.96171875 0.0734375 0.07421875
1 0.41640625 0.84453125 0.08515625 0.0859375
1 0.415625 0.721875 0.08515625 0.0859375
1 0.4140625 0.6203125 0.0859375 0.0859375
1 0.42734375 0.5203125 0.11015625 0.11015625
1 0.325 0.46640625 0.0859375 0.08671875
1 0.3265625 0.67265625 0.0859375 0.0859375
1 0.32109375 0.7859375 0.09765625 0.09765625
1 0.31953125 0.8984375 0.08515625 0.0859375
1 0.225 0.93984375 0.11015625 0.11015625
1 0.234375 0.8234375 0.09765625 0.0984375
1 0.2421875 0.725 0.109375 0.11015625
1 0.2375 0.63984375 0.109375 0.11015625
1 0.24296875 0.515625 0.11015625 0.1109375
1 0.15078125 0.46796875 0.121875 0.1234375
1 0.14765625 0.5765625 0.11015625 0.11015625
1 0.1390625 0.675 0.11015625 0.11015625
1 0.1359375 0.7921875 0.11015625 0.11015625
1 0.1296875 0.89140625 0.0859375 0.0859375
1 0.05859375 0.6125 0.09765625 0.0984375
1 0.05390625 0.5125 0.09765625 0.09765625
1 0.90234375 0.06796875 0.109375 0.11015625
1 0.90546875 0.18046875 0.109375 0.11015625
1 0.80625 0.21171875 0.11015625 0.11015625
1 0.8078125 0.1109375 0.11015625 0.11015625
1 0.7125 0.065625 0.11015625 0.11015625
1 0.71171875 0.17734375 0.09765625 0.0984375
1 0.61640625 0.1421875 0.109375 0.11015625
1 0.6125 0.2390625 0.0859375 0.0859375
1 0.5171875 0.06796875 0.109375 0.11015625
1 0.5265625 0.165625 0.11015625 0.11015625
1 0.42109375 0.1234375 0.08515625 0.0859375
1 0.4234375 0.23046875 0.0734375 0.07421875
1 0.33359375 0.05625 0.0734375 0.07421875
1 0.33671875 0.234375 0.0734375 0.07421875
1 0.240625 0.07109375 0.0859375 0.0859375
1 0.24296875 0.18984375 0.09765625 0.0984375
2 0.0609375 0.01953125 0.0359375 0.0375