2 0.2921875 0.6546875 0.0609375 0.06171875
2 0.3734375 0.7234375 0.08515625 0.0859375
2 0.2984375 0.871875 0.0484375 0.0484375
2 0.3734375 0.934375 0.0484375 0.0484375
2 0.2984375 0.7625 0.06171875 0.06171875
2 0.290625 0.42578125 0.0484375 0.0484375
2 0.115625 0.4421875 0.0484375 0.0484375
2 0.11328125 0.55703125 0.0484375 0.05
2 0.19609375 0.721875 0.06171875 0.06171875
2 0.1953125 0.61015625 0.0484375 0.05
2 0.2859375 0.21328125 0.0484375 0.05
2 0.11328125 0.22578125 0.0484375 0.05
2 0.19609375 0.16328125 0.06171875 0.06171875
2 0.4734375 0.8828125 0.0484375 0.0484375
1 0.85859375 0.1109375 0.09765625 0.0984375
1 0.76484375 0.15625 0.09765625 0.09765625
1 0.7625 0.2625 0.09765625 0.09765625
1 0.7484375 0.3828125 0.09765625 0.09765625
1 0.85703125 0.2125 0.11015625 0.11015625
1 0.8578125 0.33203125 0.109375 0.1109375
1 0.4859375 0.0921875 0.121875 0.1234375
1 0.3828125 0.15703125 0.109375 0.11015625
1 0.4765625 0.2 0.09765625 0.0984375
1 0.5734375 0.14921875 0.09765625 0.09765625
1 0.39140625 0.26015625 0.109375 0.11015625
1 0.38828125 0.37890625 0.08515625 0.0859375
1 0.4828125 0.325 0.09765625 0.0984375
1 0.56953125 0.2625 0.11015625 0.11015625
1 0.56875 0.3765625 0.11015625 0.11015625
1 0.67109375 0.31953125 0.121875 0.1234375
1 0.6734375 0.21171875 0.121875 0.1234375
2 0.2859375 0.0890625 0.0484375 0.0484375
1 0.8546875 0.5546875 0.121875 0.1234375
1 0.865625 0.4421875 0.109375 0.11015625
1 0.86484375 0.6625 0.121875 0.1234375
1 0.759375 0.6140625 0.09765625 0.0984375
1 0.7625 0.49453125 0.109375 0.11015625
1 0.57109375 0.48359375 0.121875 0.1234375
1 0.6734375 0.55546875 0.09765625 0.0984375
1 0.675 0.4328125 0.121875 0.1234375
1 0.67734375 0.6578125 0.11015625 0.1109375
1 0.57109375 0.603125 0.109375 0.1109375
1 0.48125 0.6578125 0.109375 0.1109375
1 0.47734375 0.5453125 0.109375 0.1109375
1 0.48046875 0.43046875 0.109375 0.1109375
1 0.38984375 0.4859375 0.09765625 0.09765625
1 0.378125 0.609375 0.09765625 0.09765625
1 0.47109375 0.75 0.08515625 0.0859375
1 0.565625 0.7125 0.11015625 0.11015625
1 0.66484375 0.7765625 0.109375 0.11015625
1 0.66484375 0.8859375 0.109375 0.11015625
1 0.759375 0.934375 0.109375 0.11015625
1 0.76640625 0.821875 0.109375 0.11015625
1 0.753125 0.7125 0.11015625 0.11015625
1 0.85 0.7671875 0.121875 0.1234375
1 0.86015625 0.86953125 0.11015625 0.11015625
1 0.94296875 0.840625 0.11015625 0.11015625
2 0.20390625 0.05234375 0.0484375 0.05
2 0.1234375 0.0921875 0.02421875 0.02421875
2 0.19921875 0.27421875 0.0484375 0.0484375
2 0.2859375 0.315625 0.02421875 0.02421875
2 0.28046875 0.5421875 0.0484375 0.0484375
2 0.19609375 0.51171875 0.0375 0.0375
2 0.1984375 0.3859375 0.0484375 0.0484375
2 0.1125 0.3296875 0.02421875 0.02421875
2 0.38359375 0.81328125 0.0609375 0.06171875
2 0.56875 0.825 0.0484375 0.0484375
2 0.56953125 0.92578125 0.0484375 0.0484375