2 0.884375 0.27578125 0.06171875 0.06171875
2 0.7234375 0.25859375 0.0609375 0.06171875
2 0.365625 0.26640625 0.0484375 0.0484375
2 0.44453125 0.33203125 0.0484375 0.0484375
2 0.62734375 0.315625 0.06171875 0.06171875
2 0.446875 0.2078125 0.0609375 0.06171875
2 0.371875 0.05546875 0.0484375 0.0484375
2 0.3671875 0.17109375 0.0609375 0.06171875
2 0.44453125 0.11953125 0.0609375 0.06171875
2 0.7171875 0.16015625 0.0484375 0.0484375
2 0.6359375 0.1078125 0.0734375 0.07421875
2 0.253125 0.3 0.0484375 0.05
2 0.25703125 0.20390625 0.0484375 0.05
2 0.15703125 0.1421875 0.0484375 0.05
2 0.16328125 0.240625 0.06171875 0.06171875
2 0.1625 0.034375 0.0484375 0.0484375
2 0.05390625 0.12734375 0.0484375 0.05
2 0.0640625 0.20859375 0.0484375 0.05
2 0.0640625 0.30390625 0.0484375 0.05
2 0.1625 0.3421875 0.0484375 0.05
2 0.721875 0.4890625 0.06171875 0.06171875
2 0.6234375 0.42265625 0.06171875 0.06171875
2 0.88515625 0.48984375 0.06171875 0.06171875
2 0.728125 0.3921875 0.0609375 0.0609375
2 0.72109375 0.58359375 0.06171875 0.06171875
2 0.79375 0.54609375 0.0734375 0.07421875
2 0.8828125 0.3765625 0.0484375 0.0484375
2 0.79375 0.4203125 0.0609375 0.0609375
1 0.87734375 0.865625 0.11015625 0.1109375
1 0.79765625 0.9234375 0.08515625 0.0859375
1 0.60703125 0.9171875 0.121875 0.1234375
1 0.4109375 0.91015625 0.08515625 0.0859375
2 0.8875 0.19609375 0.0359375 0.0375
2 0.9015625 0.075 0.0375 0.0359375
2 0.80078125 0.20625 0.0484375 0.0484375
2 0.8109375 0.31875 0.0375 0.0375
2 0.72578125 0.0671875 0.0375 0.0375
2 0.6359375 0.21484375 0.0484375 0.0484375
2 0.553125 0.2703125 0.0484375 0.0484375
2 0.54765625 0.36875 0.0609375 0.06171875
2 0.5609375 0.05859375 0.0484375 0.0484375
2 0.35859375 0.371875 0.02421875 0.02421875
2 0.25625 0.115625 0.0359375 0.0375
2 0.06640625 0.40234375 0.0484375 0.0484375
2 0.5640625 0.15390625 0.02421875 0.02421875
2 0.26640625 0.4046875 0.02421875 0.02421875