2 0.45234375 0.74296875 0.0484375 0.0484375
2 0.446875 0.8484375 0.06171875 0.06171875
2 0.4515625 0.64609375 0.06171875 0.06171875
2 0.45 0.5328125 0.0609375 0.06171875
2 0.45 0.9625 0.06171875 0.06171875
2 0.94453125 0.609375 0.0484375 0.0484375
2 0.83515625 0.55546875 0.0484375 0.0484375
2 0.5421875 0.4796875 0.0484375 0.0484375
2 0.53046875 0.803125 0.04765625 0.05
2 0.9421875 0.72421875 0.0484375 0.05
2 0.63046875 0.85625 0.0734375 0.07421875
2 0.74375 0.59765625 0.0484375 0.0484375
2 0.75078125 0.7171875 0.06171875 0.06171875
2 0.8296875 0.76875 0.0484375 0.0484375
2 0.53828125 0.59140625 0.0609375 0.06171875
2 0.6359375 0.74453125 0.0609375 0.06171875
2 0.63828125 0.65625 0.06171875 0.0609375
2 0.64375 0.5375 0.0609375 0.06171875
2 0.0921875 0.93984375 0.0609375 0.06171875
2 0.36640625 0.68828125 0.06171875 0.06171875
2 0.275 0.553125 0.0375 0.0375
2 0.365625 0.58828125 0.0484375 0.05
2 0.08671875 0.4828125 0.0375 0.0375
2 0.3625 0.81484375 0.06171875 0.06171875
2 0.359375 0.90703125 0.0484375 0.0484375
2 0.36796875 0.49296875 0.06171875 0.06171875
2 0.18671875 0.3734375 0.0734375 0.0734375
2 0.4484375 0.43671875 0.0734375 0.07421875
2 0.26640625 0.1984375 0.06171875 0.06171875
2 0.18828125 0.28046875 0.0484375 0.05
2 0.27578125 0.103125 0.06171875 0.06171875
2 0.4515625 0.24140625 0.0609375 0.06171875
2 0.45234375 0.33515625 0.0484375 0.0484375
2 0.54375 0.27734375 0.0484375 0.0484375
2 0.64140625 0.32578125 0.06171875 0.06171875
2 0.94453125 0.165625 0.0609375 0.06171875
2 0.5421875 0.3796875 0.06171875 0.06171875
2 0.55234375 0.17421875 0.06171875 0.06171875
2 0.740625 0.27109375 0.0484375 0.05
2 0.9421875 0.39296875 0.0484375 0.05
2 0.8375 0.221875 0.0734375 0.0734375
2 0.740625 0.15703125 0.0609375 0.06171875
2 0.640625 0.21796875 0.0609375 0.06171875
2 0.83671875 0.43828125 0.0484375 0.0484375
1 0.19765625 0.0703125 0.121875 0.1234375
1 0.73828125 0.0828125 0.09765625 0.0984375
1 0.646875 0.10859375 0.08515625 0.0859375
1 0.190625 0.16875 0.109375 0.11015625
1 0.096875 0.1046875 0.109375 0.11015625
1 0.09609375 0.2078125 0.11015625 0.11015625
1 0.090625 0.38203125 0.121875 0.121875
2 0.95234375 0.259375 0.02421875 0.02421875
2 0.93828125 0.065625 0.0484375 0.0484375
1 0.83671875 0.11171875 0.0375 0.0359375
2 0.8390625 0.33125 0.0375 0.0375
2 0.5515625 0.0515625 0.0375 0.0359375
2 0.9421875 0.496875 0.02421875 0.02421875
2 0.76484375 0.834375 0.0484375 0.05
2 0.7453125 0.48984375 0.02421875 0.02421875
2 0.7453125 0.3765625 0.02421875 0.02421875
2 0.64296875 0.42890625 0.02421875 0.02421875
1 0.534375 0.7078125 0.0359375 0.0375
1 0.53046875 0.91015625 0.08515625 0.0859375
2 0.825 0.86875 0.0484375 0.05
2 0.63359375 0.94375 0.02421875 0.02421875
2 0.45 0.03203125 0.0359375 0.0375
2 0.47421875 0.17265625 0.02421875 0.02421875
2 0.36640625 0.153125 0.0375 0.0375
2 0.3703125 0.0578125 0.0375 0.0375
2 0.26640625 0.31953125 0.0359375 0.0359375
2 0.3734375 0.2765625 0.0375 0.0375
1 0.371875 0.3875 0.0484375 0.05
2 0.2703125 0.42734375 0.0359375 0.0359375
2 0.26875 0.6515625 0.0375 0.0375
2 0.26640625 0.7671875 0.0375 0.0375
2 0.26875 0.871875 0.0375 0.0375
2 0.26484375 0.96953125 0.0375 0.0375
2 0.1890625 0.59296875 0.0484375 0.0484375
2 0.08046875 0.603125 0.0359375 0.0375
2 0.0921875 0.7296875 0.0359375 0.0375
2 0.0921875 0.8125 0.0484375 0.0484375
2 0.1859375 0.70546875 0.0609375 0.06171875