2 0.0734375 0.31953125 0.06171875 0.06171875
2 0.0765625 0.21484375 0.0484375 0.0484375
2 0.0796875 0.05078125 0.0484375 0.0484375
2 0.08203125 0.13125 0.0484375 0.0484375
2 0.06953125 0.43828125 0.0484375 0.0484375
2 0.18828125 0.303125 0.06171875 0.0609375
2 0.559375 0.334375 0.0609375 0.06171875
2 0.2828125 0.321875 0.0484375 0.0484375
2 0.66796875 0.2515625 0.0609375 0.06171875
2 0.3828125 0.25625 0.0484375 0.0484375
2 0.74453125 0.303125 0.06171875 0.06171875
2 0.390625 0.346875 0.0484375 0.0484375
2 0.85703125 0.2796875 0.06171875 0.06171875
2 0.471875 0.3109375 0.0484375 0.0484375
2 0.2796875 0.196875 0.0484375 0.0484375
2 0.94921875 0.27265625 0.0484375 0.0484375
2 0.56953125 0.1515625 0.0609375 0.06171875
2 0.47421875 0.10078125 0.06171875 0.06171875
2 0.478125 0.1984375 0.06171875 0.06171875
2 0.7609375 0.1078125 0.0484375 0.0484375
2 0.68046875 0.13203125 0.0484375 0.0484375
2 0.19921875 0.178125 0.0484375 0.0484375
2 0.865625 0.10234375 0.0484375 0.0484375
2 0.8609375 0.1859375 0.0484375 0.0484375
2 0.9453125 0.184375 0.0484375 0.0484375
2 0.465625 0.51796875 0.06171875 0.06171875
2 0.8546875 0.37421875 0.06171875 0.06171875
2 0.27890625 0.5015625 0.06171875 0.06171875
2 0.38359375 0.5171875 0.0609375 0.0609375
2 0.6703125 0.46328125 0.0609375 0.06171875
2 0.3890625 0.43828125 0.0609375 0.06171875
2 0.1921875 0.4109375 0.06171875 0.06171875
2 0.1765625 0.71640625 0.0734375 0.0734375
2 0.18203125 0.51875 0.06171875 0.06171875
2 0.559375 0.41875 0.06171875 0.06171875
2 0.55703125 0.52265625 0.06171875 0.06171875
2 0.66015625 0.87421875 0.0609375 0.0609375
2 0.28203125 0.425 0.0609375 0.0609375
2 0.84453125 0.771875 0.0734375 0.07421875
2 0.6671875 0.36953125 0.0609375 0.06171875
2 0.475 0.425 0.06171875 0.06171875
2 0.5609375 0.71796875 0.0734375 0.07421875
2 0.66640625 0.53984375 0.06171875 0.06171875
2 0.753125 0.71640625 0.06171875 0.06171875
2 0.75859375 0.81015625 0.0609375 0.06171875
2 0.75390625 0.40703125 0.0609375 0.06171875
2 0.75859375 0.50234375 0.0609375 0.06171875
2 0.93984375 0.46796875 0.06171875 0.06171875
2 0.9390625 0.365625 0.0609375 0.06171875
2 0.85625 0.45390625 0.06171875 0.06171875
2 0.8625 0.53046875 0.0484375 0.05
2 0.94609375 0.5515625 0.0484375 0.05
2 0.9328125 0.9484375 0.0734375 0.07421875
3 0.74921875 0.9328125 0.06171875 0.06171875
1 0.5546875 0.9328125 0.09765625 0.09765625
1 0.37578125 0.91328125 0.0859375 0.0859375
1 0.2765625 0.93359375 0.121875 0.1234375
1 0.1734375 0.9375 0.121875 0.1234375
2 0.9390625 0.7203125 0.0484375 0.0484375
2 0.9359375 0.825 0.0484375 0.0484375
1 0.84453125 0.86640625 0.0734375 0.07421875
1 0.66484375 0.75625 0.08515625 0.0859375
1 0.56171875 0.81171875 0.08515625 0.0859375
1 0.4703125 0.86484375 0.08515625 0.08671875
1 0.478125 0.77265625 0.09765625 0.09765625
1 0.38359375 0.70234375 0.0859375 0.0859375
1 0.37578125 0.8046875 0.09765625 0.09765625
1 0.26640625 0.75703125 0.08515625 0.0859375
1 0.2671875 0.8546875 0.0859375 0.0859375
1 0.18203125 0.81796875 0.11015625 0.11015625
1 0.0875 0.7734375 0.0859375 0.0859375
1 0.08671875 0.86796875 0.121875 0.1234375
1 0.38984375 0.07734375 0.06171875 0.06171875
1 0.39140625 0.16484375 0.0609375 0.06171875
2 0.7578125 0.209375 0.0484375 0.0484375
1 0.565625 0.24921875 0.0609375 0.06171875
2 0.2828125 0.0921875 0.0484375 0.0484375
2 0.1984375 0.0875 0.0484375 0.0484375