2 0.3078125 0.4390625 0.0609375 0.06171875
2 0.03125 0.4265625 0.0484375 0.0484375
2 0.415625 0.35625 0.0609375 0.06171875
2 0.13125 0.36015625 0.0484375 0.0484375
2 0.49296875 0.4078125 0.06171875 0.06171875
2 0.1390625 0.4515625 0.0484375 0.0484375
2 0.6046875 0.384375 0.06171875 0.06171875
2 0.21953125 0.41484375 0.0484375 0.0484375
2 0.02734375 0.3015625 0.0484375 0.0484375
2 0.696875 0.3765625 0.0484375 0.0484375
2 0.3171875 0.25625 0.0609375 0.06171875
2 0.221875 0.20546875 0.06171875 0.06171875
2 0.22578125 0.303125 0.06171875 0.06171875
2 0.50859375 0.21171875 0.0484375 0.0484375
2 0.42890625 0.2359375 0.0484375 0.0484375
2 0.61328125 0.20703125 0.0484375 0.0484375
2 0.51484375 0.07890625 0.0484375 0.0484375
2 0.609375 0.28984375 0.0484375 0.0484375
2 0.69375 0.2890625 0.0484375 0.0484375
2 0.21328125 0.62265625 0.06171875 0.06171875
2 0.603125 0.47890625 0.06171875 0.06171875
2 0.13203125 0.621875 0.0609375 0.0609375
2 0.41796875 0.56796875 0.0609375 0.06171875
2 0.13671875 0.5421875 0.0609375 0.06171875
2 0.30703125 0.52265625 0.06171875 0.06171875
2 0.30546875 0.62734375 0.06171875 0.06171875
2 0.5921875 0.87578125 0.0734375 0.07421875
2 0.41484375 0.47421875 0.0609375 0.06171875
2 0.2234375 0.5296875 0.06171875 0.06171875
2 0.309375 0.821875 0.0734375 0.07421875
2 0.41484375 0.64375 0.06171875 0.06171875
2 0.5015625 0.82109375 0.06171875 0.06171875
2 0.50703125 0.91484375 0.0609375 0.06171875
2 0.5015625 0.5109375 0.0609375 0.06171875
2 0.50703125 0.60703125 0.0609375 0.06171875
2 0.68828125 0.57265625 0.06171875 0.06171875
2 0.6875 0.4703125 0.0609375 0.06171875
2 0.60390625 0.5578125 0.06171875 0.06171875
2 0.61015625 0.63515625 0.0484375 0.05
2 0.69453125 0.65546875 0.0484375 0.05
2 0.7640625 0.621875 0.0484375 0.0484375
2 0.7734375 0.51953125 0.0484375 0.0484375
2 0.6875 0.825 0.0484375 0.0484375
2 0.68359375 0.9296875 0.0484375 0.0484375
1 0.4125 0.86015625 0.08515625 0.0859375
1 0.31015625 0.915625 0.08515625 0.0859375
1 0.2265625 0.8765625 0.09765625 0.09765625
1 0.13203125 0.80625 0.0859375 0.0859375
1 0.12421875 0.909375 0.09765625 0.09765625
1 0.13828125 0.18203125 0.06171875 0.06171875
1 0.13984375 0.26875 0.0609375 0.06171875
2 0.615625 0.11015625 0.0375 0.0375
2 0.50625 0.31328125 0.0484375 0.0484375
2 0.43125 0.12109375 0.0375 0.0375
1 0.31328125 0.35390625 0.0609375 0.06171875
2 0.03125 0.096875 0.0484375 0.05
2 0.03125 0.19609375 0.0484375 0.0484375
2 0.4265625 0.02890625 0.0484375 0.05