2 0.46640625 0.31953125 0.0734375 0.07421875
2 0.8359375 0.3 0.0484375 0.05
2 0.75 0.31328125 0.0609375 0.06171875
2 0.471875 0.95078125 0.0609375 0.06171875
2 0.396875 0.7984375 0.0484375 0.0484375
2 0.39921875 0.59765625 0.0484375 0.0484375
2 0.3953125 0.7046875 0.0484375 0.0484375
2 0.39140625 0.91484375 0.0609375 0.06171875
2 0.66484375 0.76328125 0.0609375 0.06171875
2 0.75078125 0.52109375 0.0609375 0.06171875
2 0.8359375 0.42421875 0.0609375 0.06171875
2 0.75390625 0.4078125 0.0609375 0.06171875
2 0.3953125 0.48203125 0.06171875 0.06171875
2 0.58125 0.58125 0.0484375 0.0484375
2 0.46953125 0.646875 0.0375 0.0375
2 0.5796875 0.4875 0.0484375 0.0484375
2 0.7578125 0.615625 0.0484375 0.0484375
2 0.6703125 0.65234375 0.0609375 0.0609375
2 0.92421875 0.36640625 0.06171875 0.06171875
2 0.4703125 0.53203125 0.0734375 0.07421875
2 0.6734375 0.57578125 0.06171875 0.06171875
2 0.46875 0.8625 0.0609375 0.06171875
2 0.8265625 0.646875 0.0484375 0.0484375
2 0.74140625 0.903125 0.0484375 0.0484375
2 0.4609375 0.759375 0.0484375 0.0484375
2 0.6609375 0.85078125 0.0734375 0.07421875
2 0.4703125 0.43046875 0.0734375 0.07421875
2 0.28125 0.946875 0.0484375 0.05
2 0.18125 0.88515625 0.0484375 0.05
2 0.1921875 0.57890625 0.0484375 0.05
2 0.2828125 0.5265625 0.06171875 0.06171875
2 0.08125 0.621875 0.0609375 0.06171875
2 0.18671875 0.77734375 0.0484375 0.0484375
2 0.078125 0.8703125 0.0484375 0.05
2 0.0890625 0.9515625 0.0484375 0.05
2 0.28046875 0.76015625 0.0609375 0.06171875
2 0.1890625 0.67734375 0.0484375 0.05
2 0.08515625 0.54140625 0.0609375 0.06171875
2 0.1890625 0.48046875 0.0375 0.0375
2 0.278125 0.6421875 0.0484375 0.05
2 0.08515625 0.41953125 0.0484375 0.05
2 0.29140625 0.425 0.0359375 0.0375
2 0.59140625 0.20859375 0.06171875 0.06171875
2 0.7453125 0.0828125 0.06171875 0.06171875
2 0.47578125 0.21484375 0.0484375 0.0484375
2 0.93125 0.246875 0.06171875 0.06171875
2 0.91171875 0.9390625 0.0359375 0.0375
2 0.92578125 0.81796875 0.0375 0.0359375
2 0.825 0.94921875 0.0484375 0.0484375
2 0.75 0.8109375 0.0375 0.0375
2 0.66015625 0.9578125 0.0484375 0.0484375
2 0.58515625 0.8015625 0.0484375 0.0484375
2 0.28046875 0.85859375 0.0359375 0.0375
2 0.19765625 0.0359375 0.02421875 0.025
2 0.84453125 0.06875 0.0359375 0.0375
2 0.83984375 0.196875 0.0484375 0.05
2 0.925 0.46640625 0.0359375 0.0359375
2 0.75390625 0.19453125 0.0484375 0.05
2 0.825 0.528125 0.0375 0.0375
2 0.6734375 0.17265625 0.0484375 0.05
2 0.66875 0.27578125 0.06171875 0.06171875
2 0.671875 0.35625 0.0484375 0.0484375
2 0.6734375 0.43828125 0.0484375 0.0484375
2 0.58203125 0.37578125 0.0484375 0.0484375
2 0.58671875 0.2828125 0.0484375 0.0484375
2 0.584375 0.115625 0.0484375 0.05
2 0.471875 0.10078125 0.0484375 0.0484375
2 0.39765625 0.14375 0.02421875 0.02421875
2 0.403125 0.26875 0.02421875 0.02421875
2 0.4046875 0.38359375 0.02421875 0.025
2 0.28828125 0.3109375 0.02421875 0.02421875
2 0.28828125 0.07265625 0.02421875 0.02421875
2 0.92109375 0.70703125 0.0375 0.0375
2 0.753125 0.7171875 0.0484375 0.0484375
2 0.82890625 0.7484375 0.0375 0.0375
2 0.58125 0.6671875 0.02421875 0.02421875
2 0.58828125 0.896875 0.02421875 0.02421875
2 0.0953125 0.09765625 0.0484375 0.0484375
2 0.196875 0.25703125 0.02421875 0.02421875
2 0.08046875 0.34453125 0.0359375 0.0375