3 0.1609375 0.88046875 0.09765625 0.0984375
1 0.9359375 0.0984375 0.09765625 0.0984375
1 0.9296875 0.2203125 0.109375 0.11015625
1 0.834375 0.05390625 0.09765625 0.0984375
1 0.83046875 0.159375 0.11015625 0.1109375
1 0.84453125 0.2703125 0.09765625 0.09765625
1 0.7359375 0.1078125 0.09765625 0.09765625
1 0.7375 0.2234375 0.09765625 0.09765625
1 0.6546875 0.0515625 0.09765625 0.09765625
1 0.646875 0.28203125 0.109375 0.11015625
1 0.64375 0.16484375 0.109375 0.11015625
1 0.54375 0.10390625 0.109375 0.11015625
1 0.5421875 0.2296875 0.121875 0.1234375
1 0.44296875 0.1515625 0.11015625 0.11015625
1 0.45234375 0.23515625 0.0734375 0.0734375
1 0.35859375 0.103125 0.09765625 0.0984375
1 0.35390625 0.215625 0.11015625 0.11015625
1 0.2625 0.16640625 0.109375 0.11015625
1 0.1703125 0.103125 0.109375 0.11015625
1 0.0734375 0.16328125 0.11015625 0.11015625
1 0.07265625 0.26875 0.11015625 0.11015625
1 0.16484375 0.21328125 0.11015625 0.11015625
1 0.265625 0.2765625 0.109375 0.11015625
1 0.8328125 0.38828125 0.09765625 0.0984375
1 0.73515625 0.3296875 0.09765625 0.0984375
1 0.74140625 0.43671875 0.09765625 0.0984375
1 0.834375 0.49765625 0.11015625 0.11015625
1 0.9203125 0.44296875 0.109375 0.11015625
1 0.6453125 0.50625 0.09765625 0.09765625
1 0.640625 0.38828125 0.109375 0.11015625
1 0.54375 0.33203125 0.109375 0.1109375
1 0.54609375 0.440625 0.11015625 0.1109375
1 0.45234375 0.3640625 0.11015625 0.1109375
1 0.45 0.4953125 0.11015625 0.11015625
1 0.53984375 0.55078125 0.11015625 0.1109375
1 0.2578125 0.39140625 0.109375 0.11015625
1 0.3515625 0.45078125 0.109375 0.11015625
1 0.36015625 0.3203125 0.109375 0.1109375
1 0.35546875 0.55 0.109375 0.11015625
1 0.2671875 0.50078125 0.11015625 0.11015625
1 0.1625 0.5453125 0.11015625 0.11015625
1 0.1640625 0.434375 0.09765625 0.0984375
1 0.16875 0.32578125 0.11015625 0.11015625
1 0.0671875 0.36953125 0.11015625 0.11015625
1 0.075 0.47578125 0.109375 0.11015625
1 0.9171875 0.55625 0.11015625 0.11015625
1 0.92109375 0.6734375 0.121875 0.1234375
1 0.91875 0.77578125 0.109375 0.11015625
1 0.915625 0.8890625 0.121875 0.121875
1 0.83125 0.6140625 0.109375 0.11015625
1 0.828125 0.721875 0.09765625 0.0984375
1 0.834375 0.8140625 0.09765625 0.0984375
1 0.73046875 0.55625 0.09765625 0.0984375
1 0.74140625 0.6703125 0.09765625 0.0984375
1 0.73359375 0.7796875 0.11015625 0.11015625
1 0.72890625 0.89921875 0.11015625 0.11015625
1 0.63828125 0.6140625 0.11015625 0.11015625
1 0.6390625 0.72421875 0.11015625 0.11015625
1 0.63671875 0.8390625 0.109375 0.11015625
1 0.53828125 0.67109375 0.121875 0.1234375
1 0.53984375 0.7765625 0.109375 0.11015625
1 0.5390625 0.88515625 0.109375 0.11015625
1 0.45 0.928125 0.11015625 0.1109375
1 0.45 0.8296875 0.0734375 0.07421875
1 0.4546875 0.7265625 0.121875 0.1234375
1 0.45 0.603125 0.109375 0.11015625
1 0.07109375 0.93671875 0.11015625 0.11015625
1 0.0671875 0.82265625 0.11015625 0.11015625
1 0.0609375 0.72734375 0.11015625 0.11015625
1 0.06640625 0.6 0.109375 0.1109375
1 0.1640625 0.6578125 0.109375 0.1109375
1 0.165625 0.7671875 0.109375 0.11015625
1 0.25 0.925 0.109375 0.11015625
1 0.25703125 0.83125 0.109375 0.1109375
1 0.25390625 0.7109375 0.09765625 0.09765625
1 0.25859375 0.5984375 0.11015625 0.1109375
1 0.35390625 0.65703125 0.11015625 0.11015625
1 0.35078125 0.7671875 0.09765625 0.09765625
1 0.35078125 0.88203125 0.11015625 0.1109375
1 0.93125 0.3328125 0.109375 0.11015625