1 0.19453125 0.0734375 0.121875 0.121875
1 0.1 0.1296875 0.11015625 0.11015625
1 0.184375 0.1890625 0.121875 0.121875
1 0.1046875 0.26953125 0.121875 0.1234375
1 0.10859375 0.37109375 0.121875 0.1234375
1 0.20390625 0.27109375 0.11015625 0.11015625
1 0.2921875 0.23515625 0.109375 0.11015625
1 0.2984375 0.1125 0.109375 0.11015625
1 0.39140625 0.06328125 0.121875 0.1234375
1 0.39375 0.16875 0.109375 0.11015625
1 0.4 0.2640625 0.109375 0.11015625
3 0.38203125 0.39921875 0.121875 0.121875
1 0.48046875 0.34921875 0.109375 0.11015625
1 0.48359375 0.22890625 0.11015625 0.11015625
1 0.48125 0.12734375 0.11015625 0.11015625
1 0.57890625 0.06328125 0.109375 0.1109375
1 0.571875 0.171875 0.09765625 0.09765625
1 0.57890625 0.28671875 0.09765625 0.0984375
1 0.57734375 0.4046875 0.11015625 0.11015625
1 0.67109375 0.45390625 0.09765625 0.0984375
1 0.6765625 0.35234375 0.09765625 0.09765625
1 0.66484375 0.23828125 0.109375 0.1109375
1 0.68046875 0.11796875 0.121875 0.1234375
1 0.7640625 0.06484375 0.11015625 0.11015625
1 0.7609375 0.16796875 0.09765625 0.09765625
1 0.7578125 0.28828125 0.109375 0.1109375
1 0.76171875 0.4046875 0.109375 0.11015625
1 0.86875 0.3453125 0.109375 0.1109375
1 0.85625 0.2375 0.11015625 0.11015625
1 0.85859375 0.1203125 0.11015625 0.11015625
1 0.85234375 0.45703125 0.11015625 0.1109375
1 0.8515625 0.5625 0.109375 0.1109375
1 0.846875 0.67265625 0.109375 0.1109375
1 0.8515625 0.78203125 0.109375 0.11015625
1 0.85 0.90703125 0.121875 0.1234375
1 0.7625 0.503125 0.109375 0.1109375
1 0.75625 0.61875 0.109375 0.11015625
1 0.75859375 0.71953125 0.11015625 0.11015625
1 0.75078125 0.8296875 0.11015625 0.11015625
1 0.76015625 0.9125 0.0734375 0.0734375
1 0.6640625 0.56171875 0.09765625 0.0984375
1 0.66796875 0.66640625 0.09765625 0.0984375
1 0.665625 0.78046875 0.09765625 0.0984375
1 0.66171875 0.89296875 0.11015625 0.11015625
1 0.57421875 0.50546875 0.09765625 0.0984375
1 0.56796875 0.6109375 0.11015625 0.11015625
1 0.56328125 0.72890625 0.109375 0.11015625
1 0.5703125 0.84453125 0.109375 0.11015625
1 0.4796875 0.45 0.09765625 0.0984375
1 0.478125 0.56015625 0.109375 0.11015625
1 0.4796875 0.6671875 0.109375 0.11015625
1 0.47734375 0.78046875 0.109375 0.11015625
3 0.3875 0.4984375 0.09765625 0.0984375
1 0.38984375 0.60703125 0.11015625 0.11015625
1 0.3875 0.73125 0.11015625 0.11015625
1 0.38125 0.84140625 0.11015625 0.11015625
1 0.3 0.46171875 0.09765625 0.0984375
1 0.28828125 0.55703125 0.09765625 0.0984375
1 0.284375 0.675 0.09765625 0.0984375
1 0.19375 0.521875 0.121875 0.1234375
1 0.1921875 0.60859375 0.09765625 0.0984375
1 0.190625 0.7203125 0.09765625 0.09765625
1 0.18828125 0.82734375 0.09765625 0.09765625
1 0.1734375 0.946875 0.09765625 0.09765625
1 0.2828125 0.7765625 0.11015625 0.11015625
1 0.2828125 0.896875 0.109375 0.1109375
1 0.471875 0.89140625 0.11015625 0.11015625
1 0.090625 0.5734375 0.121875 0.1234375
1 0.096875 0.88359375 0.121875 0.1234375
1 0.09921875 0.7765625 0.121875 0.1234375