2 0.4203125 0.975 0.0484375 0.0484375
2 0.51875 0.96484375 0.0359375 0.0375
2 0.60078125 0.9390625 0.0375 0.0375
2 0.88125 0.95 0.06171875 0.06171875
2 0.70078125 0.83046875 0.0734375 0.0734375
2 0.9625 0.89375 0.0734375 0.07421875
2 0.7796875 0.65546875 0.06171875 0.06171875
2 0.70234375 0.7375 0.0484375 0.05
2 0.78984375 0.56015625 0.06171875 0.06171875
2 0.96484375 0.6984375 0.0609375 0.06171875
2 0.965625 0.7921875 0.0484375 0.0484375
1 0.51796875 0.07109375 0.121875 0.1234375
1 0.70078125 0.0734375 0.121875 0.1234375
1 0.13046875 0.08046875 0.121875 0.121875
1 0.1296875 0.1921875 0.121875 0.1234375
1 0.13125 0.29375 0.121875 0.1234375
1 0.12734375 0.3984375 0.121875 0.1234375
1 0.1234375 0.51640625 0.121875 0.1234375
1 0.2234375 0.46796875 0.121875 0.1234375
1 0.2234375 0.353125 0.121875 0.1234375
1 0.22890625 0.2390625 0.121875 0.121875
1 0.22890625 0.1296875 0.121875 0.121875
1 0.32734375 0.06328125 0.121875 0.1234375
1 0.33046875 0.17890625 0.121875 0.1234375
1 0.3265625 0.28828125 0.121875 0.121875
1 0.3265625 0.39921875 0.121875 0.1234375
1 0.32578125 0.5125 0.121875 0.1234375
1 0.41953125 0.4796875 0.121875 0.121875
1 0.43125 0.36171875 0.09765625 0.0984375
1 0.42109375 0.25859375 0.121875 0.1234375
1 0.428125 0.1296875 0.121875 0.1234375
1 0.51484375 0.19140625 0.121875 0.1234375
1 0.509375 0.2921875 0.121875 0.1234375
1 0.5171875 0.4109375 0.121875 0.1234375
1 0.60234375 0.4609375 0.121875 0.1234375
1 0.61015625 0.35 0.121875 0.1234375
1 0.6046875 0.23125 0.121875 0.1234375
1 0.60859375 0.12890625 0.09765625 0.09765625
1 0.7046875 0.17109375 0.121875 0.1234375
1 0.70078125 0.3125 0.121875 0.1234375
1 0.69921875 0.4125 0.09765625 0.0984375
1 0.71171875 0.52734375 0.121875 0.1234375
1 0.50859375 0.50078125 0.08515625 0.08671875
1 0.70390625 0.62578125 0.109375 0.11015625
1 0.61015625 0.56171875 0.109375 0.11015625
1 0.61015625 0.66484375 0.11015625 0.11015625
1 0.60390625 0.8390625 0.121875 0.121875
1 0.5046875 0.85078125 0.09765625 0.0984375
1 0.5015625 0.7484375 0.11015625 0.11015625
1 0.5109375 0.621875 0.09765625 0.0984375
1 0.4125 0.6203125 0.09765625 0.0984375
1 0.4125 0.7609375 0.121875 0.1234375
1 0.4125 0.8953125 0.109375 0.11015625
1 0.32421875 0.6234375 0.09765625 0.0984375
1 0.32265625 0.72734375 0.121875 0.1234375
1 0.3234375 0.8453125 0.09765625 0.0984375
1 0.228125 0.91328125 0.11015625 0.1109375
1 0.21484375 0.571875 0.09765625 0.0984375
1 0.2265625 0.68515625 0.09765625 0.0984375
1 0.21875 0.790625 0.09765625 0.09765625
1 0.13125 0.61953125 0.09765625 0.0984375
1 0.13359375 0.73125 0.09765625 0.09765625
1 0.13125 0.84453125 0.109375 0.1109375
1 0.13671875 0.940625 0.0859375 0.0859375
2 0.96328125 0.4890625 0.0359375 0.0375
2 0.8796875 0.61015625 0.0375 0.0375
2 0.88359375 0.51484375 0.0375 0.0375
2 0.884375 0.3984375 0.0375 0.0375
2 0.7796875 0.7765625 0.0359375 0.0359375
2 0.88671875 0.73359375 0.0375 0.0375
1 0.8859375 0.84453125 0.0484375 0.05
2 0.78359375 0.884375 0.0359375 0.0359375
2 0.3234375 0.96953125 0.0484375 0.0484375