2 0.22890625 0.67265625 0.0734375 0.07421875
2 0.5984375 0.65390625 0.0484375 0.05
2 0.5125 0.66640625 0.0609375 0.06171875
2 0.871875 0.91171875 0.06171875 0.06171875
2 0.8765625 0.690625 0.0484375 0.05
2 0.1625 0.9515625 0.0484375 0.0484375
2 0.5140625 0.87421875 0.0609375 0.06171875
2 0.5984375 0.778125 0.0609375 0.06171875
2 0.51640625 0.7609375 0.0609375 0.06171875
2 0.1578125 0.83515625 0.06171875 0.06171875
2 0.34375 0.934375 0.0484375 0.0484375
2 0.34296875 0.840625 0.0484375 0.0484375
2 0.5203125 0.96875 0.0484375 0.0484375
2 0.68671875 0.7203125 0.06171875 0.06171875
2 0.2328125 0.8859375 0.0734375 0.07421875
2 0.4359375 0.92890625 0.06171875 0.06171875
2 0.2328125 0.784375 0.0734375 0.07421875
2 0.8859375 0.14453125 0.0484375 0.0484375
2 0.88046875 0.24921875 0.06171875 0.06171875
2 0.88515625 0.04765625 0.06171875 0.06171875
2 0.88359375 0.3640625 0.06171875 0.06171875
2 0.8765625 0.57890625 0.0609375 0.06171875
2 0.88125 0.4640625 0.0609375 0.06171875
2 0.95625 0.54375 0.0484375 0.0484375
2 0.9640625 0.2046875 0.04765625 0.05
2 0.96171875 0.4328125 0.0734375 0.0734375
2 0.05546875 0.11484375 0.0609375 0.06171875
2 0.0453125 0.88046875 0.06171875 0.06171875
2 0.05390625 0.778125 0.0359375 0.0375
2 0.95234375 0.759375 0.0484375 0.05
2 0.35390625 0.56171875 0.06171875 0.06171875
2 0.50859375 0.4359375 0.06171875 0.06171875
2 0.43359375 0.24296875 0.0609375 0.06171875
2 0.23828125 0.56875 0.0484375 0.0484375
2 0.3421875 0.36875 0.0484375 0.05
2 0.525 0.34140625 0.0609375 0.06171875
2 0.8 0.0890625 0.06171875 0.06171875
2 0.69375 0.6 0.06171875 0.06171875
2 0.24375 0.2390625 0.06171875 0.06171875
2 0.33984375 0.253125 0.0484375 0.05
2 0.79609375 0.21640625 0.06171875 0.06171875
2 0.79296875 0.30859375 0.0484375 0.0484375
2 0.1640625 0.17734375 0.0484375 0.05
1 0.96796875 0.109375 0.0359375 0.0375
2 0.953125 0.8984375 0.0484375 0.0484375
2 0.87578125 0.8140625 0.0359375 0.0375
2 0.95703125 0.65546875 0.0484375 0.0484375
2 0.70234375 0.053125 0.0375 0.0375
2 0.7 0.16875 0.0375 0.0375
2 0.70234375 0.2734375 0.0375 0.0375
2 0.6984375 0.37109375 0.0375 0.0375
2 0.52578125 0.13125 0.0359375 0.0375
2 0.525 0.2140625 0.0484375 0.0484375
2 0.61875 0.10703125 0.0609375 0.06171875
2 0.43046875 0.12421875 0.0375 0.0375
2 0.3328125 0.175 0.0484375 0.0484375
2 0.3359375 0.0703125 0.0375 0.0375
2 0.23828125 0.121875 0.0484375 0.05
2 0.16484375 0.26875 0.0484375 0.05
1 0.1609375 0.07734375 0.06171875 0.06171875
2 0.06171875 0.334375 0.0484375 0.0484375
2 0.05546875 0.21640625 0.0484375 0.05
2 0.2390625 0.340625 0.0484375 0.05
2 0.4328125 0.340625 0.0484375 0.05
2 0.60703125 0.421875 0.0359375 0.0375
2 0.60234375 0.55 0.0484375 0.05
2 0.68828125 0.81953125 0.0359375 0.0359375
2 0.7875 0.6359375 0.0375 0.0375
2 0.51640625 0.5484375 0.0484375 0.05
2 0.5875 0.88203125 0.0375 0.0375
2 0.43671875 0.52578125 0.0484375 0.05
2 0.43125 0.6296875 0.06171875 0.06171875
2 0.434375 0.71015625 0.0484375 0.0484375
2 0.43671875 0.7921875 0.0484375 0.0484375
2 0.34453125 0.7296875 0.0484375 0.0484375
2 0.35 0.63671875 0.0484375 0.0484375
2 0.346875 0.46953125 0.0484375 0.05
2 0.234375 0.45390625 0.0484375 0.0484375
2 0.1609375 0.49765625 0.02421875 0.02421875
2 0.165625 0.62265625 0.02421875 0.02421875
2 0.1671875 0.7375 0.02421875 0.025
2 0.0515625 0.66484375 0.02421875 0.02421875
2 0.0515625 0.4265625 0.02421875 0.02421875
2 0.78046875 0.96640625 0.0359375 0.0359375