2 0.1953125 0.61328125 0.0484375 0.0484375
2 0.115625 0.0328125 0.0484375 0.0484375
2 0.09921875 0.78203125 0.06171875 0.06171875
2 0.19375 0.71953125 0.06171875 0.06171875
2 0.19453125 0.81796875 0.0484375 0.05
2 0.19375 0.91875 0.0484375 0.05
2 0.859375 0.57109375 0.0484375 0.05
1 0.88203125 0.13984375 0.0859375 0.0859375
1 0.89375 0.05 0.0859375 0.0859375
2 0.6140625 0.09453125 0.0609375 0.06171875
2 0.684375 0.63359375 0.0484375 0.0484375
2 0.6828125 0.740625 0.0484375 0.0484375
2 0.67578125 0.83671875 0.0375 0.0375
2 0.6765625 0.92578125 0.0375 0.0375
2 0.76953125 0.675 0.0484375 0.0484375
2 0.771875 0.78828125 0.0609375 0.06171875
2 0.76171875 0.909375 0.0375 0.0375
2 0.83671875 0.80625 0.06171875 0.06171875
2 0.828125 0.90546875 0.0484375 0.0484375
2 0.975 0.740625 0.02421875 0.02421875
2 0.975 0.84765625 0.0359375 0.0375
2 0.30546875 0.67578125 0.0484375 0.0484375
2 0.30390625 0.7640625 0.0484375 0.0484375
2 0.3078125 0.86796875 0.0359375 0.0359375
2 0.3015625 0.95 0.0484375 0.05
2 0.396875 0.88671875 0.0375 0.0375
2 0.45859375 0.85 0.0359375 0.0375
2 0.40625 0.7765625 0.0375 0.0375
2 0.4125 0.6546875 0.0375 0.0375
2 0.9796875 0.628125 0.0375 0.0359375
2 0.8734375 0.2609375 0.0234375 0.02421875
2 0.8671875 0.3640625 0.0484375 0.0484375
2 0.85625 0.47734375 0.0375 0.0359375
2 0.78828125 0.2078125 0.0484375 0.0484375
2 0.7875 0.3234375 0.02421875 0.02421875
2 0.78046875 0.45078125 0.02421875 0.02421875
2 0.77421875 0.56484375 0.0484375 0.05
2 0.69453125 0.2609375 0.0359375 0.0359375
2 0.69453125 0.39140625 0.02421875 0.02421875
2 0.6890625 0.50078125 0.02421875 0.02421875
2 0.62109375 0.190625 0.0375 0.0359375
2 0.62421875 0.31015625 0.0484375 0.05
2 0.61796875 0.44140625 0.0375 0.0375
2 0.6203125 0.54375 0.0484375 0.0484375
2 0.61796875 0.6734375 0.0359375 0.0375
2 0.53046875 0.23359375 0.0359375 0.0359375
1 0.296875 0.56328125 0.0484375 0.0484375
2 0.315625 0.03046875 0.0359375 0.0359375
2 0.29453125 0.15546875 0.0359375 0.0375
2 0.4109375 0.10703125 0.0359375 0.0359375
2 0.5296875 0.04921875 0.0484375 0.05
2 0.53046875 0.13828125 0.0375 0.0359375
2 0.790625 0.1015625 0.0484375 0.0484375
2 0.6984375 0.0390625 0.0484375 0.0484375
2 0.6984375 0.140625 0.0359375 0.0375
2 0.11953125 0.17890625 0.02421875 0.025
2 0.20078125 0.17890625 0.0359375 0.0375
2 0.02734375 0.5578125 0.0375 0.0359375
2 0.03125 0.4765625 0.0375 0.0375
2 0.04140625 0.359375 0.0359375 0.0375
2 0.12421875 0.3953125 0.0359375 0.0375
2 0.1296875 0.48515625 0.0359375 0.0375
2 0.11953125 0.57890625 0.0359375 0.0375
2 0.1109375 0.68046875 0.0359375 0.0359375
2 0.1953125 0.5171875 0.0375 0.0375
2 0.1953125 0.4328125 0.0375 0.0375
2 0.19453125 0.359375 0.0375 0.0375
2 0.10078125 0.8890625 0.0359375 0.0375
2 0.621875 0.7890625 0.0484375 0.0484375