1 0.8875 0.11484375 0.09765625 0.0984375
1 0.88828125 0.22734375 0.11015625 0.11015625
1 0.7953125 0.284375 0.109375 0.11015625
1 0.7953125 0.17265625 0.09765625 0.0984375
1 0.79765625 0.0609375 0.09765625 0.0984375
1 0.69921875 0.1078125 0.109375 0.11015625
3 0.70390625 0.2296875 0.109375 0.11015625
1 0.5984375 0.275 0.11015625 0.1109375
1 0.60078125 0.165625 0.09765625 0.09765625
1 0.60234375 0.0640625 0.109375 0.11015625
1 0.5109375 0.121875 0.11015625 0.1109375
1 0.5109375 0.225 0.09765625 0.09765625
1 0.41484375 0.28203125 0.0734375 0.07421875
1 0.41796875 0.17578125 0.0859375 0.0859375
1 0.4203125 0.0734375 0.0859375 0.0859375
1 0.3203125 0.11640625 0.109375 0.11015625
1 0.3234375 0.221875 0.09765625 0.0984375
1 0.23046875 0.05 0.09765625 0.0984375
1 0.23671875 0.1703125 0.121875 0.1234375
1 0.2328125 0.26875 0.11015625 0.11015625
1 0.1296875 0.22421875 0.11015625 0.11015625
1 0.13203125 0.10859375 0.11015625 0.11015625
1 0.1265625 0.66953125 0.109375 0.11015625
1 0.13359375 0.54765625 0.109375 0.11015625
1 0.12578125 0.446875 0.109375 0.11015625
1 0.13125 0.3390625 0.109375 0.11015625
1 0.2296875 0.3859375 0.121875 0.1234375
1 0.22578125 0.4984375 0.121875 0.1234375
1 0.228125 0.603125 0.109375 0.11015625
1 0.23515625 0.6984375 0.109375 0.11015625
3 0.2171875 0.83359375 0.121875 0.121875
1 0.315625 0.78359375 0.109375 0.11015625
1 0.31875 0.66328125 0.11015625 0.11015625
1 0.315625 0.56171875 0.11015625 0.11015625
1 0.32265625 0.44453125 0.11015625 0.1109375
1 0.31953125 0.33984375 0.11015625 0.1109375
1 0.4125 0.38671875 0.109375 0.1109375
1 0.4140625 0.4984375 0.109375 0.1109375
1 0.40703125 0.60625 0.09765625 0.09765625
1 0.4140625 0.72109375 0.09765625 0.0984375
1 0.4125 0.8390625 0.11015625 0.11015625
1 0.50625 0.88828125 0.09765625 0.0984375
1 0.51171875 0.7875 0.09765625 0.09765625
1 0.5 0.67265625 0.109375 0.1109375
1 0.51484375 0.553125 0.121875 0.1234375
1 0.5140625 0.4375 0.0734375 0.07421875
1 0.50625 0.34296875 0.09765625 0.0984375
1 0.59921875 0.403125 0.121875 0.1234375
1 0.59921875 0.49921875 0.11015625 0.11015625
1 0.5953125 0.60234375 0.09765625 0.09765625
1 0.59296875 0.72265625 0.109375 0.1109375
1 0.596875 0.8390625 0.109375 0.11015625
1 0.70390625 0.78046875 0.109375 0.1109375
1 0.690625 0.67265625 0.11015625 0.11015625
1 0.69375 0.55546875 0.11015625 0.11015625
1 0.6984375 0.45390625 0.11015625 0.11015625
1 0.69921875 0.3328125 0.109375 0.11015625
1 0.7921875 0.39140625 0.109375 0.11015625
1 0.78828125 0.49765625 0.109375 0.11015625
1 0.7921875 0.59296875 0.09765625 0.0984375
1 0.79375 0.7296875 0.11015625 0.11015625
1 0.790625 0.8375 0.11015625 0.1109375
1 0.68671875 0.89140625 0.11015625 0.1109375
1 0.884375 0.890625 0.09765625 0.09765625
1 0.878125 0.784375 0.109375 0.11015625
1 0.88359375 0.6703125 0.109375 0.11015625
1 0.884375 0.559375 0.109375 0.11015625
1 0.878125 0.43984375 0.09765625 0.0984375
1 0.8875 0.33359375 0.09765625 0.0984375
1 0.7921875 0.94609375 0.09765625 0.0984375
1 0.59765625 0.9375 0.109375 0.1109375
1 0.409375 0.93984375 0.09765625 0.0984375
1 0.3140625 0.884375 0.09765625 0.0984375
3 0.22265625 0.9328125 0.09765625 0.0984375
1 0.134375 0.89609375 0.09765625 0.0984375