2 0.08046875 0.746875 0.0359375 0.0375
2 0.45546875 0.55546875 0.06171875 0.06171875
2 0.9546875 0.82109375 0.0484375 0.0484375
1 0.18671875 0.06015625 0.09765625 0.0984375
1 0.1 0.1046875 0.08515625 0.08671875
1 0.3875 0.0578125 0.09765625 0.0984375
1 0.28515625 0.1078125 0.0859375 0.0859375
1 0.3859375 0.1703125 0.11015625 0.11015625
1 0.47890625 0.10859375 0.08515625 0.0859375
1 0.5796875 0.16640625 0.09765625 0.0984375
1 0.67421875 0.10546875 0.121875 0.1234375
1 0.7625 0.05703125 0.11015625 0.11015625
1 0.76328125 0.16796875 0.121875 0.1234375
1 0.86640625 0.10625 0.109375 0.11015625
1 0.86640625 0.209375 0.09765625 0.09765625
1 0.86484375 0.340625 0.11015625 0.11015625
1 0.8609375 0.44375 0.09765625 0.0984375
1 0.85625 0.55 0.09765625 0.0984375
1 0.8609375 0.6703125 0.0859375 0.08671875
1 0.7640625 0.27265625 0.11015625 0.11015625
1 0.7609375 0.38828125 0.11015625 0.11015625
1 0.7609375 0.496875 0.121875 0.121875
1 0.7609375 0.6125 0.121875 0.121875
1 0.66796875 0.21953125 0.109375 0.11015625
1 0.6640625 0.3171875 0.09765625 0.0984375
1 0.675 0.43125 0.09765625 0.0984375
1 0.671875 0.54765625 0.09765625 0.0984375
1 0.66875 0.67265625 0.09765625 0.0984375
1 0.56953125 0.27265625 0.09765625 0.0984375
1 0.57109375 0.3765625 0.09765625 0.0984375
1 0.5765625 0.49453125 0.09765625 0.0984375
1 0.4796875 0.21328125 0.08515625 0.08671875
2 0.3703125 0.2703125 0.0484375 0.05
1 0.2890625 0.228125 0.09765625 0.0984375
1 0.8546875 0.7640625 0.08515625 0.0859375
1 0.8546875 0.87734375 0.09765625 0.0984375
1 0.74921875 0.9203125 0.0859375 0.0859375
1 0.7609375 0.8296875 0.0859375 0.0859375
1 0.7671875 0.71953125 0.0859375 0.0859375
1 0.6765625 0.771875 0.09765625 0.0984375
2 0.48125 0.87421875 0.0609375 0.06171875
2 0.478125 0.77421875 0.0484375 0.05
2 0.48828125 0.97109375 0.0375 0.0359375
3 0.95625 0.7234375 0.0484375 0.0484375
2 0.9578125 0.934375 0.02421875 0.02421875
2 0.5640625 0.721875 0.0359375 0.0375
2 0.48359375 0.65625 0.0359375 0.0375
2 0.38125 0.7109375 0.0375 0.0375
2 0.2828125 0.7640625 0.0375 0.0359375
2 0.1828125 0.8109375 0.0359375 0.0359375
2 0.16171875 0.9359375 0.0359375 0.0375
2 0.278125 0.8875 0.0359375 0.0359375
2 0.396875 0.8296875 0.0484375 0.05
2 0.39765625 0.91875 0.0375 0.0359375
2 0.6578125 0.88203125 0.0484375 0.0484375
2 0.565625 0.81953125 0.0484375 0.0484375
2 0.565625 0.92109375 0.0359375 0.0375
2 0.10234375 0.56171875 0.0359375 0.0359375
1 0.0828125 0.3421875 0.0484375 0.0484375
1 0.0953125 0.221875 0.0484375 0.0484375
1 0.178125 0.25 0.0375 0.0375
2 0.16875 0.39765625 0.0375 0.0375
2 0.3171875 0.3546875 0.0375 0.0375
2 0.36796875 0.48046875 0.0359375 0.0375
2 0.47578125 0.3359375 0.0375 0.0375
2 0.2859375 0.53984375 0.0375 0.0375
2 0.38046875 0.58125 0.02421875 0.02421875
2 0.071875 0.4421875 0.0359375 0.0375
2 0.06796875 0.959375 0.0359375 0.0375
2 0.2296875 0.6578125 0.0359375 0.0359375
2 0.5703125 0.6078125 0.0375 0.0375
1 0.19453125 0.16875 0.09765625 0.09765625