2 0.3453125 0.67578125 0.0734375 0.07421875
2 0.34140625 0.884375 0.06171875 0.06171875
2 0.06640625 0.97109375 0.0484375 0.05
2 0.165625 0.7828125 0.0484375 0.0484375
2 0.16953125 0.9015625 0.06171875 0.06171875
2 0.0671875 0.8578125 0.06171875 0.06171875
1 0.9203125 0.46171875 0.09765625 0.09765625
1 0.91640625 0.590625 0.121875 0.1234375
1 0.9171875 0.68671875 0.109375 0.11015625
1 0.915625 0.79921875 0.109375 0.11015625
1 0.91875 0.91171875 0.109375 0.11015625
1 0.81953125 0.94296875 0.11015625 0.11015625
1 0.821875 0.8421875 0.11015625 0.11015625
1 0.82578125 0.7328125 0.11015625 0.11015625
1 0.8265625 0.61953125 0.109375 0.11015625
1 0.821875 0.509375 0.109375 0.11015625
1 0.825 0.4046875 0.09765625 0.09765625
1 0.72734375 0.46015625 0.11015625 0.11015625
1 0.73359375 0.57109375 0.09765625 0.0984375
1 0.725 0.6921875 0.09765625 0.0984375
1 0.72578125 0.79765625 0.11015625 0.11015625
1 0.72578125 0.90859375 0.09765625 0.0984375
1 0.63828125 0.41171875 0.11015625 0.11015625
1 0.628125 0.5140625 0.11015625 0.11015625
1 0.62578125 0.6296875 0.11015625 0.11015625
1 0.63359375 0.73125 0.109375 0.11015625
1 0.6296875 0.8734375 0.109375 0.11015625
1 0.5390625 0.4640625 0.109375 0.11015625
1 0.5375 0.57109375 0.109375 0.11015625
1 0.53515625 0.68671875 0.109375 0.11015625
1 0.53125 0.79921875 0.109375 0.11015625
1 0.540625 0.896875 0.11015625 0.11015625
1 0.44375 0.51875 0.09765625 0.0984375
1 0.4359375 0.62578125 0.109375 0.11015625
1 0.4328125 0.7328125 0.11015625 0.11015625
1 0.43515625 0.8546875 0.08515625 0.0859375
1 0.43671875 0.96171875 0.0734375 0.07421875
1 0.3484375 0.4609375 0.08515625 0.0859375
1 0.33828125 0.5765625 0.11015625 0.11015625
1 0.346875 0.78828125 0.0734375 0.07421875
1 0.25859375 0.40859375 0.11015625 0.11015625
1 0.24453125 0.50703125 0.11015625 0.11015625
1 0.2453125 0.61015625 0.0734375 0.07421875
1 0.24609375 0.7109375 0.0859375 0.0859375
1 0.25390625 0.803125 0.0859375 0.0859375
1 0.25703125 0.92109375 0.09765625 0.0984375
2 0.16796875 0.690625 0.0375 0.0375
2 0.075 0.75078125 0.0359375 0.0375
1 0.17109375 0.46640625 0.109375 0.11015625
1 0.16015625 0.56640625 0.109375 0.1109375
1 0.0828125 0.421875 0.121875 0.1234375
1 0.071875 0.521875 0.11015625 0.1109375
1 0.06953125 0.62734375 0.11015625 0.11015625
1 0.9234375 0.14921875 0.11015625 0.11015625
1 0.925 0.2484375 0.09765625 0.09765625
1 0.9125 0.3546875 0.109375 0.1109375
1 0.83203125 0.0953125 0.09765625 0.09765625
1 0.828125 0.2 0.09765625 0.09765625
1 0.81953125 0.30625 0.109375 0.1109375
1 0.73515625 0.13359375 0.09765625 0.09765625
1 0.72734375 0.24375 0.109375 0.1109375
1 0.721875 0.340625 0.11015625 0.11015625
1 0.63359375 0.08125 0.11015625 0.1109375
1 0.63828125 0.3 0.11015625 0.11015625
1 0.63984375 0.184375 0.11015625 0.11015625
1 0.53828125 0.13359375 0.121875 0.1234375
1 0.54453125 0.25 0.121875 0.1234375
1 0.53828125 0.35 0.121875 0.121875
1 0.45 0.0796875 0.109375 0.11015625
1 0.440625 0.1859375 0.109375 0.11015625
1 0.440625 0.29453125 0.109375 0.11015625
1 0.4390625 0.40390625 0.109375 0.11015625
1 0.08203125 0.06953125 0.09765625 0.0984375
3 0.35625 0.134375 0.11015625 0.11015625
1 0.3609375 0.23515625 0.08515625 0.08671875
1 0.353125 0.36171875 0.11015625 0.11015625
1 0.26015625 0.08828125 0.11015625 0.11015625
1 0.25625 0.190625 0.11015625 0.11015625
1 0.259375 0.30234375 0.09765625 0.0984375
1 0.1703125 0.13203125 0.109375 0.11015625
1 0.16875 0.2484375 0.09765625 0.0984375
1 0.165625 0.35859375 0.109375 0.11015625
1 0.07890625 0.1984375 0.09765625 0.0984375
1 0.0796875 0.2890625 0.09765625 0.09765625