1 0.9375 0.0921875 0.109375 0.1109375
1 0.93046875 0.2078125 0.109375 0.11015625
1 0.9328125 0.3078125 0.11015625 0.11015625
1 0.925 0.41875 0.11015625 0.11015625
1 0.93515625 0.5015625 0.0734375 0.0734375
1 0.8390625 0.15078125 0.09765625 0.0984375
1 0.84296875 0.25546875 0.09765625 0.0984375
1 0.840625 0.36953125 0.09765625 0.0984375
1 0.83671875 0.48203125 0.11015625 0.11015625
1 0.74921875 0.09453125 0.09765625 0.0984375
1 0.74296875 0.2 0.11015625 0.11015625
1 0.73828125 0.31796875 0.109375 0.11015625
1 0.7453125 0.4328125 0.109375 0.11015625
1 0.653125 0.14921875 0.109375 0.11015625
1 0.6546875 0.25625 0.109375 0.11015625
1 0.65234375 0.36953125 0.109375 0.11015625
3 0.5625 0.0875 0.09765625 0.0984375
1 0.56484375 0.19609375 0.11015625 0.11015625
1 0.56171875 0.31953125 0.11015625 0.11015625
1 0.55625 0.43046875 0.11015625 0.11015625
1 0.475 0.05 0.09765625 0.0984375
1 0.4625 0.14609375 0.09765625 0.0984375
1 0.459375 0.2640625 0.09765625 0.0984375
1 0.36875 0.11015625 0.121875 0.1234375
1 0.3671875 0.19765625 0.09765625 0.0984375
1 0.365625 0.309375 0.09765625 0.09765625
1 0.36328125 0.415625 0.09765625 0.09765625
1 0.3484375 0.5359375 0.09765625 0.09765625
1 0.4578125 0.365625 0.11015625 0.11015625
1 0.4578125 0.48515625 0.109375 0.1109375
1 0.55546875 0.5359375 0.11015625 0.11015625
1 0.646875 0.4796875 0.11015625 0.11015625
1 0.7484375 0.54375 0.109375 0.11015625
1 0.26484375 0.1625 0.121875 0.1234375
1 0.18046875 0.19453125 0.11015625 0.1109375
1 0.08671875 0.2453125 0.121875 0.1234375
1 0.07734375 0.353125 0.09765625 0.0984375
1 0.1734375 0.303125 0.09765625 0.09765625
1 0.0828125 0.478125 0.09765625 0.0984375
1 0.1703125 0.415625 0.11015625 0.11015625
1 0.16953125 0.5296875 0.11015625 0.11015625
1 0.271875 0.47265625 0.121875 0.1234375
1 0.27421875 0.365625 0.121875 0.1234375
1 0.93515625 0.63125 0.11015625 0.1109375
1 0.93203125 0.7625 0.11015625 0.11015625
1 0.740625 0.6578125 0.109375 0.11015625
1 0.834375 0.7171875 0.109375 0.11015625
1 0.84296875 0.58671875 0.109375 0.1109375
1 0.8375 0.8171875 0.109375 0.11015625
1 0.74921875 0.7671875 0.11015625 0.11015625
1 0.6453125 0.81171875 0.11015625 0.11015625
1 0.646875 0.70078125 0.09765625 0.0984375
1 0.65078125 0.5921875 0.11015625 0.11015625
1 0.54921875 0.6359375 0.11015625 0.11015625
1 0.5578125 0.74296875 0.109375 0.11015625
1 0.45546875 0.7078125 0.121875 0.1234375
1 0.465625 0.5953125 0.109375 0.11015625
1 0.465625 0.815625 0.121875 0.1234375
1 0.36015625 0.7671875 0.09765625 0.0984375
1 0.36328125 0.64765625 0.109375 0.11015625
1 0.17109375 0.63671875 0.121875 0.1234375
1 0.27421875 0.70859375 0.09765625 0.0984375
1 0.27578125 0.5859375 0.121875 0.1234375
1 0.278125 0.81171875 0.11015625 0.1109375
1 0.171875 0.75703125 0.109375 0.1109375
1 0.08203125 0.81171875 0.109375 0.1109375
1 0.078125 0.6984375 0.109375 0.1109375
1 0.08125 0.584375 0.109375 0.1109375
1 0.9328125 0.86953125 0.109375 0.11015625
1 0.071875 0.903125 0.08515625 0.0859375
1 0.16640625 0.865625 0.11015625 0.11015625
1 0.265625 0.93046875 0.109375 0.11015625
1 0.35390625 0.865625 0.11015625 0.11015625
1 0.45078125 0.92109375 0.121875 0.1234375
1 0.5484375 0.86640625 0.109375 0.1109375
1 0.646875 0.925 0.109375 0.1109375
1 0.740625 0.865625 0.11015625 0.1109375
1 0.83671875 0.9234375 0.11015625 0.11015625