2 0.1203125 0.07109375 0.0484375 0.0484375
2 0.8765625 0.096875 0.0734375 0.07421875
2 0.40703125 0.4078125 0.08515625 0.0859375
2 0.58828125 0.1265625 0.06171875 0.06171875
2 0.68828125 0.07109375 0.0484375 0.0484375
2 0.49140625 0.55859375 0.08515625 0.0859375
2 0.7859375 0.0390625 0.0484375 0.0484375
2 0.575 0.72578125 0.0734375 0.0734375
1 0.11953125 0.4359375 0.121875 0.1234375
1 0.11171875 0.540625 0.121875 0.1234375
1 0.11640625 0.665625 0.121875 0.1234375
1 0.11640625 0.775 0.121875 0.1234375
1 0.1109375 0.8828125 0.121875 0.1234375
1 0.871875 0.46171875 0.09765625 0.0984375
1 0.87578125 0.57265625 0.109375 0.11015625
1 0.86796875 0.67578125 0.09765625 0.09765625
1 0.86875 0.78671875 0.109375 0.11015625
1 0.8640625 0.8765625 0.11015625 0.11015625
1 0.20234375 0.3984375 0.08515625 0.0859375
1 0.20390625 0.49140625 0.121875 0.121875
1 0.2 0.61015625 0.121875 0.1234375
1 0.20625 0.7140625 0.0859375 0.0859375
1 0.2 0.83125 0.121875 0.1234375
1 0.196875 0.9359375 0.121875 0.1234375
1 0.2921875 0.87578125 0.121875 0.121875
1 0.29765625 0.775 0.121875 0.1234375
1 0.29453125 0.6625 0.121875 0.1234375
1 0.303125 0.55 0.08515625 0.08671875
1 0.2984375 0.4234375 0.08515625 0.0859375
1 0.4046875 0.4984375 0.0859375 0.0859375
1 0.409375 0.61015625 0.0859375 0.0859375
1 0.39765625 0.71953125 0.0859375 0.0859375
1 0.4015625 0.834375 0.0859375 0.0859375
1 0.4 0.95 0.08515625 0.0859375
3 0.48515625 0.88125 0.0859375 0.0859375
1 0.490625 0.75859375 0.09765625 0.09765625
1 0.48671875 0.6375 0.08515625 0.0859375
1 0.49453125 0.453125 0.08515625 0.0859375
1 0.57890625 0.39765625 0.08515625 0.0859375
1 0.57109375 0.5140625 0.08515625 0.08671875
1 0.57578125 0.61875 0.08515625 0.0859375
2 0.6625 0.86875 0.0484375 0.0484375
1 0.56953125 0.83984375 0.0859375 0.0859375
1 0.76640625 0.9171875 0.09765625 0.0984375
1 0.76640625 0.815625 0.09765625 0.0984375
1 0.76171875 0.7125 0.09765625 0.0984375
1 0.7765625 0.61171875 0.09765625 0.0984375
1 0.78046875 0.4921875 0.09765625 0.09765625
1 0.775 0.4015625 0.08515625 0.0859375
1 0.68203125 0.4609375 0.121875 0.1234375
1 0.68125 0.5640625 0.09765625 0.0984375
1 0.6671875 0.765625 0.08515625 0.0859375
2 0.5046875 0.08125 0.0375 0.0375
2 0.41796875 0.10859375 0.0484375 0.05
2 0.3140625 0.15 0.0484375 0.05
2 0.12578125 0.15 0.0484375 0.0484375