1 0.95 0.0578125 0.09765625 0.09765625
1 0.85625 0.33203125 0.0734375 0.07421875
1 0.859375 0.22578125 0.0859375 0.0859375
1 0.8609375 0.1234375 0.0859375 0.0859375
1 0.76171875 0.16640625 0.109375 0.11015625
1 0.76484375 0.271875 0.09765625 0.0984375
1 0.671875 0.1 0.09765625 0.0984375
1 0.678125 0.21953125 0.121875 0.1234375
1 0.67421875 0.31875 0.11015625 0.11015625
1 0.57109375 0.27421875 0.11015625 0.11015625
1 0.5734375 0.15859375 0.11015625 0.11015625
2 0.575 0.046875 0.0484375 0.0484375
1 0.4796875 0.10078125 0.109375 0.11015625
1 0.48359375 0.22421875 0.09765625 0.0984375
1 0.4890625 0.34140625 0.109375 0.11015625
1 0.384375 0.2921875 0.121875 0.1234375
1 0.38203125 0.16640625 0.121875 0.121875
1 0.29375 0.115625 0.121875 0.1234375
1 0.2921875 0.234375 0.121875 0.1234375
1 0.2921875 0.34375 0.121875 0.1234375
1 0.1828125 0.27890625 0.109375 0.11015625
1 0.1984375 0.175 0.109375 0.11015625
1 0.1921875 0.065625 0.09765625 0.0984375
1 0.1 0.11484375 0.09765625 0.0984375
1 0.0921875 0.22578125 0.121875 0.1234375
1 0.1 0.334375 0.121875 0.1234375
1 0.08828125 0.8796875 0.11015625 0.11015625
1 0.084375 0.7640625 0.11015625 0.1109375
1 0.09609375 0.659375 0.11015625 0.1109375
1 0.090625 0.43828125 0.121875 0.1234375
1 0.18203125 0.51875 0.121875 0.1234375
1 0.18515625 0.3984375 0.121875 0.1234375
1 0.09921875 0.54921875 0.11015625 0.11015625
1 0.18671875 0.61796875 0.109375 0.11015625
1 0.18671875 0.73359375 0.121875 0.1234375
1 0.19453125 0.82421875 0.11015625 0.1109375
1 0.28984375 0.465625 0.121875 0.121875
1 0.28984375 0.5578125 0.121875 0.1234375
1 0.28828125 0.66328125 0.121875 0.1234375
1 0.2765625 0.7703125 0.109375 0.11015625
1 0.284375 0.86640625 0.121875 0.1234375
1 0.46640625 0.45 0.121875 0.1234375
1 0.47109375 0.5578125 0.121875 0.121875
1 0.3765625 0.6140625 0.11015625 0.11015625
1 0.37734375 0.50234375 0.11015625 0.11015625
1 0.38984375 0.38984375 0.11015625 0.11015625
1 0.46015625 0.6734375 0.121875 0.121875
1 0.38125 0.75390625 0.121875 0.1234375
1 0.38515625 0.85546875 0.121875 0.1234375
1 0.4796875 0.75546875 0.11015625 0.11015625
1 0.56875 0.71953125 0.109375 0.11015625
1 0.575 0.596875 0.109375 0.11015625
1 0.5671875 0.496875 0.109375 0.11015625
1 0.571875 0.3890625 0.109375 0.11015625
1 0.67109375 0.4359375 0.121875 0.1234375
1 0.6671875 0.54765625 0.121875 0.1234375
1 0.6703125 0.653125 0.109375 0.11015625
1 0.6765625 0.7484375 0.109375 0.11015625
3 0.65859375 0.88359375 0.121875 0.121875
1 0.75703125 0.83359375 0.109375 0.11015625
1 0.76015625 0.71328125 0.11015625 0.11015625
1 0.75703125 0.61171875 0.11015625 0.11015625
1 0.7640625 0.49375 0.11015625 0.1109375
1 0.7609375 0.38984375 0.11015625 0.1109375
1 0.853125 0.43671875 0.109375 0.1109375
1 0.85546875 0.54765625 0.109375 0.1109375
1 0.8484375 0.65625 0.09765625 0.09765625
1 0.85546875 0.77109375 0.09765625 0.0984375
1 0.85390625 0.8890625 0.11015625 0.11015625
1 0.946875 0.93828125 0.09765625 0.0984375
1 0.94140625 0.72265625 0.109375 0.1109375
1 0.95546875 0.4875 0.0734375 0.07421875
1 0.946875 0.39296875 0.09765625 0.0984375
1 0.75625 0.934375 0.09765625 0.0984375
1 0.5765625 0.94609375 0.09765625 0.0984375