2 0.3875 0.85 0.0484375 0.05
2 0.2171875 0.63515625 0.0609375 0.06171875
2 0.21484375 0.8625 0.0484375 0.05
2 0.11015625 0.6921875 0.0734375 0.0734375
2 0.29765625 0.8 0.06171875 0.06171875
2 0.30390625 0.58203125 0.0484375 0.0484375
2 0.109375 0.9078125 0.0484375 0.0484375
1 0.1109375 0.13359375 0.11015625 0.11015625
1 0.103125 0.25234375 0.09765625 0.0984375
1 0.10546875 0.36640625 0.09765625 0.0984375
1 0.103125 0.47734375 0.09765625 0.0984375
1 0.20234375 0.0859375 0.109375 0.1109375
1 0.20390625 0.19609375 0.109375 0.11015625
1 0.21171875 0.3109375 0.121875 0.1234375
1 0.221875 0.41640625 0.11015625 0.11015625
1 0.31015625 0.12421875 0.121875 0.1234375
1 0.30546875 0.25625 0.121875 0.1234375
1 0.30546875 0.36796875 0.121875 0.1234375
1 0.40390625 0.06953125 0.121875 0.1234375
1 0.4 0.1875 0.121875 0.1234375
1 0.38984375 0.29765625 0.121875 0.1234375
1 0.396875 0.41640625 0.109375 0.11015625
1 0.4875 0.4671875 0.11015625 0.11015625
1 0.48359375 0.3515625 0.11015625 0.1109375
1 0.4953125 0.246875 0.11015625 0.1109375
1 0.58125 0.10625 0.121875 0.1234375
1 0.4984375 0.1375 0.11015625 0.11015625
1 0.5859375 0.20546875 0.109375 0.11015625
1 0.58671875 0.32109375 0.121875 0.1234375
1 0.59453125 0.4125 0.11015625 0.1109375
1 0.6890625 0.1453125 0.121875 0.1234375
1 0.68828125 0.25078125 0.121875 0.1234375
1 0.67578125 0.3578125 0.109375 0.11015625
1 0.684375 0.45390625 0.121875 0.1234375
1 0.8703125 0.14609375 0.121875 0.121875
1 0.77578125 0.2015625 0.11015625 0.11015625
1 0.7765625 0.090625 0.11015625 0.11015625
1 0.86015625 0.2609375 0.121875 0.121875
1 0.78046875 0.3421875 0.121875 0.1234375
1 0.784375 0.44375 0.121875 0.1234375
1 0.8796875 0.34296875 0.11015625 0.11015625
1 0.86953125 0.59375 0.121875 0.1234375
1 0.86796875 0.68125 0.09765625 0.0984375
1 0.86640625 0.79296875 0.09765625 0.09765625
1 0.8640625 0.89921875 0.09765625 0.09765625
1 0.76640625 0.6453125 0.121875 0.1234375
1 0.68125 0.678125 0.11015625 0.1109375
1 0.5875 0.728125 0.121875 0.1234375
1 0.484375 0.79375 0.109375 0.11015625
1 0.578125 0.83671875 0.09765625 0.0984375
1 0.675 0.7859375 0.09765625 0.09765625
1 0.49296875 0.896875 0.109375 0.11015625
1 0.67109375 0.89921875 0.11015625 0.11015625
1 0.775 0.8484375 0.121875 0.1234375
2 0.3875 0.72578125 0.0484375 0.0484375
2 0.390625 0.5203125 0.0484375 0.0484375
2 0.38671875 0.62890625 0.0484375 0.0484375
2 0.30546875 0.6890625 0.0484375 0.05
2 0.225 0.72890625 0.02421875 0.02421875
2 0.2109375 0.53515625 0.0484375 0.0484375
2 0.31171875 0.46796875 0.0484375 0.0484375
1 0.109375 0.58125 0.0375 0.0359375
2 0.1109375 0.80078125 0.0375 0.0375
2 0.30078125 0.9109375 0.0484375 0.0484375
2 0.3875 0.95234375 0.02421875 0.02421875
2 0.2140625 0.96640625 0.02421875 0.02421875
2 0.01796875 0.959375 0.02421875 0.02421875
2 0.01796875 0.84609375 0.02421875 0.02421875