2 0.0640625 0.29921875 0.06171875 0.06171875
2 0.15625 0.378125 0.0484375 0.0484375
2 0.1609375 0.259375 0.0484375 0.05
2 0.25390625 0.309375 0.0484375 0.05
2 0.2640625 0.075 0.0734375 0.0734375
2 0.26640625 0.1859375 0.0734375 0.0734375
2 0.16484375 0.14140625 0.0609375 0.06171875
2 0.82734375 0.32109375 0.0609375 0.06171875
2 0.646875 0.31640625 0.0734375 0.07421875
2 0.74375 0.1625 0.06171875 0.06171875
2 0.33828125 0.2625 0.06171875 0.06171875
2 0.55234375 0.2375 0.0734375 0.07421875
2 0.72265625 0.36796875 0.0484375 0.0484375
2 0.8265625 0.2234375 0.0609375 0.06171875
2 0.64296875 0.09375 0.0734375 0.07421875
2 0.4484375 0.303125 0.0484375 0.0484375
2 0.55 0.365625 0.0734375 0.0734375
2 0.453125 0.19375 0.0609375 0.06171875
2 0.7328125 0.2671875 0.06171875 0.0609375
2 0.55390625 0.1375 0.0609375 0.06171875
2 0.4546875 0.09140625 0.0609375 0.06171875
2 0.65078125 0.19375 0.0734375 0.07421875
2 0.34765625 0.04609375 0.0609375 0.06171875
2 0.34296875 0.36640625 0.06171875 0.06171875
2 0.1546875 0.58203125 0.0734375 0.07421875
2 0.06484375 0.51328125 0.06171875 0.06171875
2 0.253125 0.52734375 0.0484375 0.0484375
2 0.2578125 0.41953125 0.0484375 0.05
2 0.0625 0.4 0.0484375 0.0484375
2 0.1609375 0.4734375 0.0609375 0.06171875
2 0.53984375 0.8640625 0.08515625 0.0859375
2 0.72109375 0.5828125 0.06171875 0.06171875
2 0.82109375 0.52734375 0.0484375 0.0484375
2 0.55234375 0.475 0.06171875 0.06171875
2 0.7203125 0.4796875 0.06171875 0.06171875
2 0.446875 0.42421875 0.06171875 0.06171875
2 0.91875 0.4953125 0.0484375 0.0484375
1 0.25234375 0.89140625 0.121875 0.1234375
1 0.05703125 0.8890625 0.11015625 0.1109375
1 0.33515625 0.8546875 0.08515625 0.0859375
1 0.43125 0.8796875 0.08515625 0.0859375
1 0.5375 0.95390625 0.0859375 0.0859375
1 0.62734375 0.909375 0.08515625 0.0859375
1 0.71171875 0.853125 0.08515625 0.0859375
1 0.91328125 0.9484375 0.09765625 0.09765625
1 0.9078125 0.8578125 0.08515625 0.0859375
1 0.81484375 0.9171875 0.121875 0.1234375
2 0.93125 0.1546875 0.0375 0.0375
2 0.92109375 0.259375 0.0484375 0.0484375
2 0.921875 0.38671875 0.0375 0.0375
2 0.81875 0.43671875 0.0359375 0.0375
1 0.6390625 0.415625 0.0734375 0.07421875
2 0.6375 0.5375 0.0375 0.0375
2 0.55078125 0.56484375 0.0484375 0.05
2 0.446875 0.60625 0.0484375 0.05
2 0.5609375 0.0265625 0.0484375 0.0484375
2 0.34921875 0.1484375 0.0359375 0.0375
2 0.3484375 0.47578125 0.0484375 0.05
2 0.25859375 0.60625 0.0484375 0.0484375
2 0.0671875 0.21953125 0.0359375 0.0375
2 0.08125 0.0984375 0.0375 0.0359375
2 0.83125 0.0953125 0.0375 0.0375
2 0.746875 0.04453125 0.02421875 0.02421875