2 0.075 0.475 0.0734375 0.07421875
2 0.3609375 0.9546875 0.0484375 0.05
1 0.07890625 0.12734375 0.121875 0.121875
1 0.0765625 0.2296875 0.11015625 0.11015625
1 0.178125 0.0765625 0.109375 0.11015625
1 0.178125 0.19296875 0.09765625 0.0984375
1 0.265625 0.14296875 0.09765625 0.0984375
1 0.35703125 0.0875 0.11015625 0.11015625
1 0.36015625 0.19765625 0.11015625 0.11015625
1 0.459375 0.14140625 0.109375 0.1109375
1 0.4625 0.2484375 0.121875 0.1234375
3 0.55390625 0.09375 0.109375 0.1109375
1 0.56171875 0.1890625 0.09765625 0.09765625
1 0.64921875 0.14453125 0.09765625 0.09765625
1 0.6515625 0.25703125 0.109375 0.1109375
1 0.74453125 0.0765625 0.121875 0.1234375
1 0.740625 0.190625 0.121875 0.1234375
1 0.8546875 0.1328125 0.121875 0.1234375
1 0.8546875 0.24140625 0.121875 0.1234375
1 0.74375 0.3125 0.09765625 0.09765625
1 0.7515625 0.41796875 0.09765625 0.09765625
1 0.740625 0.540625 0.09765625 0.09765625
1 0.74375 0.6296875 0.09765625 0.0984375
1 0.64140625 0.696875 0.09765625 0.0984375
1 0.65546875 0.578125 0.0859375 0.0859375
1 0.6484375 0.47265625 0.0859375 0.0859375
1 0.653125 0.3609375 0.09765625 0.09765625
1 0.553125 0.3078125 0.09765625 0.09765625
1 0.5546875 0.42734375 0.09765625 0.0984375
1 0.5546875 0.51875 0.09765625 0.0984375
1 0.54765625 0.63515625 0.09765625 0.0984375
1 0.55546875 0.74140625 0.08515625 0.08671875
1 0.459375 0.584375 0.11015625 0.11015625
1 0.4578125 0.46640625 0.09765625 0.0984375
1 0.4578125 0.36015625 0.11015625 0.11015625
1 0.3640625 0.30625 0.09765625 0.0984375
1 0.3578125 0.40078125 0.09765625 0.0984375
1 0.36015625 0.5296875 0.109375 0.11015625
1 0.35625 0.63515625 0.109375 0.11015625
1 0.2609375 0.5796875 0.09765625 0.0984375
1 0.2671875 0.4703125 0.09765625 0.0984375
1 0.2765625 0.33828125 0.09765625 0.0984375
1 0.2640625 0.25234375 0.09765625 0.0984375
1 0.1703125 0.2921875 0.09765625 0.0984375
1 0.1703125 0.42109375 0.09765625 0.0984375
1 0.1734375 0.51484375 0.09765625 0.0984375
1 0.165625 0.63203125 0.09765625 0.09765625
1 0.06015625 0.68125 0.08515625 0.0859375
1 0.065625 0.5828125 0.08515625 0.0859375
1 0.07421875 0.3484375 0.09765625 0.0984375
2 0.259375 0.690625 0.0484375 0.0484375
2 0.1578125 0.75390625 0.0484375 0.0484375
1 0.4609375 0.69765625 0.0609375 0.06171875
1 0.36796875 0.7484375 0.0484375 0.0484375
1 0.9390625 0.0875 0.11015625 0.11015625
1 0.85234375 0.34765625 0.121875 0.1234375
1 0.846875 0.46171875 0.121875 0.121875
1 0.85 0.5640625 0.11015625 0.11015625
1 0.84296875 0.69453125 0.09765625 0.0984375
1 0.740625 0.74375 0.0859375 0.0859375
1 0.84140625 0.80703125 0.11015625 0.11015625
1 0.934375 0.7453125 0.08515625 0.0859375
1 0.9375 0.64375 0.09765625 0.0984375
1 0.9359375 0.52578125 0.09765625 0.0984375
1 0.940625 0.41640625 0.09765625 0.0984375
1 0.93515625 0.85 0.08515625 0.08671875
2 0.825 0.90703125 0.0484375 0.05
1 0.74375 0.86484375 0.09765625 0.0984375
1 0.159375 0.85859375 0.0484375 0.05
1 0.25703125 0.9015625 0.0484375 0.05
1 0.36796875 0.8546875 0.0359375 0.0375
1 0.0625 0.9234375 0.0484375 0.0484375
1 0.06171875 0.80625 0.0359375 0.0359375
1 0.4703125 0.80078125 0.0359375 0.0375
1 0.55078125 0.85859375 0.0484375 0.0484375
1 0.6328125 0.88671875 0.0375 0.0375
2 0.93046875 0.97265625 0.0375 0.0375
1 0.64921875 0.80546875 0.09765625 0.09765625