2 0.2796875 0.60078125 0.0609375 0.06171875
2 0.18125 0.678125 0.0609375 0.06171875
2 0.18046875 0.78046875 0.0734375 0.07421875
2 0.08515625 0.60234375 0.0484375 0.0484375
2 0.56328125 0.40546875 0.0484375 0.0484375
2 0.465625 0.49453125 0.06171875 0.06171875
2 0.3734375 0.45 0.06171875 0.06171875
2 0.73203125 0.92265625 0.06171875 0.06171875
2 0.65703125 0.72890625 0.0609375 0.06171875
2 0.565625 0.8546875 0.0484375 0.05
2 0.74921875 0.82734375 0.0609375 0.06171875
2 0.9328125 0.440625 0.0375 0.0375
2 0.6625 0.3953125 0.0359375 0.0375
2 0.4671875 0.725 0.06171875 0.06171875
2 0.74375 0.3703125 0.0375 0.0375
2 0.65546875 0.50078125 0.0484375 0.0484375
2 0.56328125 0.73984375 0.0484375 0.05
2 0.3875 0.66328125 0.0484375 0.05
2 0.84453125 0.2609375 0.0734375 0.0734375
2 0.9234375 0.08671875 0.06171875 0.06171875
2 0.8453125 0.16875 0.0484375 0.05
1 0.84765625 0.05625 0.109375 0.11015625
1 0.753125 0.0953125 0.11015625 0.11015625
1 0.74765625 0.2703125 0.121875 0.121875
1 0.6484375 0.28203125 0.09765625 0.0984375
1 0.6453125 0.17890625 0.11015625 0.11015625
1 0.6546875 0.05234375 0.09765625 0.0984375
1 0.55546875 0.0515625 0.09765625 0.0984375
1 0.55625 0.19140625 0.121875 0.1234375
1 0.55546875 0.32578125 0.109375 0.11015625
1 0.46796875 0.05390625 0.09765625 0.0984375
1 0.46640625 0.1578125 0.121875 0.1234375
1 0.4671875 0.27578125 0.09765625 0.0984375
1 0.371875 0.34375 0.11015625 0.1109375
1 0.3703125 0.115625 0.09765625 0.0984375
1 0.3625 0.221875 0.09765625 0.09765625
1 0.27421875 0.05 0.09765625 0.0984375
1 0.27734375 0.1625 0.09765625 0.09765625
1 0.27421875 0.275 0.109375 0.1109375
1 0.28046875 0.37109375 0.0859375 0.0859375
1 0.18671875 0.196875 0.109375 0.1109375
1 0.1828125 0.31953125 0.121875 0.1234375
1 0.190625 0.428125 0.121875 0.1234375
1 0.090625 0.15 0.09765625 0.09765625
1 0.08515625 0.278125 0.09765625 0.0984375
1 0.0875 0.38046875 0.11015625 0.11015625
2 0.9234375 0.2078125 0.0359375 0.0359375
2 0.92734375 0.31484375 0.0359375 0.0359375
2 0.92578125 0.5390625 0.0375 0.0375
2 0.9234375 0.65546875 0.0375 0.0375
2 0.92578125 0.759375 0.0375 0.0375
2 0.921875 0.8578125 0.0375 0.0375
2 0.846875 0.48046875 0.0484375 0.0484375
2 0.7375 0.49140625 0.0359375 0.0375
2 0.74921875 0.6171875 0.0359375 0.0375
2 0.74921875 0.7 0.0484375 0.0484375
2 0.84296875 0.59296875 0.0609375 0.06171875
2 0.6546875 0.61015625 0.0375 0.0375
2 0.55625 0.6609375 0.0484375 0.0484375
2 0.559375 0.55625 0.0375 0.0375
2 0.4671875 0.4 0.0484375 0.0484375
2 0.46171875 0.6078125 0.0484375 0.05
2 0.3890625 0.75546875 0.0484375 0.05
1 0.384375 0.5640625 0.06171875 0.06171875
2 0.2703125 0.4890625 0.0484375 0.05
2 0.1859375 0.5515625 0.0609375 0.06171875
2 0.184375 0.87578125 0.02421875 0.025
2 0.28515625 0.8203125 0.0484375 0.0484375
2 0.2796875 0.70234375 0.0484375 0.05
2 0.4625 0.8265625 0.0484375 0.05
2 0.65625 0.8265625 0.0484375 0.05
2 0.83046875 0.9078125 0.0359375 0.0375
2 0.5703125 0.95546875 0.0484375 0.05
2 0.4578125 0.940625 0.0484375 0.0484375
2 0.384375 0.98359375 0.02421875 0.02421875
2 0.275 0.9125 0.02421875 0.02421875
2 0.07890625 0.8265625 0.0484375 0.0484375
2 0.08203125 0.9375 0.0484375 0.0484375
3 0.0859375 0.5046875 0.0484375 0.0484375
2 0.0875 0.715625 0.02421875 0.02421875