2 0.2640625 0.49296875 0.0609375 0.06171875
2 0.371875 0.409375 0.0609375 0.06171875
2 0.08671875 0.4140625 0.0484375 0.0484375
2 0.4484375 0.46171875 0.06171875 0.06171875
2 0.09453125 0.5046875 0.0484375 0.0484375
2 0.5609375 0.43828125 0.06171875 0.06171875
2 0.17578125 0.46875 0.0484375 0.0484375
2 0.653125 0.43046875 0.0484375 0.0484375
2 0.2734375 0.31015625 0.0609375 0.06171875
2 0.178125 0.259375 0.06171875 0.06171875
2 0.18203125 0.35703125 0.06171875 0.06171875
2 0.46484375 0.265625 0.0484375 0.0484375
2 0.384375 0.28984375 0.0484375 0.0484375
2 0.27421875 0.0515625 0.0484375 0.05
2 0.56953125 0.2609375 0.0484375 0.0484375
2 0.4703125 0.1328125 0.0484375 0.0484375
2 0.565625 0.34375 0.0484375 0.0484375
2 0.64921875 0.34296875 0.0484375 0.0484375
2 0.16953125 0.6765625 0.06171875 0.06171875
2 0.559375 0.5328125 0.06171875 0.06171875
2 0.0875 0.67578125 0.0609375 0.0609375
2 0.37421875 0.621875 0.0609375 0.06171875
2 0.09296875 0.59609375 0.0609375 0.06171875
2 0.26328125 0.5765625 0.06171875 0.06171875
2 0.2609375 0.68125 0.06171875 0.06171875
2 0.5484375 0.9296875 0.0734375 0.07421875
2 0.37109375 0.528125 0.0609375 0.06171875
2 0.17890625 0.58359375 0.06171875 0.06171875
2 0.26484375 0.87578125 0.0734375 0.07421875
2 0.3703125 0.69765625 0.06171875 0.06171875
2 0.4578125 0.87421875 0.06171875 0.06171875
2 0.4625 0.96796875 0.0609375 0.06171875
2 0.4578125 0.56484375 0.0609375 0.06171875
2 0.4625 0.6609375 0.0609375 0.06171875
2 0.64375 0.6265625 0.06171875 0.06171875
2 0.64375 0.52421875 0.0609375 0.06171875
2 0.56015625 0.61171875 0.06171875 0.06171875
2 0.56640625 0.6890625 0.0484375 0.05
2 0.65 0.709375 0.0484375 0.05
2 0.71953125 0.67578125 0.0484375 0.0484375
2 0.7296875 0.5734375 0.0484375 0.0484375
2 0.64375 0.87890625 0.0484375 0.0484375
1 0.36875 0.9140625 0.08515625 0.0859375
1 0.1828125 0.93046875 0.09765625 0.09765625
1 0.0875 0.86015625 0.0859375 0.0859375
2 0.9671875 0.45 0.0484375 0.0484375
1 0.09453125 0.2359375 0.06171875 0.06171875
1 0.0953125 0.32265625 0.0609375 0.06171875
2 0.57109375 0.1640625 0.0375 0.0375
2 0.46171875 0.3671875 0.0484375 0.0484375
2 0.3875 0.175 0.0375 0.0375
1 0.26953125 0.4078125 0.0609375 0.06171875
2 0.7578125 0.05859375 0.0375 0.0375
2 0.84296875 0.0421875 0.0375 0.0375
2 0.909375 0.03828125 0.0484375 0.0484375
2 0.3828125 0.0828125 0.0484375 0.05
2 0.47734375 0.01953125 0.0375 0.0375
2 0.18203125 0.021875 0.0359375 0.0375