2 0.68515625 0.56796875 0.06171875 0.06171875
2 0.77734375 0.646875 0.0484375 0.0484375
2 0.78203125 0.528125 0.0484375 0.05
2 0.52421875 0.55 0.0609375 0.06171875
2 0.165625 0.55859375 0.0484375 0.0484375
2 0.2453125 0.62421875 0.0484375 0.0484375
2 0.428125 0.6078125 0.06171875 0.06171875
2 0.875 0.57734375 0.0484375 0.05
2 0.2484375 0.49921875 0.0609375 0.06171875
2 0.88515625 0.34296875 0.0734375 0.0734375
2 0.8875 0.4546875 0.0734375 0.0734375
2 0.88515625 0.10703125 0.06171875 0.06171875
2 0.7859375 0.409375 0.0609375 0.06171875
2 0.8859375 0.23125 0.0609375 0.06171875
1 0.79921875 0.271875 0.0359375 0.0375
2 0.17265625 0.34765625 0.0484375 0.0484375
2 0.17578125 0.146875 0.0484375 0.0484375
2 0.171875 0.25390625 0.0484375 0.0484375
2 0.16796875 0.46328125 0.0609375 0.06171875
2 0.44140625 0.31171875 0.0609375 0.06171875
2 0.52734375 0.06953125 0.0609375 0.06171875
2 0.3578125 0.1296875 0.0484375 0.0484375
2 0.24609375 0.1953125 0.0375 0.0375
2 0.35625 0.0359375 0.0484375 0.0484375
2 0.534375 0.1640625 0.0484375 0.0484375
2 0.44609375 0.2015625 0.0609375 0.0609375
2 0.246875 0.08125 0.0734375 0.07421875
2 0.45 0.12421875 0.06171875 0.06171875
2 0.2453125 0.41171875 0.0609375 0.06171875
2 0.60234375 0.1953125 0.0484375 0.0484375
2 0.5171875 0.45234375 0.0484375 0.0484375
2 0.2375 0.30859375 0.0484375 0.0484375
2 0.43671875 0.39921875 0.0734375 0.07421875
2 0.05390625 0.5921875 0.0484375 0.05
2 0.0578125 0.4953125 0.0484375 0.05
2 0.059375 0.07578125 0.06171875 0.06171875
2 0.05625 0.309375 0.0609375 0.06171875
2 0.0546875 0.190625 0.0484375 0.05
2 0.959375 0.53046875 0.06171875 0.06171875
2 0.9671875 0.1890625 0.0609375 0.06171875
2 0.96875 0.31484375 0.0609375 0.06171875
2 0.9640625 0.63515625 0.06171875 0.06171875
2 0.52265625 0.78046875 0.06171875 0.06171875
2 0.42421875 0.7140625 0.06171875 0.06171875
2 0.77578125 0.85078125 0.0734375 0.07421875
2 0.6859375 0.78203125 0.06171875 0.06171875
2 0.5296875 0.684375 0.0609375 0.0609375
2 0.521875 0.87578125 0.06171875 0.06171875
2 0.87421875 0.79609375 0.0484375 0.0484375
2 0.87890625 0.68828125 0.0484375 0.05
2 0.59453125 0.8375 0.0734375 0.07421875
2 0.68359375 0.66875 0.0484375 0.0484375
2 0.59453125 0.71171875 0.0609375 0.0609375
2 0.78203125 0.74140625 0.0609375 0.06171875
2 0.9703125 0.4171875 0.0359375 0.0375
2 0.96953125 0.74453125 0.0484375 0.05
2 0.8796875 0.875 0.0484375 0.0484375
2 0.68828125 0.48828125 0.0359375 0.0375
2 0.70234375 0.36640625 0.0375 0.0359375
2 0.6015625 0.4984375 0.0484375 0.0484375
2 0.6109375 0.61015625 0.0375 0.0375
2 0.5265625 0.359375 0.0375 0.0375
2 0.43671875 0.50703125 0.0484375 0.0484375
2 0.353125 0.5625 0.0484375 0.0484375
2 0.3484375 0.6609375 0.0609375 0.06171875
2 0.3609375 0.35078125 0.0484375 0.0484375
2 0.159375 0.66328125 0.02421875 0.02421875
2 0.05703125 0.40703125 0.0359375 0.0375
2 0.9671875 0.09375 0.0484375 0.0484375
2 0.6015625 0.07734375 0.0375 0.0375
2 0.79453125 0.16171875 0.0359375 0.0359375
2 0.696875 0.25625 0.0375 0.0375
2 0.5296875 0.265625 0.0484375 0.0484375
2 0.60546875 0.296875 0.0375 0.0375
2 0.3578125 0.21640625 0.02421875 0.02421875
2 0.36484375 0.44609375 0.02421875 0.02421875
2 0.0671875 0.696875 0.02421875 0.02421875