2 0.825 0.83984375 0.0734375 0.07421875
1 0.65 0.165625 0.121875 0.1234375
1 0.6546875 0.290625 0.121875 0.1234375
1 0.6546875 0.4 0.121875 0.1234375
1 0.64921875 0.5078125 0.121875 0.1234375
1 0.6390625 0.603125 0.121875 0.121875
1 0.64296875 0.715625 0.121875 0.1234375
1 0.55234375 0.78203125 0.08515625 0.0859375
1 0.55546875 0.66796875 0.121875 0.1234375
1 0.5515625 0.56640625 0.121875 0.1234375
1 0.55546875 0.4390625 0.121875 0.121875
1 0.5578125 0.3390625 0.121875 0.1234375
1 0.56328125 0.23359375 0.121875 0.1234375
1 0.55703125 0.15546875 0.121875 0.1234375
1 0.4625 0.0578125 0.11015625 0.1109375
1 0.46328125 0.175 0.121875 0.1234375
1 0.47421875 0.2828125 0.121875 0.121875
1 0.4625 0.3984375 0.121875 0.1234375
1 0.45859375 0.50078125 0.121875 0.1234375
1 0.45546875 0.615625 0.11015625 0.11015625
1 0.46015625 0.71640625 0.11015625 0.11015625
1 0.45625 0.8265625 0.121875 0.1234375
1 0.36484375 0.87578125 0.11015625 0.1109375
1 0.365625 0.78125 0.121875 0.1234375
1 0.36875 0.6484375 0.08515625 0.0859375
1 0.36640625 0.546875 0.0859375 0.0859375
1 0.3765625 0.4484375 0.08515625 0.0859375
1 0.3765625 0.3328125 0.0859375 0.0859375
1 0.38359375 0.2125 0.08515625 0.0859375
1 0.38203125 0.11640625 0.08515625 0.0859375
1 0.28046875 0.1640625 0.09765625 0.09765625
1 0.27890625 0.284375 0.08515625 0.0859375
1 0.278125 0.38828125 0.09765625 0.0984375
1 0.2734375 0.4953125 0.09765625 0.0984375
1 0.2703125 0.59296875 0.09765625 0.0984375
1 0.2765625 0.71953125 0.121875 0.1234375
1 0.2625 0.8328125 0.121875 0.1234375
1 0.1734375 0.76875 0.121875 0.121875
1 0.18125 0.659375 0.121875 0.121875
1 0.17890625 0.5484375 0.121875 0.1234375
1 0.1921875 0.109375 0.121875 0.1234375
1 0.18671875 0.22734375 0.121875 0.1234375
1 0.18828125 0.33671875 0.121875 0.1234375
1 0.1921875 0.44921875 0.121875 0.1234375
1 0.103125 0.1640625 0.121875 0.1234375
1 0.0984375 0.2859375 0.121875 0.1234375
1 0.09140625 0.38671875 0.121875 0.1234375
1 0.0921875 0.496875 0.121875 0.1234375
1 0.08828125 0.60234375 0.121875 0.1234375
1 0.0765625 0.715625 0.11015625 0.11015625
1 0.07734375 0.83515625 0.121875 0.1234375
1 0.45234375 0.94140625 0.08515625 0.0859375
1 0.1734375 0.89765625 0.121875 0.1234375
1 0.2609375 0.9234375 0.09765625 0.09765625
1 0.74140625 0.11640625 0.121875 0.121875
1 0.7375 0.23515625 0.121875 0.1234375
1 0.74375 0.3390625 0.0859375 0.0859375
1 0.7375 0.45625 0.121875 0.1234375
1 0.73515625 0.5609375 0.121875 0.1234375
1 0.7359375 0.6671875 0.121875 0.1234375
1 0.82734375 0.6234375 0.121875 0.1234375
1 0.83515625 0.7328125 0.121875 0.1234375
1 0.83046875 0.50078125 0.121875 0.121875
1 0.83515625 0.4 0.121875 0.1234375
1 0.8328125 0.2875 0.121875 0.1234375
1 0.84140625 0.175 0.08515625 0.08671875
1 0.83671875 0.0484375 0.08515625 0.0859375
1 0.9421875 0.1234375 0.0859375 0.0859375
1 0.946875 0.23515625 0.0859375 0.0859375
1 0.9359375 0.34453125 0.0859375 0.0859375
1 0.9390625 0.459375 0.0859375 0.0859375
1 0.93828125 0.575 0.08515625 0.0859375
0 0.9328125 0.6734375 0.0609375 0.06171875
1 0.92578125 0.7921875 0.09765625 0.09765625
1 0.91796875 0.90546875 0.09765625 0.09765625