2 0.0609375 0.43046875 0.0484375 0.05
2 0.15546875 0.50859375 0.0484375 0.05
2 0.053125 0.66171875 0.0484375 0.05
2 0.15390625 0.603125 0.0359375 0.0359375
2 0.1453125 0.76015625 0.0484375 0.05
2 0.04609375 0.79765625 0.0484375 0.0484375
2 0.15 0.8421875 0.0484375 0.0484375
2 0.13671875 0.92578125 0.0484375 0.0484375
2 0.23515625 0.859375 0.0359375 0.0375
2 0.61015625 0.6671875 0.06171875 0.06171875
1 0.44375 0.1046875 0.09765625 0.0984375
1 0.340625 0.17265625 0.09765625 0.0984375
1 0.3546875 0.05390625 0.0859375 0.0859375
1 0.246875 0.1109375 0.09765625 0.0984375
1 0.2546875 0.2171875 0.08515625 0.08671875
1 0.15859375 0.06015625 0.11015625 0.11015625
1 0.05546875 0.1109375 0.109375 0.11015625
1 0.16015625 0.1734375 0.0609375 0.06171875
1 0.0671875 0.2234375 0.0484375 0.0484375
1 0.5421875 0.1703125 0.09765625 0.0984375
1 0.4390625 0.21953125 0.0859375 0.0859375
1 0.540625 0.2828125 0.11015625 0.11015625
1 0.63359375 0.2203125 0.08515625 0.0859375
1 0.63671875 0.11953125 0.09765625 0.0984375
1 0.73515625 0.0578125 0.0859375 0.0859375
1 0.73828125 0.15703125 0.09765625 0.0984375
1 0.734375 0.27890625 0.09765625 0.0984375
1 0.82890625 0.21796875 0.121875 0.1234375
1 0.82578125 0.11328125 0.121875 0.1234375
1 0.92421875 0.065625 0.121875 0.1234375
1 0.91640625 0.16953125 0.11015625 0.11015625
1 0.9171875 0.28046875 0.121875 0.1234375
1 0.91875 0.38515625 0.11015625 0.11015625
1 0.915625 0.50078125 0.11015625 0.11015625
1 0.915625 0.60859375 0.121875 0.121875
1 0.915625 0.725 0.121875 0.121875
1 0.821875 0.33125 0.109375 0.11015625
1 0.81875 0.42890625 0.09765625 0.0984375
1 0.82890625 0.54375 0.09765625 0.0984375
1 0.8265625 0.659375 0.09765625 0.0984375
1 0.8234375 0.784375 0.09765625 0.0984375
1 0.7234375 0.38515625 0.09765625 0.0984375
1 0.72578125 0.4890625 0.09765625 0.0984375
1 0.73046875 0.60703125 0.09765625 0.0984375
1 0.634375 0.32578125 0.08515625 0.08671875
2 0.52421875 0.38203125 0.0484375 0.05
1 0.44375 0.340625 0.09765625 0.0984375
1 0.91484375 0.9421875 0.0859375 0.0859375
1 0.921875 0.83203125 0.0859375 0.0859375
1 0.83125 0.884375 0.09765625 0.0984375
2 0.6328125 0.8859375 0.0484375 0.05
2 0.71796875 0.834375 0.0359375 0.0375
2 0.63828125 0.76875 0.0359375 0.0375
2 0.53515625 0.8234375 0.0375 0.0375
2 0.4375 0.8765625 0.0375 0.0359375
2 0.3375 0.9234375 0.0359375 0.0359375
2 0.55078125 0.9421875 0.0484375 0.05
2 0.71953125 0.93125 0.0484375 0.0484375
1 0.0671875 0.3296875 0.0359375 0.0375
1 0.16953125 0.2765625 0.0359375 0.0375
2 0.065625 0.53671875 0.0484375 0.05
2 0.25625 0.67421875 0.0359375 0.0359375
1 0.2375 0.45390625 0.0484375 0.0484375
1 0.25 0.334375 0.0484375 0.0484375
1 0.33203125 0.3625 0.0375 0.0375
2 0.3234375 0.509375 0.0375 0.0375
2 0.471875 0.4671875 0.0375 0.0375
2 0.521875 0.59296875 0.0359375 0.0375
2 0.6296875 0.4484375 0.0375 0.0375
2 0.440625 0.65234375 0.0375 0.0375
2 0.534375 0.69375 0.02421875 0.02421875
2 0.22578125 0.5546875 0.0359375 0.0375
2 0.0515625 0.89140625 0.0375 0.0375
2 0.384375 0.7703125 0.0359375 0.0359375
2 0.725 0.71953125 0.0375 0.0375
1 0.3484375 0.28125 0.09765625 0.09765625