3 0.1796875 0.4125 0.09765625 0.0984375
1 0.93125 0.95703125 0.0734375 0.07421875
1 0.5578125 0.0828125 0.11015625 0.1109375
1 0.37421875 0.0828125 0.109375 0.11015625
1 0.18125 0.07734375 0.11015625 0.11015625
1 0.9359375 0.08828125 0.11015625 0.11015625
1 0.9375 0.3078125 0.109375 0.11015625
1 0.934375 0.42109375 0.121875 0.121875
1 0.940625 0.52890625 0.109375 0.11015625
1 0.85 0.14609375 0.109375 0.11015625
1 0.846875 0.2546875 0.09765625 0.0984375
1 0.85234375 0.34609375 0.09765625 0.0984375
1 0.846875 0.47890625 0.11015625 0.11015625
1 0.840625 0.5875 0.09765625 0.0984375
1 0.74921875 0.08828125 0.09765625 0.0984375
1 0.759375 0.20234375 0.09765625 0.0984375
1 0.75234375 0.31171875 0.11015625 0.11015625
1 0.74765625 0.43125 0.11015625 0.11015625
1 0.75078125 0.52890625 0.09765625 0.0984375
1 0.65703125 0.14609375 0.11015625 0.11015625
1 0.6578125 0.25625 0.11015625 0.11015625
1 0.65546875 0.371875 0.109375 0.11015625
1 0.65234375 0.47734375 0.109375 0.11015625
1 0.6484375 0.58125 0.09765625 0.09765625
1 0.55703125 0.203125 0.121875 0.1234375
1 0.55859375 0.309375 0.109375 0.11015625
1 0.5578125 0.4171875 0.109375 0.11015625
1 0.56015625 0.52421875 0.11015625 0.1109375
1 0.46796875 0.46015625 0.11015625 0.1109375
1 0.46796875 0.3625 0.0734375 0.07421875
1 0.4734375 0.25859375 0.121875 0.1234375
1 0.46875 0.13515625 0.109375 0.11015625
1 0.93125 0.63046875 0.11015625 0.11015625
1 0.92421875 0.753125 0.121875 0.1234375
1 0.934375 0.846875 0.121875 0.1234375
1 0.8421875 0.7046875 0.11015625 0.11015625
1 0.84375 0.80390625 0.09765625 0.09765625
1 0.83125 0.91015625 0.109375 0.1109375
1 0.75078125 0.6515625 0.09765625 0.09765625
1 0.746875 0.75625 0.09765625 0.09765625
1 0.73828125 0.8625 0.109375 0.1109375
1 0.6546875 0.6890625 0.09765625 0.09765625
1 0.646875 0.8 0.109375 0.1109375
1 0.64140625 0.89609375 0.11015625 0.11015625
1 0.55234375 0.63671875 0.11015625 0.1109375
1 0.55703125 0.85625 0.11015625 0.11015625
1 0.559375 0.73984375 0.11015625 0.11015625
1 0.4578125 0.6890625 0.121875 0.1234375
1 0.46328125 0.80546875 0.121875 0.1234375
1 0.4578125 0.90546875 0.121875 0.121875
1 0.4546875 0.58125 0.11015625 0.11015625
1 0.3578125 0.528125 0.11015625 0.11015625
1 0.36875 0.63515625 0.109375 0.11015625
1 0.359375 0.74140625 0.109375 0.11015625
1 0.359375 0.85 0.109375 0.11015625
1 0.08125 0.575 0.11015625 0.11015625
1 0.0890625 0.46953125 0.11015625 0.11015625
1 0.08515625 0.3546875 0.11015625 0.11015625
1 0.0796875 0.259375 0.11015625 0.11015625
1 0.08515625 0.13203125 0.109375 0.1109375
1 0.1828125 0.190625 0.109375 0.1109375
1 0.184375 0.29921875 0.109375 0.11015625
1 0.1828125 0.52890625 0.11015625 0.11015625
1 0.2671875 0.5765625 0.109375 0.11015625
1 0.26875 0.4578125 0.109375 0.11015625
1 0.275 0.36328125 0.109375 0.1109375
1 0.27265625 0.24296875 0.09765625 0.09765625
1 0.2765625 0.13125 0.11015625 0.1109375
1 0.37265625 0.1890625 0.11015625 0.11015625
1 0.36875 0.3 0.09765625 0.09765625
1 0.36953125 0.4140625 0.11015625 0.1109375
3 0.275 0.68984375 0.11015625 0.11015625
1 0.2796875 0.790625 0.08515625 0.08671875
1 0.271875 0.9171875 0.11015625 0.11015625
1 0.17890625 0.64375 0.11015625 0.11015625
1 0.175 0.746875 0.11015625 0.11015625
1 0.17890625 0.8578125 0.09765625 0.0984375
1 0.0890625 0.68828125 0.109375 0.11015625
1 0.0875 0.80390625 0.09765625 0.0984375
1 0.08515625 0.91484375 0.109375 0.11015625