2 0.959375 0.153125 0.0734375 0.07421875
2 0.8828125 0.84375 0.0484375 0.0484375
2 0.96171875 0.909375 0.0484375 0.0484375
2 0.96484375 0.784375 0.0609375 0.06171875
2 0.88984375 0.6328125 0.0484375 0.0484375
2 0.8921875 0.43125 0.0484375 0.0484375
2 0.8890625 0.5390625 0.0484375 0.0484375
2 0.884375 0.7484375 0.0609375 0.06171875
2 0.88828125 0.315625 0.06171875 0.06171875
2 0.9625 0.48046875 0.0375 0.0375
2 0.96171875 0.696875 0.0609375 0.06171875
2 0.95390625 0.59375 0.0484375 0.0484375
2 0.0765625 0.853125 0.0484375 0.0484375
2 0.071875 0.765625 0.0484375 0.0484375
2 0.06640625 0.946875 0.0609375 0.06171875
2 0.36328125 0.1265625 0.0484375 0.05
2 0.7703125 0.87734375 0.0484375 0.05
2 0.77421875 0.78046875 0.0484375 0.05
2 0.675 0.71953125 0.0484375 0.05
2 0.6859375 0.4125 0.0484375 0.05
2 0.68125 0.81796875 0.06171875 0.06171875
2 0.77578125 0.3609375 0.06171875 0.06171875
2 0.57421875 0.45546875 0.0609375 0.06171875
2 0.6796875 0.6109375 0.0484375 0.0484375
2 0.57109375 0.7046875 0.0484375 0.05
2 0.58203125 0.7859375 0.0484375 0.05
2 0.58203125 0.88125 0.0484375 0.05
2 0.47578125 0.9203125 0.0484375 0.0484375
2 0.6796875 0.91953125 0.0484375 0.05
2 0.7734375 0.59453125 0.0609375 0.06171875
2 0.6828125 0.5109375 0.0484375 0.05
2 0.578125 0.37578125 0.0609375 0.06171875
2 0.6828125 0.3140625 0.0375 0.0375
2 0.771875 0.47578125 0.0484375 0.05
2 0.578125 0.253125 0.0484375 0.05
2 0.784375 0.25859375 0.0359375 0.0375
2 0.96875 0.0484375 0.0484375 0.0484375
2 0.8765625 0.9484375 0.02421875 0.02421875
2 0.77421875 0.6921875 0.0359375 0.0375
2 0.478125 0.81875 0.0484375 0.0484375
2 0.38984375 0.8734375 0.0484375 0.0484375
2 0.89609375 0.103125 0.02421875 0.02421875
2 0.89765625 0.21796875 0.02421875 0.025
2 0.78203125 0.1453125 0.02421875 0.02421875
2 0.18828125 0.1890625 0.0484375 0.0484375
2 0.18671875 0.29609375 0.0484375 0.0484375
2 0.1796875 0.3921875 0.0375 0.0375
2 0.18046875 0.48125 0.0375 0.0375
2 0.2734375 0.23046875 0.0484375 0.0484375
2 0.275 0.34453125 0.0609375 0.06171875
2 0.265625 0.46484375 0.0375 0.0375
2 0.340625 0.36171875 0.06171875 0.06171875
2 0.33203125 0.4609375 0.0484375 0.0484375
2 0.47890625 0.29609375 0.02421875 0.02421875
2 0.47890625 0.403125 0.0359375 0.0375
2 0.48359375 0.184375 0.0375 0.0359375
2 0.48828125 0.0671875 0.0484375 0.0484375
2 0.36015625 0.0328125 0.0375 0.0359375
2 0.278125 0.1203125 0.0484375 0.05
2 0.19296875 0.05625 0.02421875 0.02421875
2 0.12421875 0.1 0.0484375 0.0484375
2 0.121875 0.2296875 0.0359375 0.0375
2 0.12578125 0.34453125 0.0484375 0.0484375
2 0.68984375 0.09140625 0.02421875 0.02421875
2 0.5734375 0.17890625 0.0359375 0.0375
2 0.78359375 0.98203125 0.02421875 0.02421875