2 0.0484375 0.528125 0.0484375 0.0484375
2 0.04375 0.63359375 0.06171875 0.06171875
2 0.0484375 0.43125 0.06171875 0.06171875
2 0.046875 0.31796875 0.0609375 0.06171875
2 0.04609375 0.74765625 0.06171875 0.06171875
2 0.03984375 0.9625 0.0609375 0.06171875
2 0.04375 0.8484375 0.0609375 0.06171875
2 0.11875 0.928125 0.0484375 0.0484375
2 0.71796875 0.60703125 0.0609375 0.06171875
2 0.79921875 0.67578125 0.08515625 0.0859375
2 0.725 0.82421875 0.0484375 0.0484375
2 0.7984375 0.88671875 0.0484375 0.0484375
2 0.72421875 0.7140625 0.06171875 0.06171875
2 0.7171875 0.378125 0.0484375 0.0484375
2 0.540625 0.39453125 0.0484375 0.0484375
2 0.43125 0.340625 0.0484375 0.0484375
2 0.1390625 0.26484375 0.0484375 0.0484375
2 0.12734375 0.58828125 0.04765625 0.05
2 0.5390625 0.509375 0.0484375 0.05
2 0.22734375 0.64140625 0.0734375 0.07421875
2 0.340625 0.3828125 0.0484375 0.0484375
2 0.346875 0.50234375 0.06171875 0.06171875
2 0.4265625 0.55390625 0.0484375 0.0484375
2 0.134375 0.3765625 0.0609375 0.06171875
2 0.621875 0.67421875 0.06171875 0.06171875
2 0.2328125 0.5296875 0.0609375 0.06171875
2 0.12421875 0.8171875 0.0734375 0.0734375
2 0.2328125 0.86171875 0.06171875 0.06171875
2 0.62109375 0.56171875 0.0484375 0.05
2 0.23515625 0.44140625 0.06171875 0.0609375
2 0.240625 0.32265625 0.0609375 0.06171875
2 0.0453125 0.221875 0.0734375 0.07421875
2 0.0484375 0.1203125 0.0484375 0.0484375
2 0.71171875 0.165625 0.0484375 0.05
2 0.140625 0.0625 0.0484375 0.0484375
2 0.2375 0.1109375 0.06171875 0.06171875
2 0.1390625 0.16484375 0.06171875 0.06171875
2 0.33671875 0.05625 0.0484375 0.05
2 0.5390625 0.178125 0.0484375 0.05
2 0.621875 0.115625 0.06171875 0.06171875
2 0.43359375 0.2234375 0.0484375 0.0484375
2 0.8984375 0.94140625 0.0484375 0.0484375
2 0.89921875 0.83515625 0.0484375 0.0484375
1 0.80859375 0.10859375 0.109375 0.11015625
1 0.90234375 0.1515625 0.09765625 0.0984375
1 0.8171875 0.2125 0.109375 0.11015625
1 0.8140625 0.33125 0.08515625 0.0859375
1 0.9078125 0.2765625 0.09765625 0.0984375
2 0.71171875 0.040625 0.0484375 0.0484375
1 0.90703125 0.61015625 0.109375 0.1109375
1 0.903125 0.496875 0.109375 0.1109375
1 0.90625 0.3828125 0.109375 0.1109375
1 0.815625 0.43828125 0.09765625 0.09765625
1 0.80390625 0.56171875 0.09765625 0.09765625
1 0.896875 0.70234375 0.08515625 0.0859375
2 0.54921875 0.04453125 0.02421875 0.02421875
2 0.4359375 0.11640625 0.0375 0.0375
2 0.625 0.2265625 0.0484375 0.0484375
2 0.71171875 0.26796875 0.02421875 0.02421875
2 0.70625 0.49375 0.0484375 0.0484375
2 0.621875 0.4640625 0.0375 0.0375
2 0.62421875 0.3375 0.0484375 0.0484375
2 0.53828125 0.28203125 0.02421875 0.02421875
2 0.3609375 0.61953125 0.0484375 0.05
2 0.3421875 0.275 0.02421875 0.02421875
2 0.3421875 0.16171875 0.02421875 0.02421875
2 0.23984375 0.2140625 0.02421875 0.02421875
1 0.13125 0.49296875 0.0359375 0.0375
1 0.12734375 0.6953125 0.08515625 0.0859375
2 0.809375 0.76484375 0.0609375 0.06171875
2 0.421875 0.65390625 0.0484375 0.05
2 0.42734375 0.98515625 0.02421875 0.02421875
2 0.42421875 0.78046875 0.02421875 0.02421875
2 0.2265625 0.97734375 0.0375 0.0375
2 0.35 0.95234375 0.0359375 0.0375
2 0.2296875 0.72890625 0.02421875 0.02421875