2 0.35234375 0.38984375 0.0734375 0.07421875
2 0.3484375 0.5984375 0.06171875 0.06171875
2 0.0734375 0.68515625 0.0484375 0.05
2 0.17265625 0.496875 0.0484375 0.0484375
2 0.1765625 0.615625 0.06171875 0.06171875
2 0.27109375 0.85703125 0.06171875 0.06171875
2 0.0734375 0.571875 0.06171875 0.06171875
2 0.71328125 0.7125 0.06171875 0.06171875
2 0.43515625 0.86640625 0.08515625 0.0859375
1 0.909375 0.91875 0.121875 0.1234375
1 0.81875 0.86875 0.0734375 0.07421875
1 0.721875 0.915625 0.0734375 0.07421875
1 0.62890625 0.86484375 0.09765625 0.0984375
1 0.5328125 0.91796875 0.121875 0.1234375
1 0.3453125 0.91171875 0.0859375 0.08671875
1 0.17109375 0.91328125 0.121875 0.1234375
1 0.9265625 0.17578125 0.09765625 0.09765625
1 0.9234375 0.3046875 0.121875 0.1234375
1 0.9234375 0.40078125 0.109375 0.11015625
1 0.92265625 0.51328125 0.109375 0.11015625
1 0.92578125 0.62578125 0.109375 0.11015625
1 0.8265625 0.65703125 0.11015625 0.11015625
1 0.82890625 0.55625 0.11015625 0.11015625
1 0.8328125 0.446875 0.11015625 0.11015625
1 0.8328125 0.33359375 0.109375 0.11015625
1 0.82890625 0.2234375 0.109375 0.11015625
1 0.83203125 0.11796875 0.09765625 0.09765625
1 0.73359375 0.17421875 0.11015625 0.11015625
1 0.740625 0.284375 0.09765625 0.0984375
1 0.73125 0.40546875 0.09765625 0.0984375
1 0.7328125 0.5109375 0.11015625 0.11015625
1 0.7328125 0.62265625 0.09765625 0.0984375
1 0.6453125 0.12578125 0.11015625 0.11015625
1 0.63515625 0.228125 0.11015625 0.11015625
1 0.63203125 0.34296875 0.11015625 0.11015625
1 0.640625 0.44453125 0.109375 0.11015625
1 0.63671875 0.5875 0.109375 0.11015625
1 0.6328125 0.684375 0.0859375 0.0859375
1 0.54609375 0.178125 0.109375 0.11015625
1 0.54375 0.284375 0.109375 0.11015625
1 0.5421875 0.40078125 0.109375 0.11015625
1 0.53828125 0.51328125 0.109375 0.11015625
1 0.54765625 0.6109375 0.11015625 0.11015625
1 0.45 0.2328125 0.09765625 0.0984375
1 0.4421875 0.3390625 0.109375 0.11015625
1 0.43984375 0.446875 0.11015625 0.11015625
1 0.4421875 0.56875 0.08515625 0.0859375
1 0.44375 0.67578125 0.0734375 0.07421875
1 0.3546875 0.175 0.08515625 0.0859375
1 0.3453125 0.290625 0.11015625 0.11015625
1 0.35390625 0.5015625 0.0734375 0.07421875
1 0.35703125 0.6796875 0.0734375 0.07421875
1 0.26484375 0.12265625 0.11015625 0.11015625
1 0.2515625 0.22109375 0.11015625 0.11015625
1 0.25234375 0.32421875 0.0734375 0.07421875
1 0.253125 0.425 0.0859375 0.0859375
1 0.2609375 0.51640625 0.0859375 0.0859375
1 0.2640625 0.63515625 0.09765625 0.0984375
2 0.175 0.4046875 0.0375 0.0375
2 0.08125 0.46484375 0.0359375 0.0375
1 0.178125 0.18046875 0.109375 0.11015625
1 0.1671875 0.28046875 0.109375 0.1109375
1 0.0890625 0.1359375 0.121875 0.1234375
1 0.07890625 0.23515625 0.11015625 0.1109375
1 0.0765625 0.34140625 0.11015625 0.11015625
1 0.91875 0.06875 0.109375 0.1109375
1 0.5453125 0.0640625 0.121875 0.121875
1 0.44609375 0.11796875 0.109375 0.11015625
1 0.36015625 0.07578125 0.11015625 0.11015625
1 0.17265625 0.07265625 0.109375 0.11015625