1 0.0625 0.06328125 0.09765625 0.0984375
1 0.14609375 0.11015625 0.08515625 0.08671875
1 0.24140625 0.065625 0.08515625 0.0859375
1 0.24140625 0.1734375 0.11015625 0.11015625
1 0.334375 0.1265625 0.09765625 0.0984375
1 0.43828125 0.06171875 0.109375 0.1109375
1 0.52421875 0.125 0.11015625 0.1109375
1 0.4359375 0.175 0.09765625 0.0984375
1 0.7203125 0.11640625 0.109375 0.11015625
1 0.63359375 0.18046875 0.11015625 0.1109375
1 0.61953125 0.0625 0.121875 0.1234375
1 0.81796875 0.18046875 0.121875 0.1234375
1 0.90546875 0.1375 0.121875 0.1234375
1 0.9078125 0.228125 0.121875 0.1234375
1 0.9015625 0.4828125 0.11015625 0.11015625
1 0.80703125 0.40234375 0.121875 0.1234375
1 0.809375 0.28671875 0.109375 0.11015625
1 0.809375 0.496875 0.109375 0.1109375
1 0.81328125 0.61796875 0.121875 0.1234375
1 0.81171875 0.71171875 0.121875 0.1234375
1 0.71640625 0.6765625 0.11015625 0.11015625
1 0.71640625 0.5671875 0.121875 0.1234375
1 0.7234375 0.4421875 0.121875 0.1234375
1 0.715625 0.34765625 0.121875 0.1234375
1 0.71875 0.23125 0.109375 0.11015625
1 0.6296875 0.28203125 0.11015625 0.1109375
1 0.62265625 0.403125 0.121875 0.1234375
1 0.63203125 0.50625 0.11015625 0.11015625
1 0.63046875 0.61796875 0.11015625 0.11015625
1 0.61875 0.71015625 0.09765625 0.0984375
3 0.5296875 0.665625 0.121875 0.121875
1 0.52265625 0.57109375 0.121875 0.1234375
1 0.5171875 0.453125 0.121875 0.1234375
1 0.540625 0.3515625 0.121875 0.1234375
1 0.5296875 0.2375 0.121875 0.1234375
1 0.43671875 0.27890625 0.109375 0.11015625
1 0.43125 0.39765625 0.109375 0.11015625
1 0.434375 0.5 0.121875 0.1234375
1 0.434375 0.60859375 0.121875 0.121875
1 0.43359375 0.71015625 0.09765625 0.0984375
1 0.33125 0.67109375 0.09765625 0.0984375
1 0.3234375 0.5671875 0.09765625 0.0984375
1 0.3328125 0.45234375 0.09765625 0.0984375
1 0.3359375 0.3453125 0.109375 0.11015625
1 0.33125 0.2171875 0.09765625 0.0984375
1 0.2375 0.3 0.11015625 0.11015625
1 0.24140625 0.39921875 0.09765625 0.0984375
1 0.240625 0.503125 0.11015625 0.11015625
1 0.24375 0.621875 0.109375 0.11015625
1 0.14296875 0.665625 0.121875 0.1234375
1 0.140625 0.540625 0.109375 0.11015625
1 0.1578125 0.42578125 0.121875 0.1234375
1 0.1484375 0.325 0.09765625 0.0984375
1 0.14453125 0.22734375 0.09765625 0.0984375
1 0.0546875 0.17265625 0.09765625 0.0984375
1 0.0515625 0.50234375 0.09765625 0.0984375
1 0.715625 0.8015625 0.121875 0.1234375
1 0.62421875 0.83671875 0.121875 0.1234375
1 0.80703125 0.8390625 0.121875 0.1234375
1 0.05625 0.72734375 0.11015625 0.11015625
1 0.146875 0.76875 0.109375 0.11015625
1 0.146875 0.8875 0.11015625 0.11015625
1 0.0578125 0.9390625 0.11015625 0.11015625
1 0.240625 0.73203125 0.109375 0.11015625
1 0.23671875 0.84609375 0.121875 0.121875
1 0.33515625 0.8953125 0.121875 0.121875
1 0.3265625 0.79140625 0.09765625 0.0984375
1 0.434375 0.82890625 0.121875 0.1234375
1 0.534375 0.8953125 0.121875 0.1234375
1 0.53984375 0.7703125 0.121875 0.1234375
1 0.71484375 0.89453125 0.09765625 0.09765625
1 0.8109375 0.93671875 0.121875 0.1234375