2 0.0875 0.475 0.06171875 0.06171875
2 0.1796875 0.46796875 0.0484375 0.0484375
2 0.0953125 0.29765625 0.0484375 0.0484375
2 0.0921875 0.38125 0.0484375 0.0484375
2 0.17578125 0.3796875 0.0484375 0.0484375
2 0.08515625 0.56953125 0.06171875 0.06171875
2 0.1703125 0.66328125 0.06171875 0.06171875
2 0.1703125 0.5609375 0.0609375 0.06171875
2 0.08671875 0.64921875 0.06171875 0.06171875
2 0.09296875 0.72578125 0.0484375 0.05
2 0.1765625 0.746875 0.0484375 0.05
2 0.87421875 0.49140625 0.0484375 0.05
2 0.878125 0.3953125 0.0484375 0.05
2 0.778125 0.33359375 0.0484375 0.05
2 0.7890625 0.0265625 0.0484375 0.05
2 0.784375 0.43203125 0.06171875 0.06171875
2 0.678125 0.06953125 0.0609375 0.06171875
2 0.7828125 0.22578125 0.0484375 0.0484375
2 0.675 0.31875 0.0484375 0.05
2 0.6859375 0.4 0.0484375 0.05
2 0.6859375 0.4953125 0.0484375 0.05
2 0.57890625 0.534375 0.0484375 0.0484375
2 0.7828125 0.53359375 0.0484375 0.05
2 0.8765625 0.20859375 0.0609375 0.06171875
2 0.7859375 0.12578125 0.0484375 0.05
2 0.875 0.090625 0.0484375 0.05
2 0.24609375 0.7125 0.0484375 0.0484375
2 0.25625 0.61015625 0.0484375 0.0484375
2 0.1703125 0.915625 0.0484375 0.0484375
2 0.9796875 0.56328125 0.02421875 0.02421875
2 0.87734375 0.30625 0.0359375 0.0375
2 0.6875 0.59375 0.0484375 0.0484375
2 0.58203125 0.4328125 0.0484375 0.0484375
2 0.49296875 0.4875 0.0484375 0.0484375
2 0.09765625 0.2015625 0.0375 0.0375
2 0.284375 0.0953125 0.0375 0.0375
2 0.36875 0.07890625 0.0375 0.0375
2 0.4359375 0.075 0.0484375 0.0484375
2 0.065625 0.01953125 0.0359375 0.0375
2 0.8875 0.59609375 0.02421875 0.02421875