2 0.75546875 0.64375 0.06171875 0.06171875
2 0.74453125 0.53046875 0.06171875 0.06171875
2 0.55 0.759375 0.0609375 0.06171875
2 0.36953125 0.7546875 0.0734375 0.07421875
2 0.46640625 0.60078125 0.06171875 0.06171875
2 0.0609375 0.70078125 0.06171875 0.06171875
2 0.275 0.67578125 0.0734375 0.07421875
2 0.4453125 0.80625 0.0484375 0.0484375
2 0.06875 0.35859375 0.0609375 0.06171875
2 0.5484375 0.66171875 0.0609375 0.06171875
2 0.365625 0.53203125 0.0734375 0.07421875
2 0.17109375 0.74140625 0.0484375 0.0484375
2 0.27265625 0.80390625 0.0734375 0.0734375
2 0.17578125 0.63203125 0.0609375 0.06171875
2 0.45546875 0.70625 0.06171875 0.0609375
2 0.2765625 0.57578125 0.0609375 0.06171875
2 0.17578125 0.30390625 0.0609375 0.06171875
2 0.29296875 0.33671875 0.0609375 0.06171875
2 0.1734375 0.42109375 0.0609375 0.06171875
2 0.178125 0.5296875 0.0609375 0.06171875
2 0.3734375 0.63203125 0.0734375 0.07421875
2 0.0671875 0.12421875 0.0484375 0.05
2 0.0703125 0.48515625 0.0609375 0.06171875
2 0.065625 0.80546875 0.06171875 0.06171875
2 0.54375 0.965625 0.0484375 0.0484375
2 0.275 0.91328125 0.06171875 0.06171875
2 0.44296875 0.91875 0.06171875 0.06171875
2 0.16953125 0.8625 0.06171875 0.06171875
2 0.64140625 0.93359375 0.0484375 0.0484375
2 0.85078125 0.04140625 0.0609375 0.06171875
2 0.85078125 0.3734375 0.06171875 0.06171875
2 0.94453125 0.09140625 0.0484375 0.05
2 0.85 0.1359375 0.0609375 0.06171875
2 0.8515625 0.48203125 0.0609375 0.06171875
2 0.840625 0.7140625 0.06171875 0.06171875
2 0.8609375 0.25546875 0.0734375 0.0734375
2 0.840625 0.8171875 0.06171875 0.06171875
2 0.9359375 0.53203125 0.0609375 0.06171875
2 0.9359375 0.63984375 0.0484375 0.05
2 0.934375 0.73515625 0.0484375 0.05
2 0.925 0.8609375 0.0484375 0.05
2 0.92890625 0.9734375 0.0484375 0.0484375
2 0.83359375 0.928125 0.06171875 0.06171875
2 0.85234375 0.603125 0.0484375 0.05
2 0.6546875 0.59296875 0.0375 0.0375
2 0.64375 0.6984375 0.0484375 0.0484375
2 0.64453125 0.825 0.0375 0.0375
2 0.54140625 0.875 0.0359375 0.0375
1 0.36171875 0.8546875 0.0734375 0.07421875
2 0.36015625 0.97578125 0.0375 0.0375
2 0.2828125 0.46484375 0.0484375 0.0484375
2 0.071875 0.58671875 0.0359375 0.0375
2 0.07109375 0.91484375 0.0484375 0.05
2 0.940625 0.2125 0.0484375 0.05
2 0.94453125 0.3171875 0.0484375 0.0484375
2 0.9390625 0.42265625 0.06171875 0.06171875
2 0.47734375 0.3703125 0.0484375 0.0484375
2 0.55390625 0.534375 0.0375 0.0375
2 0.46953125 0.4828125 0.02421875 0.02421875
2 0.36640625 0.42109375 0.0484375 0.05
2 0.36796875 0.29765625 0.02421875 0.025
2 0.371875 0.190625 0.0375 0.0375
2 0.29765625 0.14375 0.0375 0.0375
2 0.2921875 0.23984375 0.0609375 0.06171875
2 0.18046875 0.078125 0.0375 0.0375
2 0.1796875 0.1953125 0.0375 0.0375
2 0.06875 0.2640625 0.0484375 0.0484375
2 0.29375 0.0375 0.0375 0.0375