2 0.20859375 0.78203125 0.06171875 0.06171875
2 0.2140625 0.5609375 0.0484375 0.05
2 0.209375 0.90546875 0.0609375 0.06171875
1 0.12265625 0.94609375 0.0359375 0.0375
2 0.2171875 0.11953125 0.06171875 0.06171875
2 0.2203125 0.23359375 0.06171875 0.06171875
2 0.2140625 0.4484375 0.0609375 0.06171875
2 0.21796875 0.334375 0.0609375 0.06171875
2 0.29296875 0.4140625 0.0484375 0.0484375
2 0.89140625 0.09296875 0.0609375 0.06171875
2 0.8984375 0.3109375 0.0484375 0.0484375
2 0.97265625 0.3734375 0.0484375 0.0484375
2 0.89765625 0.20078125 0.06171875 0.06171875
2 0.3015625 0.075 0.04765625 0.05
2 0.40078125 0.128125 0.0734375 0.07421875
2 0.60078125 0.03984375 0.0484375 0.0484375
2 0.7953125 0.1609375 0.06171875 0.06171875
2 0.2984375 0.303125 0.0734375 0.0734375
2 0.40703125 0.3484375 0.06171875 0.06171875
2 0.7953125 0.0484375 0.0484375 0.05
2 0.28984375 0.8640625 0.0609375 0.06171875
2 0.39765625 0.809375 0.0609375 0.06171875
2 0.51484375 0.84140625 0.0609375 0.06171875
2 0.3953125 0.9265625 0.0609375 0.06171875
2 0.2890625 0.6296875 0.0484375 0.05
2 0.13359375 0.08671875 0.06171875 0.06171875
2 0.1296875 0.17890625 0.0484375 0.0484375
2 0.5046875 0.96953125 0.0484375 0.0484375
2 0.53515625 0.10625 0.0484375 0.05
1 0.3015625 0.18125 0.08515625 0.0859375
2 0.5953125 0.13984375 0.0484375 0.05
2 0.60078125 0.47109375 0.02421875 0.02421875
2 0.5984375 0.2671875 0.02421875 0.02421875
2 0.4 0.4640625 0.0375 0.0375
2 0.52421875 0.43828125 0.0359375 0.0375
2 0.40390625 0.215625 0.02421875 0.02421875
2 0.69921875 0.875 0.0484375 0.0484375
2 0.5875 0.9265625 0.0484375 0.05
2 0.5890625 0.803125 0.02421875 0.025
2 0.59375 0.6953125 0.0375 0.0375
2 0.51953125 0.6484375 0.0375 0.0375
2 0.5140625 0.74453125 0.0609375 0.06171875
2 0.40234375 0.5828125 0.0375 0.0375
2 0.4015625 0.7 0.0375 0.0375
2 0.28984375 0.76875 0.0484375 0.0484375
2 0.2125 0.684375 0.0359375 0.0375
2 0.29375 0.525 0.0484375 0.0484375
2 0.515625 0.5421875 0.0375 0.0375
2 0.0375 0.0390625 0.0375 0.0375
2 0.0390625 0.14375 0.0375 0.0375
2 0.03515625 0.24140625 0.0375 0.0375
2 0.025 0.68984375 0.0359375 0.0359375
2 0.12421875 0.50625 0.0375 0.0375
2 0.11796875 0.83671875 0.0359375 0.0359375
2 0.0203125 0.93046875 0.0375 0.0375