2 0.31328125 0.81640625 0.0484375 0.0484375
2 0.03984375 0.2421875 0.06171875 0.0609375
2 0.2421875 0.07109375 0.0484375 0.05
2 0.1375 0.2921875 0.0609375 0.0609375
2 0.1421875 0.10859375 0.0484375 0.0484375
2 0.246875 0.15234375 0.0484375 0.0484375
2 0.23359375 0.2359375 0.0484375 0.0484375
2 0.33125 0.1703125 0.0359375 0.0375
2 0.31171875 0.92265625 0.06171875 0.06171875
1 0.9203125 0.0953125 0.09765625 0.0984375
1 0.928125 0.19453125 0.09765625 0.0984375
2 0.7328125 0.29765625 0.0609375 0.06171875
2 0.7296875 0.196875 0.0484375 0.05
2 0.803125 0.83671875 0.0484375 0.0484375
2 0.80078125 0.94375 0.0484375 0.0484375
2 0.8875 0.878125 0.0484375 0.0484375
2 0.4234375 0.87890625 0.0484375 0.0484375
2 0.421875 0.9671875 0.0484375 0.0484375
2 0.52421875 0.9796875 0.0375 0.0375
2 0.53046875 0.8578125 0.0375 0.0375
2 0.975 0.68046875 0.0375 0.0359375
2 0.90625 0.4109375 0.0484375 0.0484375
2 0.90546875 0.5265625 0.02421875 0.02421875
2 0.89921875 0.65390625 0.02421875 0.02421875
2 0.8921875 0.76796875 0.0484375 0.05
2 0.81328125 0.4640625 0.0359375 0.0359375
2 0.81328125 0.59453125 0.02421875 0.02421875
2 0.80703125 0.70390625 0.02421875 0.02421875
2 0.7390625 0.39375 0.0375 0.0359375
2 0.7421875 0.51328125 0.0484375 0.05
2 0.7359375 0.64453125 0.0375 0.0375
2 0.73828125 0.746875 0.0484375 0.0484375
2 0.7359375 0.8765625 0.0359375 0.0375
2 0.64921875 0.43671875 0.0359375 0.0359375
1 0.41484375 0.76640625 0.0484375 0.0484375
2 0.81484375 0.14453125 0.0359375 0.0375
2 0.73515625 0.07890625 0.0359375 0.0375
2 0.63203125 0.13359375 0.0375 0.0375
2 0.534375 0.18671875 0.0375 0.0359375
2 0.434375 0.23359375 0.0359375 0.0359375
2 0.4125 0.35859375 0.0359375 0.0375
2 0.52890625 0.31015625 0.0359375 0.0359375
2 0.64765625 0.25234375 0.0484375 0.05
2 0.6484375 0.34140625 0.0375 0.0359375
2 0.909375 0.3046875 0.0484375 0.0484375
2 0.81640625 0.2421875 0.0484375 0.0484375
2 0.8171875 0.34375 0.0359375 0.0375
2 0.040625 0.12890625 0.0359375 0.0375
1 0.0328125 0.33984375 0.0484375 0.0484375
2 0.1484375 0.20234375 0.0375 0.0375
2 0.2375 0.38203125 0.02421875 0.025
2 0.31875 0.38203125 0.0359375 0.0375
2 0.48125 0.08046875 0.0359375 0.0359375
2 0.82109375 0.03046875 0.0375 0.0375
2 0.03984375 0.56875 0.0375 0.0375
2 0.03046875 0.6609375 0.0375 0.0359375
2 0.0390625 0.77421875 0.0375 0.0359375
2 0.0359375 0.85625 0.0375 0.0359375
2 0.034375 0.9453125 0.0375 0.0375
2 0.140625 0.86015625 0.0484375 0.05
2 0.1453125 0.7609375 0.0375 0.0359375
2 0.14921875 0.6796875 0.0375 0.0375
2 0.159375 0.5625 0.0359375 0.0375
2 0.24296875 0.5984375 0.0359375 0.0375
2 0.24765625 0.68828125 0.0359375 0.0375
2 0.2375 0.78203125 0.0359375 0.0375
2 0.22890625 0.88359375 0.0359375 0.0359375
2 0.31328125 0.7203125 0.0375 0.0375
2 0.31328125 0.6359375 0.0375 0.0375
2 0.3125 0.5625 0.0375 0.0375