2 0.03125 0.753125 0.0484375 0.05
2 0.0296875 0.8484375 0.0359375 0.0359375
2 0.4859375 0.9125 0.06171875 0.06171875
1 0.32734375 0.1390625 0.09765625 0.09765625
1 0.315625 0.26171875 0.09765625 0.09765625
1 0.31953125 0.35 0.09765625 0.0984375
1 0.2171875 0.4171875 0.09765625 0.0984375
1 0.23046875 0.2984375 0.0859375 0.0859375
1 0.2234375 0.19375 0.0859375 0.0859375
1 0.228125 0.08203125 0.09765625 0.09765625
1 0.1296875 0.14765625 0.09765625 0.0984375
1 0.1296875 0.23984375 0.09765625 0.0984375
1 0.1234375 0.35625 0.09765625 0.0984375
1 0.13046875 0.4625 0.08515625 0.08671875
1 0.0359375 0.41875 0.0609375 0.06171875
1 0.42734375 0.06875 0.121875 0.1234375
1 0.42265625 0.18203125 0.121875 0.121875
1 0.425 0.284375 0.11015625 0.11015625
1 0.41796875 0.415625 0.09765625 0.0984375
1 0.315625 0.46484375 0.0859375 0.0859375
1 0.41640625 0.528125 0.11015625 0.11015625
1 0.509375 0.465625 0.08515625 0.0859375
1 0.5125 0.36484375 0.09765625 0.0984375
1 0.5109375 0.246875 0.09765625 0.0984375
1 0.515625 0.1375 0.09765625 0.0984375
1 0.60234375 0.0734375 0.09765625 0.09765625
1 0.62109375 0.178125 0.09765625 0.0984375
1 0.6109375 0.303125 0.0859375 0.0859375
1 0.6140625 0.4015625 0.09765625 0.0984375
1 0.61015625 0.52421875 0.09765625 0.0984375
1 0.7046875 0.4625 0.121875 0.1234375
1 0.7015625 0.35859375 0.121875 0.1234375
1 0.7015625 0.2390625 0.121875 0.1234375
1 0.6984375 0.13984375 0.11015625 0.1109375
1 0.809375 0.0640625 0.121875 0.1234375
1 0.79921875 0.184375 0.121875 0.1234375
1 0.8 0.3109375 0.121875 0.1234375
1 0.7921875 0.41484375 0.11015625 0.11015625
1 0.79375 0.525 0.121875 0.1234375
1 0.896875 0.46328125 0.109375 0.11015625
1 0.90234375 0.3546875 0.09765625 0.09765625
1 0.89296875 0.25 0.121875 0.1234375
1 0.89375 0.1421875 0.121875 0.1234375
1 0.896875 0.56640625 0.09765625 0.09765625
1 0.8953125 0.69765625 0.11015625 0.11015625
1 0.89140625 0.8015625 0.09765625 0.0984375
1 0.88671875 0.9078125 0.09765625 0.0984375
1 0.79453125 0.63046875 0.11015625 0.11015625
1 0.79140625 0.7453125 0.11015625 0.11015625
1 0.79140625 0.85390625 0.121875 0.121875
1 0.6984375 0.5765625 0.109375 0.11015625
1 0.69453125 0.67421875 0.09765625 0.0984375
1 0.7046875 0.78828125 0.09765625 0.0984375
1 0.70234375 0.9046875 0.09765625 0.0984375
1 0.6 0.63046875 0.09765625 0.0984375
1 0.6015625 0.73359375 0.09765625 0.0984375
1 0.60625 0.85234375 0.09765625 0.0984375
1 0.51015625 0.57109375 0.08515625 0.08671875
2 0.4 0.62734375 0.0484375 0.05
1 0.31953125 0.58515625 0.09765625 0.0984375
1 0.0453125 0.521875 0.0359375 0.0375
2 0.13203125 0.91953125 0.0359375 0.0359375
1 0.11328125 0.69921875 0.0484375 0.0484375
1 0.12578125 0.57890625 0.0484375 0.0484375
1 0.2078125 0.6078125 0.0375 0.0375
2 0.19921875 0.7546875 0.0375 0.0375
2 0.34765625 0.71171875 0.0375 0.0375
2 0.39765625 0.8375 0.0359375 0.0375
2 0.50625 0.69375 0.0375 0.0375
2 0.31640625 0.89765625 0.0375 0.0375
2 0.4109375 0.9390625 0.02421875 0.02421875
2 0.10234375 0.8 0.0359375 0.0375
2 0.60078125 0.96484375 0.0375 0.0375
1 0.225 0.5265625 0.09765625 0.09765625