2 0.43828125 0.31328125 0.0484375 0.0484375
2 0.1453125 0.92265625 0.0484375 0.0484375
2 0.4359375 0.87734375 0.0609375 0.06171875
2 0.3421875 0.48203125 0.06171875 0.06171875
2 0.340625 0.8265625 0.06171875 0.06171875
2 0.34453125 0.92421875 0.06171875 0.06171875
2 0.43671875 0.41953125 0.06171875 0.06171875
2 0.6265625 0.8328125 0.0484375 0.0484375
2 0.546875 0.8578125 0.0484375 0.0484375
2 0.4375 0.51796875 0.0484375 0.05
2 0.43671875 0.61875 0.0484375 0.05
2 0.065625 0.903125 0.0484375 0.0484375
2 0.73125 0.828125 0.0484375 0.0484375
2 0.6328125 0.7 0.0484375 0.0484375
2 0.72734375 0.9109375 0.0484375 0.0484375
2 0.81171875 0.91015625 0.0484375 0.0484375
1 0.25625 0.803125 0.06171875 0.06171875
1 0.2578125 0.88984375 0.0609375 0.06171875
2 0.73359375 0.73125 0.0375 0.0375
2 0.62421875 0.934375 0.0484375 0.0484375
2 0.55 0.7421875 0.0375 0.0375
2 0.14921875 0.71796875 0.0484375 0.05
2 0.14921875 0.8171875 0.0484375 0.0484375
2 0.05625 0.709375 0.0375 0.0375
2 0.0640625 0.81328125 0.0484375 0.0484375
2 0.928125 0.334375 0.0484375 0.0484375
2 0.92578125 0.440625 0.0484375 0.0484375
2 0.91875 0.5375 0.0375 0.0375
2 0.9203125 0.62578125 0.0375 0.0375
2 0.5484375 0.37578125 0.0484375 0.0484375
2 0.546875 0.4640625 0.0484375 0.0484375
2 0.5515625 0.56796875 0.0359375 0.0359375
2 0.5453125 0.65 0.0484375 0.05
2 0.63984375 0.58671875 0.0375 0.0375
2 0.7015625 0.55 0.0359375 0.0375
2 0.64921875 0.4765625 0.0375 0.0375
2 0.65546875 0.3546875 0.0375 0.0375
2 0.93828125 0.09140625 0.02421875 0.02421875
2 0.93203125 0.20078125 0.02421875 0.02421875
2 0.8609375 0.14140625 0.0375 0.0375
2 0.86328125 0.24375 0.0484375 0.0484375
2 0.8609375 0.37421875 0.0359375 0.0375
1 0.53984375 0.2640625 0.0484375 0.0484375
2 0.16484375 0.065625 0.0375 0.0375
2 0.15546875 0.1578125 0.0375 0.0359375
2 0.1640625 0.27109375 0.0375 0.0359375
2 0.1609375 0.353125 0.0375 0.0359375
2 0.159375 0.4421875 0.0375 0.0375
2 0.153125 0.5203125 0.0375 0.0375
2 0.25390625 0.4734375 0.0484375 0.05
2 0.265625 0.35703125 0.0484375 0.05
2 0.2703125 0.25859375 0.0375 0.0359375
2 0.27421875 0.1765625 0.0375 0.0375
2 0.284375 0.059375 0.0359375 0.0375
2 0.36796875 0.0953125 0.0359375 0.0375
2 0.37265625 0.1859375 0.0359375 0.0375
2 0.3625 0.2796875 0.0359375 0.0375
2 0.35390625 0.38046875 0.0359375 0.0359375
2 0.43828125 0.21796875 0.0375 0.0375
2 0.43828125 0.1328125 0.0375 0.0375
2 0.4375 0.059375 0.0375 0.0375
2 0.06796875 0.4984375 0.0359375 0.0375
2 0.34453125 0.5890625 0.0359375 0.0375
2 0.25078125 0.5828125 0.0375 0.0375
2 0.15 0.6140625 0.0359375 0.0375
2 0.06015625 0.6125 0.0359375 0.0375
2 0.865625 0.4890625 0.0484375 0.0484375