2 0.24453125 0.946875 0.0734375 0.07421875
2 0.6140625 0.928125 0.0484375 0.05
2 0.528125 0.940625 0.0609375 0.06171875
2 0.8921875 0.965625 0.0484375 0.05
2 0.9015625 0.41875 0.0484375 0.0484375
2 0.89609375 0.52421875 0.06171875 0.06171875
2 0.90078125 0.321875 0.06171875 0.06171875
2 0.89921875 0.20859375 0.0609375 0.06171875
2 0.89921875 0.63828125 0.06171875 0.06171875
2 0.8921875 0.853125 0.0609375 0.06171875
2 0.896875 0.7390625 0.0609375 0.06171875
2 0.971875 0.81875 0.0484375 0.0484375
2 0.07109375 0.3890625 0.0609375 0.06171875
2 0.36953125 0.83671875 0.06171875 0.06171875
2 0.35546875 0.19375 0.0484375 0.0484375
2 0.25703125 0.2828125 0.06171875 0.06171875
2 0.165625 0.2375 0.06171875 0.06171875
2 0.52421875 0.71015625 0.06171875 0.06171875
2 0.44921875 0.5171875 0.0609375 0.06171875
2 0.25390625 0.84296875 0.0484375 0.0484375
2 0.3578125 0.64296875 0.0484375 0.05
2 0.540625 0.615625 0.0609375 0.06171875
2 0.815625 0.3640625 0.06171875 0.06171875
2 0.725 0.228125 0.0375 0.0375
2 0.4546875 0.18359375 0.0359375 0.0375
2 0.709375 0.87421875 0.06171875 0.06171875
2 0.259375 0.51328125 0.06171875 0.06171875
2 0.8140625 0.2640625 0.0484375 0.05
2 0.5359375 0.1578125 0.0375 0.0375
2 0.446875 0.2890625 0.0484375 0.0484375
2 0.35546875 0.528125 0.0484375 0.05
2 0.81171875 0.490625 0.06171875 0.06171875
2 0.80859375 0.5828125 0.0484375 0.0484375
2 0.1796875 0.4515625 0.0484375 0.05
2 0.8171875 0.16875 0.06171875 0.06171875
2 0.6359375 0.04921875 0.0734375 0.0734375
2 0.89765625 0.1125 0.0734375 0.07421875
1 0.440625 0.06953125 0.09765625 0.0984375
1 0.34765625 0.1140625 0.109375 0.11015625
1 0.25859375 0.0640625 0.09765625 0.0984375
1 0.16328125 0.13203125 0.11015625 0.1109375
1 0.06640625 0.06328125 0.109375 0.1109375
1 0.071875 0.159375 0.0859375 0.0859375
2 0.97265625 0.9296875 0.0484375 0.0484375
1 0.82109375 0.06328125 0.0484375 0.05
2 0.71953125 0.103125 0.0359375 0.0359375
2 0.71796875 0.32734375 0.0375 0.0375
2 0.715625 0.44375 0.0375 0.0375
2 0.71796875 0.54765625 0.0375 0.0375
2 0.7140625 0.6453125 0.0375 0.0375
2 0.6390625 0.26875 0.0484375 0.0484375
2 0.5296875 0.2796875 0.0359375 0.0375
2 0.54140625 0.40546875 0.0359375 0.0375
2 0.540625 0.48828125 0.0484375 0.0484375
2 0.634375 0.38125 0.0609375 0.06171875
2 0.44609375 0.3984375 0.0375 0.0375
2 0.3484375 0.44921875 0.0484375 0.0484375
2 0.3515625 0.34453125 0.0375 0.0375
2 0.25859375 0.18828125 0.0484375 0.0484375
2 0.25390625 0.39609375 0.0484375 0.05
2 0.18046875 0.54375 0.0484375 0.05
1 0.1765625 0.35234375 0.06171875 0.06171875
2 0.0625 0.2765625 0.0484375 0.05
2 0.07734375 0.60859375 0.0484375 0.0484375
2 0.07109375 0.490625 0.0484375 0.05
2 0.2546875 0.61484375 0.0484375 0.05
2 0.4484375 0.61484375 0.0484375 0.05
2 0.62265625 0.69609375 0.0359375 0.0375
2 0.61796875 0.825 0.0484375 0.05
2 0.803125 0.91015625 0.0375 0.0375
2 0.53203125 0.82265625 0.0484375 0.05
2 0.45234375 0.8 0.0484375 0.05
2 0.446875 0.90390625 0.06171875 0.06171875
2 0.365625 0.9109375 0.0484375 0.0484375
2 0.3625 0.74375 0.0484375 0.05
2 0.25 0.728125 0.0484375 0.0484375
2 0.1765625 0.771875 0.02421875 0.02421875
2 0.18125 0.896875 0.02421875 0.02421875
2 0.0671875 0.9390625 0.02421875 0.02421875
2 0.0671875 0.70078125 0.02421875 0.02421875