1 0.1 0.06796875 0.121875 0.121875
1 0.20546875 0.1015625 0.121875 0.1234375
1 0.4890625 0.0625 0.109375 0.1109375
1 0.578125 0.1171875 0.109375 0.1109375
1 0.6828125 0.05546875 0.09765625 0.0984375
1 0.865625 0.0578125 0.109375 0.11015625
1 0.7703125 0.11796875 0.11015625 0.11015625
1 0.8578125 0.60625 0.11015625 0.1109375
1 0.86015625 0.496875 0.09765625 0.09765625
1 0.8625 0.3953125 0.109375 0.11015625
1 0.8671875 0.2953125 0.109375 0.11015625
1 0.86640625 0.16484375 0.109375 0.11015625
1 0.77265625 0.2296875 0.11015625 0.11015625
1 0.76875 0.3390625 0.09765625 0.09765625
1 0.77109375 0.453125 0.11015625 0.1109375
1 0.7703125 0.55546875 0.09765625 0.09765625
1 0.67421875 0.61328125 0.0734375 0.07421875
1 0.678125 0.50703125 0.0859375 0.0859375
1 0.6796875 0.4046875 0.0859375 0.0859375
1 0.68671875 0.2875 0.08515625 0.0859375
1 0.6734375 0.1765625 0.09765625 0.0984375
1 0.58203125 0.2203125 0.109375 0.1109375
1 0.5828125 0.3359375 0.109375 0.1109375
1 0.5796875 0.44765625 0.109375 0.11015625
1 0.5828125 0.553125 0.09765625 0.0984375
1 0.49296875 0.1609375 0.109375 0.1109375
1 0.49140625 0.2828125 0.109375 0.1109375
1 0.490625 0.38125 0.09765625 0.0984375
1 0.496875 0.50078125 0.121875 0.1234375
1 0.49296875 0.6 0.11015625 0.11015625
1 0.3890625 0.55546875 0.11015625 0.11015625
1 0.3921875 0.43984375 0.11015625 0.11015625
1 0.39375 0.2234375 0.11015625 0.11015625
1 0.3921875 0.1203125 0.121875 0.1234375
2 0.39375 0.328125 0.0484375 0.0484375
1 0.3015625 0.15859375 0.09765625 0.0984375
1 0.30859375 0.27421875 0.09765625 0.0984375
1 0.29765625 0.38203125 0.109375 0.11015625
1 0.3015625 0.50546875 0.09765625 0.0984375
1 0.3078125 0.62265625 0.109375 0.11015625
1 0.20234375 0.5734375 0.121875 0.1234375
1 0.20078125 0.44765625 0.121875 0.121875
1 0.20234375 0.33359375 0.121875 0.121875
1 0.20625 0.225 0.109375 0.11015625
1 0.11015625 0.18125 0.109375 0.11015625
1 0.1046875 0.2828125 0.09765625 0.0984375
1 0.11171875 0.396875 0.121875 0.1234375
1 0.1109375 0.515625 0.121875 0.1234375
1 0.1109375 0.625 0.121875 0.1234375
1 0.1078125 0.746875 0.121875 0.121875
1 0.1078125 0.8390625 0.121875 0.1234375
1 0.284375 0.73125 0.121875 0.1234375
1 0.28984375 0.8390625 0.121875 0.121875
1 0.19453125 0.8953125 0.11015625 0.11015625
1 0.19609375 0.78359375 0.11015625 0.11015625
1 0.20859375 0.67109375 0.11015625 0.11015625
1 0.39375 0.878125 0.109375 0.11015625
1 0.3859375 0.778125 0.109375 0.11015625
1 0.390625 0.6703125 0.109375 0.11015625
1 0.48984375 0.7171875 0.121875 0.1234375
1 0.4859375 0.82890625 0.121875 0.1234375
1 0.48828125 0.934375 0.109375 0.11015625
1 0.57578125 0.89296875 0.11015625 0.11015625
1 0.5828125 0.775 0.11015625 0.1109375
1 0.5796875 0.67109375 0.11015625 0.1109375
1 0.671875 0.71796875 0.109375 0.1109375
1 0.6734375 0.82890625 0.109375 0.1109375
1 0.6671875 0.9375 0.09765625 0.09765625
1 0.775 0.88359375 0.121875 0.1234375
1 0.77421875 0.76875 0.0734375 0.07421875
1 0.765625 0.67421875 0.09765625 0.0984375
1 0.85859375 0.734375 0.121875 0.1234375
1 0.85859375 0.83046875 0.11015625 0.11015625
1 0.85546875 0.93359375 0.09765625 0.09765625