2 0.6578125 0.47890625 0.0609375 0.06171875
2 0.3640625 0.62890625 0.0859375 0.0859375
2 0.5609375 0.55625 0.0609375 0.06171875
2 0.559375 0.6578125 0.0734375 0.07421875
2 0.4640625 0.48046875 0.0484375 0.0484375
2 0.95625 0.9265625 0.06171875 0.06171875
2 0.9421875 0.2828125 0.0484375 0.0484375
2 0.84453125 0.37265625 0.06171875 0.06171875
2 0.75234375 0.32734375 0.06171875 0.06171875
2 0.840625 0.9328125 0.0484375 0.0484375
2 0.94453125 0.7328125 0.0484375 0.05
2 0.84609375 0.603125 0.06171875 0.06171875
2 0.9421875 0.61796875 0.0484375 0.05
2 0.76640625 0.54140625 0.0484375 0.05
1 0.93515625 0.06953125 0.121875 0.1234375
1 0.934375 0.20390625 0.109375 0.11015625
1 0.8453125 0.15390625 0.09765625 0.0984375
1 0.75078125 0.221875 0.11015625 0.1109375
1 0.74140625 0.1 0.09765625 0.09765625
1 0.653125 0.153125 0.109375 0.1109375
1 0.659375 0.24921875 0.0859375 0.0859375
1 0.565625 0.075 0.109375 0.1109375
1 0.56171875 0.196875 0.121875 0.1234375
1 0.56953125 0.30546875 0.121875 0.1234375
1 0.4640625 0.15546875 0.09765625 0.0984375
1 0.46640625 0.25859375 0.11015625 0.11015625
1 0.3703125 0.103125 0.09765625 0.0984375
1 0.365625 0.209375 0.09765625 0.0984375
1 0.3703125 0.3296875 0.0859375 0.08671875
1 0.2703125 0.15546875 0.121875 0.121875
1 0.2703125 0.271875 0.121875 0.121875
1 0.18359375 0.090625 0.09765625 0.0984375
1 0.18046875 0.20625 0.09765625 0.0984375
1 0.178125 0.33125 0.09765625 0.0984375
1 0.08515625 0.15390625 0.09765625 0.0984375
1 0.3640625 0.42265625 0.08515625 0.0859375
1 0.36328125 0.53671875 0.09765625 0.0984375
1 0.2578125 0.57890625 0.0859375 0.0859375
1 0.26953125 0.4890625 0.0859375 0.0859375
1 0.2765625 0.37890625 0.0859375 0.0859375
1 0.1859375 0.43125 0.09765625 0.0984375
2 0.9359375 0.5390625 0.0484375 0.0484375
2 0.93828125 0.434375 0.0375 0.0375
2 0.8453125 0.278125 0.0484375 0.0484375
2 0.840625 0.4859375 0.0484375 0.05
2 0.7671875 0.63359375 0.0484375 0.05
1 0.76328125 0.4421875 0.06171875 0.06171875
2 0.64921875 0.36640625 0.0484375 0.05
2 0.5640625 0.42890625 0.0609375 0.06171875
2 0.56328125 0.75390625 0.02421875 0.025
2 0.6640625 0.6984375 0.0484375 0.0484375
2 0.6578125 0.58046875 0.0484375 0.05
2 0.8421875 0.7046875 0.0484375 0.05
2 0.94921875 0.83359375 0.0484375 0.05
2 0.83671875 0.81875 0.0484375 0.0484375
2 0.76328125 0.86171875 0.02421875 0.02421875
2 0.76796875 0.98671875 0.02421875 0.02421875
2 0.65390625 0.790625 0.02421875 0.02421875
2 0.4578125 0.70390625 0.0484375 0.0484375
2 0.4609375 0.815625 0.0484375 0.0484375
2 0.36015625 0.9515625 0.0484375 0.0484375
2 0.36015625 0.846875 0.0484375 0.0484375
2 0.3671875 0.73515625 0.0484375 0.0484375
2 0.24921875 0.70078125 0.0234375 0.02421875
2 0.24296875 0.80390625 0.0484375 0.0484375
2 0.2328125 0.91640625 0.0375 0.0359375
2 0.1640625 0.64765625 0.0484375 0.0484375
2 0.16328125 0.76328125 0.02421875 0.02421875
2 0.15703125 0.88984375 0.02421875 0.02421875
2 0.07109375 0.70078125 0.0359375 0.0359375
2 0.07109375 0.83046875 0.02421875 0.02421875
2 0.06484375 0.93984375 0.02421875 0.02421875
3 0.46484375 0.3828125 0.0484375 0.0484375
2 0.46640625 0.59296875 0.02421875 0.02421875
2 0.07265625 0.38125 0.0359375 0.0375
2 0.1671875 0.540625 0.0484375 0.0484375
2 0.07421875 0.478125 0.0484375 0.0484375
2 0.075 0.5796875 0.0359375 0.0375
2 0.07890625 0.26640625 0.0375 0.0375
2 0.56171875 0.975 0.02421875 0.02421875