2 0.80703125 0.225 0.0734375 0.07421875
2 0.73671875 0.0734375 0.06171875 0.06171875
2 0.803125 0.66484375 0.06171875 0.06171875
2 0.5296875 0.60625 0.0859375 0.0859375
2 0.90078125 0.0828125 0.08515625 0.0859375
1 0.89609375 0.82734375 0.11015625 0.1109375
1 0.896875 0.72578125 0.0859375 0.0859375
1 0.9 0.62421875 0.0734375 0.07421875
1 0.903125 0.50703125 0.08515625 0.0859375
1 0.9015625 0.38359375 0.08515625 0.0859375
1 0.9 0.28203125 0.0859375 0.0859375
1 0.91328125 0.18203125 0.11015625 0.11015625
1 0.81171875 0.128125 0.0859375 0.08671875
1 0.8125 0.33515625 0.0859375 0.0859375
1 0.8078125 0.4484375 0.09765625 0.09765625
1 0.80625 0.5609375 0.08515625 0.0859375
1 0.803125 0.7828125 0.11015625 0.11015625
1 0.7078125 0.83046875 0.11015625 0.11015625
1 0.71015625 0.7171875 0.109375 0.11015625
1 0.71171875 0.60234375 0.11015625 0.11015625
1 0.7203125 0.4859375 0.09765625 0.0984375
1 0.728125 0.3875 0.109375 0.11015625
1 0.7234375 0.30234375 0.109375 0.11015625
1 0.72890625 0.178125 0.11015625 0.1109375
1 0.6375 0.1296875 0.121875 0.1234375
1 0.634375 0.2390625 0.11015625 0.11015625
1 0.62578125 0.3375 0.11015625 0.11015625
1 0.62265625 0.4546875 0.11015625 0.11015625
1 0.61640625 0.55390625 0.0859375 0.0859375
1 0.6296875 0.66796875 0.109375 0.1109375
1 0.6265625 0.76171875 0.09765625 0.09765625
1 0.52265625 0.81484375 0.0859375 0.08671875
1 0.521875 0.715625 0.0859375 0.0859375
1 0.52265625 0.51328125 0.11015625 0.11015625
1 0.5296875 0.3859375 0.11015625 0.1109375
1 0.5453125 0.275 0.09765625 0.0984375
1 0.53984375 0.175 0.09765625 0.09765625
1 0.43125 0.12265625 0.09765625 0.0984375
1 0.4328125 0.2296875 0.0859375 0.0859375
1 0.44453125 0.32734375 0.09765625 0.09765625
1 0.44140625 0.43984375 0.109375 0.11015625
1 0.43671875 0.546875 0.109375 0.1109375
1 0.43359375 0.66015625 0.109375 0.1109375
3 0.4359375 0.78984375 0.08515625 0.0859375
1 0.34296875 0.8171875 0.09765625 0.09765625
1 0.33671875 0.71171875 0.0859375 0.0859375
1 0.334375 0.603125 0.09765625 0.0984375
1 0.3375 0.4921875 0.09765625 0.09765625
1 0.34453125 0.3828125 0.109375 0.1109375
1 0.34296875 0.28125 0.09765625 0.09765625
1 0.35390625 0.1859375 0.08515625 0.0859375
1 0.3421875 0.1046875 0.08515625 0.0859375
1 0.21953125 0.1015625 0.0859375 0.0859375
1 0.2125 0.3375 0.09765625 0.0984375
1 0.221875 0.44921875 0.09765625 0.09765625
1 0.21796875 0.553125 0.09765625 0.0984375
1 0.21875 0.63984375 0.09765625 0.0984375
1 0.21640625 0.76953125 0.08515625 0.0859375
1 0.12578125 0.8234375 0.0859375 0.0859375
1 0.13125 0.70234375 0.11015625 0.11015625
1 0.1296875 0.59296875 0.09765625 0.0984375
1 0.121875 0.4875 0.09765625 0.0984375
1 0.125 0.39765625 0.109375 0.11015625
1 0.125 0.26875 0.0859375 0.0859375
1 0.134375 0.16015625 0.08515625 0.0859375
1 0.128125 0.92890625 0.08515625 0.0859375
2 0.32890625 0.934375 0.0484375 0.0484375
1 0.2203125 0.87421875 0.08515625 0.08671875
3 0.434375 0.8734375 0.0859375 0.0859375
3 0.52265625 0.934375 0.0734375 0.07421875
1 0.61640625 0.89453125 0.08515625 0.0859375
1 0.70234375 0.94296875 0.109375 0.11015625
1 0.8 0.88671875 0.109375 0.1109375