2 0.3734375 0.0875 0.0609375 0.06171875
2 0.19296875 0.0828125 0.0734375 0.07421875
2 0.26875 0.134375 0.0484375 0.0484375
2 0.09609375 0.13203125 0.0734375 0.0734375
2 0.27890625 0.034375 0.06171875 0.0609375
2 0.55546875 0.31953125 0.0734375 0.07421875
2 0.08515625 0.63125 0.08515625 0.0859375
2 0.2671875 0.34921875 0.06171875 0.06171875
2 0.3671875 0.29375 0.0484375 0.0484375
2 0.1703125 0.78125 0.08515625 0.0859375
2 0.0984375 0.24140625 0.06171875 0.06171875
2 0.26640625 0.246875 0.06171875 0.06171875
2 0.46484375 0.26171875 0.0484375 0.0484375
2 0.253125 0.9484375 0.0734375 0.0734375
2 0.66328125 0.0421875 0.06171875 0.06171875
2 0.66328125 0.1453125 0.06171875 0.06171875
2 0.85859375 0.13203125 0.0609375 0.06171875
2 0.65703125 0.371875 0.06171875 0.06171875
2 0.8375 0.309375 0.0734375 0.0734375
2 0.85859375 0.20234375 0.0484375 0.05
2 0.96015625 0.2 0.0609375 0.06171875
2 0.95078125 0.29140625 0.0734375 0.0734375
1 0.9421875 0.590625 0.09765625 0.0984375
1 0.94375 0.696875 0.0859375 0.0859375
1 0.85546875 0.85078125 0.109375 0.1109375
1 0.853125 0.74921875 0.09765625 0.09765625
1 0.86484375 0.653125 0.08515625 0.0859375
1 0.853125 0.571875 0.08515625 0.0859375
1 0.73046875 0.56953125 0.0859375 0.0859375
1 0.7234375 0.80546875 0.09765625 0.0984375
1 0.7328125 0.9171875 0.09765625 0.09765625
1 0.6359375 0.865625 0.109375 0.11015625
1 0.6359375 0.7359375 0.0859375 0.0859375
1 0.6453125 0.628125 0.08515625 0.0859375
1 0.55078125 0.684375 0.09765625 0.0984375
1 0.5546875 0.7953125 0.109375 0.11015625
1 0.546875 0.8984375 0.09765625 0.09765625
1 0.0828125 0.7203125 0.0859375 0.0859375
1 0.0875 0.8328125 0.0859375 0.0859375
1 0.0765625 0.9421875 0.0859375 0.0859375
1 0.165625 0.86015625 0.08515625 0.0859375
1 0.1734375 0.67578125 0.08515625 0.0859375
1 0.25703125 0.6203125 0.08515625 0.0859375
1 0.24921875 0.73671875 0.08515625 0.08671875
1 0.2546875 0.8421875 0.08515625 0.0859375
1 0.440625 0.93515625 0.09765625 0.0984375
1 0.4546875 0.834375 0.09765625 0.0984375
1 0.459375 0.71484375 0.09765625 0.09765625
1 0.45390625 0.62421875 0.08515625 0.0859375
1 0.3609375 0.68359375 0.121875 0.1234375
1 0.36015625 0.78671875 0.09765625 0.0984375
2 0.9453125 0.378125 0.0484375 0.05
2 0.7578125 0.06328125 0.0484375 0.05
2 0.7484375 0.1890625 0.0484375 0.05
2 0.7515625 0.3015625 0.0484375 0.0484375
2 0.65703125 0.25625 0.06171875 0.06171875
2 0.4671875 0.0265625 0.0484375 0.0484375
2 0.46796875 0.153125 0.0375 0.0375
2 0.36484375 0.203125 0.0359375 0.0375
1 0.18515625 0.1828125 0.0734375 0.07421875
2 0.18359375 0.30390625 0.0375 0.0375
2 0.096875 0.33125 0.0484375 0.05