2 0.18203125 0.03984375 0.06171875 0.06171875
2 0.87578125 0.30390625 0.0609375 0.06171875
2 0.58203125 0.45390625 0.0859375 0.0859375
2 0.778125 0.38125 0.0609375 0.06171875
2 0.7765625 0.48359375 0.0734375 0.07421875
2 0.68125 0.30546875 0.0484375 0.0484375
2 0.453125 0.83515625 0.0484375 0.05
2 0.66796875 0.9625 0.0484375 0.05
2 0.87421875 0.96796875 0.0359375 0.0375
1 0.8765625 0.07421875 0.0859375 0.0859375
1 0.7875 0.13125 0.121875 0.1234375
1 0.684375 0.08359375 0.11015625 0.11015625
1 0.5875 0.1546875 0.0859375 0.08671875
1 0.4875 0.096875 0.121875 0.121875
1 0.3953125 0.15703125 0.09765625 0.0984375
1 0.58125 0.2484375 0.08515625 0.0859375
1 0.58125 0.36171875 0.09765625 0.0984375
1 0.47578125 0.4046875 0.0859375 0.0859375
1 0.4875 0.3140625 0.0859375 0.0859375
1 0.49375 0.20390625 0.0859375 0.0859375
1 0.403125 0.25625 0.09765625 0.0984375
2 0.2078125 0.35859375 0.0609375 0.06171875
2 0.2046875 0.25859375 0.0484375 0.05
2 0.8671875 0.1921875 0.0484375 0.05
2 0.78203125 0.2546875 0.0609375 0.06171875
2 0.78046875 0.57890625 0.02421875 0.025
2 0.88203125 0.5234375 0.0484375 0.0484375
2 0.87578125 0.40546875 0.0484375 0.05
2 0.98125 0.68671875 0.02421875 0.02421875
2 0.9859375 0.81171875 0.02421875 0.02421875
2 0.871875 0.85390625 0.02421875 0.02421875
2 0.871875 0.615625 0.02421875 0.02421875
2 0.278125 0.8984375 0.0484375 0.0484375
2 0.36328125 0.9390625 0.0484375 0.0484375
2 0.67578125 0.5296875 0.0484375 0.0484375
2 0.67890625 0.640625 0.0484375 0.0484375
2 0.5734375 0.89296875 0.0375 0.0359375
2 0.578125 0.7765625 0.0484375 0.0484375
2 0.578125 0.671875 0.0484375 0.0484375
2 0.58515625 0.5609375 0.0484375 0.0484375
2 0.4671875 0.52578125 0.0234375 0.02421875
2 0.4609375 0.62890625 0.0484375 0.0484375
2 0.45 0.74140625 0.0375 0.0359375
2 0.38203125 0.47265625 0.0484375 0.0484375
2 0.38125 0.58828125 0.02421875 0.02421875
2 0.37421875 0.715625 0.02421875 0.02421875
2 0.36796875 0.8296875 0.0484375 0.05
2 0.28828125 0.52578125 0.0359375 0.0359375
2 0.28828125 0.65546875 0.02421875 0.02421875
2 0.2828125 0.76484375 0.02421875 0.02421875
2 0.21484375 0.45546875 0.0375 0.0359375
2 0.21796875 0.575 0.0484375 0.05
2 0.21171875 0.70625 0.0375 0.0375
2 0.2140625 0.80859375 0.0484375 0.0484375
2 0.21171875 0.93828125 0.0359375 0.0375
2 0.12421875 0.4984375 0.0359375 0.0359375
3 0.6828125 0.2078125 0.0484375 0.0484375
2 0.684375 0.41875 0.02421875 0.02421875
2 0.290625 0.20625 0.0359375 0.0375
2 0.21015625 0.140625 0.0359375 0.0375
2 0.1078125 0.1953125 0.0375 0.0375
2 0.1234375 0.3140625 0.0484375 0.05
2 0.12421875 0.403125 0.0375 0.0359375
2 0.384375 0.36640625 0.0484375 0.0484375
2 0.2921875 0.30390625 0.0484375 0.0484375
2 0.2921875 0.40546875 0.0359375 0.0375
2 0.10703125 0.065625 0.02421875 0.02421875
2 0.296875 0.0921875 0.0375 0.0375
2 0.7796875 0.8 0.02421875 0.02421875
2 0.66328125 0.8875 0.0359375 0.0375