1 0.9109375 0.1390625 0.11015625 0.11015625
1 0.825 0.08046875 0.11015625 0.11015625
1 0.81328125 0.1734375 0.09765625 0.0984375
3 0.72421875 0.128125 0.121875 0.121875
1 0.628125 0.071875 0.121875 0.121875
1 0.628125 0.1734375 0.09765625 0.0984375
1 0.525 0.134375 0.09765625 0.0984375
1 0.43828125 0.084375 0.109375 0.11015625
1 0.3375 0.12890625 0.121875 0.1234375
1 0.25078125 0.09296875 0.121875 0.1234375
1 0.909375 0.26484375 0.121875 0.1234375
1 0.81875 0.3 0.121875 0.1234375
1 0.1609375 0.1453125 0.11015625 0.1109375
1 0.0578125 0.1921875 0.109375 0.11015625
1 0.065625 0.2859375 0.121875 0.1234375
1 0.153125 0.68515625 0.109375 0.11015625
1 0.159375 0.5765625 0.09765625 0.09765625
1 0.15 0.471875 0.121875 0.1234375
1 0.15078125 0.3640625 0.121875 0.1234375
1 0.14921875 0.2515625 0.09765625 0.0984375
1 0.25078125 0.18984375 0.11015625 0.11015625
1 0.340625 0.23203125 0.109375 0.11015625
1 0.34140625 0.35 0.11015625 0.11015625
1 0.2453125 0.30625 0.11015625 0.11015625
1 0.25234375 0.4015625 0.11015625 0.11015625
1 0.2453125 0.5234375 0.121875 0.1234375
1 0.24140625 0.63203125 0.121875 0.1234375
1 0.240625 0.74921875 0.109375 0.11015625
1 0.346875 0.67578125 0.121875 0.1234375
1 0.340625 0.5796875 0.121875 0.1234375
1 0.34296875 0.44765625 0.09765625 0.0984375
1 0.434375 0.19453125 0.109375 0.11015625
1 0.43125 0.309375 0.121875 0.121875
1 0.43046875 0.42109375 0.121875 0.1234375
1 0.43203125 0.52265625 0.121875 0.1234375
1 0.428125 0.6265625 0.121875 0.1234375
1 0.42421875 0.7453125 0.121875 0.1234375
1 0.52421875 0.69609375 0.121875 0.1234375
1 0.52421875 0.58203125 0.121875 0.1234375
1 0.5296875 0.4671875 0.121875 0.121875
1 0.5296875 0.3578125 0.121875 0.121875
1 0.5203125 0.2546875 0.09765625 0.0984375
1 0.628125 0.2921875 0.121875 0.1234375
1 0.63125 0.40703125 0.121875 0.1234375
1 0.62734375 0.5171875 0.121875 0.121875
1 0.62734375 0.628125 0.121875 0.1234375
1 0.6265625 0.74140625 0.121875 0.1234375
1 0.7203125 0.70859375 0.121875 0.121875
1 0.7328125 0.590625 0.09765625 0.0984375
1 0.721875 0.4875 0.121875 0.1234375
1 0.72890625 0.35859375 0.121875 0.1234375
1 0.73359375 0.23359375 0.121875 0.1234375
1 0.815625 0.4203125 0.121875 0.1234375
1 0.81015625 0.5203125 0.121875 0.1234375
1 0.81796875 0.63984375 0.121875 0.1234375
1 0.903125 0.6890625 0.121875 0.1234375
1 0.9109375 0.578125 0.121875 0.1234375
1 0.90546875 0.46015625 0.121875 0.1234375
1 0.909375 0.3578125 0.09765625 0.09765625
1 0.809375 0.72890625 0.08515625 0.08671875
1 0.9109375 0.790625 0.109375 0.11015625
1 0.9109375 0.89296875 0.11015625 0.11015625
1 0.81171875 0.85 0.09765625 0.0984375
1 0.7125 0.84921875 0.09765625 0.0984375
1 0.625 0.85234375 0.09765625 0.0984375
1 0.515625 0.8 0.09765625 0.0984375
1 0.52734375 0.91328125 0.09765625 0.0984375
1 0.43125 0.8484375 0.09765625 0.0984375
1 0.3546875 0.853125 0.121875 0.1234375
1 0.2390625 0.84296875 0.09765625 0.09765625
1 0.2484375 0.9484375 0.09765625 0.09765625
1 0.153125 0.78828125 0.09765625 0.09765625
1 0.1515625 0.91953125 0.11015625 0.11015625