2 0.31328125 0.6734375 0.0484375 0.0484375
2 0.3078125 0.77890625 0.06171875 0.06171875
2 0.31328125 0.5765625 0.06171875 0.06171875
2 0.31171875 0.46328125 0.0609375 0.06171875
2 0.3109375 0.89296875 0.06171875 0.06171875
2 0.80546875 0.53984375 0.0484375 0.0484375
2 0.69609375 0.4859375 0.0484375 0.0484375
2 0.403125 0.41015625 0.0484375 0.0484375
2 0.3921875 0.73359375 0.04765625 0.05
2 0.80390625 0.6546875 0.0484375 0.05
2 0.49140625 0.7875 0.0734375 0.07421875
2 0.60546875 0.528125 0.0484375 0.0484375
2 0.61171875 0.64765625 0.06171875 0.06171875
2 0.69140625 0.69921875 0.0484375 0.0484375
2 0.39921875 0.521875 0.0609375 0.06171875
2 0.8859375 0.81953125 0.06171875 0.06171875
2 0.496875 0.675 0.0609375 0.06171875
2 0.3890625 0.9625 0.0734375 0.0734375
2 0.8859375 0.7078125 0.0484375 0.05
2 0.49921875 0.58671875 0.06171875 0.0609375
2 0.5046875 0.46796875 0.0609375 0.06171875
2 0.228125 0.61875 0.06171875 0.06171875
2 0.13671875 0.48359375 0.0375 0.0375
2 0.2265625 0.51875 0.0484375 0.05
2 0.22421875 0.7453125 0.06171875 0.06171875
2 0.2203125 0.8375 0.0484375 0.0484375
2 0.22890625 0.4234375 0.06171875 0.06171875
2 0.0484375 0.30390625 0.0734375 0.0734375
2 0.31015625 0.3671875 0.0734375 0.07421875
2 0.12734375 0.1296875 0.06171875 0.06171875
2 0.05 0.21171875 0.0484375 0.05
2 0.1375 0.03359375 0.06171875 0.06171875
2 0.3125 0.17265625 0.0609375 0.06171875
2 0.31328125 0.265625 0.0484375 0.0484375
2 0.40546875 0.2078125 0.0484375 0.0484375
2 0.50234375 0.25625 0.06171875 0.06171875
2 0.80546875 0.09609375 0.0609375 0.06171875
2 0.40390625 0.31015625 0.06171875 0.06171875
2 0.41328125 0.1046875 0.06171875 0.06171875
2 0.6015625 0.2015625 0.0484375 0.05
2 0.80390625 0.3234375 0.0484375 0.05
2 0.6984375 0.153125 0.0734375 0.0734375
2 0.8859375 0.2609375 0.06171875 0.06171875
2 0.6015625 0.0875 0.0609375 0.06171875
2 0.5015625 0.14921875 0.0609375 0.06171875
2 0.8921875 0.04296875 0.0484375 0.0484375
2 0.6984375 0.36875 0.0484375 0.0484375
2 0.89453125 0.15 0.0484375 0.05
2 0.8140625 0.18984375 0.02421875 0.02421875
1 0.6984375 0.0421875 0.0375 0.0359375
2 0.7 0.26171875 0.0375 0.0375
2 0.88984375 0.371875 0.0484375 0.0484375
2 0.97578125 0.41328125 0.02421875 0.02421875
2 0.9703125 0.63984375 0.0484375 0.0484375
2 0.88671875 0.609375 0.0375 0.0375
2 0.8890625 0.48359375 0.0484375 0.0484375
2 0.803125 0.42734375 0.02421875 0.02421875
2 0.62578125 0.76484375 0.0484375 0.05
2 0.60703125 0.4203125 0.02421875 0.02421875
2 0.60703125 0.30703125 0.02421875 0.02421875
2 0.5046875 0.36015625 0.02421875 0.02421875
1 0.39609375 0.6390625 0.0359375 0.0375
1 0.3921875 0.840625 0.08515625 0.0859375
2 0.68671875 0.79921875 0.0484375 0.05
2 0.6890625 0.9265625 0.02421875 0.02421875
2 0.49453125 0.87421875 0.02421875 0.02421875
2 0.33515625 0.103125 0.02421875 0.02421875
2 0.22734375 0.084375 0.0375 0.0375
2 0.12734375 0.25078125 0.0359375 0.0359375
2 0.234375 0.20703125 0.0375 0.0375
1 0.23359375 0.31796875 0.0484375 0.05
2 0.13125 0.3578125 0.0359375 0.0359375
2 0.1296875 0.58203125 0.0375 0.0375
2 0.128125 0.6984375 0.0375 0.0375
2 0.1296875 0.803125 0.0375 0.0375
2 0.12578125 0.9 0.0375 0.0375
2 0.05078125 0.5234375 0.0484375 0.0484375
2 0.046875 0.6359375 0.0609375 0.06171875
2 0.034375 0.9515625 0.0359375 0.0375