3 0.4953125 0.9171875 0.09765625 0.0984375
1 0.878125 0.14140625 0.109375 0.11015625
1 0.8765625 0.26640625 0.121875 0.1234375
1 0.784375 0.07890625 0.11015625 0.11015625
1 0.7765625 0.1890625 0.11015625 0.11015625
1 0.78671875 0.271875 0.0734375 0.0734375
1 0.6921875 0.13984375 0.09765625 0.0984375
1 0.68828125 0.25234375 0.11015625 0.11015625
1 0.58984375 0.08828125 0.109375 0.11015625
1 0.596875 0.20390625 0.109375 0.11015625
1 0.50390625 0.13984375 0.109375 0.11015625
1 0.41328125 0.090625 0.11015625 0.11015625
1 0.4078125 0.20078125 0.11015625 0.11015625
1 0.2171875 0.0796875 0.09765625 0.09765625
1 0.21484375 0.18671875 0.09765625 0.09765625
1 0.2 0.30625 0.09765625 0.09765625
1 0.309375 0.1359375 0.11015625 0.11015625
1 0.309375 0.25625 0.109375 0.1109375
1 0.40703125 0.30625 0.11015625 0.11015625
1 0.4984375 0.25078125 0.11015625 0.11015625
1 0.6 0.3140625 0.109375 0.11015625
1 0.1234375 0.24296875 0.121875 0.1234375
1 0.12578125 0.1359375 0.121875 0.1234375
1 0.878125 0.36875 0.109375 0.1109375
1 0.88046875 0.47734375 0.11015625 0.1109375
1 0.78671875 0.4015625 0.11015625 0.1109375
1 0.78359375 0.5328125 0.11015625 0.11015625
1 0.8734375 0.5875 0.11015625 0.1109375
1 0.5921875 0.428125 0.109375 0.11015625
1 0.6859375 0.4875 0.109375 0.11015625
1 0.69453125 0.3578125 0.109375 0.1109375
1 0.6890625 0.5875 0.109375 0.11015625
1 0.60078125 0.5375 0.11015625 0.11015625
1 0.496875 0.5828125 0.11015625 0.11015625
1 0.4984375 0.47109375 0.09765625 0.0984375
1 0.50234375 0.3625 0.11015625 0.11015625
1 0.40078125 0.40703125 0.11015625 0.11015625
1 0.409375 0.51328125 0.109375 0.11015625
1 0.30703125 0.478125 0.121875 0.1234375
1 0.3171875 0.365625 0.109375 0.11015625
1 0.3171875 0.5859375 0.121875 0.1234375
1 0.21171875 0.5375 0.09765625 0.0984375
1 0.21484375 0.41875 0.109375 0.11015625
1 0.12578125 0.47890625 0.09765625 0.0984375
1 0.12734375 0.35625 0.121875 0.1234375
1 0.1296875 0.58203125 0.11015625 0.1109375
1 0.87265625 0.7078125 0.121875 0.1234375
1 0.87421875 0.8140625 0.109375 0.11015625
1 0.8734375 0.92265625 0.109375 0.11015625
1 0.78359375 0.8671875 0.0734375 0.07421875
1 0.78828125 0.7640625 0.121875 0.1234375
1 0.784375 0.63984375 0.109375 0.11015625
1 0.1171875 0.70078125 0.109375 0.11015625
1 0.1171875 0.81015625 0.109375 0.11015625
1 0.11953125 0.91875 0.11015625 0.11015625
1 0.21171875 0.8578125 0.109375 0.11015625
1 0.21875 0.7453125 0.109375 0.11015625
1 0.20546875 0.6359375 0.11015625 0.11015625
1 0.30234375 0.69140625 0.121875 0.1234375
1 0.31171875 0.79375 0.11015625 0.11015625
1 0.3140625 0.91484375 0.109375 0.11015625
1 0.40078125 0.86015625 0.11015625 0.11015625
1 0.3953125 0.7640625 0.11015625 0.11015625
1 0.4 0.63671875 0.109375 0.1109375
1 0.4984375 0.6953125 0.109375 0.1109375
1 0.5 0.80390625 0.109375 0.11015625
1 0.590625 0.86796875 0.109375 0.1109375
1 0.5875 0.7484375 0.09765625 0.09765625
1 0.5921875 0.6359375 0.11015625 0.1109375
1 0.68828125 0.69375 0.11015625 0.11015625
1 0.684375 0.8046875 0.09765625 0.09765625
1 0.68515625 0.91875 0.11015625 0.1109375