1 0.34765625 0.07265625 0.109375 0.11015625
1 0.25546875 0.13984375 0.11015625 0.1109375
1 0.16328125 0.09453125 0.11015625 0.1109375
1 0.159375 0.2046875 0.11015625 0.1109375
1 0.0625 0.13203125 0.109375 0.1109375
1 0.459375 0.1265625 0.121875 0.1234375
1 0.35078125 0.20234375 0.121875 0.121875
1 0.55 0.0671875 0.11015625 0.11015625
1 0.55625 0.1953125 0.121875 0.1234375
1 0.06328125 0.24296875 0.109375 0.11015625
1 0.0640625 0.35546875 0.109375 0.1109375
1 0.06328125 0.46171875 0.11015625 0.1109375
1 0.05703125 0.690625 0.11015625 0.11015625
1 0.16328125 0.29609375 0.109375 0.11015625
1 0.1625 0.41328125 0.109375 0.11015625
1 0.1578125 0.51484375 0.109375 0.1109375
1 0.15625 0.634375 0.109375 0.1109375
1 0.159375 0.74140625 0.121875 0.1234375
1 0.26015625 0.25703125 0.11015625 0.11015625
1 0.2546875 0.3546875 0.09765625 0.0984375
1 0.253125 0.459375 0.09765625 0.0984375
3 0.25078125 0.58671875 0.109375 0.1109375
1 0.25859375 0.6828125 0.09765625 0.09765625
1 0.3515625 0.3078125 0.09765625 0.0984375
1 0.346875 0.41328125 0.11015625 0.11015625
1 0.35234375 0.52578125 0.09765625 0.0984375
1 0.346875 0.6375 0.09765625 0.09765625
1 0.3484375 0.75 0.109375 0.1109375
1 0.4546875 0.23984375 0.09765625 0.0984375
1 0.45 0.36171875 0.09765625 0.0984375
1 0.446875 0.45546875 0.109375 0.11015625
1 0.4421875 0.56953125 0.121875 0.1234375
1 0.43828125 0.68359375 0.121875 0.1234375
1 0.55234375 0.62578125 0.121875 0.1234375
1 0.553125 0.490625 0.109375 0.11015625
1 0.56015625 0.3921875 0.121875 0.121875
1 0.55390625 0.28984375 0.09765625 0.0984375
1 0.55234375 0.734375 0.121875 0.1234375
1 0.44140625 0.80546875 0.09765625 0.09765625
1 0.44921875 0.9109375 0.09765625 0.09765625
1 0.35078125 0.8546875 0.09765625 0.09765625
1 0.25 0.80078125 0.09765625 0.09765625
1 0.2515625 0.9203125 0.09765625 0.0984375
1 0.1546875 0.853125 0.11015625 0.11015625
1 0.06171875 0.79921875 0.09765625 0.0984375
1 0.0546875 0.89375 0.09765625 0.0984375
1 0.646875 0.125 0.121875 0.1234375
1 0.73984375 0.0640625 0.121875 0.1234375
1 0.74140625 0.18359375 0.121875 0.1234375
1 0.83671875 0.128125 0.121875 0.1234375
1 0.9265625 0.06953125 0.121875 0.1234375
1 0.925 0.2078125 0.09765625 0.0984375
1 0.83515625 0.24296875 0.121875 0.1234375
1 0.7390625 0.29609375 0.109375 0.1109375
1 0.63984375 0.2484375 0.11015625 0.1109375
1 0.6453125 0.3484375 0.11015625 0.11015625
1 0.65 0.46015625 0.121875 0.1234375
1 0.6359375 0.58046875 0.11015625 0.11015625
1 0.6453125 0.68671875 0.121875 0.121875
1 0.73359375 0.62578125 0.11015625 0.11015625
1 0.73515625 0.51640625 0.11015625 0.11015625
1 0.734375 0.409375 0.109375 0.1109375
1 0.81953125 0.3546875 0.11015625 0.1109375
1 0.8328125 0.465625 0.121875 0.1234375
1 0.821875 0.56953125 0.121875 0.1234375
1 0.8296875 0.6953125 0.121875 0.1234375
1 0.9203125 0.6328125 0.121875 0.1234375
1 0.9203125 0.5171875 0.121875 0.1234375
1 0.92734375 0.4046875 0.121875 0.1234375
1 0.92734375 0.321875 0.121875 0.1234375
1 0.54921875 0.840625 0.121875 0.1234375
1 0.6375 0.909375 0.09765625 0.0984375
1 0.63828125 0.80625 0.121875 0.1234375
1 0.73359375 0.73515625 0.096875 0.09765625
1 0.725 0.8453125 0.09765625 0.09765625
1 0.82109375 0.9125 0.11015625 0.1109375
1 0.82578125 0.796875 0.121875 0.1234375
1 0.92265625 0.74296875 0.109375 0.11015625
1 0.93125 0.83671875 0.121875 0.1234375