2 0.421875 0.20234375 0.0484375 0.0484375
2 0.0375 0.9171875 0.06171875 0.0609375
2 0.409375 0.9484375 0.0609375 0.06171875
2 0.1328125 0.93671875 0.0484375 0.0484375
2 0.5171875 0.865625 0.0609375 0.06171875
2 0.2328125 0.8703125 0.0484375 0.0484375
2 0.59453125 0.9171875 0.06171875 0.06171875
2 0.240625 0.9609375 0.0484375 0.0484375
2 0.70625 0.89375 0.06171875 0.06171875
2 0.32109375 0.925 0.0484375 0.0484375
2 0.12890625 0.81171875 0.0484375 0.0484375
2 0.7984375 0.88671875 0.0484375 0.0484375
2 0.41875 0.76640625 0.0609375 0.06171875
2 0.32578125 0.3703125 0.06171875 0.06171875
2 0.3234375 0.715625 0.06171875 0.06171875
2 0.32734375 0.81328125 0.06171875 0.06171875
2 0.4203125 0.3078125 0.06171875 0.06171875
2 0.61015625 0.721875 0.0484375 0.0484375
2 0.53046875 0.74609375 0.0484375 0.0484375
2 0.42109375 0.40703125 0.0484375 0.05
2 0.4203125 0.50703125 0.0484375 0.05
2 0.0484375 0.7921875 0.0484375 0.0484375
2 0.71484375 0.7171875 0.0484375 0.0484375
2 0.61640625 0.5890625 0.0484375 0.0484375
2 0.7109375 0.8 0.0484375 0.0484375
2 0.7953125 0.7984375 0.0484375 0.0484375
1 0.23984375 0.6921875 0.06171875 0.06171875
1 0.24140625 0.77890625 0.0609375 0.06171875
2 0.7171875 0.6203125 0.0375 0.0375
2 0.6078125 0.8234375 0.0484375 0.0484375
2 0.5328125 0.63125 0.0375 0.0375
1 0.41484375 0.8640625 0.0609375 0.06171875
2 0.1328125 0.60703125 0.0484375 0.05
2 0.1328125 0.70625 0.0484375 0.0484375
2 0.03984375 0.59765625 0.0375 0.0375
2 0.04765625 0.70234375 0.0484375 0.0484375
2 0.9109375 0.22265625 0.0484375 0.0484375
2 0.909375 0.32890625 0.0484375 0.0484375
2 0.90234375 0.42578125 0.0375 0.0375
2 0.903125 0.51484375 0.0375 0.0375
2 0.53203125 0.26484375 0.0484375 0.0484375
2 0.53046875 0.35234375 0.0484375 0.0484375
2 0.534375 0.45625 0.0359375 0.0359375
2 0.528125 0.53828125 0.0484375 0.05
2 0.6234375 0.47578125 0.0375 0.0375
2 0.68515625 0.43828125 0.0359375 0.0375
2 0.6328125 0.365625 0.0375 0.0375
2 0.6390625 0.24296875 0.0375 0.0375
2 0.915625 0.0890625 0.02421875 0.02421875
2 0.84453125 0.03046875 0.0375 0.0375
2 0.846875 0.1328125 0.0484375 0.0484375
2 0.84453125 0.2625 0.0359375 0.0375
1 0.5234375 0.15234375 0.0484375 0.0484375
2 0.1390625 0.04609375 0.0375 0.0359375
2 0.14765625 0.159375 0.0375 0.0359375
2 0.14453125 0.24140625 0.0375 0.0359375
2 0.1421875 0.33125 0.0375 0.0375
2 0.13671875 0.409375 0.0375 0.0375
2 0.2375 0.36171875 0.0484375 0.05
2 0.24921875 0.2453125 0.0484375 0.05
2 0.25390625 0.146875 0.0375 0.0359375
2 0.2578125 0.065625 0.0375 0.0375
2 0.35625 0.07421875 0.0359375 0.0375
2 0.34609375 0.16796875 0.0359375 0.0375
2 0.3375 0.26875 0.0359375 0.0359375
2 0.421875 0.10625 0.0375 0.0375
2 0.421875 0.021875 0.0375 0.0375
2 0.0515625 0.38671875 0.0359375 0.0375
2 0.32734375 0.47734375 0.0359375 0.0375
2 0.234375 0.471875 0.0375 0.0375
2 0.13359375 0.503125 0.0359375 0.0375
2 0.04375 0.50078125 0.0359375 0.0375
2 0.8484375 0.378125 0.0484375 0.0484375