2 0.78203125 0.49609375 0.0734375 0.07421875
2 0.71484375 0.77421875 0.0484375 0.0484375
2 0.7109375 0.88203125 0.0484375 0.0484375
2 0.71015625 0.65859375 0.06171875 0.06171875
2 0.896875 0.7578125 0.0484375 0.0484375
2 0.78515625 0.8234375 0.0375 0.0375
2 0.8953125 0.6640625 0.0484375 0.0484375
2 0.7859375 0.709375 0.0734375 0.07421875
2 0.7765625 0.93671875 0.0484375 0.0484375
2 0.7859375 0.6078125 0.0734375 0.07421875
2 0.3140625 0.0875 0.0859375 0.0859375
2 0.509375 0.1171875 0.0734375 0.07421875
2 0.1859375 0.46953125 0.0484375 0.05
2 0.5078125 0.75546875 0.0484375 0.05
2 0.5984375 0.70390625 0.06171875 0.06171875
2 0.396875 0.7984375 0.0609375 0.06171875
2 0.5015625 0.95390625 0.0484375 0.0484375
2 0.5953125 0.93671875 0.0609375 0.06171875
2 0.5046875 0.85390625 0.0484375 0.05
2 0.4 0.71796875 0.0609375 0.06171875
2 0.5046875 0.65703125 0.0375 0.0375
2 0.59375 0.81875 0.0484375 0.05
2 0.4 0.59609375 0.0484375 0.05
2 0.60703125 0.6015625 0.0359375 0.0375
2 0.90703125 0.38515625 0.06171875 0.06171875
2 0.790625 0.39140625 0.0484375 0.0484375
2 0.89453125 0.1921875 0.0484375 0.05
2 0.79609375 0.06171875 0.06171875 0.06171875
2 0.8921875 0.0765625 0.0484375 0.05
2 0.71796875 0.0921875 0.0484375 0.05
2 0.51328125 0.2125 0.02421875 0.025
2 0.6140625 0.15703125 0.0484375 0.0484375
2 0.60859375 0.03984375 0.0484375 0.05
2 0.7921875 0.16328125 0.0484375 0.05
2 0.89765625 0.553125 0.0484375 0.0484375
2 0.90234375 0.46015625 0.0484375 0.0484375
2 0.89921875 0.2921875 0.0484375 0.05
2 0.7875 0.27734375 0.0484375 0.0484375
2 0.71328125 0.32109375 0.02421875 0.02421875
2 0.71796875 0.44609375 0.02421875 0.02421875
2 0.7203125 0.5609375 0.02421875 0.025
2 0.60390625 0.4875 0.02421875 0.02421875
2 0.60390625 0.24921875 0.02421875 0.02421875
2 0.896875 0.84453125 0.02421875 0.02421875
2 0.0953125 0.5734375 0.0484375 0.0484375
2 0.09765625 0.68671875 0.0609375 0.06171875
2 0.0875 0.8078125 0.0375 0.0375
2 0.1625 0.7046875 0.06171875 0.06171875
2 0.1546875 0.80390625 0.0484375 0.0484375
2 0.3015625 0.6390625 0.02421875 0.02421875
2 0.3015625 0.74609375 0.0359375 0.0375
2 0.4078125 0.16328125 0.0484375 0.0484375
2 0.4109375 0.27421875 0.0484375 0.0484375
2 0.30546875 0.5265625 0.0375 0.0359375
2 0.3109375 0.41015625 0.0484375 0.0484375
2 0.3109375 0.30546875 0.0484375 0.0484375
2 0.3171875 0.19453125 0.0484375 0.0484375
2 0.19921875 0.159375 0.0234375 0.02421875
2 0.19375 0.2625 0.0484375 0.0484375
2 0.1828125 0.37578125 0.0375 0.0359375
2 0.1140625 0.10625 0.0484375 0.0484375
2 0.1140625 0.221875 0.02421875 0.02421875
2 0.10703125 0.34921875 0.02421875 0.02421875
2 0.10078125 0.46328125 0.0484375 0.05
2 0.02109375 0.159375 0.0359375 0.0359375
2 0.02109375 0.28984375 0.02421875 0.02421875
2 0.01484375 0.39921875 0.02421875 0.02421875
2 0.41640625 0.05234375 0.02421875 0.02421875
2 0.025 0.0390625 0.0359375 0.0375
2 0.5125 0.434375 0.02421875 0.02421875
2 0.39609375 0.521875 0.0359375 0.0375