2 0.5453125 0.5 0.0734375 0.07421875
2 0.91484375 0.48125 0.0484375 0.05
2 0.82890625 0.49375 0.0609375 0.06171875
2 0.478125 0.778125 0.0484375 0.0484375
2 0.475 0.8859375 0.0484375 0.0484375
2 0.74375 0.94375 0.0609375 0.06171875
2 0.8296875 0.7015625 0.0609375 0.06171875
2 0.91484375 0.6046875 0.0609375 0.06171875
2 0.8328125 0.58828125 0.0609375 0.06171875
2 0.47421875 0.6625 0.06171875 0.06171875
2 0.66015625 0.76171875 0.0484375 0.0484375
2 0.5484375 0.82734375 0.0375 0.0375
2 0.659375 0.66796875 0.0484375 0.0484375
2 0.83671875 0.79609375 0.0484375 0.0484375
2 0.74921875 0.8328125 0.0609375 0.0609375
2 0.54921875 0.7125 0.0734375 0.07421875
2 0.75234375 0.75625 0.06171875 0.06171875
2 0.90546875 0.82734375 0.0484375 0.0484375
2 0.53984375 0.940625 0.0484375 0.0484375
2 0.54921875 0.6109375 0.0734375 0.07421875
2 0.078125 0.0921875 0.0859375 0.0859375
2 0.27265625 0.12109375 0.0734375 0.07421875
2 0.271875 0.759375 0.0484375 0.05
2 0.36171875 0.7078125 0.06171875 0.06171875
2 0.16015625 0.80234375 0.0609375 0.06171875
2 0.265625 0.9578125 0.0484375 0.0484375
2 0.359375 0.940625 0.0609375 0.06171875
2 0.26875 0.8578125 0.0484375 0.05
2 0.1640625 0.721875 0.0609375 0.06171875
2 0.26875 0.6609375 0.0375 0.0375
2 0.3578125 0.82265625 0.0484375 0.05
2 0.1640625 0.6 0.0484375 0.05
2 0.3703125 0.60546875 0.0359375 0.0375
2 0.6703125 0.3890625 0.06171875 0.06171875
2 0.825 0.26328125 0.06171875 0.06171875
2 0.75 0.06953125 0.0609375 0.06171875
2 0.5546875 0.3953125 0.0484375 0.0484375
2 0.6578125 0.19609375 0.0484375 0.05
2 0.8421875 0.16875 0.0609375 0.06171875
2 0.56015625 0.065625 0.06171875 0.06171875
2 0.65625 0.08046875 0.0484375 0.05
2 0.8421875 0.040625 0.0484375 0.0484375
2 0.48125 0.09609375 0.0484375 0.05
2 0.2765625 0.2171875 0.02421875 0.025
2 0.378125 0.1609375 0.0484375 0.0484375
2 0.371875 0.04375 0.0484375 0.05
2 0.55546875 0.1671875 0.0484375 0.05
2 0.74921875 0.1671875 0.0484375 0.05
2 0.9234375 0.24921875 0.0359375 0.0375
2 0.91875 0.37734375 0.0484375 0.05
2 0.8328125 0.37578125 0.0484375 0.05
2 0.9046875 0.709375 0.0375 0.0375
2 0.753125 0.353125 0.0484375 0.05
2 0.74765625 0.45625 0.06171875 0.06171875
2 0.75078125 0.5375 0.0484375 0.0484375
2 0.753125 0.61875 0.0484375 0.0484375
2 0.6609375 0.55625 0.0484375 0.0484375
2 0.665625 0.4640625 0.0484375 0.0484375
2 0.66328125 0.29609375 0.0484375 0.05
2 0.55078125 0.28125 0.0484375 0.0484375
2 0.47734375 0.325 0.02421875 0.02421875
2 0.48203125 0.45 0.02421875 0.02421875
2 0.48359375 0.5640625 0.02421875 0.025
2 0.36796875 0.49140625 0.02421875 0.02421875
2 0.36796875 0.253125 0.02421875 0.02421875
2 0.83203125 0.89765625 0.0484375 0.0484375
2 0.9078125 0.92890625 0.0375 0.0375
2 0.6609375 0.8484375 0.02421875 0.02421875
2 0.06484375 0.64296875 0.02421875 0.02421875
2 0.06484375 0.75 0.0359375 0.0375
2 0.171875 0.1671875 0.0484375 0.0484375
2 0.175 0.278125 0.0484375 0.0484375
2 0.06953125 0.53046875 0.0375 0.0359375
2 0.07421875 0.4140625 0.0484375 0.0484375
2 0.07421875 0.309375 0.0484375 0.0484375
2 0.08125 0.1984375 0.0484375 0.0484375
2 0.18046875 0.05625 0.02421875 0.02421875
2 0.27578125 0.43828125 0.02421875 0.02421875
2 0.159375 0.525 0.0359375 0.0375