2 0.2390625 0.42421875 0.06171875 0.06171875
2 0.146875 0.93515625 0.0609375 0.06171875
1 0.903125 0.07421875 0.121875 0.1234375
1 0.89921875 0.1796875 0.121875 0.1234375
1 0.90546875 0.29921875 0.109375 0.11015625
1 0.90703125 0.409375 0.121875 0.1234375
1 0.90390625 0.52734375 0.11015625 0.1109375
1 0.80390625 0.10859375 0.09765625 0.0984375
1 0.81171875 0.22421875 0.109375 0.11015625
1 0.7984375 0.34296875 0.121875 0.1234375
1 0.79296875 0.44453125 0.09765625 0.09765625
1 0.80078125 0.54296875 0.09765625 0.09765625
1 0.70625 0.609375 0.09765625 0.09765625
1 0.70703125 0.484375 0.09765625 0.09765625
1 0.70703125 0.38046875 0.09765625 0.0984375
1 0.71015625 0.27890625 0.11015625 0.11015625
1 0.71328125 0.165625 0.11015625 0.11015625
1 0.70703125 0.06171875 0.109375 0.11015625
1 0.6234375 0.103125 0.09765625 0.0984375
1 0.6140625 0.21171875 0.11015625 0.11015625
1 0.6125 0.325 0.109375 0.11015625
1 0.61640625 0.43671875 0.0859375 0.0859375
1 0.60859375 0.55625 0.09765625 0.0984375
1 0.5171875 0.60078125 0.109375 0.11015625
1 0.5109375 0.50078125 0.121875 0.1234375
1 0.525 0.3734375 0.0734375 0.0734375
1 0.5296875 0.271875 0.11015625 0.11015625
1 0.5328125 0.1484375 0.121875 0.1234375
1 0.4328125 0.090625 0.11015625 0.11015625
1 0.42265625 0.203125 0.11015625 0.1109375
1 0.4234375 0.32265625 0.109375 0.11015625
1 0.4265625 0.43125 0.11015625 0.11015625
1 0.4265625 0.53984375 0.11015625 0.1109375
1 0.33125 0.58671875 0.11015625 0.1109375
1 0.33203125 0.48515625 0.0859375 0.0859375
1 0.33515625 0.38359375 0.0734375 0.07421875
1 0.33828125 0.26640625 0.08515625 0.0859375
1 0.3375 0.14375 0.08515625 0.0859375
1 0.2484375 0.09453125 0.0859375 0.0859375
1 0.24296875 0.2078125 0.09765625 0.09765625
1 0.24140625 0.3203125 0.08515625 0.0859375
1 0.2390625 0.5421875 0.11015625 0.11015625
1 0.14296875 0.590625 0.11015625 0.11015625
1 0.1453125 0.47734375 0.109375 0.11015625
1 0.146875 0.36171875 0.11015625 0.11015625
1 0.15625 0.2453125 0.09765625 0.0984375
1 0.1640625 0.146875 0.109375 0.11015625
1 0.159375 0.06171875 0.109375 0.11015625
1 0.0609375 0.096875 0.11015625 0.11015625
1 0.0578125 0.2140625 0.11015625 0.11015625
1 0.0515625 0.31328125 0.0859375 0.0859375
1 0.065625 0.428125 0.109375 0.1109375
1 0.0625 0.521875 0.09765625 0.09765625
1 0.05234375 0.6546875 0.08515625 0.0859375
1 0.1375 0.70234375 0.109375 0.11015625
1 0.14140625 0.821875 0.121875 0.1234375
1 0.2390625 0.88125 0.09765625 0.09765625
1 0.23671875 0.75625 0.0734375 0.07421875
1 0.3375 0.70625 0.109375 0.11015625
1 0.33125 0.7921875 0.0734375 0.0734375
1 0.32890625 0.91484375 0.0734375 0.0734375
1 0.421875 0.653125 0.109375 0.1109375
1 0.428125 0.7625 0.121875 0.1234375
1 0.4125 0.86640625 0.11015625 0.11015625
1 0.50859375 0.9125 0.121875 0.1234375
1 0.50859375 0.815625 0.121875 0.121875
1 0.5140625 0.703125 0.121875 0.1234375
1 0.603125 0.64375 0.11015625 0.11015625
1 0.60078125 0.771875 0.09765625 0.0984375
1 0.6015625 0.88125 0.109375 0.11015625
1 0.696875 0.91328125 0.0734375 0.0734375
1 0.696875 0.825 0.0734375 0.07421875
1 0.70390625 0.7109375 0.09765625 0.09765625
1 0.79375 0.65234375 0.09765625 0.09765625
1 0.7953125 0.76953125 0.11015625 0.1109375
1 0.7890625 0.8765625 0.109375 0.11015625
1 0.90078125 0.9359375 0.0734375 0.0734375
1 0.90390625 0.82265625 0.0734375 0.0734375
1 0.903125 0.69140625 0.121875 0.1234375
1 0.90546875 0.61015625 0.09765625 0.0984375
1 0.23515625 0.646875 0.109375 0.1109375