2 0.0953125 0.82890625 0.0484375 0.0484375
2 0.090625 0.61640625 0.0484375 0.05
1 0.09296875 0.0640625 0.121875 0.1234375
1 0.1 0.1828125 0.109375 0.11015625
1 0.190625 0.23359375 0.11015625 0.11015625
1 0.18671875 0.11796875 0.11015625 0.1109375
1 0.28984375 0.0875 0.121875 0.1234375
1 0.29765625 0.17890625 0.11015625 0.1109375
1 0.37890625 0.12421875 0.109375 0.11015625
1 0.3875 0.2203125 0.121875 0.1234375
1 0.48359375 0.10859375 0.121875 0.1234375
1 0.4875 0.21015625 0.121875 0.1234375
1 0.5828125 0.11015625 0.11015625 0.11015625
1 0.67109375 0.0734375 0.109375 0.11015625
1 0.7796875 0.103125 0.109375 0.11015625
3 0.7609375 0.2375 0.121875 0.121875
1 0.859375 0.18828125 0.109375 0.11015625
1 0.8625 0.06796875 0.11015625 0.11015625
1 0.9421875 0.56796875 0.109375 0.11015625
1 0.85859375 0.28828125 0.09765625 0.0984375
1 0.8578125 0.39921875 0.109375 0.11015625
1 0.85859375 0.50625 0.109375 0.11015625
1 0.85625 0.61953125 0.109375 0.11015625
3 0.76640625 0.3375 0.09765625 0.0984375
1 0.76875 0.44609375 0.11015625 0.11015625
1 0.76640625 0.56953125 0.11015625 0.11015625
1 0.76015625 0.68046875 0.11015625 0.11015625
1 0.67890625 0.3 0.09765625 0.0984375
1 0.6671875 0.39609375 0.09765625 0.0984375
1 0.66328125 0.5140625 0.09765625 0.0984375
1 0.57265625 0.36015625 0.121875 0.1234375
1 0.57109375 0.44765625 0.09765625 0.0984375
1 0.56953125 0.559375 0.09765625 0.09765625
1 0.5671875 0.665625 0.09765625 0.09765625
1 0.553125 0.7859375 0.09765625 0.09765625
1 0.66171875 0.615625 0.11015625 0.11015625
1 0.6625 0.73515625 0.109375 0.1109375
1 0.759375 0.7859375 0.11015625 0.11015625
1 0.85078125 0.7296875 0.11015625 0.11015625
1 0.46953125 0.4125 0.121875 0.1234375
1 0.384375 0.44453125 0.11015625 0.1109375
1 0.290625 0.4953125 0.121875 0.1234375
1 0.1875 0.56015625 0.109375 0.11015625
1 0.28125 0.603125 0.09765625 0.0984375
1 0.378125 0.553125 0.09765625 0.09765625
1 0.19609375 0.66328125 0.109375 0.11015625
1 0.19296875 0.78203125 0.08515625 0.0859375
1 0.2875 0.728125 0.09765625 0.0984375
1 0.37421875 0.665625 0.11015625 0.11015625
1 0.3734375 0.7796875 0.11015625 0.11015625
1 0.47578125 0.72265625 0.121875 0.1234375
1 0.478125 0.615625 0.121875 0.1234375
2 0.090625 0.4921875 0.0484375 0.0484375
1 0.94453125 0.9078125 0.109375 0.11015625
1 0.8546875 0.8421875 0.11015625 0.11015625
1 0.753125 0.8859375 0.11015625 0.11015625
1 0.6703125 0.8453125 0.109375 0.11015625
1 0.5671875 0.89765625 0.109375 0.11015625
1 0.37578125 0.88671875 0.121875 0.1234375
1 0.4796875 0.8359375 0.121875 0.1234375
1 0.28515625 0.834375 0.109375 0.1109375
1 0.19453125 0.88984375 0.09765625 0.09765625
2 0.09375 0.2875 0.0484375 0.0484375
2 0.08984375 0.3953125 0.0484375 0.0484375
2 0.090625 0.71953125 0.02421875 0.02421875
2 0.08515625 0.9453125 0.0484375 0.0484375