2 0.0578125 0.5390625 0.0734375 0.07421875
2 0.428125 0.5203125 0.0484375 0.05
2 0.3421875 0.5328125 0.0609375 0.06171875
2 0.70078125 0.778125 0.06171875 0.06171875
2 0.70625 0.55703125 0.0484375 0.05
2 0.7015625 0.9015625 0.0609375 0.06171875
1 0.61484375 0.9421875 0.0359375 0.0375
2 0.34296875 0.740625 0.0609375 0.06171875
2 0.428125 0.64375 0.0609375 0.06171875
2 0.3453125 0.62734375 0.0609375 0.06171875
2 0.17265625 0.80078125 0.0484375 0.0484375
2 0.06171875 0.86640625 0.0375 0.0375
2 0.171875 0.70703125 0.0484375 0.0484375
2 0.35 0.83515625 0.0484375 0.0484375
2 0.26171875 0.871875 0.0609375 0.0609375
2 0.51640625 0.58671875 0.06171875 0.06171875
2 0.06171875 0.7515625 0.0734375 0.07421875
2 0.26484375 0.7953125 0.06171875 0.06171875
2 0.41796875 0.86640625 0.0484375 0.0484375
2 0.06171875 0.65 0.0734375 0.07421875
2 0.709375 0.115625 0.06171875 0.06171875
2 0.7125 0.2296875 0.06171875 0.06171875
2 0.70625 0.44453125 0.0609375 0.06171875
2 0.71015625 0.33046875 0.0609375 0.06171875
2 0.78515625 0.41015625 0.0484375 0.0484375
2 0.79375 0.07109375 0.04765625 0.05
2 0.89296875 0.12421875 0.0734375 0.07421875
2 0.790625 0.29921875 0.0734375 0.0734375
2 0.89921875 0.34453125 0.06171875 0.06171875
2 0.78203125 0.86015625 0.0609375 0.06171875
2 0.88984375 0.80546875 0.0609375 0.06171875
2 0.8875 0.92265625 0.0609375 0.06171875
2 0.78125 0.62578125 0.0484375 0.05
2 0.1828125 0.428125 0.06171875 0.06171875
2 0.3375 0.30234375 0.06171875 0.06171875
2 0.2625 0.10859375 0.0609375 0.06171875
2 0.0671875 0.434375 0.0484375 0.0484375
2 0.17109375 0.23515625 0.0484375 0.05
2 0.3546875 0.2078125 0.0609375 0.06171875
2 0.52265625 0.46640625 0.06171875 0.06171875
2 0.07265625 0.1046875 0.06171875 0.06171875
2 0.16875 0.11953125 0.0484375 0.05
2 0.62578125 0.0828125 0.06171875 0.06171875
2 0.621875 0.175 0.0484375 0.0484375
1 0.79375 0.178125 0.08515625 0.0859375
2 0.8921875 0.46015625 0.0375 0.0375
2 0.89609375 0.21171875 0.02421875 0.02421875
2 0.89453125 0.57890625 0.0375 0.0375
2 0.89375 0.69609375 0.0375 0.0375
2 0.78203125 0.76484375 0.0484375 0.0484375
2 0.7046875 0.68046875 0.0359375 0.0375
2 0.7859375 0.521875 0.0484375 0.0484375
2 0.5296875 0.03515625 0.0375 0.0375
2 0.53125 0.13984375 0.0375 0.0375
2 0.52734375 0.2375 0.0375 0.0375
2 0.3546875 0.0796875 0.0484375 0.0484375
2 0.1625 0.040625 0.0484375 0.0484375
2 0.06875 0.20625 0.0484375 0.05
2 0.26171875 0.20625 0.0484375 0.05
2 0.4359375 0.28828125 0.0359375 0.0375
2 0.43125 0.41640625 0.0484375 0.05
2 0.5171875 0.6859375 0.0359375 0.0359375
2 0.61640625 0.5015625 0.0375 0.0375
2 0.3453125 0.41484375 0.0484375 0.05
2 0.4171875 0.7484375 0.0375 0.0375
2 0.265625 0.3921875 0.0484375 0.05
2 0.26015625 0.4953125 0.06171875 0.06171875
2 0.2640625 0.5765625 0.0484375 0.0484375
2 0.265625 0.6578125 0.0484375 0.0484375
2 0.1734375 0.5953125 0.0484375 0.0484375
2 0.17890625 0.503125 0.0484375 0.0484375
2 0.17578125 0.33515625 0.0484375 0.05
2 0.06328125 0.3203125 0.0484375 0.0484375
2 0.61015625 0.8328125 0.0359375 0.0359375
2 0.5125 0.9265625 0.0375 0.0375
2 0.34453125 0.93671875 0.0484375 0.0484375
2 0.42109375 0.96796875 0.0375 0.0375
2 0.1734375 0.8875 0.02421875 0.02421875