2 0.33125 0.95703125 0.0484375 0.0484375
2 0.2375 0.9140625 0.0734375 0.07421875
2 0.05546875 0.6765625 0.06171875 0.06171875
2 0.06484375 0.58046875 0.06171875 0.06171875
2 0.240625 0.71953125 0.0609375 0.06171875
2 0.24140625 0.8125 0.0484375 0.0484375
2 0.9046875 0.8578125 0.0484375 0.05
2 0.3328125 0.7546875 0.0484375 0.0484375
2 0.43046875 0.803125 0.06171875 0.06171875
2 0.73359375 0.64296875 0.0609375 0.06171875
2 0.33125 0.85703125 0.06171875 0.06171875
2 0.34140625 0.6515625 0.06171875 0.06171875
2 0.5296875 0.7484375 0.0484375 0.05
2 0.73125 0.8703125 0.0484375 0.05
2 0.6265625 0.7 0.0734375 0.0734375
2 0.8140625 0.8078125 0.06171875 0.06171875
2 0.5296875 0.634375 0.0609375 0.06171875
2 0.4296875 0.69609375 0.0609375 0.06171875
2 0.8203125 0.58984375 0.0484375 0.0484375
2 0.62578125 0.915625 0.0484375 0.0484375
1 0.246875 0.0546875 0.0734375 0.07421875
1 0.3421875 0.09296875 0.109375 0.11015625
1 0.34140625 0.1921875 0.08515625 0.0859375
1 0.32734375 0.3046875 0.121875 0.1234375
1 0.3359375 0.428125 0.09765625 0.0984375
1 0.434375 0.14765625 0.109375 0.11015625
1 0.43671875 0.26015625 0.09765625 0.0984375
1 0.43671875 0.37578125 0.109375 0.11015625
1 0.43046875 0.47734375 0.11015625 0.11015625
1 0.53203125 0.09140625 0.11015625 0.11015625
1 0.53203125 0.2015625 0.11015625 0.11015625
1 0.534375 0.31875 0.121875 0.121875
1 0.53203125 0.428125 0.09765625 0.0984375
1 0.62734375 0.14140625 0.11015625 0.11015625
1 0.6203125 0.26015625 0.09765625 0.0984375
1 0.621875 0.37421875 0.09765625 0.0984375
1 0.6203125 0.48515625 0.09765625 0.0984375
1 0.71875 0.09375 0.109375 0.1109375
1 0.7203125 0.20390625 0.109375 0.11015625
1 0.728125 0.31875 0.121875 0.1234375
1 0.7390625 0.42421875 0.11015625 0.11015625
1 0.8265625 0.13203125 0.121875 0.1234375
1 0.821875 0.2640625 0.121875 0.1234375
1 0.821875 0.37578125 0.121875 0.1234375
1 0.9203125 0.07734375 0.121875 0.1234375
1 0.91640625 0.1953125 0.121875 0.1234375
1 0.90703125 0.30546875 0.121875 0.1234375
1 0.91328125 0.42421875 0.109375 0.11015625
2 0.9046875 0.73359375 0.0484375 0.0484375
1 0.52734375 0.56015625 0.09765625 0.0984375
1 0.4359375 0.5859375 0.08515625 0.0859375
2 0.90703125 0.528125 0.0484375 0.0484375
2 0.903125 0.63671875 0.0484375 0.0484375
2 0.821875 0.696875 0.0484375 0.05
2 0.74140625 0.73671875 0.02421875 0.02421875
2 0.72734375 0.54296875 0.0484375 0.0484375
2 0.828125 0.47578125 0.0484375 0.0484375
1 0.62578125 0.5890625 0.0375 0.0359375
2 0.628125 0.80859375 0.0375 0.0375
2 0.8171875 0.91875 0.0484375 0.0484375
2 0.340625 0.52890625 0.0375 0.0359375
2 0.90390625 0.96015625 0.02421875 0.02421875
2 0.73125 0.97421875 0.02421875 0.02421875
2 0.534375 0.9671875 0.02421875 0.02421875
2 0.534375 0.85390625 0.02421875 0.02421875
2 0.43203125 0.90703125 0.02421875 0.02421875
2 0.2390625 0.509375 0.0359375 0.0375
2 0.26328125 0.65 0.02421875 0.02421875
2 0.15546875 0.63125 0.0375 0.0375
2 0.159375 0.53515625 0.0375 0.0375
2 0.16015625 0.41875 0.0375 0.0375
2 0.05546875 0.79765625 0.0359375 0.0359375
2 0.1625 0.75390625 0.0375 0.0375
1 0.1609375 0.86484375 0.0484375 0.05
2 0.059375 0.9046875 0.0359375 0.0359375