2 0.5640625 0.91328125 0.06171875 0.06171875
2 0.5734375 0.81796875 0.06171875 0.06171875
2 0.74921875 0.95625 0.0609375 0.06171875
2 0.85 0.8890625 0.06171875 0.06171875
2 0.93828125 0.9328125 0.0609375 0.06171875
1 0.85546875 0.11171875 0.09765625 0.0984375
1 0.76171875 0.17265625 0.09765625 0.09765625
2 0.68203125 0.1203125 0.0359375 0.0375
1 0.7625 0.05546875 0.0859375 0.0859375
1 0.490625 0.11015625 0.121875 0.1234375
1 0.48984375 0.20390625 0.121875 0.1234375
1 0.39375 0.16875 0.11015625 0.11015625
1 0.3078125 0.11015625 0.11015625 0.11015625
1 0.296875 0.20234375 0.09765625 0.0984375
3 0.2078125 0.1578125 0.121875 0.121875
1 0.20078125 0.06328125 0.121875 0.1234375
1 0.11171875 0.10078125 0.121875 0.121875
1 0.1109375 0.20234375 0.09765625 0.0984375
1 0.84296875 0.2296875 0.121875 0.1234375
1 0.75546875 0.2921875 0.0734375 0.07421875
1 0.85078125 0.33046875 0.109375 0.11015625
1 0.39296875 0.29375 0.121875 0.1234375
1 0.30234375 0.32890625 0.121875 0.1234375
1 0.48515625 0.33125 0.121875 0.1234375
1 0.11171875 0.32109375 0.121875 0.1234375
1 0.11484375 0.43671875 0.121875 0.1234375
1 0.1109375 0.54609375 0.121875 0.121875
1 0.1109375 0.65703125 0.121875 0.1234375
1 0.11015625 0.7703125 0.121875 0.1234375
1 0.20390625 0.7375 0.121875 0.121875
1 0.215625 0.61953125 0.09765625 0.0984375
1 0.20546875 0.51640625 0.121875 0.1234375
1 0.2125 0.3875 0.121875 0.1234375
1 0.2171875 0.2625 0.121875 0.1234375
1 0.29921875 0.44921875 0.121875 0.1234375
1 0.29375 0.55 0.121875 0.1234375
1 0.3015625 0.66875 0.121875 0.1234375
1 0.3859375 0.71875 0.121875 0.1234375
1 0.39375 0.6078125 0.121875 0.1234375
1 0.3890625 0.4890625 0.121875 0.1234375
1 0.3921875 0.38671875 0.09765625 0.09765625
1 0.4890625 0.42890625 0.121875 0.1234375
1 0.48515625 0.5703125 0.121875 0.1234375
1 0.48359375 0.6703125 0.09765625 0.0984375
1 0.4953125 0.78515625 0.121875 0.1234375
1 0.2921875 0.75859375 0.08515625 0.08671875
1 0.85 0.4296875 0.08515625 0.0859375
1 0.83671875 0.5421875 0.121875 0.1234375
1 0.84453125 0.665625 0.09765625 0.0984375
1 0.94375 0.38515625 0.109375 0.11015625
1 0.9453125 0.49765625 0.09765625 0.0984375
1 0.9390625 0.7140625 0.11015625 0.11015625
1 0.94453125 0.8234375 0.08515625 0.0859375
1 0.48828125 0.88359375 0.109375 0.11015625
1 0.39453125 0.81953125 0.109375 0.11015625
1 0.39375 0.92265625 0.11015625 0.11015625
1 0.2953125 0.8796875 0.09765625 0.0984375
1 0.19609375 0.878125 0.09765625 0.0984375
1 0.10859375 0.88125 0.09765625 0.0984375
2 0.85 0.76640625 0.0375 0.0359375
2 0.74765625 0.746875 0.0359375 0.0375
2 0.771875 0.8875 0.02421875 0.02421875
2 0.6640625 0.86796875 0.0375 0.0375
2 0.66796875 0.77265625 0.0375 0.0375
2 0.66875 0.65625 0.0375 0.0375