2 0.0359375 0.2390625 0.0484375 0.05
2 0.0484375 0.115625 0.0734375 0.0734375
2 0.81484375 0.13515625 0.06171875 0.06171875
2 0.609375 0.25078125 0.0609375 0.06171875
2 0.42890625 0.24609375 0.0734375 0.07421875
2 0.52578125 0.0921875 0.06171875 0.06171875
2 0.1203125 0.1921875 0.06171875 0.06171875
2 0.334375 0.1671875 0.0734375 0.07421875
2 0.5046875 0.29765625 0.0484375 0.0484375
2 0.60859375 0.153125 0.0609375 0.06171875
2 0.23046875 0.2328125 0.0484375 0.0484375
2 0.3328125 0.2953125 0.0734375 0.0734375
2 0.23515625 0.1234375 0.0609375 0.06171875
2 0.51484375 0.196875 0.06171875 0.0609375
2 0.3359375 0.0671875 0.0609375 0.06171875
2 0.4328125 0.1234375 0.0734375 0.07421875
2 0.12578125 0.29609375 0.06171875 0.06171875
2 0.03515625 0.45703125 0.0484375 0.0484375
2 0.03984375 0.34921875 0.0484375 0.05
2 0.79140625 0.4828125 0.0734375 0.07421875
2 0.321875 0.79375 0.08515625 0.0859375
2 0.503125 0.5125 0.06171875 0.06171875
2 0.603125 0.45703125 0.0484375 0.0484375
2 0.40703125 0.94453125 0.08515625 0.0859375
2 0.334375 0.4046875 0.06171875 0.06171875
2 0.50234375 0.409375 0.06171875 0.06171875
2 0.22890625 0.35390625 0.06171875 0.06171875
2 0.7015625 0.425 0.0484375 0.0484375
2 0.9 0.20546875 0.06171875 0.06171875
2 0.9 0.3078125 0.06171875 0.06171875
2 0.89296875 0.534375 0.06171875 0.06171875
1 0.871875 0.89921875 0.0859375 0.0859375
1 0.88125 0.790625 0.08515625 0.0859375
1 0.7875 0.846875 0.09765625 0.0984375
1 0.11796875 0.784375 0.08515625 0.0859375
1 0.11875 0.87734375 0.121875 0.121875
1 0.21796875 0.9359375 0.08515625 0.08671875
1 0.21328125 0.809375 0.08515625 0.0859375
1 0.31953125 0.88359375 0.0859375 0.0859375
1 0.409375 0.8390625 0.08515625 0.0859375
1 0.49375 0.7828125 0.08515625 0.0859375
1 0.4859375 0.9 0.08515625 0.08671875
1 0.6953125 0.878125 0.09765625 0.09765625
1 0.68984375 0.7875 0.08515625 0.0859375
1 0.596875 0.846875 0.121875 0.1234375
1 0.596875 0.95 0.09765625 0.0984375
2 0.89296875 0.41953125 0.06171875 0.06171875
2 0.9125 0.09453125 0.0484375 0.05
2 0.7140625 0.084375 0.0375 0.0375
2 0.703125 0.1890625 0.0484375 0.0484375
2 0.70390625 0.31640625 0.0375 0.0375
2 0.60078125 0.36640625 0.0359375 0.0375
1 0.42109375 0.3453125 0.0734375 0.07421875
2 0.4203125 0.4671875 0.0375 0.0375
2 0.3328125 0.49453125 0.0484375 0.05
2 0.2296875 0.5359375 0.0484375 0.05
2 0.13125 0.078125 0.0359375 0.0375
2 0.13125 0.40546875 0.0484375 0.05
2 0.040625 0.5359375 0.0484375 0.0484375
2 0.61328125 0.025 0.0375 0.0375