2 0.4921875 0.87890625 0.0484375 0.0484375
2 0.49140625 0.78203125 0.06171875 0.06171875
2 0.490625 0.66875 0.0609375 0.06171875
2 0.875 0.69140625 0.0484375 0.0484375
2 0.58203125 0.615625 0.0484375 0.0484375
2 0.57109375 0.9390625 0.04765625 0.05
2 0.784375 0.73359375 0.0484375 0.0484375
2 0.790625 0.853125 0.06171875 0.06171875
2 0.8703125 0.9046875 0.0484375 0.0484375
2 0.578125 0.72734375 0.0609375 0.06171875
2 0.67578125 0.88046875 0.0609375 0.06171875
2 0.678125 0.7921875 0.06171875 0.0609375
2 0.68359375 0.6734375 0.0609375 0.06171875
2 0.40703125 0.8234375 0.06171875 0.06171875
2 0.315625 0.68828125 0.0375 0.0375
2 0.0453125 0.64375 0.0359375 0.0375
2 0.40546875 0.72421875 0.0484375 0.05
2 0.1265625 0.61796875 0.0375 0.0375
2 0.03828125 0.74921875 0.0484375 0.0484375
2 0.403125 0.95078125 0.06171875 0.06171875
2 0.4078125 0.628125 0.06171875 0.06171875
2 0.22734375 0.509375 0.0734375 0.0734375
2 0.4890625 0.571875 0.0734375 0.07421875
2 0.30625 0.334375 0.06171875 0.06171875
2 0.228125 0.41640625 0.0484375 0.05
2 0.315625 0.2390625 0.06171875 0.06171875
2 0.49140625 0.37734375 0.0609375 0.06171875
2 0.4921875 0.4703125 0.0484375 0.0484375
2 0.584375 0.41328125 0.0484375 0.0484375
2 0.68125 0.46171875 0.06171875 0.06171875
2 0.5828125 0.51484375 0.06171875 0.06171875
2 0.5921875 0.31015625 0.06171875 0.06171875
2 0.78046875 0.40703125 0.0484375 0.05
2 0.87734375 0.3578125 0.0734375 0.0734375
2 0.78046875 0.2921875 0.0609375 0.06171875
2 0.68046875 0.35390625 0.0609375 0.06171875
2 0.8765625 0.57421875 0.0484375 0.0484375
1 0.128125 0.13984375 0.121875 0.1234375
1 0.22578125 0.09140625 0.09765625 0.0984375
1 0.2375 0.20625 0.121875 0.1234375
1 0.58671875 0.08671875 0.09765625 0.0984375
1 0.68125 0.13515625 0.11015625 0.11015625
1 0.7828125 0.08671875 0.09765625 0.0984375
1 0.87109375 0.14296875 0.09765625 0.0984375
1 0.778125 0.21796875 0.09765625 0.0984375
1 0.68671875 0.24375 0.08515625 0.0859375
1 0.23046875 0.30390625 0.109375 0.11015625
1 0.13671875 0.240625 0.109375 0.11015625
1 0.1359375 0.34296875 0.11015625 0.11015625
1 0.13046875 0.51796875 0.121875 0.121875
1 0.8765625 0.24765625 0.0375 0.0359375
2 0.87890625 0.4671875 0.0375 0.0375
2 0.5921875 0.18671875 0.0375 0.0359375
2 0.98203125 0.63203125 0.02421875 0.02421875
2 0.8046875 0.9703125 0.0484375 0.05
2 0.7859375 0.62578125 0.02421875 0.02421875
2 0.7859375 0.5125 0.02421875 0.02421875
2 0.6828125 0.56484375 0.02421875 0.02421875
1 0.575 0.84375 0.0359375 0.0375
2 0.48984375 0.16796875 0.0359375 0.0375
2 0.5140625 0.3078125 0.02421875 0.02421875
2 0.40625 0.2890625 0.0375 0.0375
2 0.41015625 0.19375 0.0375 0.0375
2 0.4109375 0.07734375 0.0375 0.0375
2 0.30625 0.45546875 0.0359375 0.0359375
2 0.41328125 0.4125 0.0375 0.0375
1 0.4125 0.52265625 0.0484375 0.05
2 0.31015625 0.56328125 0.0359375 0.0359375
2 0.30859375 0.7875 0.0375 0.0375
2 0.30625 0.903125 0.0375 0.0375
2 0.2296875 0.728125 0.0484375 0.0484375
2 0.1203125 0.7390625 0.0359375 0.0375
2 0.13203125 0.865625 0.0359375 0.0375
2 0.13203125 0.9484375 0.0484375 0.0484375
2 0.22578125 0.84140625 0.0609375 0.06171875
2 0.0375 0.85859375 0.0375 0.0375