1 0.0984375 0.103125 0.11015625 0.11015625
1 0.29453125 0.08984375 0.121875 0.1234375
1 0.3953125 0.07890625 0.121875 0.1234375
3 0.66875 0.10703125 0.121875 0.121875
1 0.76640625 0.05703125 0.109375 0.11015625
1 0.8640625 0.1125 0.11015625 0.11015625
1 0.95 0.2703125 0.09765625 0.0984375
1 0.86015625 0.21328125 0.09765625 0.0984375
1 0.85390625 0.31875 0.11015625 0.11015625
1 0.85 0.43671875 0.109375 0.11015625
1 0.85625 0.55234375 0.109375 0.11015625
1 0.765625 0.1578125 0.09765625 0.0984375
1 0.76484375 0.26796875 0.109375 0.11015625
1 0.765625 0.37578125 0.109375 0.11015625
1 0.7640625 0.4890625 0.109375 0.11015625
3 0.6734375 0.20625 0.09765625 0.0984375
1 0.6765625 0.31484375 0.11015625 0.11015625
1 0.6734375 0.4390625 0.11015625 0.11015625
1 0.6671875 0.54921875 0.11015625 0.11015625
1 0.5859375 0.16953125 0.09765625 0.0984375
1 0.57421875 0.26484375 0.09765625 0.0984375
1 0.5703125 0.38359375 0.09765625 0.0984375
1 0.4796875 0.2296875 0.121875 0.1234375
1 0.478125 0.3171875 0.09765625 0.0984375
1 0.4765625 0.42890625 0.09765625 0.09765625
1 0.475 0.53515625 0.09765625 0.09765625
1 0.46015625 0.65546875 0.09765625 0.09765625
1 0.56875 0.48515625 0.11015625 0.11015625
1 0.56953125 0.6046875 0.109375 0.1109375
1 0.66640625 0.6546875 0.11015625 0.11015625
1 0.75859375 0.59921875 0.11015625 0.11015625
1 0.859375 0.6625 0.109375 0.11015625
1 0.3765625 0.28125 0.121875 0.1234375
1 0.29140625 0.31328125 0.11015625 0.1109375
1 0.19765625 0.3640625 0.121875 0.1234375
1 0.09453125 0.42890625 0.109375 0.11015625
1 0.18828125 0.471875 0.09765625 0.0984375
1 0.28515625 0.421875 0.09765625 0.09765625
1 0.103125 0.5328125 0.109375 0.11015625
1 0.1 0.6515625 0.08515625 0.0859375
1 0.19453125 0.596875 0.09765625 0.0984375
1 0.28203125 0.534375 0.11015625 0.11015625
1 0.28046875 0.64921875 0.11015625 0.11015625
1 0.38359375 0.5921875 0.121875 0.1234375
1 0.38515625 0.484375 0.121875 0.1234375
1 0.8515625 0.7765625 0.109375 0.11015625
1 0.8609375 0.8859375 0.11015625 0.11015625
1 0.75625 0.93125 0.11015625 0.11015625
1 0.7578125 0.81953125 0.09765625 0.0984375
1 0.7625 0.71171875 0.11015625 0.11015625
1 0.6609375 0.75546875 0.11015625 0.11015625
1 0.66875 0.86171875 0.109375 0.11015625
1 0.5671875 0.82734375 0.121875 0.1234375
1 0.57734375 0.7140625 0.109375 0.11015625
1 0.5765625 0.934375 0.121875 0.1234375
1 0.471875 0.8859375 0.09765625 0.0984375
1 0.475 0.7671875 0.109375 0.11015625
1 0.2828125 0.75625 0.121875 0.1234375
1 0.3859375 0.82734375 0.09765625 0.0984375
1 0.3875 0.7046875 0.121875 0.1234375
1 0.3890625 0.93046875 0.11015625 0.1109375
1 0.2828125 0.87578125 0.109375 0.1109375
1 0.19375 0.93046875 0.109375 0.1109375
1 0.1890625 0.8171875 0.109375 0.1109375
1 0.1921875 0.703125 0.109375 0.1109375
1 0.1015625 0.75859375 0.09765625 0.09765625
1 0.08984375 0.88203125 0.09765625 0.09765625