2 0.2765625 0.80625 0.0734375 0.07421875
2 0.09765625 0.9140625 0.0484375 0.0484375
1 0.94375 0.53203125 0.0734375 0.07421875
1 0.8515625 0.59296875 0.09765625 0.09765625
1 0.8484375 0.721875 0.121875 0.1234375
1 0.8484375 0.81796875 0.109375 0.11015625
1 0.84765625 0.93046875 0.109375 0.11015625
1 0.75703125 0.8640625 0.11015625 0.11015625
1 0.7578125 0.75078125 0.109375 0.11015625
1 0.75390625 0.63984375 0.109375 0.11015625
1 0.75703125 0.53515625 0.09765625 0.09765625
1 0.65859375 0.59140625 0.11015625 0.11015625
1 0.66484375 0.7015625 0.09765625 0.0984375
1 0.65625 0.82265625 0.09765625 0.0984375
1 0.6578125 0.928125 0.11015625 0.11015625
1 0.56953125 0.5421875 0.11015625 0.11015625
1 0.56015625 0.6453125 0.11015625 0.11015625
1 0.55703125 0.76015625 0.11015625 0.11015625
1 0.565625 0.86171875 0.109375 0.11015625
1 0.4703125 0.5953125 0.109375 0.11015625
1 0.46875 0.7015625 0.109375 0.11015625
1 0.4671875 0.81796875 0.109375 0.11015625
1 0.4625 0.93046875 0.109375 0.11015625
1 0.375 0.65 0.09765625 0.0984375
1 0.3671875 0.75625 0.109375 0.11015625
1 0.36484375 0.8640625 0.11015625 0.11015625
1 0.2796875 0.5921875 0.08515625 0.0859375
1 0.2703125 0.7078125 0.11015625 0.11015625
1 0.27890625 0.91875 0.0734375 0.07421875
1 0.18984375 0.53984375 0.11015625 0.11015625
1 0.1765625 0.63828125 0.11015625 0.11015625
1 0.17734375 0.74140625 0.0734375 0.07421875
1 0.178125 0.8421875 0.0859375 0.0859375
1 0.1859375 0.93359375 0.0859375 0.0859375
2 0.1 0.82109375 0.0375 0.0375
1 0.10234375 0.596875 0.109375 0.11015625
1 0.0921875 0.696875 0.109375 0.1109375
1 0.853125 0.1625 0.09765625 0.0984375
1 0.7640625 0.10390625 0.09765625 0.0984375
1 0.6609375 0.15625 0.09765625 0.09765625
1 0.57265625 0.1 0.11015625 0.1109375
1 0.94375 0.20546875 0.11015625 0.11015625
1 0.93671875 0.328125 0.121875 0.1234375
1 0.8546875 0.2796875 0.11015625 0.11015625
1 0.85625 0.37890625 0.09765625 0.09765625
1 0.84375 0.48515625 0.109375 0.1109375
1 0.7640625 0.2265625 0.09765625 0.09765625
1 0.759375 0.33125 0.09765625 0.09765625
1 0.75078125 0.4375 0.109375 0.1109375
1 0.6671875 0.26484375 0.09765625 0.09765625
1 0.659375 0.375 0.109375 0.1109375
1 0.65390625 0.47109375 0.11015625 0.11015625
1 0.56484375 0.21171875 0.11015625 0.1109375
1 0.56953125 0.43125 0.11015625 0.11015625
1 0.571875 0.31484375 0.11015625 0.11015625
1 0.4703125 0.26484375 0.121875 0.1234375
1 0.47578125 0.38125 0.121875 0.1234375
1 0.4703125 0.48125 0.121875 0.121875
1 0.4671875 0.15703125 0.11015625 0.11015625
1 0.3703125 0.103125 0.11015625 0.11015625
1 0.38203125 0.21015625 0.109375 0.11015625
1 0.371875 0.3171875 0.109375 0.11015625
1 0.371875 0.425 0.109375 0.11015625
1 0.37109375 0.534375 0.109375 0.11015625
1 0.09453125 0.15 0.11015625 0.11015625
1 0.19609375 0.10390625 0.11015625 0.11015625
1 0.28046875 0.1515625 0.109375 0.11015625
3 0.2875 0.26484375 0.11015625 0.11015625
1 0.2921875 0.365625 0.08515625 0.08671875
1 0.284375 0.49296875 0.11015625 0.11015625
1 0.1921875 0.21953125 0.11015625 0.11015625
1 0.18828125 0.321875 0.11015625 0.11015625
1 0.19140625 0.4328125 0.09765625 0.0984375
1 0.1015625 0.26328125 0.109375 0.11015625
1 0.10078125 0.3796875 0.09765625 0.0984375
1 0.09765625 0.48984375 0.109375 0.11015625