2 0.15625 0.78671875 0.0484375 0.05
2 0.065625 0.73671875 0.06171875 0.06171875
2 0.071875 0.51875 0.0484375 0.0484375
1 0.0734375 0.1921875 0.121875 0.1234375
1 0.0734375 0.3046875 0.121875 0.1234375
1 0.16875 0.12421875 0.121875 0.1234375
1 0.15859375 0.234375 0.121875 0.1234375
1 0.16484375 0.353125 0.109375 0.11015625
1 0.25625 0.40390625 0.11015625 0.11015625
1 0.25234375 0.28828125 0.11015625 0.1109375
1 0.2640625 0.18359375 0.11015625 0.1109375
1 0.2671875 0.0734375 0.11015625 0.11015625
1 0.3546875 0.1421875 0.109375 0.11015625
1 0.3546875 0.2578125 0.121875 0.1234375
1 0.3625 0.3484375 0.11015625 0.1109375
1 0.4578125 0.08203125 0.121875 0.1234375
1 0.45625 0.1875 0.121875 0.1234375
1 0.44453125 0.29453125 0.109375 0.11015625
1 0.45234375 0.390625 0.121875 0.1234375
1 0.6390625 0.0828125 0.121875 0.121875
1 0.54453125 0.13828125 0.11015625 0.11015625
1 0.628125 0.19765625 0.121875 0.121875
1 0.54921875 0.278125 0.121875 0.1234375
1 0.553125 0.3796875 0.121875 0.1234375
1 0.64765625 0.2796875 0.11015625 0.11015625
1 0.7359375 0.24375 0.109375 0.11015625
1 0.74296875 0.121875 0.109375 0.11015625
1 0.83515625 0.071875 0.121875 0.1234375
1 0.8375 0.17734375 0.109375 0.11015625
1 0.84453125 0.27265625 0.109375 0.11015625
3 0.8265625 0.4078125 0.121875 0.121875
1 0.925 0.3578125 0.109375 0.11015625
1 0.928125 0.2375 0.11015625 0.11015625
1 0.925 0.1359375 0.11015625 0.11015625
1 0.9234375 0.45859375 0.09765625 0.0984375
1 0.92265625 0.56875 0.109375 0.11015625
1 0.9234375 0.6765625 0.109375 0.11015625
1 0.921875 0.78984375 0.109375 0.11015625
3 0.83203125 0.50703125 0.09765625 0.0984375
1 0.834375 0.615625 0.11015625 0.11015625
1 0.83125 0.73984375 0.11015625 0.11015625
1 0.82578125 0.85 0.11015625 0.11015625
1 0.74375 0.4703125 0.09765625 0.0984375
1 0.7328125 0.565625 0.09765625 0.0984375
1 0.728125 0.684375 0.09765625 0.0984375
1 0.63828125 0.53046875 0.121875 0.1234375
1 0.63671875 0.61796875 0.09765625 0.0984375
1 0.634375 0.7296875 0.09765625 0.09765625
1 0.6328125 0.8359375 0.09765625 0.09765625
1 0.72734375 0.7859375 0.11015625 0.11015625
1 0.72734375 0.90546875 0.109375 0.1109375
1 0.91640625 0.9 0.11015625 0.11015625
1 0.534375 0.58203125 0.121875 0.1234375
1 0.45 0.6140625 0.11015625 0.1109375
1 0.35625 0.66484375 0.121875 0.1234375
1 0.253125 0.7296875 0.109375 0.11015625
1 0.346875 0.77265625 0.09765625 0.0984375
1 0.44375 0.72265625 0.09765625 0.09765625
1 0.26171875 0.83359375 0.109375 0.11015625
1 0.25859375 0.95234375 0.08515625 0.0859375
1 0.35234375 0.89765625 0.09765625 0.0984375
1 0.43984375 0.83515625 0.11015625 0.11015625
1 0.54140625 0.8921875 0.121875 0.1234375
1 0.54375 0.78515625 0.121875 0.1234375
2 0.15625 0.6625 0.0484375 0.0484375
2 0.159375 0.45703125 0.0484375 0.0484375
2 0.15546875 0.565625 0.0484375 0.0484375
2 0.07421875 0.62578125 0.0484375 0.05
2 0.0796875 0.4046875 0.0484375 0.0484375
2 0.06953125 0.84765625 0.0484375 0.0484375
2 0.15546875 0.8890625 0.02421875 0.02421875
2 0.06875 0.959375 0.0484375 0.0484375