2 0.4890625 0.83984375 0.0484375 0.0484375
2 0.39140625 0.92890625 0.06171875 0.06171875
2 0.29921875 0.884375 0.06171875 0.06171875
2 0.85859375 0.875 0.0375 0.0375
2 0.58828125 0.8296875 0.0359375 0.0375
2 0.9484375 0.9109375 0.0484375 0.05
2 0.6703125 0.8046875 0.0375 0.0375
2 0.58125 0.9359375 0.0484375 0.0484375
2 0.95078125 0.81484375 0.06171875 0.06171875
2 0.7703125 0.69609375 0.0734375 0.0734375
2 0.84921875 0.52109375 0.06171875 0.06171875
2 0.771875 0.603125 0.0484375 0.05
2 0.85859375 0.425 0.06171875 0.06171875
1 0.115625 0.3125 0.121875 0.1234375
1 0.10859375 0.2171875 0.121875 0.1234375
1 0.1109375 0.084375 0.09765625 0.0984375
1 0.20078125 0.159375 0.121875 0.1234375
1 0.196875 0.2640625 0.121875 0.1234375
1 0.19296875 0.38203125 0.121875 0.1234375
1 0.2921875 0.3328125 0.121875 0.1234375
1 0.2921875 0.21875 0.121875 0.1234375
1 0.2984375 0.10390625 0.121875 0.121875
1 0.39609375 0.15390625 0.121875 0.121875
1 0.39609375 0.26484375 0.121875 0.1234375
1 0.3953125 0.378125 0.121875 0.1234375
1 0.4890625 0.3453125 0.121875 0.121875
1 0.50078125 0.22734375 0.09765625 0.0984375
1 0.490625 0.12421875 0.121875 0.1234375
1 0.57890625 0.15703125 0.121875 0.1234375
1 0.58671875 0.2765625 0.121875 0.1234375
1 0.67109375 0.3265625 0.121875 0.1234375
1 0.67890625 0.21484375 0.121875 0.1234375
1 0.67421875 0.096875 0.121875 0.1234375
1 0.7703125 0.178125 0.121875 0.1234375
1 0.76875 0.278125 0.09765625 0.0984375
1 0.78046875 0.3921875 0.121875 0.1234375
1 0.57734375 0.365625 0.08515625 0.08671875
1 0.7734375 0.490625 0.109375 0.11015625
1 0.6796875 0.42734375 0.109375 0.11015625
1 0.67890625 0.5296875 0.11015625 0.11015625
1 0.6734375 0.7046875 0.121875 0.121875
1 0.57421875 0.71640625 0.09765625 0.0984375
1 0.57109375 0.6140625 0.11015625 0.11015625
1 0.5796875 0.48671875 0.09765625 0.0984375
1 0.48125 0.4859375 0.09765625 0.0984375
1 0.48203125 0.62578125 0.121875 0.1234375
1 0.48125 0.76015625 0.109375 0.11015625
1 0.39375 0.4890625 0.09765625 0.0984375
1 0.3921875 0.59296875 0.121875 0.1234375
1 0.3921875 0.71015625 0.09765625 0.0984375
1 0.29765625 0.778125 0.11015625 0.1109375
1 0.284375 0.43671875 0.09765625 0.0984375
1 0.29609375 0.55 0.09765625 0.0984375
1 0.28828125 0.65625 0.09765625 0.09765625
1 0.2 0.48515625 0.09765625 0.0984375
1 0.203125 0.596875 0.09765625 0.09765625
1 0.2 0.71015625 0.109375 0.1109375
1 0.20625 0.80546875 0.0859375 0.0859375
1 0.1234375 0.490625 0.121875 0.1234375
1 0.1125 0.63203125 0.109375 0.1109375
1 0.10859375 0.75390625 0.121875 0.1234375
1 0.11640625 0.8625 0.121875 0.1234375
2 0.94921875 0.47578125 0.0375 0.0375
2 0.953125 0.3796875 0.0375 0.0375
2 0.95390625 0.2640625 0.0375 0.0375
2 0.84921875 0.6421875 0.0359375 0.0359375
2 0.95625 0.5984375 0.0375 0.0375
1 0.9546875 0.709375 0.0484375 0.05
2 0.853125 0.74921875 0.0359375 0.0359375
2 0.8515625 0.9734375 0.0375 0.0375
2 0.77265625 0.91484375 0.0484375 0.0484375
2 0.66328125 0.92578125 0.0359375 0.0375
2 0.3921875 0.83515625 0.0484375 0.0484375
2 0.19609375 0.9234375 0.0484375 0.05