2 0.59921875 0.15 0.0734375 0.07421875
2 0.12890625 0.20859375 0.0609375 0.06171875
2 0.5953125 0.35859375 0.06171875 0.06171875
2 0.58828125 0.76875 0.0734375 0.07421875
2 0.3203125 0.44609375 0.0484375 0.05
2 0.4203125 0.2578125 0.0484375 0.0484375
2 0.1078125 0.38515625 0.0734375 0.0734375
2 0.12890625 0.27890625 0.0484375 0.05
2 0.4234375 0.3765625 0.06171875 0.06171875
2 0.23046875 0.27578125 0.0609375 0.06171875
2 0.51796875 0.61796875 0.06171875 0.06171875
2 0.32109375 0.3328125 0.06171875 0.06171875
2 0.22109375 0.36796875 0.0734375 0.0734375
2 0.96015625 0.4734375 0.06171875 0.06171875
2 0.68203125 0.6265625 0.08515625 0.0859375
1 0.878125 0.9328125 0.121875 0.1234375
1 0.8765625 0.82890625 0.109375 0.11015625
1 0.878125 0.73359375 0.09765625 0.0984375
1 0.87578125 0.62578125 0.09765625 0.0984375
1 0.7796875 0.67890625 0.121875 0.1234375
1 0.78359375 0.7703125 0.121875 0.121875
1 0.77890625 0.87421875 0.11015625 0.11015625
1 0.6828125 0.928125 0.08515625 0.0859375
1 0.68125 0.8265625 0.0859375 0.0859375
1 0.69453125 0.72578125 0.11015625 0.11015625
1 0.59296875 0.67265625 0.0859375 0.08671875
1 0.59375 0.87890625 0.0859375 0.0859375
1 0.509375 0.93125 0.109375 0.11015625
1 0.5046875 0.84609375 0.109375 0.11015625
1 0.51015625 0.721875 0.11015625 0.1109375
1 0.41875 0.6734375 0.121875 0.1234375
1 0.415625 0.7828125 0.11015625 0.11015625
1 0.40703125 0.88125 0.11015625 0.11015625
1 0.3109375 0.9296875 0.11015625 0.1109375
1 0.3265625 0.81875 0.09765625 0.0984375
1 0.32109375 0.71875 0.09765625 0.09765625
1 0.2125 0.66640625 0.09765625 0.0984375
1 0.2140625 0.7734375 0.0859375 0.0859375
1 0.22578125 0.87109375 0.09765625 0.09765625
1 0.12578125 0.9265625 0.109375 0.1109375
1 0.12421875 0.825 0.09765625 0.09765625
1 0.13515625 0.7296875 0.08515625 0.0859375
1 0.1234375 0.6484375 0.08515625 0.0859375
1 0.8796875 0.10390625 0.11015625 0.11015625
1 0.8875 0.20546875 0.109375 0.11015625
1 0.88359375 0.3484375 0.109375 0.11015625
1 0.8796875 0.4453125 0.0859375 0.0859375
1 0.7890625 0.16171875 0.109375 0.11015625
1 0.78515625 0.27421875 0.109375 0.11015625
1 0.79453125 0.371875 0.11015625 0.11015625
1 0.6890625 0.1 0.109375 0.11015625
1 0.68671875 0.2078125 0.11015625 0.11015625
1 0.6890625 0.32890625 0.08515625 0.0859375
1 0.690625 0.43671875 0.0734375 0.07421875
1 0.60078125 0.2625 0.0734375 0.07421875
1 0.60390625 0.440625 0.0734375 0.07421875
1 0.49921875 0.08515625 0.0734375 0.07421875
1 0.5 0.1859375 0.0859375 0.0859375
1 0.5078125 0.27734375 0.0859375 0.0859375
1 0.5109375 0.39609375 0.09765625 0.0984375
2 0.421875 0.16484375 0.0375 0.0375
2 0.32890625 0.22578125 0.0359375 0.0375
2 0.215625 0.4546875 0.0484375 0.05
2 0.0296875 0.04453125 0.0484375 0.05
2 0.028125 0.1390625 0.0484375 0.05
1 0.3234375 0.10234375 0.11015625 0.11015625
1 0.2296875 0.1578125 0.11015625 0.11015625
1 0.1390625 0.0859375 0.121875 0.1234375