3 0.2921875 0.6921875 0.09765625 0.0984375
1 0.77734375 0.09296875 0.109375 0.11015625
1 0.58359375 0.04609375 0.0734375 0.0734375
1 0.20390625 0.08046875 0.11015625 0.11015625
1 0.396875 0.08828125 0.109375 0.11015625
1 0.86640625 0.14140625 0.09765625 0.0984375
1 0.871875 0.2484375 0.09765625 0.0984375
1 0.7765625 0.3171875 0.09765625 0.09765625
1 0.771875 0.2 0.109375 0.11015625
1 0.675 0.14375 0.109375 0.1109375
1 0.67734375 0.2515625 0.11015625 0.1109375
1 0.58359375 0.17578125 0.11015625 0.1109375
1 0.58046875 0.30703125 0.11015625 0.11015625
1 0.6703125 0.3625 0.11015625 0.1109375
1 0.3890625 0.20234375 0.109375 0.11015625
1 0.4828125 0.2625 0.109375 0.11015625
1 0.49140625 0.13203125 0.109375 0.1109375
1 0.4859375 0.36171875 0.109375 0.11015625
1 0.39765625 0.31171875 0.11015625 0.11015625
1 0.29375 0.35703125 0.11015625 0.11015625
1 0.2953125 0.2453125 0.09765625 0.0984375
1 0.29921875 0.1375 0.11015625 0.11015625
1 0.19765625 0.18125 0.11015625 0.11015625
1 0.20625 0.2875 0.109375 0.11015625
1 0.10390625 0.253125 0.121875 0.1234375
1 0.1140625 0.13984375 0.109375 0.11015625
1 0.1140625 0.36015625 0.121875 0.1234375
1 0.8609375 0.36796875 0.09765625 0.0984375
1 0.871875 0.48203125 0.09765625 0.0984375
1 0.86484375 0.59140625 0.11015625 0.11015625
1 0.86015625 0.71015625 0.11015625 0.11015625
1 0.86328125 0.8078125 0.09765625 0.0984375
1 0.76875 0.425 0.11015625 0.11015625
1 0.7703125 0.5359375 0.11015625 0.11015625
1 0.7671875 0.65078125 0.109375 0.11015625
1 0.76484375 0.75625 0.109375 0.11015625
1 0.7609375 0.86015625 0.09765625 0.09765625
1 0.66953125 0.4828125 0.121875 0.1234375
1 0.67109375 0.58828125 0.109375 0.11015625
1 0.6703125 0.696875 0.109375 0.11015625
1 0.67265625 0.80390625 0.11015625 0.1109375
1 0.58046875 0.7390625 0.11015625 0.1109375
1 0.58046875 0.64140625 0.0734375 0.07421875
1 0.58515625 0.53828125 0.121875 0.1234375
1 0.58125 0.41484375 0.109375 0.11015625
1 0.86328125 0.93046875 0.09765625 0.09765625
1 0.66484375 0.915625 0.11015625 0.1109375
1 0.5671875 0.8609375 0.11015625 0.11015625
1 0.4703125 0.80703125 0.11015625 0.11015625
1 0.48125 0.91484375 0.109375 0.11015625
1 0.09921875 0.465625 0.121875 0.1234375
1 0.10859375 0.56796875 0.11015625 0.11015625
1 0.1109375 0.6890625 0.109375 0.11015625
1 0.1078125 0.79375 0.109375 0.11015625
1 0.11328125 0.9046875 0.09765625 0.0984375
1 0.19375 0.85390625 0.11015625 0.11015625
1 0.2015625 0.7484375 0.11015625 0.11015625
1 0.19765625 0.634375 0.11015625 0.11015625
1 0.1921875 0.53828125 0.11015625 0.11015625
1 0.196875 0.4109375 0.109375 0.1109375
1 0.2953125 0.46953125 0.109375 0.1109375
1 0.296875 0.57890625 0.109375 0.11015625
1 0.2953125 0.8078125 0.11015625 0.11015625
1 0.3796875 0.85625 0.109375 0.11015625
1 0.38125 0.73671875 0.109375 0.11015625
1 0.3875 0.6421875 0.109375 0.1109375
1 0.384375 0.52265625 0.09765625 0.09765625
1 0.3890625 0.41015625 0.11015625 0.1109375
1 0.48515625 0.46796875 0.11015625 0.11015625
1 0.48125 0.57890625 0.09765625 0.09765625
1 0.48203125 0.69375 0.11015625 0.1109375
1 0.29140625 0.9234375 0.11015625 0.11015625