2 0.4890625 0.334375 0.0484375 0.0484375
2 0.19609375 0.94375 0.0484375 0.0484375
2 0.4859375 0.89765625 0.0609375 0.06171875
2 0.39296875 0.50234375 0.06171875 0.06171875
2 0.39140625 0.846875 0.06171875 0.06171875
2 0.3953125 0.94453125 0.06171875 0.06171875
2 0.4875 0.43984375 0.06171875 0.06171875
2 0.678125 0.853125 0.0484375 0.0484375
2 0.59765625 0.878125 0.0484375 0.0484375
2 0.48828125 0.53828125 0.0484375 0.05
2 0.4875 0.6390625 0.0484375 0.05
2 0.11640625 0.9234375 0.0484375 0.0484375
2 0.78203125 0.8484375 0.0484375 0.0484375
2 0.68359375 0.7203125 0.0484375 0.0484375
2 0.778125 0.93125 0.0484375 0.0484375
2 0.8625 0.93046875 0.0484375 0.0484375
1 0.30703125 0.8234375 0.06171875 0.06171875
1 0.30859375 0.9109375 0.0609375 0.06171875
2 0.784375 0.7515625 0.0375 0.0375
2 0.675 0.9546875 0.0484375 0.0484375
2 0.60078125 0.7625 0.0375 0.0375
2 0.2 0.7390625 0.0484375 0.05
2 0.2 0.8375 0.0484375 0.0484375
2 0.1078125 0.7296875 0.0375 0.0375
2 0.115625 0.834375 0.0484375 0.0484375
2 0.96953125 0.5578125 0.0375 0.0375
2 0.9703125 0.646875 0.0375 0.0375
2 0.6 0.396875 0.0484375 0.0484375
2 0.59765625 0.484375 0.0484375 0.0484375
2 0.60234375 0.58828125 0.0359375 0.0359375
2 0.5953125 0.6703125 0.0484375 0.05
2 0.690625 0.6078125 0.0375 0.0375
2 0.75234375 0.5703125 0.0359375 0.0375
2 0.7 0.496875 0.0375 0.0375
2 0.70625 0.375 0.0375 0.0375
2 0.9828125 0.22109375 0.02421875 0.02421875
2 0.91796875 0.03046875 0.0484375 0.05
2 0.9125 0.1625 0.0375 0.0375
2 0.9140625 0.26484375 0.0484375 0.0484375
2 0.91171875 0.39453125 0.0359375 0.0375
1 0.590625 0.284375 0.0484375 0.0484375
2 0.215625 0.0859375 0.0375 0.0375
2 0.20625 0.178125 0.0375 0.0359375
2 0.21484375 0.29140625 0.0375 0.0359375
2 0.21171875 0.3734375 0.0375 0.0359375
2 0.21015625 0.4625 0.0375 0.0375
2 0.20390625 0.540625 0.0375 0.0375
2 0.3046875 0.49375 0.0484375 0.05
2 0.31640625 0.37734375 0.0484375 0.05
2 0.32109375 0.27890625 0.0375 0.0359375
2 0.325 0.196875 0.0375 0.0375
2 0.33515625 0.0796875 0.0359375 0.0375
2 0.41875 0.11640625 0.0359375 0.0375
2 0.4234375 0.20625 0.0359375 0.0375
2 0.41328125 0.3 0.0359375 0.0375
2 0.4046875 0.40078125 0.0359375 0.0359375
2 0.4890625 0.23828125 0.0375 0.0375
2 0.4890625 0.153125 0.0375 0.0375
2 0.48828125 0.0796875 0.0375 0.0375
2 0.11875 0.51875 0.0359375 0.0375
2 0.3953125 0.609375 0.0359375 0.0375
2 0.3015625 0.603125 0.0375 0.0375
2 0.20078125 0.634375 0.0359375 0.0375
2 0.1109375 0.6328125 0.0359375 0.0375
2 0.915625 0.509375 0.0484375 0.0484375