2 0.90546875 0.9234375 0.0484375 0.0484375
2 0.26953125 0.96171875 0.0484375 0.0484375
2 0.36875 0.95234375 0.0359375 0.0375
2 0.45 0.9265625 0.0375 0.0375
2 0.73125 0.93671875 0.06171875 0.06171875
2 0.55 0.81796875 0.0734375 0.0734375
2 0.81171875 0.88125 0.0734375 0.07421875
2 0.6296875 0.64296875 0.06171875 0.06171875
2 0.5515625 0.725 0.0484375 0.05
2 0.6390625 0.54765625 0.06171875 0.06171875
2 0.8140625 0.6859375 0.0609375 0.06171875
2 0.815625 0.7796875 0.0484375 0.0484375
2 0.90703125 0.721875 0.0484375 0.0484375
2 0.90546875 0.8234375 0.06171875 0.06171875
2 0.915625 0.61875 0.06171875 0.06171875
1 0.915625 0.06015625 0.109375 0.11015625
1 0.07265625 0.4546875 0.121875 0.1234375
1 0.07265625 0.340625 0.121875 0.1234375
1 0.07890625 0.22578125 0.121875 0.121875
1 0.07890625 0.11640625 0.121875 0.121875
1 0.18046875 0.165625 0.121875 0.1234375
1 0.1765625 0.27578125 0.121875 0.121875
1 0.1765625 0.38671875 0.121875 0.1234375
1 0.175 0.5 0.121875 0.1234375
1 0.26875 0.4671875 0.121875 0.121875
1 0.28125 0.34921875 0.09765625 0.0984375
1 0.27109375 0.24609375 0.121875 0.1234375
1 0.278125 0.1171875 0.121875 0.1234375
1 0.36484375 0.17890625 0.121875 0.1234375
1 0.35859375 0.2796875 0.121875 0.1234375
1 0.36640625 0.3984375 0.121875 0.1234375
1 0.4515625 0.4484375 0.121875 0.1234375
1 0.459375 0.33671875 0.121875 0.1234375
1 0.4546875 0.21875 0.121875 0.1234375
1 0.4578125 0.11640625 0.09765625 0.09765625
1 0.55390625 0.1578125 0.121875 0.1234375
1 0.55 0.3 0.121875 0.1234375
1 0.5484375 0.4 0.09765625 0.0984375
1 0.5609375 0.51484375 0.121875 0.1234375
1 0.3578125 0.4875 0.08515625 0.08671875
1 0.915625 0.159375 0.08515625 0.0859375
1 0.9015625 0.271875 0.121875 0.1234375
1 0.91015625 0.3953125 0.09765625 0.0984375
1 0.55390625 0.6125 0.109375 0.11015625
1 0.46015625 0.54921875 0.109375 0.11015625
1 0.459375 0.6515625 0.11015625 0.11015625
1 0.45390625 0.8265625 0.121875 0.121875
1 0.3546875 0.83828125 0.09765625 0.0984375
1 0.35078125 0.7359375 0.11015625 0.11015625
1 0.36015625 0.60859375 0.09765625 0.0984375
1 0.26171875 0.6078125 0.09765625 0.0984375
1 0.2625 0.7484375 0.121875 0.1234375
1 0.26171875 0.88203125 0.109375 0.11015625
1 0.1734375 0.6109375 0.09765625 0.0984375
1 0.17265625 0.71484375 0.121875 0.1234375
1 0.17265625 0.8328125 0.09765625 0.0984375
1 0.07734375 0.9 0.11015625 0.1109375
1 0.0640625 0.559375 0.09765625 0.0984375
1 0.0765625 0.67265625 0.09765625 0.0984375
1 0.06875 0.778125 0.09765625 0.09765625
2 0.91484375 0.4953125 0.0375 0.0359375
2 0.81328125 0.4765625 0.0359375 0.0375
2 0.8375 0.61640625 0.02421875 0.02421875
2 0.7296875 0.59765625 0.0375 0.0375
2 0.73359375 0.5015625 0.0375 0.0375
2 0.734375 0.3859375 0.0375 0.0375
2 0.6296875 0.7640625 0.0359375 0.0359375
2 0.7359375 0.7203125 0.0375 0.0375
1 0.73515625 0.83125 0.0484375 0.05
2 0.63359375 0.871875 0.0359375 0.0359375
2 0.17265625 0.95703125 0.0484375 0.0484375