2 0.0359375 0.2359375 0.06171875 0.06171875
2 0.03828125 0.13125 0.0484375 0.0484375
2 0.04375 0.046875 0.0484375 0.0484375
2 0.03125 0.3546875 0.0484375 0.0484375
2 0.15 0.21875 0.06171875 0.0609375
2 0.521875 0.25078125 0.0609375 0.06171875
2 0.2453125 0.23828125 0.0484375 0.0484375
2 0.6296875 0.1671875 0.0609375 0.06171875
2 0.34453125 0.171875 0.0484375 0.0484375
2 0.70625 0.21953125 0.06171875 0.06171875
2 0.35234375 0.2625 0.0484375 0.0484375
2 0.81875 0.19609375 0.06171875 0.06171875
2 0.43359375 0.2265625 0.0484375 0.0484375
2 0.24140625 0.11328125 0.0484375 0.0484375
2 0.9109375 0.18828125 0.0484375 0.0484375
2 0.53125 0.06796875 0.0609375 0.06171875
2 0.43984375 0.11484375 0.06171875 0.06171875
2 0.6421875 0.04765625 0.0484375 0.0484375
2 0.1609375 0.09375 0.0484375 0.0484375
2 0.8234375 0.1015625 0.0484375 0.0484375
2 0.90703125 0.10078125 0.0484375 0.0484375
2 0.61875 0.90546875 0.0734375 0.0734375
2 0.42734375 0.434375 0.06171875 0.06171875
2 0.8171875 0.290625 0.06171875 0.06171875
2 0.240625 0.4171875 0.06171875 0.06171875
2 0.3453125 0.43359375 0.0609375 0.0609375
2 0.63203125 0.3796875 0.0609375 0.06171875
2 0.35078125 0.35390625 0.0609375 0.06171875
2 0.15390625 0.3265625 0.06171875 0.06171875
2 0.13828125 0.63203125 0.0734375 0.0734375
2 0.14375 0.43515625 0.06171875 0.06171875
2 0.52109375 0.334375 0.06171875 0.06171875
2 0.51875 0.4390625 0.06171875 0.06171875
2 0.621875 0.78984375 0.0609375 0.0609375
2 0.24375 0.340625 0.0609375 0.0609375
2 0.80625 0.6875 0.0734375 0.07421875
2 0.62890625 0.2859375 0.0609375 0.06171875
2 0.43671875 0.34140625 0.06171875 0.06171875
2 0.52265625 0.63359375 0.0734375 0.07421875
2 0.628125 0.45546875 0.06171875 0.06171875
2 0.7984375 0.896875 0.0734375 0.0734375
2 0.715625 0.63203125 0.06171875 0.06171875
2 0.7203125 0.72578125 0.0609375 0.06171875
2 0.715625 0.32265625 0.0609375 0.06171875
2 0.7203125 0.41875 0.0609375 0.06171875
2 0.9015625 0.384375 0.06171875 0.06171875
2 0.9015625 0.28203125 0.0609375 0.06171875
2 0.81796875 0.36953125 0.06171875 0.06171875
2 0.82421875 0.446875 0.0484375 0.05
2 0.9078125 0.4671875 0.0484375 0.05
2 0.8953125 0.8640625 0.0734375 0.07421875
3 0.71171875 0.84921875 0.06171875 0.06171875
1 0.51640625 0.8484375 0.09765625 0.09765625
1 0.4203125 0.884375 0.08515625 0.0859375
1 0.3375 0.82890625 0.0859375 0.0859375
1 0.2390625 0.85 0.121875 0.1234375
1 0.13515625 0.853125 0.121875 0.1234375
2 0.9015625 0.63671875 0.0484375 0.0484375
2 0.89765625 0.74140625 0.0484375 0.0484375
1 0.80625 0.78203125 0.0734375 0.07421875
1 0.6265625 0.671875 0.08515625 0.0859375
1 0.52421875 0.72734375 0.08515625 0.0859375
1 0.43203125 0.78046875 0.08515625 0.08671875
1 0.440625 0.68828125 0.09765625 0.09765625
1 0.3453125 0.61796875 0.0859375 0.0859375
1 0.3375 0.7203125 0.09765625 0.09765625
1 0.228125 0.67265625 0.08515625 0.0859375
1 0.2296875 0.7703125 0.0859375 0.0859375
1 0.14375 0.73359375 0.11015625 0.11015625
1 0.05 0.6890625 0.0859375 0.0859375
1 0.353125 0.08046875 0.0609375 0.06171875
2 0.71953125 0.125 0.0484375 0.0484375
1 0.52734375 0.165625 0.0609375 0.06171875