2 0.40546875 0.06640625 0.0484375 0.0484375
2 0.409375 0.8421875 0.06171875 0.06171875
2 0.39921875 0.72890625 0.06171875 0.06171875
2 0.20390625 0.9578125 0.0609375 0.06171875
2 0.1203125 0.79921875 0.06171875 0.06171875
2 0.203125 0.86015625 0.0609375 0.06171875
2 0.11015625 0.9046875 0.06171875 0.0609375
2 0.5046875 0.12109375 0.0484375 0.0484375
2 0.5046875 0.23984375 0.0609375 0.06171875
2 0.50546875 0.571875 0.06171875 0.06171875
2 0.5984375 0.28984375 0.0484375 0.05
2 0.50390625 0.334375 0.0609375 0.06171875
2 0.50625 0.68046875 0.0609375 0.06171875
2 0.49453125 0.9125 0.06171875 0.06171875
2 0.51484375 0.45390625 0.0734375 0.0734375
2 0.58984375 0.7296875 0.0609375 0.06171875
2 0.58984375 0.83828125 0.0484375 0.05
2 0.5890625 0.9328125 0.0484375 0.05
2 0.50703125 0.8015625 0.0484375 0.05
2 0.30859375 0.790625 0.0375 0.0375
2 0.29765625 0.896875 0.0484375 0.0484375
1 0.896875 0.690625 0.121875 0.1234375
1 0.8859375 0.78984375 0.11015625 0.1109375
1 0.884375 0.89609375 0.11015625 0.11015625
1 0.7984375 0.7359375 0.11015625 0.1109375
1 0.79921875 0.8390625 0.11015625 0.11015625
1 0.69921875 0.7734375 0.0859375 0.0859375
1 0.7 0.8796875 0.121875 0.1234375
1 0.7 0.1265625 0.11015625 0.11015625
1 0.70078125 0.22578125 0.11015625 0.11015625
1 0.70078125 0.33828125 0.11015625 0.11015625
1 0.8015625 0.2859375 0.09765625 0.0984375
1 0.79765625 0.17421875 0.09765625 0.0984375
1 0.7921875 0.065625 0.109375 0.11015625
1 0.89453125 0.12265625 0.109375 0.11015625
1 0.890625 0.22734375 0.109375 0.11015625
1 0.896875 0.33828125 0.09765625 0.0984375
1 0.89375 0.4671875 0.09765625 0.0984375
1 0.89453125 0.5578125 0.09765625 0.09765625
1 0.790625 0.40546875 0.11015625 0.11015625
1 0.80078125 0.5125 0.09765625 0.09765625
1 0.79609375 0.62421875 0.11015625 0.1109375
1 0.6953125 0.665625 0.09765625 0.0984375
1 0.6953125 0.5765625 0.109375 0.1109375
1 0.70234375 0.46015625 0.11015625 0.1109375
2 0.415625 0.171875 0.0375 0.0375
2 0.03359375 0.16484375 0.02421875 0.02421875
2 0.59453125 0.18046875 0.0375 0.0375
2 0.59453125 0.4109375 0.0484375 0.05
2 0.5984375 0.515625 0.0484375 0.0484375
2 0.59296875 0.6203125 0.06171875 0.06171875
2 0.6015625 0.0578125 0.0484375 0.0484375
2 0.13203125 0.56875 0.0484375 0.0484375
2 0.2078125 0.7328125 0.0375 0.0375
2 0.1234375 0.68125 0.02421875 0.02421875
2 0.021875 0.49609375 0.02421875 0.025
2 0.0265625 0.3890625 0.0375 0.0375