2 0.16875 0.740625 0.0609375 0.06171875
2 0.07109375 0.81796875 0.0609375 0.06171875
2 0.06953125 0.9203125 0.0734375 0.07421875
2 0.453125 0.5453125 0.0484375 0.0484375
2 0.3546875 0.634375 0.06171875 0.06171875
2 0.26328125 0.5890625 0.06171875 0.06171875
2 0.546875 0.86875 0.0609375 0.06171875
2 0.6390625 0.9671875 0.0609375 0.06171875
2 0.91328125 0.715625 0.06171875 0.06171875
2 0.821875 0.5796875 0.0375 0.0375
2 0.55234375 0.53515625 0.0359375 0.0375
2 0.35703125 0.86484375 0.06171875 0.06171875
2 0.9125 0.615625 0.0484375 0.05
2 0.63359375 0.509375 0.0375 0.0375
2 0.5453125 0.640625 0.0484375 0.0484375
2 0.453125 0.8796875 0.0484375 0.05
2 0.909375 0.8421875 0.06171875 0.06171875
2 0.90625 0.934375 0.0484375 0.0484375
2 0.27734375 0.803125 0.0484375 0.05
2 0.91484375 0.5203125 0.06171875 0.06171875
2 0.73359375 0.40078125 0.0734375 0.0734375
2 0.81328125 0.22578125 0.06171875 0.06171875
2 0.73515625 0.3078125 0.0484375 0.05
2 0.82265625 0.13046875 0.06171875 0.06171875
1 0.15703125 0.08671875 0.121875 0.1234375
1 0.35859375 0.0828125 0.121875 0.1234375
1 0.74453125 0.09765625 0.121875 0.1234375
1 0.54140625 0.07109375 0.08515625 0.08671875
1 0.7375 0.19609375 0.109375 0.11015625
1 0.64375 0.13203125 0.109375 0.11015625
1 0.64296875 0.23515625 0.11015625 0.11015625
1 0.6375 0.409375 0.121875 0.121875
1 0.53828125 0.42109375 0.09765625 0.0984375
1 0.534375 0.31875 0.11015625 0.11015625
1 0.54375 0.1921875 0.09765625 0.0984375
1 0.4453125 0.190625 0.09765625 0.0984375
1 0.44609375 0.33125 0.121875 0.1234375
1 0.4453125 0.465625 0.109375 0.11015625
1 0.3578125 0.19375 0.09765625 0.0984375
1 0.35625 0.29765625 0.121875 0.1234375
1 0.35625 0.415625 0.09765625 0.0984375
1 0.2609375 0.48359375 0.11015625 0.1109375
1 0.2484375 0.1421875 0.09765625 0.0984375
1 0.259375 0.25546875 0.09765625 0.0984375
1 0.2515625 0.3609375 0.09765625 0.09765625
1 0.1640625 0.18984375 0.09765625 0.0984375
1 0.1671875 0.3015625 0.09765625 0.09765625
1 0.1640625 0.41484375 0.109375 0.1109375
1 0.1703125 0.5109375 0.0859375 0.0859375
1 0.0875 0.1953125 0.121875 0.1234375
1 0.0765625 0.33671875 0.109375 0.1109375
1 0.07265625 0.459375 0.121875 0.1234375
1 0.08046875 0.5671875 0.121875 0.1234375
2 0.91328125 0.18046875 0.0375 0.0375
2 0.9171875 0.08515625 0.0375 0.0375
2 0.81328125 0.346875 0.0359375 0.0359375
2 0.9203125 0.30390625 0.0375 0.0375
1 0.91875 0.41484375 0.0484375 0.05
2 0.8171875 0.4546875 0.0359375 0.0359375
2 0.815625 0.67890625 0.0375 0.0375
2 0.81328125 0.7953125 0.0375 0.0375
2 0.815625 0.89921875 0.0375 0.0375
2 0.7359375 0.6203125 0.0484375 0.0484375
2 0.62734375 0.63125 0.0359375 0.0375
2 0.6390625 0.75703125 0.0359375 0.0375
2 0.6390625 0.83984375 0.0484375 0.0484375
2 0.7328125 0.7328125 0.0609375 0.06171875
2 0.54375 0.75 0.0375 0.0375
2 0.44609375 0.80078125 0.0484375 0.0484375
2 0.44921875 0.69609375 0.0375 0.0375
2 0.35625 0.53984375 0.0484375 0.0484375
2 0.3515625 0.74765625 0.0484375 0.05
2 0.278125 0.8953125 0.0484375 0.05
1 0.27421875 0.70390625 0.06171875 0.06171875
2 0.16015625 0.628125 0.0484375 0.05
2 0.075 0.690625 0.0609375 0.06171875
2 0.175 0.96015625 0.0484375 0.0484375
2 0.16875 0.8421875 0.0484375 0.05
2 0.35234375 0.96640625 0.0484375 0.05
2 0.54609375 0.96640625 0.0484375 0.05