1 0.2171875 0.05625 0.109375 0.11015625
1 0.1296875 0.1203125 0.11015625 0.1109375
1 0.3140625 0.1203125 0.121875 0.1234375
1 0.4015625 0.07734375 0.121875 0.1234375
1 0.678125 0.10703125 0.11015625 0.11015625
1 0.8734375 0.1203125 0.121875 0.1234375
2 0.590625 0.2546875 0.0375 0.0375
1 0.86328125 0.2296875 0.109375 0.11015625
1 0.8625 0.32890625 0.109375 0.11015625
1 0.86015625 0.4515625 0.11015625 0.11015625
1 0.85390625 0.55546875 0.11015625 0.11015625
1 0.76796875 0.61484375 0.11015625 0.11015625
1 0.75859375 0.5015625 0.11015625 0.11015625
1 0.76796875 0.38828125 0.11015625 0.11015625
1 0.77265625 0.27265625 0.11015625 0.11015625
1 0.7703125 0.16484375 0.121875 0.1234375
1 0.69453125 0.21328125 0.109375 0.11015625
1 0.68125 0.33359375 0.09765625 0.0984375
1 0.6734375 0.45234375 0.0734375 0.0734375
1 0.6734375 0.559375 0.09765625 0.0984375
1 0.5796875 0.6203125 0.09765625 0.09765625
2 0.50078125 0.5671875 0.0359375 0.0375
1 0.5828125 0.378125 0.0859375 0.0859375
1 0.58125 0.503125 0.0859375 0.0859375
1 0.5015625 0.2203125 0.121875 0.121875
1 0.40390625 0.16796875 0.121875 0.1234375
1 0.39765625 0.42265625 0.11015625 0.11015625
1 0.303125 0.3421875 0.121875 0.1234375
1 0.30546875 0.22578125 0.109375 0.11015625
1 0.30546875 0.43671875 0.109375 0.1109375
1 0.309375 0.5578125 0.121875 0.1234375
1 0.3078125 0.6515625 0.121875 0.1234375
1 0.2125 0.615625 0.11015625 0.11015625
1 0.2125 0.50703125 0.121875 0.1234375
1 0.21953125 0.38203125 0.121875 0.1234375
1 0.21171875 0.2875 0.121875 0.1234375
1 0.21484375 0.1703125 0.109375 0.11015625
1 0.12578125 0.221875 0.11015625 0.1109375
1 0.11875 0.34296875 0.121875 0.1234375
1 0.128125 0.44609375 0.11015625 0.11015625
1 0.1265625 0.55703125 0.11015625 0.11015625
1 0.115625 0.65 0.09765625 0.0984375
1 0.59296875 0.159375 0.0859375 0.0859375
1 0.8640625 0.66328125 0.11015625 0.11015625
1 0.765625 0.728125 0.109375 0.11015625
1 0.66171875 0.6765625 0.121875 0.1234375
1 0.5734375 0.7390625 0.0734375 0.07421875
1 0.66875 0.778125 0.109375 0.11015625
1 0.21171875 0.74140625 0.121875 0.1234375
1 0.1203125 0.7765625 0.121875 0.1234375
1 0.303125 0.778125 0.121875 0.1234375
1 0.11796875 0.896875 0.121875 0.1234375
1 0.2078125 0.93671875 0.121875 0.1234375
1 0.2109375 0.834375 0.09765625 0.09765625
1 0.30703125 0.87578125 0.121875 0.1234375
1 0.66875 0.8765625 0.08515625 0.0859375
1 0.76171875 0.8328125 0.109375 0.11015625
1 0.7640625 0.94453125 0.09765625 0.0984375
1 0.85859375 0.77578125 0.11015625 0.11015625
1 0.85859375 0.8859375 0.11015625 0.11015625
1 0.946875 0.94453125 0.09765625 0.0984375