1 0.1859375 0.1078125 0.121875 0.1234375
1 0.3875 0.1078125 0.121875 0.1234375
1 0.93828125 0.434375 0.121875 0.121875
1 0.94375 0.21171875 0.109375 0.11015625
1 0.84765625 0.1671875 0.109375 0.11015625
1 0.8421875 0.26875 0.09765625 0.0984375
1 0.84921875 0.3828125 0.121875 0.1234375
1 0.8484375 0.5015625 0.121875 0.1234375
1 0.8484375 0.6109375 0.121875 0.1234375
1 0.73828125 0.54609375 0.109375 0.11015625
1 0.75390625 0.44296875 0.109375 0.11015625
1 0.7484375 0.33359375 0.09765625 0.0984375
1 0.746875 0.22421875 0.11015625 0.11015625
1 0.7515625 0.1046875 0.121875 0.121875
1 0.659375 0.1640625 0.121875 0.1234375
1 0.653125 0.28203125 0.109375 0.11015625
1 0.65546875 0.38203125 0.09765625 0.0984375
1 0.64765625 0.49296875 0.121875 0.1234375
1 0.65546875 0.6015625 0.121875 0.1234375
1 0.55390625 0.53828125 0.121875 0.1234375
1 0.559375 0.421875 0.09765625 0.09765625
1 0.5578125 0.31328125 0.121875 0.1234375
1 0.55390625 0.209375 0.121875 0.1234375
1 0.5609375 0.103125 0.121875 0.1234375
1 0.46796875 0.16015625 0.121875 0.1234375
1 0.4640625 0.2609375 0.121875 0.1234375
1 0.4640625 0.3765625 0.121875 0.1234375
1 0.4625 0.49375 0.121875 0.1234375
1 0.45234375 0.60625 0.121875 0.1234375
1 0.37265625 0.2109375 0.11015625 0.1109375
1 0.37265625 0.31640625 0.11015625 0.1109375
3 0.36640625 0.43515625 0.109375 0.11015625
1 0.365625 0.5484375 0.109375 0.11015625
1 0.27421875 0.6 0.109375 0.11015625
1 0.27421875 0.47890625 0.109375 0.11015625
1 0.28125 0.3796875 0.109375 0.11015625
1 0.27734375 0.26953125 0.109375 0.1109375
1 0.28125 0.1609375 0.109375 0.1109375
1 0.17578125 0.2171875 0.109375 0.11015625
1 0.175 0.315625 0.109375 0.11015625
1 0.17265625 0.4390625 0.11015625 0.11015625
1 0.16640625 0.5421875 0.11015625 0.11015625
1 0.08046875 0.60234375 0.11015625 0.11015625
1 0.07109375 0.4890625 0.11015625 0.11015625
1 0.08046875 0.37578125 0.11015625 0.11015625
1 0.08515625 0.26015625 0.11015625 0.11015625
1 0.0828125 0.15234375 0.121875 0.1234375
1 0.3734375 0.6546875 0.109375 0.11015625
1 0.1765625 0.65078125 0.11015625 0.11015625
1 0.078125 0.715625 0.109375 0.11015625
1 0.28203125 0.71953125 0.11015625 0.11015625
1 0.07421875 0.81953125 0.109375 0.11015625
1 0.0765625 0.93203125 0.09765625 0.0984375
1 0.17109375 0.76328125 0.11015625 0.11015625
1 0.17109375 0.8734375 0.11015625 0.11015625
1 0.2671875 0.81328125 0.11015625 0.11015625
1 0.259375 0.93203125 0.09765625 0.0984375
1 0.35859375 0.765625 0.109375 0.1109375
1 0.36015625 0.87578125 0.109375 0.11015625
1 0.46796875 0.71171875 0.121875 0.1234375
1 0.46640625 0.80390625 0.121875 0.1234375
1 0.46171875 0.9359375 0.121875 0.1234375
1 0.55625 0.65234375 0.121875 0.1234375
1 0.56015625 0.74921875 0.121875 0.1234375
1 0.55625 0.8671875 0.121875 0.1234375
1 0.6515625 0.9265625 0.11015625 0.1109375
1 0.64609375 0.70625 0.121875 0.1234375
1 0.7375 0.7859375 0.121875 0.1234375
1 0.740625 0.665625 0.121875 0.1234375
1 0.6546875 0.8171875 0.11015625 0.11015625
1 0.7421875 0.88515625 0.109375 0.11015625
1 0.8453125 0.7328125 0.121875 0.121875
1 0.8453125 0.825 0.121875 0.1234375
1 0.84453125 0.93046875 0.121875 0.1234375
1 0.93203125 0.88125 0.11015625 0.11015625
1 0.9328125 0.7703125 0.11015625 0.11015625