2 0.7515625 0.9140625 0.0484375 0.0484375
2 0.56171875 0.95859375 0.06171875 0.06171875
2 0.85078125 0.9046875 0.0359375 0.0375
2 0.9328125 0.87890625 0.0375 0.0375
1 0.0875 0.1171875 0.121875 0.1234375
1 0.08828125 0.24296875 0.121875 0.1234375
1 0.08046875 0.346875 0.11015625 0.11015625
1 0.08125 0.4578125 0.121875 0.1234375
1 0.184375 0.39609375 0.109375 0.11015625
1 0.190625 0.2875 0.09765625 0.09765625
1 0.18125 0.1828125 0.121875 0.1234375
1 0.18203125 0.075 0.121875 0.1234375
1 0.37265625 0.0609375 0.11015625 0.11015625
1 0.28359375 0.1125 0.11015625 0.11015625
1 0.2765625 0.234375 0.121875 0.1234375
1 0.27265625 0.34296875 0.121875 0.1234375
1 0.271875 0.46015625 0.109375 0.11015625
1 0.378125 0.38671875 0.121875 0.1234375
1 0.371875 0.290625 0.121875 0.1234375
1 0.37421875 0.15859375 0.09765625 0.0984375
1 0.46171875 0.13203125 0.121875 0.1234375
1 0.46328125 0.23359375 0.121875 0.1234375
1 0.459375 0.3375 0.121875 0.1234375
1 0.45546875 0.45625 0.121875 0.1234375
1 0.55546875 0.40703125 0.121875 0.1234375
1 0.55546875 0.29296875 0.121875 0.1234375
1 0.5609375 0.178125 0.121875 0.121875
1 0.5609375 0.06875 0.121875 0.121875
1 0.6625 0.11796875 0.121875 0.1234375
1 0.65859375 0.228125 0.121875 0.121875
1 0.65859375 0.3390625 0.121875 0.1234375
1 0.6578125 0.45234375 0.121875 0.1234375
1 0.7515625 0.41953125 0.121875 0.121875
1 0.7640625 0.3015625 0.09765625 0.0984375
1 0.753125 0.1984375 0.121875 0.1234375
1 0.76015625 0.06953125 0.121875 0.1234375
1 0.846875 0.13125 0.121875 0.1234375
1 0.84140625 0.23125 0.121875 0.1234375
1 0.84921875 0.35078125 0.121875 0.1234375
1 0.934375 0.4 0.121875 0.1234375
1 0.93671875 0.17109375 0.121875 0.1234375
1 0.940625 0.06875 0.09765625 0.09765625
1 0.840625 0.43984375 0.08515625 0.08671875
1 0.9421875 0.5015625 0.109375 0.11015625
1 0.9421875 0.60390625 0.11015625 0.11015625
1 0.9359375 0.77890625 0.121875 0.121875
1 0.83671875 0.790625 0.09765625 0.0984375
1 0.83359375 0.68828125 0.11015625 0.11015625
1 0.84296875 0.5609375 0.09765625 0.0984375
1 0.74375 0.56015625 0.09765625 0.0984375
1 0.74453125 0.7 0.121875 0.1234375
1 0.74375 0.834375 0.109375 0.11015625
1 0.65625 0.56328125 0.09765625 0.0984375
1 0.6546875 0.6671875 0.121875 0.1234375
1 0.65546875 0.784375 0.09765625 0.0984375
1 0.56015625 0.85234375 0.11015625 0.1109375
1 0.546875 0.5109375 0.09765625 0.0984375
1 0.55859375 0.62421875 0.09765625 0.0984375
1 0.55078125 0.73046875 0.09765625 0.09765625
1 0.4625 0.559375 0.09765625 0.0984375
1 0.465625 0.67109375 0.09765625 0.09765625
1 0.4625 0.784375 0.109375 0.1109375
1 0.46875 0.8796875 0.0859375 0.0859375
1 0.3859375 0.5640625 0.121875 0.1234375
1 0.375 0.70625 0.109375 0.1109375
1 0.371875 0.828125 0.121875 0.1234375
1 0.3796875 0.93671875 0.121875 0.1234375
1 0.2703125 0.55390625 0.09765625 0.09765625
1 0.2796875 0.659375 0.09765625 0.09765625
1 0.2734375 0.78671875 0.09765625 0.0984375
1 0.27578125 0.8890625 0.11015625 0.11015625
1 0.184375 0.49921875 0.09765625 0.09765625
1 0.1828125 0.63046875 0.11015625 0.11015625
1 0.1796875 0.73359375 0.09765625 0.0984375
1 0.175 0.840625 0.09765625 0.0984375
1 0.0828125 0.56328125 0.11015625 0.11015625
1 0.0796875 0.678125 0.11015625 0.11015625
1 0.0796875 0.78671875 0.121875 0.121875
1 0.0796875 0.903125 0.121875 0.121875
2 0.65546875 0.909375 0.0484375 0.0484375