2 0.07265625 0.5453125 0.06171875 0.0609375
2 0.44453125 0.5765625 0.0609375 0.06171875
2 0.16796875 0.5640625 0.0484375 0.0484375
2 0.553125 0.49375 0.0609375 0.06171875
2 0.2671875 0.4984375 0.0484375 0.0484375
2 0.6296875 0.5453125 0.06171875 0.06171875
2 0.275 0.5890625 0.0484375 0.0484375
2 0.74140625 0.521875 0.06171875 0.06171875
2 0.35625 0.553125 0.0484375 0.0484375
2 0.1640625 0.4390625 0.0484375 0.0484375
2 0.834375 0.51484375 0.0484375 0.0484375
2 0.45390625 0.39375 0.0609375 0.06171875
2 0.35859375 0.34296875 0.06171875 0.06171875
2 0.3625 0.440625 0.06171875 0.06171875
2 0.6453125 0.35 0.0484375 0.0484375
2 0.565625 0.37421875 0.0484375 0.0484375
2 0.45625 0.034375 0.0484375 0.05
2 0.4546875 0.13515625 0.0484375 0.05
2 0.084375 0.4203125 0.0484375 0.0484375
2 0.75 0.34453125 0.0484375 0.0484375
2 0.6515625 0.2171875 0.0484375 0.0484375
2 0.74609375 0.428125 0.0484375 0.0484375
2 0.8296875 0.4265625 0.0484375 0.0484375
2 0.35 0.76015625 0.06171875 0.06171875
2 0.73984375 0.61640625 0.06171875 0.06171875
2 0.16328125 0.74375 0.06171875 0.06171875
2 0.26875 0.759375 0.0609375 0.0609375
2 0.5546875 0.70546875 0.0609375 0.06171875
2 0.2734375 0.68046875 0.0609375 0.06171875
2 0.0765625 0.653125 0.06171875 0.06171875
2 0.0609375 0.95859375 0.0734375 0.0734375
2 0.0671875 0.7609375 0.06171875 0.06171875
2 0.44375 0.6609375 0.06171875 0.06171875
2 0.4421875 0.76484375 0.06171875 0.06171875
2 0.1671875 0.6671875 0.0609375 0.0609375
2 0.5515625 0.61171875 0.0609375 0.06171875
2 0.36015625 0.6671875 0.06171875 0.06171875
2 0.44609375 0.96015625 0.0734375 0.07421875
2 0.5515625 0.78203125 0.06171875 0.06171875
2 0.63828125 0.95859375 0.06171875 0.06171875
2 0.6390625 0.64921875 0.0609375 0.06171875
2 0.64375 0.74453125 0.0609375 0.06171875
2 0.825 0.71015625 0.06171875 0.06171875
2 0.82421875 0.6078125 0.0609375 0.06171875
2 0.740625 0.69609375 0.06171875 0.06171875
2 0.746875 0.77265625 0.0484375 0.05
2 0.83125 0.79375 0.0484375 0.05
2 0.9 0.759375 0.0484375 0.0484375
2 0.91015625 0.65703125 0.0484375 0.0484375
2 0.82421875 0.9625 0.0484375 0.0484375
1 0.26875 0.94453125 0.0859375 0.0859375
1 0.275 0.31953125 0.06171875 0.06171875
1 0.2765625 0.40703125 0.0609375 0.06171875
2 0.7515625 0.2484375 0.0375 0.0375
2 0.6421875 0.4515625 0.0484375 0.0484375
2 0.56875 0.25859375 0.0375 0.0375
1 0.45 0.49140625 0.0609375 0.06171875
2 0.16796875 0.23515625 0.0484375 0.05
2 0.16796875 0.334375 0.0484375 0.0484375
2 0.075 0.22578125 0.0375 0.0375
2 0.0828125 0.3296875 0.0484375 0.0484375
2 0.9375 0.05390625 0.0375 0.0375
2 0.93828125 0.1421875 0.0375 0.0375
2 0.56953125 0.084375 0.0359375 0.0359375
2 0.56328125 0.16640625 0.0484375 0.05
2 0.6578125 0.103125 0.0375 0.0375
2 0.7203125 0.06640625 0.0359375 0.0375
2 0.171875 0.0375 0.0375 0.0375
2 0.3625 0.10546875 0.0359375 0.0375
2 0.26953125 0.1 0.0375 0.0375
2 0.16875 0.13125 0.0359375 0.0375
2 0.07890625 0.12890625 0.0359375 0.0375