2 0.2265625 0.775 0.0859375 0.0859375
2 0.07109375 0.30390625 0.08515625 0.0859375
1 0.89140625 0.71796875 0.08515625 0.0859375
1 0.89375 0.603125 0.121875 0.1234375
1 0.88984375 0.5015625 0.121875 0.1234375
1 0.89375 0.37421875 0.121875 0.121875
1 0.896875 0.27421875 0.121875 0.1234375
1 0.9015625 0.16875 0.121875 0.1234375
1 0.89609375 0.090625 0.121875 0.1234375
1 0.80234375 0.11015625 0.121875 0.1234375
1 0.81328125 0.21796875 0.121875 0.121875
1 0.8015625 0.334375 0.121875 0.1234375
1 0.79765625 0.43671875 0.121875 0.1234375
1 0.79453125 0.5515625 0.11015625 0.11015625
1 0.79921875 0.6515625 0.11015625 0.11015625
1 0.7953125 0.76171875 0.121875 0.1234375
1 0.70390625 0.81171875 0.11015625 0.1109375
1 0.7046875 0.7171875 0.121875 0.1234375
1 0.7078125 0.584375 0.08515625 0.0859375
1 0.7046875 0.4828125 0.0859375 0.0859375
1 0.715625 0.38359375 0.08515625 0.0859375
1 0.715625 0.26875 0.0859375 0.0859375
1 0.721875 0.1484375 0.08515625 0.0859375
1 0.72109375 0.0515625 0.08515625 0.0859375
1 0.61875 0.1 0.09765625 0.09765625
1 0.61796875 0.21953125 0.08515625 0.0859375
1 0.6171875 0.3234375 0.09765625 0.0984375
1 0.6125 0.43125 0.09765625 0.0984375
1 0.609375 0.52890625 0.09765625 0.0984375
1 0.615625 0.65546875 0.121875 0.1234375
1 0.60078125 0.76875 0.121875 0.1234375
1 0.5125 0.7046875 0.121875 0.121875
1 0.5203125 0.5953125 0.121875 0.121875
1 0.51796875 0.484375 0.121875 0.1234375
1 0.52578125 0.16328125 0.121875 0.1234375
1 0.5265625 0.27265625 0.121875 0.1234375
1 0.53046875 0.384375 0.121875 0.1234375
1 0.4421875 0.1 0.121875 0.1234375
1 0.43671875 0.221875 0.121875 0.1234375
1 0.43046875 0.321875 0.121875 0.1234375
1 0.43125 0.4328125 0.121875 0.1234375
1 0.42734375 0.53828125 0.121875 0.1234375
1 0.415625 0.65078125 0.11015625 0.11015625
1 0.41640625 0.7703125 0.121875 0.1234375
1 0.325 0.71328125 0.0734375 0.0734375
1 0.3328125 0.5796875 0.109375 0.11015625
1 0.33671875 0.475 0.109375 0.11015625
1 0.33671875 0.3765625 0.109375 0.11015625
1 0.34140625 0.26953125 0.121875 0.1234375
1 0.3390625 0.1578125 0.09765625 0.0984375
1 0.25703125 0.09375 0.0859375 0.0859375
1 0.25078125 0.21015625 0.08515625 0.0859375
1 0.2421875 0.315625 0.09765625 0.09765625
1 0.2375 0.43203125 0.09765625 0.0984375
1 0.2359375 0.53671875 0.09765625 0.0984375
1 0.13984375 0.584375 0.08515625 0.08671875
1 0.15234375 0.14765625 0.0859375 0.0859375
1 0.14921875 0.2578125 0.0859375 0.0859375
1 0.14140625 0.378125 0.0859375 0.0859375
1 0.06875 0.18125 0.09765625 0.0984375
1 0.0640625 0.090625 0.09765625 0.0984375
1 0.1359375 0.7140625 0.11015625 0.11015625
1 0.79140625 0.8765625 0.08515625 0.0859375
1 0.89453125 0.92734375 0.09765625 0.0984375
1 0.1359375 0.80859375 0.121875 0.1234375
1 0.1375 0.92265625 0.121875 0.1234375
1 0.2296875 0.8640625 0.121875 0.1234375
1 0.3171875 0.91875 0.09765625 0.09765625
1 0.51484375 0.9296875 0.121875 0.1234375
1 0.5125 0.8328125 0.121875 0.1234375
1 0.6 0.859375 0.09765625 0.09765625
1 0.69453125 0.94453125 0.0859375 0.0859375
0 0.06484375 0.515625 0.0734375 0.07421875