1 0.86171875 0.49296875 0.11015625 0.1109375
1 0.8640625 0.38359375 0.09765625 0.09765625
1 0.86640625 0.28203125 0.109375 0.11015625
1 0.87109375 0.18203125 0.109375 0.11015625
1 0.7765625 0.11640625 0.11015625 0.11015625
1 0.77265625 0.22578125 0.09765625 0.09765625
1 0.775 0.33984375 0.11015625 0.1109375
1 0.77421875 0.4421875 0.09765625 0.09765625
1 0.678125 0.5 0.0734375 0.07421875
1 0.68125 0.39375 0.0859375 0.0859375
1 0.68359375 0.290625 0.0859375 0.0859375
1 0.690625 0.1734375 0.08515625 0.0859375
1 0.678125 0.06328125 0.09765625 0.0984375
1 0.5859375 0.1078125 0.109375 0.1109375
1 0.58671875 0.22265625 0.109375 0.1109375
1 0.584375 0.334375 0.109375 0.11015625
1 0.58671875 0.43984375 0.09765625 0.0984375
1 0.4953125 0.1703125 0.109375 0.1109375
1 0.49375 0.26796875 0.09765625 0.0984375
1 0.50078125 0.3875 0.121875 0.1234375
1 0.496875 0.48671875 0.11015625 0.11015625
1 0.39296875 0.4421875 0.11015625 0.11015625
1 0.39609375 0.3265625 0.11015625 0.11015625
1 0.39765625 0.11015625 0.11015625 0.11015625
2 0.39765625 0.21484375 0.0484375 0.0484375
1 0.3125 0.1609375 0.09765625 0.0984375
1 0.3015625 0.26875 0.109375 0.11015625
1 0.30546875 0.3921875 0.09765625 0.0984375
1 0.31171875 0.509375 0.109375 0.11015625
1 0.20625 0.46015625 0.121875 0.1234375
1 0.2046875 0.334375 0.121875 0.121875
1 0.20625 0.2203125 0.121875 0.121875
1 0.21015625 0.11171875 0.109375 0.11015625
1 0.1140625 0.06796875 0.109375 0.11015625
1 0.10859375 0.16953125 0.09765625 0.0984375
1 0.115625 0.2828125 0.121875 0.1234375
1 0.11484375 0.40234375 0.121875 0.1234375
1 0.11484375 0.51171875 0.121875 0.1234375
1 0.11171875 0.63359375 0.121875 0.121875
1 0.11171875 0.72578125 0.121875 0.1234375
1 0.1109375 0.83125 0.121875 0.1234375
1 0.0984375 0.93828125 0.109375 0.11015625
1 0.28828125 0.61796875 0.121875 0.1234375
1 0.29375 0.72578125 0.121875 0.121875
1 0.1984375 0.78203125 0.11015625 0.11015625
1 0.2 0.6703125 0.11015625 0.11015625
1 0.2125 0.5578125 0.11015625 0.11015625
1 0.2828125 0.84140625 0.121875 0.121875
1 0.20390625 0.921875 0.121875 0.1234375
1 0.30234375 0.9234375 0.11015625 0.11015625
1 0.390625 0.8875 0.109375 0.11015625
1 0.39765625 0.76484375 0.109375 0.11015625
1 0.38984375 0.66484375 0.109375 0.11015625
1 0.39453125 0.55703125 0.109375 0.11015625
1 0.49375 0.603125 0.121875 0.1234375
1 0.48984375 0.715625 0.121875 0.1234375
1 0.4921875 0.82109375 0.109375 0.11015625
1 0.49921875 0.91640625 0.109375 0.11015625
1 0.5828125 0.88125 0.11015625 0.11015625
1 0.5796875 0.7796875 0.11015625 0.11015625
1 0.58671875 0.6625 0.11015625 0.1109375
1 0.58359375 0.5578125 0.11015625 0.1109375
1 0.67578125 0.6046875 0.109375 0.1109375
1 0.678125 0.715625 0.109375 0.1109375
1 0.67109375 0.82421875 0.09765625 0.09765625
1 0.678125 0.9390625 0.09765625 0.0984375
1 0.7640625 0.890625 0.109375 0.1109375
1 0.77890625 0.7703125 0.121875 0.1234375
1 0.778125 0.65546875 0.0734375 0.07421875
1 0.76953125 0.5609375 0.09765625 0.0984375
1 0.8625 0.62109375 0.121875 0.1234375
1 0.8625 0.7171875 0.11015625 0.11015625
1 0.859375 0.8203125 0.09765625 0.09765625
1 0.85625 0.940625 0.109375 0.1109375