2 0.046875 0.7015625 0.0609375 0.06171875
2 0.1234375 0.753125 0.06171875 0.06171875
2 0.2359375 0.7296875 0.06171875 0.06171875
2 0.328125 0.72265625 0.0484375 0.0484375
2 0.13984375 0.5578125 0.0484375 0.0484375
2 0.059375 0.58203125 0.0484375 0.0484375
2 0.24375 0.553125 0.0484375 0.0484375
2 0.1453125 0.425 0.0484375 0.0484375
2 0.240625 0.6359375 0.0484375 0.0484375
2 0.32421875 0.634375 0.0484375 0.0484375
2 0.23359375 0.825 0.06171875 0.06171875
2 0.0484375 0.91328125 0.0609375 0.06171875
2 0.04609375 0.81953125 0.0609375 0.06171875
2 0.1328125 0.85703125 0.0609375 0.06171875
2 0.1375 0.95234375 0.0609375 0.06171875
2 0.31875 0.91875 0.06171875 0.06171875
2 0.31875 0.815625 0.0609375 0.06171875
2 0.23515625 0.90390625 0.06171875 0.06171875
2 0.9265625 0.58828125 0.0484375 0.05
2 0.9375 0.28203125 0.0484375 0.05
2 0.9328125 0.68671875 0.06171875 0.06171875
2 0.8265625 0.325 0.0609375 0.06171875
2 0.93125 0.48046875 0.0484375 0.0484375
2 0.8234375 0.5734375 0.0484375 0.05
2 0.834375 0.6546875 0.0484375 0.05
2 0.834375 0.75078125 0.0484375 0.05
2 0.72734375 0.7890625 0.0484375 0.0484375
2 0.93125 0.78828125 0.0484375 0.05
2 0.934375 0.38046875 0.0484375 0.05
2 0.8296875 0.24453125 0.0609375 0.06171875
2 0.934375 0.18359375 0.0375 0.0375
2 0.8296875 0.12265625 0.0484375 0.05
2 0.39453125 0.96796875 0.0484375 0.0484375
2 0.4046875 0.865625 0.0484375 0.0484375
2 0.8359375 0.8484375 0.0484375 0.0484375
2 0.73046875 0.6875 0.0484375 0.0484375
2 0.64140625 0.7421875 0.0484375 0.0484375
2 0.24609375 0.45625 0.0375 0.0375
2 0.13671875 0.659375 0.0484375 0.0484375
2 0.0625 0.4671875 0.0375 0.0375
2 0.440625 0.05859375 0.0484375 0.0484375
2 0.43828125 0.16484375 0.0484375 0.0484375
2 0.43125 0.26171875 0.0375 0.0375
2 0.4328125 0.35078125 0.0375 0.0375
2 0.525 0.1 0.0484375 0.0484375
2 0.52734375 0.21328125 0.0609375 0.06171875
2 0.5171875 0.334375 0.0375 0.0375
2 0.5921875 0.23125 0.06171875 0.06171875
2 0.584375 0.3296875 0.0484375 0.0484375
2 0.73125 0.165625 0.02421875 0.02421875
2 0.73125 0.27265625 0.0359375 0.0375
2 0.06171875 0.10078125 0.0484375 0.0484375
2 0.059375 0.18828125 0.0484375 0.0484375
2 0.0640625 0.2921875 0.0359375 0.0359375
2 0.0578125 0.37421875 0.0484375 0.05
2 0.15234375 0.31171875 0.0375 0.0375
2 0.2140625 0.27421875 0.0359375 0.0375
2 0.1625 0.2015625 0.0375 0.0375
2 0.16796875 0.07890625 0.0375 0.0375
2 0.73515625 0.053125 0.0375 0.0359375
2 0.3734375 0.0984375 0.0359375 0.0375
2 0.378125 0.2140625 0.0484375 0.0484375
2 0.82578125 0.04765625 0.0359375 0.0375