2 0.30390625 0.7890625 0.0484375 0.0484375
2 0.128125 0.80546875 0.0484375 0.0484375
2 0.12578125 0.9203125 0.0484375 0.05
2 0.2078125 0.9734375 0.0484375 0.05
2 0.2984375 0.5765625 0.0484375 0.05
2 0.128125 0.36171875 0.0609375 0.06171875
2 0.12578125 0.5890625 0.0484375 0.05
2 0.20859375 0.5265625 0.06171875 0.06171875
2 0.21484375 0.30859375 0.0484375 0.0484375
1 0.13359375 0.14296875 0.11015625 0.11015625
1 0.21640625 0.09453125 0.121875 0.1234375
1 0.3078125 0.14296875 0.109375 0.11015625
1 0.39921875 0.19375 0.11015625 0.11015625
1 0.3953125 0.078125 0.11015625 0.1109375
1 0.50546875 0.1390625 0.11015625 0.1109375
1 0.58671875 0.084375 0.109375 0.11015625
1 0.5953125 0.18046875 0.121875 0.1234375
1 0.6921875 0.06875 0.121875 0.1234375
1 0.69609375 0.1703125 0.121875 0.1234375
1 0.790625 0.06953125 0.11015625 0.11015625
1 0.88671875 0.26015625 0.09765625 0.0984375
1 0.875 0.35625 0.09765625 0.0984375
1 0.87109375 0.47421875 0.09765625 0.0984375
1 0.78046875 0.3203125 0.121875 0.1234375
1 0.7796875 0.4078125 0.09765625 0.0984375
1 0.77734375 0.51953125 0.09765625 0.09765625
1 0.775 0.62578125 0.09765625 0.09765625
1 0.7609375 0.74609375 0.09765625 0.09765625
1 0.86953125 0.57578125 0.11015625 0.11015625
1 0.8703125 0.6953125 0.109375 0.1109375
1 0.67734375 0.371875 0.121875 0.1234375
1 0.5921875 0.4046875 0.11015625 0.1109375
1 0.4984375 0.4546875 0.121875 0.1234375
1 0.3953125 0.5203125 0.109375 0.11015625
1 0.4890625 0.56328125 0.09765625 0.0984375
1 0.5859375 0.5125 0.09765625 0.09765625
1 0.4046875 0.6234375 0.109375 0.11015625
1 0.40078125 0.7421875 0.08515625 0.0859375
1 0.4953125 0.68828125 0.09765625 0.0984375
1 0.5828125 0.62578125 0.11015625 0.11015625
1 0.58125 0.73984375 0.11015625 0.11015625
1 0.684375 0.6828125 0.121875 0.1234375
1 0.6859375 0.575 0.121875 0.1234375
2 0.2984375 0.45234375 0.0484375 0.0484375
1 0.86796875 0.91796875 0.121875 0.1234375
1 0.878125 0.80546875 0.109375 0.11015625
1 0.775 0.8578125 0.109375 0.11015625
1 0.58359375 0.846875 0.121875 0.1234375
1 0.68671875 0.91875 0.09765625 0.0984375
1 0.68828125 0.79609375 0.121875 0.1234375
1 0.490625 0.9078125 0.109375 0.1109375
1 0.49296875 0.79375 0.109375 0.1109375
1 0.40234375 0.85 0.09765625 0.09765625
2 0.3015625 0.246875 0.0484375 0.0484375
2 0.29765625 0.35546875 0.0484375 0.0484375
2 0.2171875 0.415625 0.0484375 0.05
2 0.1359375 0.45546875 0.02421875 0.02421875
2 0.121875 0.26171875 0.0484375 0.0484375
2 0.22265625 0.19453125 0.0484375 0.0484375
1 0.0203125 0.3078125 0.0375 0.0359375
2 0.02265625 0.52734375 0.0375 0.0375
2 0.21171875 0.6375 0.0484375 0.0484375
2 0.2984375 0.67890625 0.02421875 0.02421875
2 0.29296875 0.90546875 0.0484375 0.0484375
2 0.209375 0.875 0.0375 0.0375
2 0.2109375 0.74921875 0.0484375 0.0484375
2 0.12578125 0.69296875 0.02421875 0.02421875