1 0.86171875 0.4828125 0.11015625 0.1109375
1 0.8640625 0.3734375 0.09765625 0.09765625
1 0.86640625 0.27109375 0.109375 0.11015625
1 0.87109375 0.17109375 0.109375 0.11015625
1 0.7765625 0.10625 0.11015625 0.11015625
1 0.77265625 0.21484375 0.09765625 0.09765625
1 0.775 0.32890625 0.11015625 0.1109375
1 0.77421875 0.43125 0.09765625 0.09765625
1 0.678125 0.4890625 0.0734375 0.07421875
1 0.68125 0.3828125 0.0859375 0.0859375
1 0.68359375 0.28046875 0.0859375 0.0859375
1 0.690625 0.16328125 0.08515625 0.0859375
1 0.678125 0.05234375 0.09765625 0.0984375
1 0.5859375 0.096875 0.109375 0.1109375
1 0.58671875 0.21171875 0.109375 0.1109375
1 0.584375 0.3234375 0.109375 0.11015625
1 0.58671875 0.42890625 0.09765625 0.0984375
1 0.4953125 0.159375 0.109375 0.1109375
1 0.49375 0.25703125 0.09765625 0.0984375
1 0.50078125 0.3765625 0.121875 0.1234375
1 0.496875 0.47578125 0.11015625 0.11015625
1 0.39296875 0.43125 0.11015625 0.11015625
1 0.39609375 0.315625 0.11015625 0.11015625
1 0.39765625 0.09921875 0.11015625 0.11015625
2 0.39765625 0.20390625 0.0484375 0.0484375
1 0.3125 0.15 0.09765625 0.0984375
1 0.3015625 0.25859375 0.109375 0.11015625
1 0.30546875 0.38125 0.09765625 0.0984375
1 0.31171875 0.4984375 0.109375 0.11015625
1 0.20625 0.44921875 0.121875 0.1234375
1 0.2046875 0.3234375 0.121875 0.121875
1 0.20625 0.209375 0.121875 0.121875
1 0.21015625 0.10078125 0.109375 0.11015625
1 0.1140625 0.05703125 0.109375 0.11015625
1 0.10859375 0.15859375 0.09765625 0.0984375
1 0.115625 0.27265625 0.121875 0.1234375
1 0.11484375 0.39140625 0.121875 0.1234375
1 0.11484375 0.50078125 0.121875 0.1234375
1 0.11171875 0.62265625 0.121875 0.121875
1 0.11171875 0.71484375 0.121875 0.1234375
1 0.1109375 0.8203125 0.121875 0.1234375
1 0.0984375 0.92734375 0.109375 0.11015625
1 0.28828125 0.6078125 0.121875 0.1234375
1 0.29375 0.715625 0.121875 0.121875
1 0.1984375 0.77109375 0.11015625 0.11015625
1 0.2 0.659375 0.11015625 0.11015625
1 0.2125 0.54765625 0.11015625 0.11015625
1 0.2828125 0.83046875 0.121875 0.121875
1 0.20390625 0.9109375 0.121875 0.1234375
1 0.30234375 0.9125 0.11015625 0.11015625
1 0.390625 0.8765625 0.109375 0.11015625
1 0.39765625 0.7546875 0.109375 0.11015625
1 0.38984375 0.65390625 0.109375 0.11015625
1 0.39453125 0.54609375 0.109375 0.11015625
1 0.49375 0.59296875 0.121875 0.1234375
1 0.48984375 0.7046875 0.121875 0.1234375
1 0.4921875 0.81015625 0.109375 0.11015625
1 0.49921875 0.90546875 0.109375 0.11015625
1 0.5828125 0.8703125 0.11015625 0.11015625
1 0.5796875 0.76875 0.11015625 0.11015625
1 0.58671875 0.6515625 0.11015625 0.1109375
1 0.58359375 0.546875 0.11015625 0.1109375
1 0.67578125 0.59375 0.109375 0.1109375
1 0.678125 0.7046875 0.109375 0.1109375
1 0.67109375 0.81328125 0.09765625 0.09765625
1 0.678125 0.928125 0.09765625 0.0984375
1 0.7640625 0.8796875 0.109375 0.1109375
1 0.77890625 0.759375 0.121875 0.1234375
1 0.778125 0.64453125 0.0734375 0.07421875
1 0.76953125 0.55 0.09765625 0.0984375
1 0.8625 0.61015625 0.121875 0.1234375
1 0.8625 0.70625 0.11015625 0.11015625
1 0.859375 0.809375 0.09765625 0.09765625
1 0.85625 0.9296875 0.109375 0.1109375