2 0.29609375 0.215625 0.08515625 0.0859375
2 0.38125 0.36640625 0.08515625 0.0859375
2 0.4640625 0.53359375 0.0734375 0.0734375
1 0.94140625 0.1546875 0.0859375 0.0859375
1 0.934375 0.38984375 0.09765625 0.0984375
1 0.94375 0.5015625 0.09765625 0.09765625
1 0.9390625 0.60625 0.09765625 0.0984375
1 0.940625 0.69296875 0.09765625 0.0984375
1 0.93828125 0.821875 0.08515625 0.0859375
1 0.84765625 0.87578125 0.0859375 0.0859375
1 0.853125 0.75546875 0.11015625 0.11015625
1 0.8515625 0.64609375 0.09765625 0.0984375
1 0.84375 0.540625 0.09765625 0.0984375
1 0.846875 0.45078125 0.109375 0.11015625
1 0.846875 0.32109375 0.0859375 0.0859375
1 0.85625 0.2125 0.08515625 0.0859375
1 0.76171875 0.26875 0.09765625 0.0984375
1 0.765625 0.38046875 0.109375 0.11015625
1 0.7578125 0.48359375 0.09765625 0.09765625
1 0.75859375 0.59453125 0.109375 0.11015625
1 0.753125 0.684375 0.11015625 0.11015625
1 0.74921875 0.79921875 0.09765625 0.0984375
1 0.0921875 0.20625 0.08515625 0.0859375
1 0.09296875 0.29921875 0.121875 0.121875
1 0.0890625 0.41796875 0.121875 0.1234375
1 0.0953125 0.521875 0.0859375 0.0859375
1 0.0890625 0.6390625 0.121875 0.1234375
1 0.08671875 0.74296875 0.121875 0.1234375
1 0.0875 0.85 0.121875 0.1234375
1 0.17890625 0.80546875 0.121875 0.1234375
1 0.18671875 0.91484375 0.121875 0.1234375
1 0.18203125 0.6828125 0.121875 0.121875
1 0.18671875 0.5828125 0.121875 0.1234375
1 0.184375 0.46953125 0.121875 0.1234375
1 0.19296875 0.3578125 0.08515625 0.08671875
1 0.18828125 0.23125 0.08515625 0.0859375
1 0.29375 0.30546875 0.0859375 0.0859375
1 0.2984375 0.41796875 0.0859375 0.0859375
1 0.2875 0.52734375 0.0859375 0.0859375
1 0.290625 0.64140625 0.0859375 0.0859375
1 0.28984375 0.7578125 0.08515625 0.0859375
0 0.284375 0.85625 0.0609375 0.06171875
1 0.36171875 0.89140625 0.121875 0.1234375
1 0.36796875 0.8015625 0.109375 0.1109375
3 0.375 0.68828125 0.0859375 0.0859375
1 0.3796875 0.56640625 0.09765625 0.09765625
1 0.3765625 0.4453125 0.08515625 0.0859375
1 0.384375 0.2609375 0.08515625 0.0859375
1 0.46796875 0.2046875 0.08515625 0.0859375
1 0.46015625 0.321875 0.08515625 0.08671875
1 0.465625 0.4265625 0.08515625 0.0859375
2 0.5515625 0.6765625 0.0484375 0.0484375
1 0.459375 0.64765625 0.0859375 0.0859375
1 0.465625 0.75078125 0.121875 0.1234375
1 0.4625 0.8640625 0.121875 0.1234375
1 0.553125 0.9171875 0.09765625 0.0984375
1 0.55546875 0.80546875 0.121875 0.1234375
1 0.6453125 0.85703125 0.09765625 0.0984375
1 0.65625 0.725 0.09765625 0.0984375
1 0.65625 0.6234375 0.09765625 0.0984375
1 0.6515625 0.5203125 0.09765625 0.0984375
1 0.665625 0.41953125 0.09765625 0.0984375
1 0.6703125 0.3 0.09765625 0.09765625
1 0.66484375 0.209375 0.08515625 0.0859375
1 0.571875 0.26875 0.121875 0.1234375
1 0.57109375 0.371875 0.09765625 0.0984375
1 0.7546875 0.91796875 0.09765625 0.09765625
1 0.9421875 0.92734375 0.08515625 0.08671875
1 0.55703125 0.5734375 0.08515625 0.0859375