2 0.7234375 0.5390625 0.0734375 0.07421875
2 0.06875 0.16640625 0.06171875 0.06171875
2 0.06953125 0.275 0.0609375 0.06171875
2 0.0578125 0.50703125 0.06171875 0.06171875
2 0.07890625 0.0484375 0.0734375 0.0734375
2 0.0578125 0.61015625 0.06171875 0.06171875
2 0.253125 0.596875 0.0609375 0.06171875
2 0.71953125 0.74765625 0.06171875 0.06171875
2 0.0515625 0.83671875 0.06171875 0.06171875
2 0.44453125 0.834375 0.0484375 0.05
2 0.54375 0.646875 0.0484375 0.0484375
2 0.23203125 0.77421875 0.0734375 0.0734375
2 0.253125 0.6671875 0.0484375 0.05
2 0.54765625 0.76484375 0.06171875 0.06171875
2 0.3546875 0.66484375 0.0609375 0.06171875
2 0.44453125 0.72109375 0.06171875 0.06171875
2 0.3453125 0.75625 0.0734375 0.0734375
1 0.9171875 0.32734375 0.109375 0.11015625
1 0.91484375 0.434375 0.109375 0.11015625
1 0.91328125 0.55 0.109375 0.11015625
1 0.909375 0.6625 0.109375 0.11015625
1 0.91875 0.76015625 0.11015625 0.11015625
1 0.82109375 0.38203125 0.09765625 0.0984375
1 0.81328125 0.4890625 0.109375 0.11015625
1 0.8109375 0.59609375 0.11015625 0.11015625
1 0.81328125 0.71796875 0.08515625 0.0859375
1 0.81484375 0.825 0.0734375 0.07421875
1 0.72578125 0.32421875 0.08515625 0.0859375
1 0.71640625 0.43984375 0.11015625 0.11015625
1 0.725 0.6515625 0.0734375 0.07421875
1 0.728125 0.82890625 0.0734375 0.07421875
1 0.6359375 0.271875 0.11015625 0.11015625
1 0.62265625 0.3703125 0.11015625 0.11015625
1 0.6234375 0.4734375 0.0734375 0.07421875
1 0.62421875 0.57421875 0.0859375 0.0859375
1 0.63203125 0.665625 0.0859375 0.0859375
1 0.634375 0.784375 0.09765625 0.0984375
2 0.54609375 0.55390625 0.0375 0.0375
2 0.45234375 0.6140625 0.0359375 0.0375
2 0.33984375 0.84296875 0.0484375 0.05
2 0.153125 0.325 0.0609375 0.06171875
2 0.153125 0.4328125 0.0484375 0.05
2 0.15234375 0.528125 0.0484375 0.05
2 0.1421875 0.65390625 0.0484375 0.05
2 0.146875 0.76640625 0.0484375 0.0484375
2 0.0515625 0.72109375 0.06171875 0.06171875
2 0.0703125 0.39609375 0.0484375 0.05
1 0.5484375 0.3296875 0.109375 0.11015625
1 0.53828125 0.4296875 0.109375 0.1109375
1 0.46015625 0.28515625 0.121875 0.1234375
1 0.45 0.384375 0.11015625 0.1109375
1 0.44765625 0.490625 0.11015625 0.11015625
1 0.36171875 0.33125 0.11015625 0.1109375
1 0.3625 0.434375 0.11015625 0.11015625
1 0.35390625 0.54609375 0.11015625 0.11015625
1 0.2625 0.36796875 0.0859375 0.0859375
1 0.26328125 0.475 0.121875 0.1234375
1 0.92265625 0.11328125 0.121875 0.1234375
1 0.91640625 0.21328125 0.121875 0.121875
1 0.81875 0.1578125 0.109375 0.11015625
1 0.8171875 0.2671875 0.109375 0.11015625
1 0.7390625 0.0984375 0.08515625 0.08671875
1 0.73125 0.225 0.11015625 0.11015625
1 0.6375 0.165625 0.09765625 0.0984375
1 0.546875 0.11171875 0.09765625 0.0984375
1 0.54375 0.221875 0.109375 0.11015625
1 0.45703125 0.06171875 0.09765625 0.0984375
1 0.4578125 0.15234375 0.09765625 0.09765625
1 0.3640625 0.1078125 0.09765625 0.09765625
1 0.36015625 0.21875 0.11015625 0.1109375
1 0.25859375 0.26015625 0.09765625 0.0984375
1 0.25859375 0.17109375 0.109375 0.1109375
2 0.1625 0.11015625 0.0484375 0.0484375
2 0.15703125 0.215625 0.06171875 0.06171875