3 0.23125 0.353125 0.09765625 0.0984375
1 0.79609375 0.9 0.09765625 0.09765625
1 0.60859375 0.9078125 0.11015625 0.11015625
1 0.22890625 0.9046875 0.11015625 0.11015625
1 0.9015625 0.08671875 0.109375 0.11015625
1 0.8984375 0.19453125 0.09765625 0.0984375
1 0.9046875 0.28671875 0.09765625 0.0984375
1 0.89921875 0.41953125 0.11015625 0.11015625
1 0.8921875 0.528125 0.09765625 0.0984375
1 0.81171875 0.14296875 0.09765625 0.0984375
1 0.80390625 0.25234375 0.11015625 0.11015625
1 0.79921875 0.371875 0.11015625 0.11015625
1 0.803125 0.46953125 0.09765625 0.0984375
1 0.70859375 0.08671875 0.11015625 0.11015625
1 0.709375 0.196875 0.11015625 0.11015625
1 0.70703125 0.31171875 0.109375 0.11015625
1 0.70390625 0.4171875 0.109375 0.11015625
1 0.7 0.521875 0.09765625 0.09765625
1 0.60859375 0.14375 0.121875 0.1234375
1 0.61015625 0.24921875 0.109375 0.11015625
1 0.609375 0.3578125 0.109375 0.11015625
1 0.61171875 0.46484375 0.11015625 0.1109375
1 0.5203125 0.4 0.11015625 0.1109375
1 0.5203125 0.303125 0.0734375 0.07421875
1 0.525 0.19921875 0.121875 0.1234375
1 0.5203125 0.07578125 0.109375 0.11015625
1 0.89375 0.6453125 0.11015625 0.11015625
1 0.8953125 0.74375 0.09765625 0.09765625
1 0.8828125 0.85078125 0.109375 0.1109375
1 0.803125 0.5921875 0.09765625 0.09765625
1 0.7984375 0.69609375 0.09765625 0.09765625
1 0.78984375 0.803125 0.109375 0.1109375
1 0.70625 0.6296875 0.09765625 0.09765625
1 0.6984375 0.740625 0.109375 0.1109375
1 0.69296875 0.83671875 0.11015625 0.11015625
1 0.60390625 0.57734375 0.11015625 0.1109375
1 0.60859375 0.79609375 0.11015625 0.11015625
1 0.6109375 0.68046875 0.11015625 0.11015625
1 0.509375 0.6296875 0.121875 0.1234375
1 0.51484375 0.74609375 0.121875 0.1234375
1 0.509375 0.84609375 0.121875 0.121875
1 0.50625 0.521875 0.11015625 0.11015625
1 0.409375 0.46796875 0.11015625 0.11015625
1 0.42109375 0.57578125 0.109375 0.11015625
1 0.4109375 0.68203125 0.109375 0.11015625
1 0.4109375 0.790625 0.109375 0.11015625
1 0.41015625 0.9 0.109375 0.11015625
1 0.053125 0.565625 0.09765625 0.0984375
1 0.13359375 0.51484375 0.11015625 0.11015625
1 0.14140625 0.409375 0.11015625 0.11015625
1 0.1375 0.2953125 0.11015625 0.11015625
1 0.13125 0.2 0.11015625 0.11015625
1 0.13671875 0.071875 0.109375 0.1109375
1 0.234375 0.13125 0.109375 0.1109375
1 0.2359375 0.23984375 0.109375 0.11015625
1 0.23515625 0.46953125 0.11015625 0.11015625
1 0.31953125 0.5171875 0.109375 0.11015625
1 0.3203125 0.39765625 0.109375 0.11015625
1 0.32734375 0.30390625 0.109375 0.1109375
1 0.32421875 0.18359375 0.09765625 0.09765625
1 0.32890625 0.07109375 0.11015625 0.1109375
1 0.42421875 0.1296875 0.11015625 0.11015625
1 0.42109375 0.240625 0.09765625 0.09765625
1 0.42109375 0.3546875 0.11015625 0.1109375
3 0.3265625 0.63046875 0.11015625 0.11015625
1 0.33125 0.73125 0.08515625 0.08671875
1 0.3234375 0.8578125 0.11015625 0.11015625
1 0.23125 0.584375 0.11015625 0.11015625
1 0.22734375 0.68671875 0.11015625 0.11015625
1 0.23046875 0.7984375 0.09765625 0.0984375
1 0.140625 0.628125 0.109375 0.11015625
1 0.13984375 0.74453125 0.09765625 0.0984375
1 0.13671875 0.8546875 0.109375 0.11015625
1 0.05 0.69453125 0.09765625 0.0984375
1 0.05078125 0.78515625 0.09765625 0.09765625