2 0.0640625 0.915625 0.06171875 0.06171875
2 0.0625 0.80234375 0.0609375 0.06171875
2 0.7328125 0.8625 0.0484375 0.0484375
2 0.55625 0.87890625 0.0484375 0.0484375
2 0.446875 0.825 0.0484375 0.0484375
2 0.1546875 0.74921875 0.0484375 0.0484375
2 0.35625 0.8671875 0.0484375 0.0484375
2 0.15 0.8609375 0.0609375 0.06171875
2 0.25078125 0.92578125 0.06171875 0.0609375
2 0.25625 0.80703125 0.0609375 0.06171875
2 0.0609375 0.70625 0.0734375 0.07421875
2 0.06328125 0.5109375 0.0609375 0.06171875
2 0.0640625 0.6046875 0.0484375 0.0484375
2 0.72734375 0.65 0.0484375 0.05
2 0.15625 0.546875 0.0484375 0.0484375
2 0.253125 0.5953125 0.06171875 0.06171875
2 0.55625 0.43515625 0.0609375 0.06171875
2 0.1546875 0.64921875 0.06171875 0.06171875
2 0.16484375 0.44375 0.06171875 0.06171875
2 0.35234375 0.540625 0.0484375 0.05
2 0.5546875 0.6625 0.0484375 0.05
2 0.45 0.49140625 0.0734375 0.0734375
2 0.6375 0.6 0.06171875 0.06171875
2 0.35234375 0.4265625 0.0609375 0.06171875
2 0.253125 0.4875 0.0609375 0.06171875
2 0.64375 0.38203125 0.0484375 0.0484375
2 0.44921875 0.7078125 0.0484375 0.0484375
1 0.15078125 0.096875 0.121875 0.1234375
1 0.159375 0.2203125 0.09765625 0.0984375
1 0.259375 0.05234375 0.09765625 0.0984375
1 0.259375 0.1671875 0.109375 0.11015625
1 0.253125 0.26875 0.11015625 0.11015625
1 0.3578125 0.1109375 0.121875 0.121875
1 0.35546875 0.2203125 0.09765625 0.0984375
1 0.44375 0.05234375 0.09765625 0.0984375
1 0.4453125 0.16640625 0.09765625 0.0984375
1 0.44375 0.2765625 0.09765625 0.0984375
1 0.5515625 0.11015625 0.121875 0.1234375
1 0.56171875 0.21640625 0.11015625 0.11015625
1 0.6453125 0.16796875 0.121875 0.1234375
1 0.7296875 0.09765625 0.121875 0.1234375
1 0.7359375 0.21640625 0.109375 0.11015625
1 0.82734375 0.2671875 0.11015625 0.11015625
1 0.8234375 0.1515625 0.11015625 0.1109375
1 0.9265625 0.12109375 0.121875 0.1234375
1 0.934375 0.21171875 0.11015625 0.1109375
1 0.92734375 0.528125 0.121875 0.1234375
1 0.82421875 0.59296875 0.109375 0.11015625
1 0.91796875 0.6359375 0.09765625 0.0984375
1 0.8328125 0.696875 0.109375 0.11015625
1 0.8296875 0.815625 0.08515625 0.0859375
1 0.9234375 0.7609375 0.09765625 0.0984375
2 0.72734375 0.525 0.0484375 0.0484375
1 0.35078125 0.35234375 0.09765625 0.0984375
1 0.259375 0.378125 0.08515625 0.0859375
1 0.921875 0.8671875 0.109375 0.1109375
1 0.83125 0.92265625 0.09765625 0.09765625
2 0.73046875 0.3203125 0.0484375 0.0484375
2 0.7265625 0.42890625 0.0484375 0.0484375
2 0.6453125 0.4890625 0.0484375 0.05
2 0.56484375 0.52890625 0.02421875 0.02421875
2 0.55078125 0.33515625 0.0484375 0.0484375
2 0.6515625 0.2671875 0.0484375 0.0484375
1 0.44921875 0.38125 0.0375 0.0359375
2 0.4515625 0.60078125 0.0375 0.0375
2 0.640625 0.7109375 0.0484375 0.0484375
2 0.1640625 0.32109375 0.0375 0.0359375
2 0.72734375 0.75234375 0.02421875 0.02421875
2 0.6375 0.9484375 0.0375 0.0375
2 0.63984375 0.821875 0.0484375 0.0484375
2 0.55390625 0.76640625 0.02421875 0.02421875
2 0.3578125 0.759375 0.02421875 0.02421875
2 0.3578125 0.64609375 0.02421875 0.02421875
2 0.25546875 0.6984375 0.02421875 0.02421875
1 0.146875 0.97734375 0.0359375 0.0375
2 0.06171875 0.3015625 0.0359375 0.0375
2 0.08671875 0.4421875 0.02421875 0.02421875