2 0.596875 0.5734375 0.0609375 0.06171875
2 0.303125 0.7234375 0.0859375 0.0859375
2 0.49921875 0.65078125 0.0609375 0.06171875
2 0.49765625 0.753125 0.0734375 0.07421875
2 0.40234375 0.575 0.0484375 0.0484375
2 0.88125 0.378125 0.0484375 0.0484375
2 0.7828125 0.4671875 0.06171875 0.06171875
2 0.690625 0.42265625 0.06171875 0.06171875
2 0.8828125 0.82734375 0.0484375 0.05
2 0.9796875 0.36796875 0.0359375 0.0375
2 0.784375 0.69765625 0.06171875 0.06171875
2 0.97265625 0.4734375 0.0484375 0.0484375
2 0.88125 0.7125 0.0484375 0.05
2 0.7046875 0.6359375 0.0484375 0.05
1 0.8734375 0.1640625 0.121875 0.1234375
1 0.8734375 0.2984375 0.109375 0.11015625
1 0.78359375 0.13125 0.121875 0.1234375
1 0.784375 0.2484375 0.09765625 0.0984375
1 0.6890625 0.31640625 0.11015625 0.1109375
1 0.6875 0.08828125 0.09765625 0.0984375
1 0.6796875 0.19453125 0.09765625 0.09765625
1 0.59453125 0.134375 0.09765625 0.09765625
1 0.5921875 0.2484375 0.109375 0.1109375
1 0.59765625 0.34375 0.0859375 0.0859375
1 0.50390625 0.1703125 0.109375 0.1109375
1 0.50078125 0.2921875 0.121875 0.1234375
1 0.50859375 0.4 0.121875 0.1234375
1 0.4078125 0.1234375 0.09765625 0.09765625
1 0.40234375 0.25078125 0.09765625 0.0984375
1 0.4046875 0.353125 0.11015625 0.11015625
1 0.31171875 0.09453125 0.11015625 0.11015625
1 0.30859375 0.19765625 0.09765625 0.0984375
1 0.30390625 0.30390625 0.09765625 0.0984375
1 0.30859375 0.42421875 0.0859375 0.08671875
1 0.20859375 0.1421875 0.11015625 0.11015625
1 0.20859375 0.25078125 0.121875 0.121875
1 0.20859375 0.36640625 0.121875 0.121875
1 0.1109375 0.07109375 0.09765625 0.0984375
1 0.121875 0.18515625 0.09765625 0.0984375
1 0.11875 0.3015625 0.09765625 0.0984375
1 0.11640625 0.4265625 0.09765625 0.0984375
1 0.30234375 0.5171875 0.08515625 0.0859375
1 0.3015625 0.63125 0.09765625 0.0984375
1 0.19609375 0.6734375 0.0859375 0.0859375
1 0.2078125 0.584375 0.0859375 0.0859375
1 0.21484375 0.4734375 0.0859375 0.0859375
1 0.12421875 0.52578125 0.09765625 0.0984375
2 0.971875 0.5828125 0.0375 0.0375
2 0.87421875 0.63359375 0.0484375 0.0484375
2 0.8765625 0.5296875 0.0375 0.0375
2 0.784375 0.3734375 0.0484375 0.0484375
2 0.7796875 0.58046875 0.0484375 0.05
2 0.70625 0.728125 0.0484375 0.05
1 0.7015625 0.53671875 0.06171875 0.06171875
2 0.5875 0.46171875 0.0484375 0.05
2 0.503125 0.52421875 0.0609375 0.06171875
2 0.5015625 0.8484375 0.02421875 0.025
2 0.60234375 0.79296875 0.0484375 0.0484375
2 0.596875 0.675 0.0484375 0.05
2 0.78046875 0.79921875 0.0484375 0.05
2 0.9734375 0.79921875 0.0484375 0.05
2 0.8875 0.928125 0.0484375 0.05
2 0.775 0.91328125 0.0484375 0.0484375
2 0.7015625 0.95625 0.02421875 0.02421875
2 0.5921875 0.88515625 0.02421875 0.02421875
2 0.396875 0.7984375 0.0484375 0.0484375
2 0.39921875 0.91015625 0.0484375 0.0484375
2 0.2984375 0.94140625 0.0484375 0.0484375
2 0.30546875 0.8296875 0.0484375 0.0484375
2 0.1875 0.7953125 0.0234375 0.02421875
2 0.18125 0.8984375 0.0484375 0.0484375
2 0.10234375 0.7421875 0.0484375 0.0484375
2 0.10234375 0.8578125 0.02421875 0.02421875
2 0.0953125 0.98515625 0.02421875 0.02421875
3 0.403125 0.47734375 0.0484375 0.0484375
2 0.4046875 0.68828125 0.02421875 0.02421875
2 0.10546875 0.6359375 0.0484375 0.0484375