2 0.4625 0.7734375 0.0484375 0.0484375
2 0.09921875 0.0359375 0.06171875 0.0609375
2 0.1890625 0.19921875 0.06171875 0.0609375
2 0.39140625 0.028125 0.0484375 0.05
2 0.2875 0.24921875 0.0609375 0.0609375
2 0.2921875 0.065625 0.0484375 0.0484375
2 0.396875 0.109375 0.0484375 0.0484375
2 0.3828125 0.19375 0.0484375 0.0484375
2 0.48125 0.1265625 0.0359375 0.0375
2 0.36640625 0.9421875 0.06171875 0.06171875
2 0.46171875 0.8796875 0.06171875 0.06171875
2 0.88203125 0.2546875 0.0609375 0.06171875
2 0.87890625 0.15390625 0.0484375 0.05
2 0.95234375 0.79375 0.0484375 0.0484375
2 0.95 0.9 0.0484375 0.0484375
2 0.5734375 0.8359375 0.0484375 0.0484375
2 0.57109375 0.9234375 0.0484375 0.0484375
2 0.6734375 0.93671875 0.0375 0.0375
2 0.6796875 0.8140625 0.0375 0.0375
2 0.9625 0.42109375 0.0359375 0.0359375
2 0.9625 0.5515625 0.02421875 0.02421875
2 0.95625 0.6609375 0.02421875 0.02421875
2 0.8890625 0.35078125 0.0375 0.0359375
2 0.89140625 0.4703125 0.0484375 0.05
2 0.8859375 0.6015625 0.0375 0.0375
2 0.8875 0.70390625 0.0484375 0.0484375
2 0.88515625 0.834375 0.0359375 0.0375
2 0.7984375 0.39375 0.0359375 0.0359375
1 0.5640625 0.7234375 0.0484375 0.0484375
2 0.9640625 0.1015625 0.0359375 0.0375
2 0.884375 0.0359375 0.0359375 0.0375
2 0.78125 0.090625 0.0375 0.0375
2 0.68359375 0.14375 0.0375 0.0359375
2 0.58359375 0.190625 0.0359375 0.0359375
2 0.56171875 0.315625 0.0359375 0.0375
2 0.678125 0.2671875 0.0359375 0.0359375
2 0.796875 0.209375 0.0484375 0.05
2 0.79765625 0.2984375 0.0375 0.0359375
2 0.965625 0.19921875 0.0484375 0.0484375
2 0.96640625 0.30078125 0.0359375 0.0375
1 0.096875 0.25703125 0.0609375 0.06171875
2 0.096875 0.3328125 0.0484375 0.0484375
2 0.18984375 0.0859375 0.0359375 0.0375
1 0.1828125 0.296875 0.0484375 0.0484375
2 0.29765625 0.159375 0.0375 0.0375
2 0.3875 0.3390625 0.02421875 0.025
2 0.46796875 0.3390625 0.0359375 0.0375
2 0.63046875 0.0375 0.0359375 0.0359375
2 0.1890625 0.525 0.0375 0.0375
2 0.1796875 0.61796875 0.0375 0.0359375
2 0.18828125 0.73125 0.0375 0.0359375
2 0.1859375 0.81328125 0.0375 0.0359375
2 0.18359375 0.90234375 0.0375 0.0375
2 0.178125 0.98046875 0.0375 0.0375
2 0.278125 0.9328125 0.0484375 0.05
2 0.28984375 0.8171875 0.0484375 0.05
2 0.2953125 0.71796875 0.0375 0.0359375
2 0.2984375 0.63671875 0.0375 0.0375
2 0.309375 0.51953125 0.0359375 0.0375
2 0.3921875 0.55546875 0.0359375 0.0375
2 0.396875 0.6453125 0.0359375 0.0375
2 0.3875 0.7390625 0.0359375 0.0375
2 0.378125 0.840625 0.0359375 0.0359375
2 0.4625 0.678125 0.0375 0.0375
2 0.4625 0.59296875 0.0375 0.0375
2 0.46171875 0.51953125 0.0375 0.0375
2 0.0921875 0.9578125 0.0359375 0.0375
2 0.88984375 0.94921875 0.0484375 0.0484375