1 0.13515625 0.0953125 0.121875 0.1234375
1 0.3203125 0.0984375 0.109375 0.1109375
1 0.409375 0.153125 0.109375 0.1109375
1 0.5140625 0.09140625 0.09765625 0.0984375
1 0.69609375 0.09453125 0.109375 0.11015625
1 0.60078125 0.15390625 0.11015625 0.11015625
1 0.8859375 0.096875 0.11015625 0.11015625
1 0.7875 0.1515625 0.109375 0.11015625
1 0.8859375 0.6515625 0.109375 0.11015625
1 0.8859375 0.53984375 0.09765625 0.0984375
1 0.8890625 0.428125 0.09765625 0.0984375
1 0.8921875 0.325 0.09765625 0.0984375
1 0.890625 0.20625 0.09765625 0.0984375
1 0.79765625 0.26640625 0.09765625 0.0984375
1 0.79375 0.37734375 0.109375 0.11015625
1 0.78984375 0.475 0.109375 0.11015625
3 0.7953125 0.596875 0.109375 0.11015625
1 0.6890625 0.6421875 0.11015625 0.1109375
1 0.69140625 0.5328125 0.09765625 0.09765625
1 0.69375 0.43125 0.109375 0.11015625
1 0.6984375 0.33125 0.109375 0.11015625
1 0.696875 0.20078125 0.109375 0.11015625
1 0.60390625 0.26640625 0.11015625 0.11015625
1 0.6 0.375 0.09765625 0.09765625
1 0.60234375 0.4890625 0.11015625 0.1109375
1 0.6015625 0.5921875 0.09765625 0.09765625
1 0.50546875 0.64921875 0.0734375 0.07421875
1 0.50859375 0.54296875 0.0859375 0.0859375
1 0.5109375 0.440625 0.0859375 0.0859375
1 0.51796875 0.3234375 0.08515625 0.0859375
1 0.5046875 0.2125 0.09765625 0.0984375
1 0.41328125 0.25703125 0.109375 0.1109375
1 0.4140625 0.371875 0.109375 0.1109375
1 0.4109375 0.48359375 0.109375 0.11015625
1 0.4140625 0.5890625 0.09765625 0.0984375
1 0.32421875 0.196875 0.109375 0.1109375
1 0.321875 0.31953125 0.109375 0.1109375
1 0.32109375 0.4171875 0.09765625 0.0984375
1 0.32734375 0.5375 0.121875 0.1234375
1 0.3234375 0.6359375 0.11015625 0.11015625
1 0.2203125 0.59140625 0.11015625 0.11015625
1 0.2234375 0.47578125 0.11015625 0.11015625
1 0.225 0.259375 0.11015625 0.11015625
1 0.2234375 0.15625 0.121875 0.1234375
2 0.225 0.3640625 0.0484375 0.0484375
1 0.1328125 0.19453125 0.09765625 0.0984375
1 0.13984375 0.31015625 0.09765625 0.0984375
1 0.12890625 0.41875 0.109375 0.11015625
1 0.1328125 0.54140625 0.09765625 0.0984375
1 0.1390625 0.65859375 0.109375 0.11015625
1 0.115625 0.7671875 0.121875 0.1234375
1 0.1203125 0.87578125 0.121875 0.121875
1 0.225 0.91484375 0.109375 0.11015625
1 0.2171875 0.8140625 0.109375 0.11015625
1 0.221875 0.70625 0.109375 0.11015625
1 0.32109375 0.753125 0.121875 0.1234375
1 0.3171875 0.865625 0.121875 0.1234375
1 0.40703125 0.92890625 0.11015625 0.11015625
1 0.41328125 0.81171875 0.11015625 0.1109375
1 0.4109375 0.70703125 0.11015625 0.1109375
1 0.503125 0.75390625 0.109375 0.1109375
1 0.5046875 0.865625 0.109375 0.1109375
1 0.60625 0.9203125 0.121875 0.1234375
1 0.6046875 0.8046875 0.0734375 0.07421875
1 0.596875 0.71015625 0.09765625 0.0984375
1 0.68984375 0.7703125 0.121875 0.1234375
1 0.68984375 0.86640625 0.11015625 0.11015625
1 0.784375 0.92265625 0.11015625 0.11015625
1 0.78984375 0.82109375 0.11015625 0.11015625
1 0.78984375 0.7 0.109375 0.11015625
1 0.8828125 0.75859375 0.109375 0.11015625
1 0.87890625 0.86484375 0.109375 0.11015625