2 0.25390625 0.5984375 0.0609375 0.06171875
2 0.3625 0.51484375 0.0609375 0.06171875
2 0.07734375 0.51953125 0.0484375 0.0484375
2 0.4390625 0.5671875 0.06171875 0.06171875
2 0.08515625 0.61015625 0.0484375 0.0484375
2 0.5515625 0.54375 0.06171875 0.06171875
2 0.165625 0.57421875 0.0484375 0.0484375
2 0.64375 0.5359375 0.0484375 0.0484375
2 0.2640625 0.415625 0.0609375 0.06171875
2 0.16875 0.36484375 0.06171875 0.06171875
2 0.17265625 0.4625 0.06171875 0.06171875
2 0.4546875 0.37109375 0.0484375 0.0484375
2 0.375 0.3953125 0.0484375 0.0484375
2 0.265625 0.05625 0.0484375 0.05
2 0.26484375 0.15703125 0.0484375 0.05
2 0.559375 0.36640625 0.0484375 0.0484375
2 0.4609375 0.23828125 0.0484375 0.0484375
2 0.55546875 0.44921875 0.0484375 0.0484375
2 0.63984375 0.4484375 0.0484375 0.0484375
2 0.159375 0.78203125 0.06171875 0.06171875
2 0.54921875 0.63828125 0.06171875 0.06171875
2 0.078125 0.78125 0.0609375 0.0609375
2 0.3640625 0.72734375 0.0609375 0.06171875
2 0.0828125 0.7015625 0.0609375 0.06171875
2 0.253125 0.68203125 0.06171875 0.06171875
2 0.2515625 0.78671875 0.06171875 0.06171875
2 0.3609375 0.63359375 0.0609375 0.06171875
2 0.16953125 0.6890625 0.06171875 0.06171875
2 0.3609375 0.803125 0.06171875 0.06171875
2 0.4484375 0.6703125 0.0609375 0.06171875
2 0.453125 0.76640625 0.0609375 0.06171875
2 0.634375 0.73203125 0.06171875 0.06171875
2 0.63359375 0.6296875 0.0609375 0.06171875
2 0.55 0.7171875 0.06171875 0.06171875
2 0.55625 0.79453125 0.0484375 0.05
2 0.640625 0.81484375 0.0484375 0.05
2 0.71015625 0.78125 0.0484375 0.0484375
2 0.71953125 0.67890625 0.0484375 0.0484375
2 0.95703125 0.55546875 0.0484375 0.0484375
1 0.084375 0.34140625 0.06171875 0.06171875
1 0.0859375 0.428125 0.0609375 0.06171875
2 0.56171875 0.26953125 0.0375 0.0375
2 0.45234375 0.47265625 0.0484375 0.0484375
2 0.378125 0.28046875 0.0375 0.0375
1 0.259375 0.51328125 0.0609375 0.06171875
2 0.746875 0.075 0.0375 0.0375
2 0.7484375 0.1640625 0.0375 0.0375
2 0.8328125 0.14765625 0.0375 0.0375
2 0.9078125 0.04453125 0.06171875 0.06171875
2 0.89921875 0.14375 0.0484375 0.0484375
2 0.3796875 0.10625 0.0359375 0.0359375
2 0.3734375 0.18828125 0.0484375 0.05
2 0.46796875 0.125 0.0375 0.0375
2 0.5296875 0.0875 0.0359375 0.0375
2 0.17265625 0.1265625 0.0359375 0.0375
2 0.07890625 0.12109375 0.0375 0.0375
2 0.69375 0.02734375 0.0484375 0.0484375