3 0.2625 0.728125 0.09765625 0.0984375
1 0.94609375 0.11796875 0.09765625 0.09765625
1 0.8390625 0.07109375 0.09765625 0.09765625
1 0.7484375 0.1296875 0.109375 0.11015625
1 0.64375 0.07734375 0.121875 0.1234375
1 0.55390625 0.0828125 0.0734375 0.0734375
1 0.45546875 0.06328125 0.11015625 0.11015625
1 0.07734375 0.06640625 0.109375 0.1109375
1 0.17421875 0.11640625 0.11015625 0.11015625
1 0.26640625 0.0609375 0.11015625 0.11015625
1 0.3671875 0.12421875 0.109375 0.11015625
1 0.934375 0.2359375 0.09765625 0.0984375
1 0.83671875 0.17734375 0.09765625 0.0984375
1 0.84296875 0.284375 0.09765625 0.0984375
1 0.9359375 0.3453125 0.11015625 0.11015625
1 0.746875 0.353125 0.09765625 0.09765625
1 0.7421875 0.2359375 0.109375 0.11015625
1 0.6453125 0.1796875 0.109375 0.1109375
1 0.64765625 0.28828125 0.11015625 0.1109375
1 0.55390625 0.21171875 0.11015625 0.1109375
1 0.5515625 0.34296875 0.11015625 0.11015625
1 0.64140625 0.3984375 0.11015625 0.1109375
1 0.359375 0.2390625 0.109375 0.11015625
1 0.453125 0.2984375 0.109375 0.11015625
1 0.46171875 0.16796875 0.109375 0.1109375
1 0.45703125 0.39765625 0.109375 0.11015625
1 0.36875 0.3484375 0.11015625 0.11015625
1 0.2640625 0.39296875 0.11015625 0.11015625
1 0.265625 0.28203125 0.09765625 0.0984375
1 0.2703125 0.1734375 0.11015625 0.11015625
1 0.16875 0.2171875 0.11015625 0.11015625
1 0.1765625 0.3234375 0.109375 0.11015625
1 0.075 0.2890625 0.121875 0.1234375
1 0.08515625 0.1765625 0.109375 0.11015625
1 0.084375 0.396875 0.121875 0.1234375
1 0.9328125 0.46171875 0.109375 0.11015625
1 0.9296875 0.56953125 0.09765625 0.0984375
1 0.9359375 0.66171875 0.09765625 0.0984375
1 0.93046875 0.79453125 0.11015625 0.11015625
1 0.9234375 0.903125 0.09765625 0.0984375
1 0.83203125 0.40390625 0.09765625 0.0984375
1 0.84296875 0.51796875 0.09765625 0.0984375
1 0.83515625 0.62734375 0.11015625 0.11015625
1 0.83046875 0.746875 0.11015625 0.11015625
1 0.834375 0.84453125 0.09765625 0.0984375
1 0.73984375 0.46171875 0.11015625 0.11015625
1 0.740625 0.571875 0.11015625 0.11015625
1 0.73828125 0.68671875 0.109375 0.11015625
1 0.73515625 0.7921875 0.109375 0.11015625
1 0.73125 0.896875 0.09765625 0.09765625
1 0.63984375 0.51875 0.121875 0.1234375
1 0.64140625 0.62421875 0.109375 0.11015625
1 0.640625 0.7328125 0.109375 0.11015625
1 0.64296875 0.83984375 0.11015625 0.1109375
1 0.5515625 0.775 0.11015625 0.1109375
1 0.5515625 0.678125 0.0734375 0.07421875
1 0.55625 0.57421875 0.121875 0.1234375
1 0.5515625 0.45078125 0.109375 0.11015625
1 0.5375 0.896875 0.11015625 0.11015625
1 0.440625 0.84296875 0.11015625 0.11015625
1 0.06953125 0.5015625 0.121875 0.1234375
1 0.0796875 0.60390625 0.11015625 0.11015625
1 0.08203125 0.725 0.109375 0.11015625
1 0.078125 0.8296875 0.109375 0.11015625
1 0.084375 0.940625 0.09765625 0.0984375
1 0.16484375 0.88984375 0.11015625 0.11015625
1 0.17265625 0.784375 0.11015625 0.11015625
1 0.16875 0.6703125 0.11015625 0.11015625
1 0.1625 0.575 0.11015625 0.11015625
1 0.16796875 0.446875 0.109375 0.1109375
1 0.265625 0.50625 0.109375 0.1109375
1 0.2671875 0.61484375 0.109375 0.11015625
1 0.26640625 0.84453125 0.11015625 0.11015625
1 0.35078125 0.8921875 0.109375 0.11015625
1 0.3515625 0.77265625 0.109375 0.11015625
1 0.35859375 0.67890625 0.109375 0.1109375
1 0.35546875 0.55859375 0.09765625 0.09765625
1 0.36015625 0.44609375 0.11015625 0.1109375
1 0.45546875 0.5046875 0.11015625 0.11015625
1 0.45234375 0.615625 0.09765625 0.09765625
1 0.45234375 0.7296875 0.11015625 0.1109375