1 0.68359375 0.0734375 0.09765625 0.0984375
1 0.86484375 0.07734375 0.11015625 0.1109375
1 0.8640625 0.1828125 0.109375 0.1109375
1 0.859375 0.29296875 0.109375 0.1109375
1 0.8640625 0.4015625 0.109375 0.11015625
1 0.8625 0.52734375 0.121875 0.1234375
1 0.775 0.1234375 0.109375 0.1109375
1 0.76875 0.2390625 0.109375 0.11015625
1 0.77109375 0.3390625 0.11015625 0.11015625
1 0.76328125 0.45 0.11015625 0.11015625
1 0.77265625 0.5328125 0.0734375 0.0734375
1 0.6765625 0.18203125 0.09765625 0.0984375
1 0.68046875 0.28671875 0.09765625 0.0984375
1 0.67890625 0.40078125 0.09765625 0.0984375
1 0.67421875 0.51328125 0.11015625 0.11015625
1 0.58671875 0.12578125 0.09765625 0.0984375
1 0.58046875 0.23125 0.11015625 0.11015625
1 0.5765625 0.34921875 0.109375 0.11015625
1 0.5828125 0.4640625 0.109375 0.11015625
1 0.4921875 0.06953125 0.09765625 0.0984375
1 0.49140625 0.18046875 0.109375 0.11015625
1 0.4921875 0.2875 0.109375 0.11015625
1 0.490625 0.40078125 0.109375 0.11015625
3 0.4 0.11875 0.09765625 0.0984375
1 0.403125 0.22734375 0.11015625 0.11015625
1 0.4 0.35078125 0.11015625 0.11015625
1 0.39375 0.46171875 0.11015625 0.11015625
1 0.3125 0.08125 0.09765625 0.0984375
1 0.30078125 0.17734375 0.09765625 0.0984375
1 0.296875 0.2953125 0.09765625 0.0984375
1 0.20625 0.14140625 0.121875 0.1234375
1 0.2046875 0.22890625 0.09765625 0.0984375
1 0.203125 0.340625 0.09765625 0.09765625
1 0.2015625 0.446875 0.09765625 0.09765625
1 0.18671875 0.5671875 0.09765625 0.09765625
1 0.2953125 0.396875 0.11015625 0.11015625
1 0.29609375 0.51640625 0.109375 0.1109375
1 0.39296875 0.5671875 0.11015625 0.11015625
1 0.48515625 0.5109375 0.11015625 0.11015625
1 0.5859375 0.575 0.109375 0.11015625
1 0.103125 0.19375 0.121875 0.1234375
1 0.11015625 0.50390625 0.121875 0.1234375
1 0.11171875 0.396875 0.121875 0.1234375
1 0.8640625 0.6296875 0.109375 0.1109375
1 0.86640625 0.73828125 0.11015625 0.1109375
1 0.77265625 0.6625 0.11015625 0.1109375
1 0.7703125 0.79375 0.11015625 0.11015625
1 0.86015625 0.8484375 0.11015625 0.1109375
1 0.578125 0.6890625 0.109375 0.11015625
1 0.671875 0.7484375 0.109375 0.11015625
1 0.68046875 0.61796875 0.109375 0.1109375
1 0.67578125 0.8484375 0.109375 0.11015625
1 0.5875 0.7984375 0.11015625 0.11015625
1 0.4828125 0.84296875 0.11015625 0.11015625
1 0.484375 0.73203125 0.09765625 0.0984375
1 0.4890625 0.6234375 0.11015625 0.11015625
1 0.3875 0.6671875 0.11015625 0.11015625
1 0.3953125 0.77421875 0.109375 0.11015625
1 0.29375 0.7390625 0.121875 0.1234375
1 0.30390625 0.6265625 0.109375 0.11015625
1 0.303125 0.846875 0.121875 0.1234375
1 0.1984375 0.7984375 0.09765625 0.0984375
1 0.2015625 0.67890625 0.109375 0.11015625
1 0.1125 0.73984375 0.09765625 0.0984375
1 0.1140625 0.6171875 0.121875 0.1234375
1 0.115625 0.84296875 0.11015625 0.1109375
1 0.7703125 0.90078125 0.109375 0.11015625
1 0.1921875 0.896875 0.11015625 0.11015625
1 0.38671875 0.89765625 0.109375 0.1109375
1 0.57890625 0.896875 0.11015625 0.1109375