2 0.54921875 0.22578125 0.0734375 0.07421875
2 0.47890625 0.075 0.06171875 0.06171875
2 0.5453125 0.665625 0.06171875 0.06171875
2 0.271875 0.6078125 0.0859375 0.0859375
2 0.64296875 0.084375 0.08515625 0.0859375
1 0.93046875 0.13359375 0.0734375 0.07421875
1 0.928125 0.2484375 0.0734375 0.07421875
1 0.9296875 0.34453125 0.09765625 0.0984375
1 0.9203125 0.45234375 0.11015625 0.11015625
1 0.91875 0.565625 0.109375 0.11015625
1 0.92265625 0.678125 0.0859375 0.0859375
1 0.91484375 0.79765625 0.09765625 0.0984375
1 0.82421875 0.8421875 0.109375 0.11015625
1 0.81796875 0.7421875 0.121875 0.1234375
1 0.83125 0.61484375 0.0734375 0.0734375
1 0.83671875 0.51328125 0.11015625 0.11015625
1 0.8390625 0.38984375 0.121875 0.1234375
1 0.8375 0.2859375 0.109375 0.11015625
1 0.8390625 0.190625 0.09765625 0.0984375
1 0.83671875 0.0828125 0.09765625 0.0984375
1 0.740625 0.1359375 0.121875 0.1234375
1 0.74453125 0.22734375 0.121875 0.121875
1 0.73984375 0.33125 0.11015625 0.11015625
1 0.72890625 0.44453125 0.11015625 0.1109375
1 0.73046875 0.5640625 0.109375 0.11015625
1 0.7328125 0.67265625 0.11015625 0.11015625
1 0.7328125 0.78125 0.11015625 0.1109375
1 0.63828125 0.828125 0.11015625 0.1109375
1 0.6390625 0.7265625 0.0859375 0.0859375
1 0.6421875 0.625 0.0734375 0.07421875
1 0.6453125 0.5078125 0.08515625 0.0859375
1 0.64375 0.384375 0.08515625 0.0859375
1 0.6421875 0.2828125 0.0859375 0.0859375
1 0.65546875 0.1828125 0.11015625 0.11015625
1 0.55390625 0.1296875 0.0859375 0.08671875
1 0.5546875 0.3359375 0.0859375 0.0859375
1 0.55 0.44921875 0.09765625 0.09765625
1 0.5484375 0.56171875 0.08515625 0.0859375
1 0.5453125 0.78359375 0.11015625 0.11015625
1 0.45 0.83125 0.11015625 0.11015625
1 0.45234375 0.71796875 0.109375 0.11015625
1 0.45390625 0.603125 0.11015625 0.11015625
1 0.4625 0.48671875 0.09765625 0.0984375
1 0.4703125 0.38828125 0.109375 0.11015625
1 0.465625 0.303125 0.109375 0.11015625
1 0.47109375 0.17890625 0.11015625 0.1109375
1 0.3796875 0.13125 0.121875 0.1234375
1 0.3765625 0.23984375 0.11015625 0.11015625
1 0.36796875 0.33828125 0.11015625 0.11015625
1 0.36484375 0.45546875 0.11015625 0.11015625
1 0.35859375 0.5546875 0.0859375 0.0859375
1 0.371875 0.66875 0.109375 0.1109375
1 0.36875 0.7625 0.09765625 0.09765625
1 0.26484375 0.815625 0.0859375 0.08671875
1 0.2640625 0.7171875 0.0859375 0.0859375
1 0.26484375 0.5140625 0.11015625 0.11015625
1 0.271875 0.38671875 0.11015625 0.1109375
1 0.2875 0.27578125 0.09765625 0.0984375
1 0.28203125 0.17578125 0.09765625 0.09765625
1 0.1734375 0.1234375 0.09765625 0.0984375
1 0.175 0.23046875 0.0859375 0.0859375
1 0.18671875 0.328125 0.09765625 0.09765625
1 0.18359375 0.440625 0.109375 0.11015625
1 0.17890625 0.54765625 0.109375 0.1109375
1 0.17578125 0.6609375 0.109375 0.1109375
3 0.178125 0.790625 0.08515625 0.0859375
1 0.08515625 0.81875 0.09765625 0.09765625
1 0.07890625 0.7125 0.0859375 0.0859375
1 0.0765625 0.60390625 0.09765625 0.0984375
1 0.0796875 0.49296875 0.09765625 0.09765625
1 0.08671875 0.38359375 0.109375 0.1109375
1 0.08515625 0.28203125 0.09765625 0.09765625
1 0.09609375 0.18671875 0.08515625 0.0859375
1 0.084375 0.10546875 0.08515625 0.0859375
2 0.07109375 0.9359375 0.0484375 0.0484375
3 0.1765625 0.87421875 0.0859375 0.0859375
3 0.26484375 0.9359375 0.0734375 0.07421875
1 0.35859375 0.8953125 0.08515625 0.0859375
1 0.44453125 0.94375 0.109375 0.11015625
1 0.728125 0.89453125 0.109375 0.1109375
1 0.909375 0.88515625 0.11015625 0.11015625
1 0.5421875 0.8875 0.109375 0.1109375