2 0.11953125 0.053125 0.06171875 0.06171875
2 0.21171875 0.13203125 0.0484375 0.0484375
2 0.309375 0.06328125 0.0484375 0.05
2 0.8828125 0.075 0.0609375 0.06171875
2 0.70234375 0.0703125 0.0734375 0.07421875
2 0.778125 0.121875 0.0484375 0.0484375
2 0.50390625 0.05625 0.0484375 0.0484375
2 0.60625 0.11953125 0.0734375 0.0734375
2 0.39921875 0.1203125 0.06171875 0.06171875
2 0.21015625 0.3359375 0.0734375 0.07421875
2 0.1203125 0.2671875 0.06171875 0.06171875
2 0.30859375 0.28125 0.0484375 0.0484375
2 0.31328125 0.1734375 0.0484375 0.05
2 0.11796875 0.1546875 0.0484375 0.0484375
2 0.2171875 0.22734375 0.0609375 0.06171875
2 0.5953125 0.61796875 0.08515625 0.0859375
2 0.7765625 0.33671875 0.06171875 0.06171875
2 0.8765625 0.28125 0.0484375 0.0484375
2 0.68046875 0.76875 0.08515625 0.0859375
2 0.6078125 0.22890625 0.06171875 0.06171875
2 0.77578125 0.23359375 0.06171875 0.06171875
2 0.50234375 0.178125 0.06171875 0.06171875
2 0.975 0.24921875 0.0484375 0.0484375
2 0.76328125 0.9359375 0.0734375 0.0734375
1 0.3078125 0.6453125 0.121875 0.1234375
1 0.3 0.75078125 0.121875 0.1234375
1 0.30546875 0.87578125 0.121875 0.1234375
1 0.20859375 0.9234375 0.121875 0.1234375
1 0.21328125 0.81875 0.121875 0.1234375
1 0.2078125 0.740625 0.121875 0.1234375
1 0.1125 0.6421875 0.11015625 0.1109375
1 0.1140625 0.759375 0.121875 0.1234375
1 0.12421875 0.86796875 0.121875 0.121875
1 0.39140625 0.60859375 0.08515625 0.0859375
1 0.3921875 0.7015625 0.121875 0.121875
1 0.38828125 0.8203125 0.121875 0.1234375
1 0.39453125 0.9234375 0.0859375 0.0859375
1 0.4828125 0.871875 0.121875 0.1234375
1 0.49140625 0.76015625 0.08515625 0.08671875
1 0.48671875 0.63359375 0.08515625 0.0859375
1 0.59296875 0.7078125 0.0859375 0.0859375
1 0.59765625 0.8203125 0.0859375 0.0859375
1 0.5859375 0.9296875 0.0859375 0.0859375
1 0.675 0.84765625 0.08515625 0.0859375
1 0.6828125 0.66328125 0.08515625 0.0859375
1 0.7671875 0.6078125 0.08515625 0.0859375
1 0.759375 0.72421875 0.08515625 0.08671875
1 0.7640625 0.82890625 0.08515625 0.0859375
1 0.95 0.92265625 0.09765625 0.0984375
1 0.8703125 0.67109375 0.121875 0.1234375
1 0.8703125 0.77421875 0.09765625 0.0984375
2 0.97734375 0.140625 0.0375 0.0375
2 0.87421875 0.190625 0.0359375 0.0375
1 0.69453125 0.1703125 0.0734375 0.07421875
2 0.69375 0.290625 0.0375 0.0375
2 0.60625 0.31875 0.0484375 0.05
2 0.503125 0.36015625 0.0484375 0.05
2 0.4046875 0.2296875 0.0484375 0.05
2 0.3140625 0.36015625 0.0484375 0.0484375
2 0.04609375 0.0953125 0.0375 0.0375