2 0.68125 0.86328125 0.0484375 0.0484375
2 0.6765625 0.96796875 0.06171875 0.06171875
2 0.68125 0.76640625 0.06171875 0.06171875
2 0.6796875 0.653125 0.0609375 0.06171875
2 0.771875 0.6 0.0484375 0.0484375
2 0.76015625 0.9234375 0.04765625 0.05
2 0.9734375 0.71796875 0.0484375 0.0484375
2 0.7671875 0.71171875 0.0609375 0.06171875
2 0.865625 0.86484375 0.0609375 0.06171875
2 0.86796875 0.7765625 0.06171875 0.0609375
2 0.8734375 0.6578125 0.0609375 0.06171875
2 0.1359375 0.6375 0.0484375 0.0484375
2 0.0375 0.72734375 0.06171875 0.06171875
2 0.2296875 0.96171875 0.0609375 0.06171875
2 0.59609375 0.8078125 0.06171875 0.06171875
2 0.5046875 0.67265625 0.0375 0.0375
2 0.23515625 0.628125 0.0359375 0.0375
2 0.03984375 0.9578125 0.06171875 0.06171875
2 0.59453125 0.70859375 0.0484375 0.05
2 0.31640625 0.60234375 0.0375 0.0375
2 0.22734375 0.73359375 0.0484375 0.0484375
2 0.1359375 0.971875 0.0484375 0.05
2 0.5921875 0.93515625 0.06171875 0.06171875
2 0.596875 0.6125 0.06171875 0.06171875
2 0.41640625 0.49375 0.0734375 0.0734375
2 0.678125 0.55625 0.0734375 0.07421875
2 0.4953125 0.31875 0.06171875 0.06171875
2 0.41796875 0.40078125 0.0484375 0.05
2 0.50546875 0.2234375 0.06171875 0.06171875
2 0.68046875 0.36171875 0.0609375 0.06171875
2 0.68125 0.4546875 0.0484375 0.0484375
2 0.7734375 0.39765625 0.0484375 0.0484375
2 0.8703125 0.44609375 0.06171875 0.06171875
2 0.771875 0.49921875 0.06171875 0.06171875
2 0.78203125 0.29453125 0.06171875 0.06171875
2 0.96953125 0.39140625 0.0484375 0.05
2 0.8703125 0.33828125 0.0609375 0.06171875
1 0.13515625 0.14296875 0.121875 0.121875
1 0.2328125 0.07421875 0.121875 0.1234375
1 0.31796875 0.12421875 0.121875 0.1234375
1 0.41484375 0.07578125 0.09765625 0.0984375
1 0.42734375 0.190625 0.121875 0.1234375
1 0.22421875 0.16328125 0.08515625 0.08671875
1 0.7765625 0.07109375 0.09765625 0.0984375
1 0.8703125 0.11953125 0.11015625 0.11015625
1 0.8765625 0.228125 0.08515625 0.0859375
1 0.4203125 0.28828125 0.109375 0.11015625
1 0.3265625 0.225 0.109375 0.11015625
1 0.32578125 0.32734375 0.11015625 0.11015625
1 0.31953125 0.50234375 0.121875 0.121875
1 0.2203125 0.5140625 0.09765625 0.0984375
1 0.2171875 0.41171875 0.11015625 0.11015625
1 0.2265625 0.284375 0.09765625 0.0984375
1 0.128125 0.28359375 0.09765625 0.0984375
1 0.128125 0.4234375 0.121875 0.1234375
1 0.128125 0.5578125 0.109375 0.11015625
2 0.78125 0.17109375 0.0375 0.0359375
2 0.975 0.61015625 0.02421875 0.02421875
2 0.975 0.496875 0.02421875 0.02421875
2 0.87265625 0.54921875 0.02421875 0.02421875
1 0.7640625 0.828125 0.0359375 0.0375
2 0.67890625 0.15234375 0.0359375 0.0375
2 0.70390625 0.2921875 0.02421875 0.02421875
2 0.5953125 0.2734375 0.0375 0.0375
2 0.6 0.178125 0.0375 0.0375
2 0.60078125 0.06171875 0.0375 0.0375
2 0.4953125 0.43984375 0.0359375 0.0359375
2 0.60234375 0.396875 0.0375 0.0375
1 0.6015625 0.50703125 0.0484375 0.05
2 0.49921875 0.54765625 0.0359375 0.0359375
2 0.4984375 0.771875 0.0375 0.0375
2 0.49609375 0.8875 0.0375 0.0375
2 0.41875 0.7125 0.0484375 0.0484375
2 0.31015625 0.7234375 0.0359375 0.0375
2 0.321875 0.85 0.0359375 0.0375
2 0.32109375 0.9328125 0.0484375 0.0484375
2 0.41484375 0.82578125 0.0609375 0.06171875
2 0.2265625 0.84296875 0.0375 0.0375
2 0.12890625 0.89375 0.0484375 0.0484375
2 0.13203125 0.7890625 0.0375 0.0375
2 0.0390625 0.6328125 0.0484375 0.0484375
2 0.034375 0.840625 0.0484375 0.05