2 0.07265625 0.50390625 0.0734375 0.07421875
2 0.2796875 0.26796875 0.0484375 0.05
2 0.37421875 0.34609375 0.0484375 0.05
2 0.271875 0.49921875 0.0484375 0.05
2 0.165625 0.33671875 0.0375 0.0359375
2 0.0765625 0.4234375 0.0484375 0.0484375
2 0.37265625 0.440625 0.0359375 0.0359375
2 0.071875 0.60625 0.06171875 0.0609375
2 0.16171875 0.76953125 0.06171875 0.0609375
2 0.3640625 0.5984375 0.0484375 0.05
2 0.259375 0.81953125 0.0609375 0.0609375
2 0.26484375 0.6359375 0.0484375 0.0484375
2 0.36875 0.6796875 0.0484375 0.0484375
2 0.35546875 0.7640625 0.0484375 0.0484375
2 0.45390625 0.696875 0.0359375 0.0375
2 0.82890625 0.50546875 0.06171875 0.06171875
1 0.4734375 0.05546875 0.08515625 0.08671875
2 0.0765625 0.0671875 0.0484375 0.0484375
1 0.2859375 0.06171875 0.0484375 0.0484375
1 0.6578125 0.0578125 0.0859375 0.0859375
1 0.759375 0.1203125 0.11015625 0.11015625
1 0.85234375 0.05859375 0.08515625 0.0859375
1 0.9421875 0.2234375 0.09765625 0.0984375
1 0.94453125 0.3265625 0.09765625 0.0984375
1 0.94921875 0.44453125 0.09765625 0.0984375
1 0.853125 0.16328125 0.08515625 0.08671875
2 0.74296875 0.2203125 0.0484375 0.05
1 0.6625 0.178125 0.09765625 0.0984375
1 0.0796875 0.284375 0.06171875 0.06171875
1 0.07734375 0.17265625 0.0484375 0.05
2 0.8546875 0.825 0.0609375 0.06171875
2 0.8515625 0.72421875 0.0484375 0.05
2 0.8609375 0.92109375 0.0375 0.0359375
2 0.77109375 0.9640625 0.0359375 0.0359375
2 0.93671875 0.671875 0.0359375 0.0375
2 0.85703125 0.60625 0.0359375 0.0375
2 0.75390625 0.6609375 0.0375 0.0375
2 0.65625 0.7140625 0.0375 0.0359375
2 0.55625 0.7609375 0.0359375 0.0359375
2 0.534375 0.8859375 0.0359375 0.0375
2 0.65078125 0.8375 0.0359375 0.0359375
2 0.76953125 0.7796875 0.0484375 0.05
2 0.7703125 0.86875 0.0375 0.0359375
2 0.93828125 0.76953125 0.0484375 0.0484375
2 0.9390625 0.87109375 0.0359375 0.0375
2 0.1625 0.5453125 0.0375 0.0375
1 0.175 0.215625 0.0484375 0.05
1 0.2859375 0.16796875 0.0359375 0.0375
1 0.38828125 0.1140625 0.0359375 0.0375
2 0.284375 0.37421875 0.0484375 0.05
2 0.475 0.5125 0.0359375 0.0359375
1 0.45625 0.2921875 0.0484375 0.0484375
1 0.46875 0.171875 0.0484375 0.0484375
1 0.55078125 0.2 0.0375 0.0375
2 0.5421875 0.34765625 0.0375 0.0375
2 0.690625 0.3046875 0.0375 0.0375
2 0.740625 0.43046875 0.0359375 0.0375
2 0.8484375 0.2859375 0.0375 0.0375
2 0.659375 0.490625 0.0375 0.0375
2 0.753125 0.53203125 0.02421875 0.02421875
2 0.44453125 0.3921875 0.0359375 0.0375
1 0.06953125 0.82734375 0.0609375 0.06171875
2 0.06953125 0.903125 0.0484375 0.0484375
2 0.1625 0.65625 0.0359375 0.0375
1 0.15546875 0.8671875 0.0484375 0.0484375
2 0.2703125 0.7296875 0.0375 0.0375
2 0.36015625 0.909375 0.02421875 0.025
2 0.440625 0.909375 0.0359375 0.0375
2 0.603125 0.6078125 0.0359375 0.0359375
2 0.94375 0.5578125 0.0375 0.0375
1 0.5671875 0.11875 0.09765625 0.09765625