2 0.83125 0.45625 0.06171875 0.06171875
2 0.7390625 0.9671875 0.0609375 0.06171875
2 0.5578125 0.3984375 0.0859375 0.0859375
2 0.24140625 0.88203125 0.0734375 0.0734375
2 0.553125 0.828125 0.0734375 0.07421875
1 0.92421875 0.61875 0.11015625 0.1109375
1 0.925 0.5171875 0.0859375 0.0859375
1 0.928125 0.415625 0.0734375 0.07421875
1 0.93125 0.2984375 0.08515625 0.0859375
1 0.93046875 0.17578125 0.08515625 0.0859375
1 0.92890625 0.07421875 0.0859375 0.0859375
1 0.840625 0.1265625 0.0859375 0.0859375
1 0.8359375 0.240625 0.09765625 0.09765625
1 0.834375 0.35234375 0.08515625 0.0859375
1 0.83125 0.575 0.11015625 0.11015625
1 0.7359375 0.62265625 0.11015625 0.11015625
1 0.73828125 0.509375 0.109375 0.11015625
1 0.73984375 0.39375 0.11015625 0.11015625
1 0.74921875 0.278125 0.09765625 0.0984375
1 0.75703125 0.17890625 0.109375 0.11015625
1 0.7515625 0.09453125 0.109375 0.11015625
1 0.65390625 0.1296875 0.11015625 0.11015625
1 0.65078125 0.246875 0.11015625 0.11015625
1 0.64453125 0.3453125 0.0859375 0.0859375
1 0.6578125 0.46015625 0.109375 0.1109375
1 0.65546875 0.55390625 0.09765625 0.09765625
1 0.55078125 0.60703125 0.0859375 0.08671875
1 0.55 0.5078125 0.0859375 0.0859375
1 0.5515625 0.30546875 0.11015625 0.11015625
1 0.5578125 0.178125 0.11015625 0.1109375
1 0.5734375 0.0671875 0.09765625 0.0984375
1 0.47265625 0.11875 0.09765625 0.09765625
1 0.46953125 0.23203125 0.109375 0.11015625
1 0.46484375 0.3390625 0.109375 0.1109375
1 0.46171875 0.45234375 0.109375 0.1109375
3 0.4640625 0.58203125 0.08515625 0.0859375
1 0.37109375 0.609375 0.09765625 0.09765625
1 0.365625 0.50390625 0.0859375 0.0859375
1 0.3625 0.3953125 0.09765625 0.0984375
1 0.36640625 0.284375 0.09765625 0.09765625
1 0.3734375 0.175 0.109375 0.1109375
1 0.37109375 0.0734375 0.09765625 0.09765625
1 0.24140625 0.1296875 0.09765625 0.0984375
1 0.25 0.24140625 0.09765625 0.09765625
1 0.24609375 0.3453125 0.09765625 0.0984375
1 0.246875 0.43203125 0.09765625 0.0984375
1 0.24453125 0.56171875 0.08515625 0.0859375
1 0.1546875 0.615625 0.0859375 0.0859375
1 0.159375 0.49453125 0.11015625 0.11015625
1 0.1578125 0.38515625 0.09765625 0.0984375
1 0.15 0.2796875 0.09765625 0.0984375
1 0.153125 0.18984375 0.109375 0.11015625
1 0.153125 0.0609375 0.0859375 0.0859375
1 0.071875 0.11953125 0.109375 0.11015625
1 0.0640625 0.22265625 0.09765625 0.09765625
1 0.065625 0.33359375 0.109375 0.11015625
1 0.06015625 0.4234375 0.11015625 0.11015625
1 0.05546875 0.53828125 0.09765625 0.0984375
1 0.06171875 0.65703125 0.09765625 0.09765625
1 0.15703125 0.7203125 0.08515625 0.0859375
2 0.3578125 0.7265625 0.0484375 0.0484375
1 0.05625 0.7859375 0.09765625 0.0984375
1 0.15234375 0.8171875 0.09765625 0.09765625
1 0.1484375 0.93125 0.09765625 0.09765625
1 0.2484375 0.66640625 0.08515625 0.08671875
1 0.24140625 0.76875 0.0734375 0.0734375
1 0.359375 0.95 0.09765625 0.09765625
1 0.37265625 0.834375 0.0734375 0.0734375
3 0.4625 0.66484375 0.0859375 0.0859375
1 0.45234375 0.7859375 0.0734375 0.07421875
1 0.459375 0.89140625 0.09765625 0.09765625
1 0.54765625 0.946875 0.09765625 0.0984375
3 0.5515625 0.7265625 0.0734375 0.07421875
1 0.6453125 0.68671875 0.08515625 0.0859375
1 0.64921875 0.7890625 0.121875 0.1234375
1 0.64765625 0.871875 0.121875 0.1234375
1 0.73046875 0.73515625 0.109375 0.11015625
1 0.73359375 0.8546875 0.121875 0.1234375
1 0.83203125 0.91328125 0.09765625 0.09765625
1 0.8296875 0.78828125 0.0734375 0.07421875
1 0.93046875 0.7390625 0.109375 0.11015625
1 0.92421875 0.825 0.0734375 0.0734375
1 0.92109375 0.946875 0.0734375 0.0734375
1 0.828125 0.67890625 0.109375 0.1109375