2 0.1421875 0.04609375 0.08515625 0.0859375
2 0.22734375 0.19609375 0.08515625 0.0859375
2 0.31015625 0.3640625 0.0734375 0.0734375
1 0.91015625 0.7 0.09765625 0.09765625
1 0.9046875 0.59453125 0.0859375 0.0859375
1 0.9015625 0.4859375 0.09765625 0.0984375
1 0.90546875 0.375 0.09765625 0.09765625
1 0.9125 0.265625 0.109375 0.1109375
1 0.91015625 0.1640625 0.09765625 0.09765625
1 0.92109375 0.06875 0.08515625 0.0859375
1 0.78046875 0.2203125 0.09765625 0.0984375
1 0.7890625 0.33203125 0.09765625 0.09765625
1 0.78515625 0.4359375 0.09765625 0.0984375
1 0.7859375 0.52265625 0.09765625 0.0984375
1 0.78359375 0.65234375 0.08515625 0.0859375
1 0.69375 0.70625 0.0859375 0.0859375
1 0.6984375 0.58515625 0.11015625 0.11015625
1 0.696875 0.47578125 0.09765625 0.0984375
1 0.6890625 0.3703125 0.09765625 0.0984375
1 0.6921875 0.28046875 0.109375 0.11015625
1 0.6921875 0.1515625 0.0859375 0.0859375
1 0.6078125 0.09921875 0.09765625 0.0984375
1 0.6109375 0.21015625 0.109375 0.11015625
1 0.603125 0.31328125 0.09765625 0.09765625
1 0.6046875 0.42421875 0.109375 0.11015625
1 0.59921875 0.5140625 0.11015625 0.11015625
1 0.59453125 0.6296875 0.09765625 0.0984375
1 0.13984375 0.1359375 0.0859375 0.0859375
1 0.14453125 0.2484375 0.0859375 0.0859375
1 0.1328125 0.3578125 0.0859375 0.0859375
1 0.13671875 0.471875 0.0859375 0.0859375
1 0.13515625 0.5875 0.08515625 0.0859375
0 0.1296875 0.6859375 0.0609375 0.06171875
1 0.1234375 0.8046875 0.09765625 0.09765625
1 0.2078125 0.721875 0.121875 0.1234375
1 0.2140625 0.63203125 0.109375 0.1109375
3 0.2203125 0.51875 0.0859375 0.0859375
1 0.22578125 0.396875 0.09765625 0.09765625
1 0.221875 0.275 0.08515625 0.0859375
1 0.2296875 0.090625 0.08515625 0.0859375
1 0.30625 0.1515625 0.08515625 0.08671875
1 0.3109375 0.25703125 0.08515625 0.0859375
2 0.39765625 0.50703125 0.0484375 0.0484375
1 0.3046875 0.47734375 0.0859375 0.0859375
1 0.3109375 0.58125 0.121875 0.1234375
1 0.3078125 0.69453125 0.121875 0.1234375
1 0.3078125 0.8015625 0.09765625 0.0984375
1 0.3984375 0.74765625 0.09765625 0.0984375
1 0.40078125 0.6359375 0.121875 0.1234375
1 0.49140625 0.68671875 0.09765625 0.0984375
1 0.4984375 0.7921875 0.0859375 0.0859375
1 0.5015625 0.55546875 0.09765625 0.0984375
1 0.5015625 0.45390625 0.09765625 0.0984375
1 0.496875 0.35 0.09765625 0.0984375
1 0.51171875 0.24921875 0.09765625 0.0984375
1 0.515625 0.1296875 0.09765625 0.09765625
1 0.4171875 0.0984375 0.121875 0.1234375
1 0.4171875 0.2015625 0.09765625 0.0984375
1 0.60078125 0.7484375 0.09765625 0.09765625
1 0.69609375 0.81171875 0.08515625 0.0859375
2 0.896875 0.8171875 0.0484375 0.0484375
1 0.115625 0.91796875 0.09765625 0.09765625
1 0.20859375 0.8546875 0.121875 0.1234375
1 0.30625 0.921875 0.09765625 0.09765625
1 0.39765625 0.8609375 0.09765625 0.0984375
1 0.4875 0.91328125 0.09765625 0.09765625
1 0.5953125 0.8765625 0.09765625 0.0984375
1 0.69140625 0.9078125 0.09765625 0.09765625
1 0.7875 0.75703125 0.08515625 0.08671875
1 0.78046875 0.86015625 0.0734375 0.0734375
1 0.91171875 0.925 0.0734375 0.0734375
1 0.403125 0.403125 0.08515625 0.0859375