2 0.06171875 0.18046875 0.0734375 0.07421875
2 0.43125 0.16171875 0.0484375 0.05
2 0.3453125 0.17421875 0.0609375 0.06171875
2 0.5046875 0.88046875 0.06171875 0.06171875
2 0.596875 0.959375 0.0484375 0.0484375
2 0.6015625 0.840625 0.0484375 0.05
2 0.34375 0.8625 0.0609375 0.06171875
2 0.0640625 0.93671875 0.0484375 0.0484375
2 0.24765625 0.9203125 0.06171875 0.06171875
2 0.69453125 0.88984375 0.0484375 0.05
2 0.0671875 0.81171875 0.0609375 0.06171875
2 0.7046875 0.65546875 0.0734375 0.0734375
2 0.70625 0.7671875 0.0734375 0.0734375
2 0.7046875 0.41953125 0.06171875 0.06171875
2 0.60546875 0.721875 0.0609375 0.06171875
2 0.71015625 0.1984375 0.0484375 0.05
2 0.7046875 0.54375 0.0609375 0.06171875
1 0.61875 0.584375 0.0359375 0.0375
2 0.2609375 0.62421875 0.0609375 0.06171875
2 0.346875 0.38203125 0.0609375 0.06171875
2 0.43125 0.2859375 0.0609375 0.06171875
2 0.35 0.26875 0.0609375 0.06171875
2 0.1765625 0.4421875 0.0484375 0.0484375
2 0.065625 0.5078125 0.0375 0.0375
2 0.17578125 0.3484375 0.0484375 0.0484375
2 0.353125 0.4765625 0.0484375 0.0484375
2 0.265625 0.5140625 0.0609375 0.0609375
2 0.5203125 0.228125 0.06171875 0.06171875
2 0.065625 0.39375 0.0734375 0.07421875
2 0.26875 0.43671875 0.06171875 0.06171875
2 0.0640625 0.72421875 0.0609375 0.06171875
2 0.421875 0.5078125 0.0484375 0.0484375
2 0.33671875 0.76484375 0.0484375 0.0484375
2 0.05625 0.62109375 0.0484375 0.0484375
2 0.25625 0.71171875 0.0734375 0.07421875
2 0.065625 0.2921875 0.0734375 0.07421875
2 0.71015625 0.08671875 0.0609375 0.06171875
2 0.7890625 0.0515625 0.0484375 0.0484375
2 0.77890625 0.84296875 0.06171875 0.06171875
2 0.7859375 0.5015625 0.0609375 0.06171875
2 0.8890625 0.88359375 0.0484375 0.0484375
2 0.89375 0.775 0.0609375 0.06171875
2 0.89375 0.446875 0.0609375 0.06171875
2 0.89140625 0.5640625 0.0609375 0.06171875
2 0.8953125 0.67265625 0.0609375 0.06171875
2 0.78515625 0.2671875 0.0484375 0.05
2 0.78828125 0.62734375 0.0609375 0.06171875
2 0.78359375 0.94765625 0.06171875 0.06171875
2 0.18671875 0.06953125 0.06171875 0.06171875
2 0.07109375 0.0765625 0.0484375 0.0484375
2 0.5265625 0.1078125 0.06171875 0.06171875
2 0.78984375 0.7296875 0.0359375 0.0375
2 0.50703125 0.80078125 0.0359375 0.0375
2 0.521875 0.67890625 0.0375 0.0359375
2 0.42109375 0.8109375 0.0484375 0.0484375
2 0.43046875 0.92265625 0.0375 0.0375
2 0.3453125 0.671875 0.0375 0.0375
2 0.25625 0.81953125 0.0484375 0.0484375
2 0.17265625 0.875 0.0484375 0.0484375
2 0.18046875 0.66328125 0.0484375 0.0484375
2 0.896875 0.1015625 0.0375 0.0375
2 0.8984375 0.2203125 0.0375 0.0375
2 0.89765625 0.3375 0.0375 0.0375
2 0.7859375 0.40625 0.0484375 0.0484375
2 0.70859375 0.321875 0.0359375 0.0375
2 0.78984375 0.16328125 0.0484375 0.0484375
2 0.4359375 0.0578125 0.0484375 0.05
2 0.52109375 0.32734375 0.0359375 0.0359375
2 0.6203125 0.14375 0.0375 0.0375
2 0.35 0.05625 0.0484375 0.05
2 0.42109375 0.38984375 0.0375 0.0375
2 0.26953125 0.03359375 0.0484375 0.05
2 0.2640625 0.1375 0.06171875 0.06171875
2 0.2671875 0.21796875 0.0484375 0.0484375
2 0.26953125 0.3 0.0484375 0.0484375
2 0.178125 0.2375 0.0484375 0.0484375
2 0.1828125 0.14453125 0.0484375 0.0484375
2 0.6140625 0.47421875 0.0359375 0.0359375
2 0.51640625 0.56875 0.0375 0.0375
2 0.3484375 0.578125 0.0484375 0.0484375
2 0.425 0.609375 0.0375 0.0375
2 0.17734375 0.52890625 0.02421875 0.02421875
2 0.184375 0.75859375 0.02421875 0.02421875