2 0.08671875 0.85 0.06171875 0.06171875
2 0.0921875 0.6296875 0.0484375 0.05
2 0.10078125 0.0828125 0.0484375 0.0484375
2 0.0953125 0.18828125 0.06171875 0.06171875
2 0.0984375 0.30234375 0.06171875 0.06171875
2 0.0921875 0.5171875 0.0609375 0.06171875
2 0.0953125 0.403125 0.0609375 0.06171875
2 0.17109375 0.4828125 0.0484375 0.0484375
2 0.76953125 0.16171875 0.0609375 0.06171875
2 0.85078125 0.23046875 0.08515625 0.0859375
2 0.7765625 0.37890625 0.0484375 0.0484375
2 0.85078125 0.44140625 0.0484375 0.0484375
2 0.77578125 0.26875 0.06171875 0.06171875
2 0.17890625 0.14296875 0.04765625 0.05
2 0.590625 0.0640625 0.0484375 0.05
2 0.27890625 0.19609375 0.0734375 0.07421875
2 0.39921875 0.05703125 0.06171875 0.06171875
2 0.478125 0.10859375 0.0484375 0.0484375
2 0.6734375 0.22890625 0.06171875 0.06171875
2 0.284375 0.084375 0.0609375 0.06171875
2 0.1765625 0.371875 0.0734375 0.0734375
2 0.284375 0.41640625 0.06171875 0.06171875
2 0.67265625 0.11640625 0.0484375 0.05
2 0.16796875 0.93203125 0.0609375 0.06171875
2 0.275 0.87734375 0.0609375 0.06171875
2 0.3921875 0.909375 0.0609375 0.06171875
2 0.1671875 0.69765625 0.0484375 0.05
2 0.95 0.49609375 0.0484375 0.0484375
2 0.95 0.61484375 0.0609375 0.06171875
2 0.9515625 0.38984375 0.0484375 0.0484375
2 0.95078125 0.946875 0.06171875 0.06171875
2 0.94921875 0.709375 0.0609375 0.06171875
2 0.96015625 0.82890625 0.0734375 0.0734375
1 0.85546875 0.11640625 0.09765625 0.09765625
1 0.9484375 0.25703125 0.08515625 0.0859375
2 0.7578125 0.0484375 0.0484375 0.0484375
2 0.41328125 0.17421875 0.0484375 0.05
1 0.1828125 0.04765625 0.0359375 0.0375
1 0.17890625 0.25 0.08515625 0.0859375
2 0.8609375 0.31953125 0.0609375 0.06171875
2 0.8609375 0.546875 0.0375 0.0375
2 0.4734375 0.20859375 0.0484375 0.05
2 0.47890625 0.53984375 0.02421875 0.02421875
2 0.47578125 0.33515625 0.02421875 0.02421875
2 0.278125 0.53203125 0.0375 0.0375
2 0.4015625 0.50703125 0.0359375 0.0375
2 0.28203125 0.28359375 0.02421875 0.02421875
2 0.57734375 0.94375 0.0484375 0.0484375
2 0.4671875 0.87109375 0.02421875 0.025
2 0.471875 0.7640625 0.0375 0.0375
2 0.39765625 0.7171875 0.0375 0.0375
2 0.39140625 0.81328125 0.0609375 0.06171875
2 0.28046875 0.6515625 0.0375 0.0375
2 0.2796875 0.76875 0.0375 0.0375
2 0.16796875 0.83671875 0.0484375 0.0484375
2 0.090625 0.753125 0.0359375 0.0375
2 0.171875 0.59375 0.0484375 0.0484375
2 0.39375 0.61015625 0.0375 0.0375