1 0.865625 0.253125 0.0734375 0.07421875
1 0.86875 0.146875 0.0859375 0.0859375
1 0.87109375 0.04375 0.0859375 0.0859375
1 0.771875 0.0875 0.109375 0.11015625
1 0.77421875 0.19296875 0.09765625 0.0984375
1 0.68828125 0.140625 0.121875 0.1234375
1 0.684375 0.23984375 0.11015625 0.11015625
1 0.58046875 0.19453125 0.11015625 0.11015625
1 0.58359375 0.0796875 0.11015625 0.11015625
1 0.49296875 0.1453125 0.09765625 0.0984375
1 0.49921875 0.2625 0.109375 0.11015625
1 0.39375 0.2125 0.121875 0.1234375
1 0.3921875 0.0875 0.121875 0.121875
1 0.30234375 0.15546875 0.121875 0.1234375
1 0.30234375 0.26484375 0.121875 0.1234375
1 0.1921875 0.2 0.109375 0.11015625
1 0.2078125 0.09609375 0.109375 0.11015625
1 0.10234375 0.146875 0.121875 0.1234375
1 0.11015625 0.2546875 0.121875 0.1234375
1 0.0984375 0.8 0.11015625 0.11015625
1 0.09453125 0.684375 0.11015625 0.1109375
1 0.10625 0.5796875 0.11015625 0.1109375
1 0.1 0.359375 0.121875 0.1234375
1 0.1921875 0.4390625 0.121875 0.1234375
1 0.19453125 0.31953125 0.121875 0.1234375
1 0.10859375 0.4703125 0.11015625 0.11015625
1 0.19609375 0.53828125 0.109375 0.11015625
1 0.196875 0.6546875 0.121875 0.1234375
1 0.2046875 0.7453125 0.11015625 0.1109375
1 0.29921875 0.3859375 0.121875 0.121875
1 0.29921875 0.478125 0.121875 0.1234375
1 0.2984375 0.584375 0.121875 0.1234375
1 0.2859375 0.690625 0.109375 0.11015625
1 0.29453125 0.7875 0.121875 0.1234375
1 0.47578125 0.37109375 0.121875 0.1234375
1 0.48125 0.47890625 0.121875 0.121875
1 0.3859375 0.534375 0.11015625 0.11015625
1 0.3875 0.4234375 0.11015625 0.11015625
1 0.4 0.3109375 0.11015625 0.11015625
1 0.4703125 0.59453125 0.121875 0.121875
1 0.39140625 0.675 0.121875 0.1234375
1 0.3953125 0.7765625 0.121875 0.1234375
1 0.48984375 0.6765625 0.11015625 0.11015625
1 0.578125 0.63984375 0.109375 0.11015625
1 0.58515625 0.51796875 0.109375 0.11015625
1 0.57734375 0.4171875 0.109375 0.11015625
1 0.58203125 0.31015625 0.109375 0.11015625
1 0.68125 0.35625 0.121875 0.1234375
1 0.67734375 0.46875 0.121875 0.1234375
1 0.6796875 0.5734375 0.109375 0.11015625
1 0.68671875 0.66953125 0.109375 0.11015625
3 0.66875 0.80390625 0.121875 0.121875
1 0.76640625 0.7546875 0.109375 0.11015625
1 0.7703125 0.634375 0.11015625 0.11015625
1 0.7671875 0.5328125 0.11015625 0.11015625
1 0.77421875 0.41484375 0.11015625 0.1109375
1 0.77109375 0.3109375 0.11015625 0.1109375
1 0.86328125 0.3578125 0.109375 0.1109375
1 0.865625 0.46875 0.109375 0.1109375
1 0.85859375 0.57734375 0.09765625 0.09765625
1 0.865625 0.6921875 0.09765625 0.0984375
1 0.8640625 0.81015625 0.11015625 0.11015625
1 0.86015625 0.9109375 0.09765625 0.0984375
1 0.765625 0.8546875 0.09765625 0.0984375
3 0.6734375 0.90390625 0.09765625 0.0984375
1 0.5859375 0.86640625 0.09765625 0.0984375
1 0.4796875 0.9265625 0.121875 0.1234375