2 0.7484375 0.7078125 0.06171875 0.06171875
2 0.7375 0.59453125 0.06171875 0.06171875
2 0.54296875 0.82265625 0.0609375 0.06171875
2 0.3625 0.81875 0.0734375 0.07421875
2 0.459375 0.66484375 0.06171875 0.06171875
2 0.05390625 0.7640625 0.06171875 0.06171875
2 0.26796875 0.7390625 0.0734375 0.07421875
2 0.43828125 0.8703125 0.0484375 0.0484375
2 0.06171875 0.42265625 0.0609375 0.06171875
2 0.5421875 0.725 0.0609375 0.06171875
2 0.35859375 0.5953125 0.0734375 0.07421875
2 0.1640625 0.8046875 0.0484375 0.0484375
2 0.26640625 0.86796875 0.0734375 0.0734375
2 0.16875 0.69609375 0.0609375 0.06171875
2 0.4484375 0.76953125 0.06171875 0.0609375
2 0.26953125 0.6390625 0.0609375 0.06171875
2 0.16875 0.36796875 0.0609375 0.06171875
2 0.2859375 0.4 0.0609375 0.06171875
2 0.1671875 0.48515625 0.0609375 0.06171875
2 0.17109375 0.59296875 0.0609375 0.06171875
2 0.36640625 0.6953125 0.0734375 0.07421875
2 0.0609375 0.18828125 0.0484375 0.05
2 0.06328125 0.5484375 0.0609375 0.06171875
2 0.059375 0.86875 0.06171875 0.06171875
2 0.1625 0.9265625 0.06171875 0.06171875
2 0.84375 0.1046875 0.0609375 0.06171875
2 0.84453125 0.43671875 0.06171875 0.06171875
2 0.9375 0.1546875 0.0484375 0.05
2 0.84296875 0.2 0.0609375 0.06171875
2 0.84453125 0.5453125 0.0609375 0.06171875
2 0.83359375 0.778125 0.06171875 0.06171875
2 0.85390625 0.31875 0.0734375 0.0734375
2 0.83359375 0.88046875 0.06171875 0.06171875
2 0.92890625 0.5953125 0.0609375 0.06171875
2 0.92890625 0.70390625 0.0484375 0.05
2 0.928125 0.7984375 0.0484375 0.05
2 0.91796875 0.92421875 0.0484375 0.05
2 0.8453125 0.66640625 0.0484375 0.05
2 0.64765625 0.65625 0.0375 0.0375
2 0.63671875 0.76171875 0.0484375 0.0484375
2 0.6375 0.8890625 0.0375 0.0375
2 0.534375 0.93828125 0.0359375 0.0375
1 0.3546875 0.91796875 0.0734375 0.07421875
2 0.2765625 0.528125 0.0484375 0.0484375
2 0.06484375 0.65 0.0359375 0.0375
2 0.7546875 0.0375 0.0375 0.0375
2 0.37265625 0.0296875 0.02421875 0.02421875
2 0.171875 0.02265625 0.0375 0.0375
2 0.93359375 0.04609375 0.0375 0.0375
2 0.93359375 0.27578125 0.0484375 0.05
2 0.9375 0.38125 0.0484375 0.0484375
2 0.93203125 0.4859375 0.06171875 0.06171875
2 0.4703125 0.43359375 0.0484375 0.0484375
2 0.546875 0.59765625 0.0375 0.0375
2 0.4625 0.54609375 0.02421875 0.02421875
2 0.359375 0.48515625 0.0484375 0.05
2 0.3609375 0.3609375 0.02421875 0.025
2 0.365625 0.25390625 0.0375 0.0375
2 0.290625 0.20703125 0.0375 0.0375
2 0.28515625 0.303125 0.0609375 0.06171875
2 0.1734375 0.14140625 0.0375 0.0375
2 0.17265625 0.25859375 0.0375 0.0375
2 0.06171875 0.32734375 0.0484375 0.0484375
2 0.065625 0.084375 0.0484375 0.0484375
2 0.2875 0.10078125 0.0375 0.0375