1 0.92734375 0.20625 0.11015625 0.11015625
1 0.92734375 0.09765625 0.121875 0.1234375
1 0.84140625 0.14765625 0.11015625 0.11015625
1 0.8296875 0.240625 0.09765625 0.0984375
3 0.740625 0.19609375 0.121875 0.121875
1 0.73359375 0.1015625 0.121875 0.1234375
1 0.6453125 0.1390625 0.121875 0.121875
1 0.64453125 0.240625 0.09765625 0.0984375
1 0.5421875 0.2015625 0.09765625 0.0984375
1 0.534375 0.096875 0.09765625 0.0984375
1 0.4546875 0.1515625 0.109375 0.11015625
1 0.35390625 0.19609375 0.121875 0.1234375
1 0.3515625 0.07109375 0.109375 0.11015625
1 0.2671875 0.16015625 0.121875 0.1234375
1 0.9265625 0.33203125 0.121875 0.1234375
1 0.83515625 0.3671875 0.121875 0.1234375
1 0.071875 0.14921875 0.121875 0.1234375
1 0.16484375 0.09296875 0.11015625 0.1109375
1 0.17734375 0.2125 0.11015625 0.1109375
1 0.07421875 0.259375 0.109375 0.11015625
1 0.0828125 0.353125 0.121875 0.1234375
1 0.07265625 0.4734375 0.121875 0.1234375
1 0.0734375 0.6 0.121875 0.1234375
1 0.065625 0.70390625 0.11015625 0.11015625
1 0.0671875 0.8140625 0.121875 0.1234375
1 0.1703125 0.75234375 0.109375 0.11015625
1 0.17578125 0.64375 0.09765625 0.09765625
1 0.16640625 0.5390625 0.121875 0.1234375
1 0.1671875 0.43125 0.121875 0.1234375
1 0.165625 0.31875 0.09765625 0.0984375
1 0.2671875 0.25703125 0.11015625 0.11015625
1 0.3578125 0.29921875 0.109375 0.11015625
1 0.3578125 0.4171875 0.11015625 0.11015625
1 0.2625 0.3734375 0.11015625 0.11015625
1 0.26875 0.46953125 0.11015625 0.11015625
1 0.2625 0.590625 0.121875 0.1234375
1 0.25859375 0.69921875 0.121875 0.1234375
1 0.25703125 0.8171875 0.109375 0.11015625
1 0.3640625 0.74296875 0.121875 0.1234375
1 0.35703125 0.64765625 0.121875 0.1234375
1 0.359375 0.51484375 0.09765625 0.0984375
1 0.4515625 0.2625 0.109375 0.11015625
1 0.44765625 0.3765625 0.121875 0.121875
1 0.446875 0.48828125 0.121875 0.1234375
1 0.4484375 0.58984375 0.121875 0.1234375
1 0.44453125 0.69453125 0.121875 0.1234375
1 0.440625 0.8125 0.121875 0.1234375
1 0.540625 0.7640625 0.121875 0.1234375
1 0.540625 0.64921875 0.121875 0.1234375
1 0.54609375 0.534375 0.121875 0.121875
1 0.54609375 0.425 0.121875 0.121875
1 0.5375 0.321875 0.09765625 0.0984375
1 0.6453125 0.359375 0.121875 0.1234375
1 0.64765625 0.475 0.121875 0.1234375
1 0.64375 0.584375 0.121875 0.121875
1 0.64375 0.6953125 0.121875 0.1234375
1 0.64296875 0.80859375 0.121875 0.1234375
1 0.73671875 0.77578125 0.121875 0.121875
1 0.74921875 0.6578125 0.09765625 0.0984375
1 0.7390625 0.5546875 0.121875 0.1234375
1 0.7453125 0.42578125 0.121875 0.1234375
1 0.75078125 0.30078125 0.121875 0.1234375
1 0.8328125 0.4875 0.121875 0.1234375
1 0.8265625 0.5875 0.121875 0.1234375
1 0.834375 0.70703125 0.121875 0.1234375
1 0.91953125 0.75703125 0.121875 0.1234375
1 0.92734375 0.6453125 0.121875 0.1234375
1 0.92265625 0.52734375 0.121875 0.1234375
1 0.92578125 0.425 0.09765625 0.09765625
1 0.82578125 0.79609375 0.08515625 0.08671875
1 0.928125 0.8578125 0.109375 0.11015625
1 0.828125 0.9171875 0.09765625 0.0984375
1 0.7296875 0.91640625 0.09765625 0.0984375
1 0.64140625 0.91953125 0.09765625 0.0984375
1 0.53203125 0.86796875 0.09765625 0.0984375
1 0.4484375 0.915625 0.09765625 0.0984375
1 0.371875 0.92109375 0.121875 0.1234375
1 0.25625 0.91015625 0.09765625 0.09765625
1 0.1703125 0.85546875 0.09765625 0.09765625
1 0.06796875 0.91953125 0.11015625 0.11015625