1 0.87421875 0.07578125 0.109375 0.11015625
1 0.78203125 0.13203125 0.11015625 0.11015625
1 0.68984375 0.071875 0.11015625 0.11015625
1 0.596875 0.1296875 0.109375 0.11015625
3 0.50625 0.075 0.109375 0.11015625
1 0.4 0.1203125 0.11015625 0.1109375
1 0.3125 0.06953125 0.09765625 0.09765625
1 0.21640625 0.1265625 0.0734375 0.07421875
1 0.125 0.0671875 0.09765625 0.0984375
1 0.1171875 0.628125 0.109375 0.11015625
1 0.1203125 0.50859375 0.11015625 0.11015625
1 0.11796875 0.40703125 0.11015625 0.11015625
1 0.12421875 0.2890625 0.11015625 0.1109375
1 0.121875 0.184375 0.11015625 0.1109375
1 0.2140625 0.23125 0.109375 0.1109375
1 0.215625 0.34296875 0.109375 0.1109375
1 0.209375 0.4515625 0.09765625 0.09765625
1 0.215625 0.565625 0.09765625 0.0984375
1 0.2140625 0.684375 0.11015625 0.11015625
1 0.3078125 0.7328125 0.09765625 0.0984375
1 0.31328125 0.63203125 0.09765625 0.09765625
1 0.3015625 0.5171875 0.109375 0.1109375
1 0.3171875 0.39765625 0.121875 0.1234375
1 0.315625 0.28203125 0.0734375 0.07421875
1 0.3078125 0.18828125 0.09765625 0.0984375
1 0.40078125 0.2484375 0.121875 0.1234375
1 0.40078125 0.34453125 0.11015625 0.11015625
1 0.39765625 0.446875 0.09765625 0.09765625
1 0.39453125 0.5671875 0.109375 0.1109375
1 0.3984375 0.684375 0.109375 0.11015625
1 0.50625 0.625 0.109375 0.1109375
1 0.49296875 0.5171875 0.11015625 0.11015625
1 0.4953125 0.4 0.11015625 0.11015625
1 0.50078125 0.2984375 0.11015625 0.11015625
1 0.50078125 0.17734375 0.109375 0.11015625
1 0.59375 0.2359375 0.109375 0.11015625
1 0.58984375 0.3421875 0.109375 0.11015625
1 0.59375 0.43828125 0.09765625 0.0984375
1 0.5953125 0.575 0.11015625 0.11015625
1 0.5921875 0.6828125 0.11015625 0.1109375
1 0.4890625 0.7359375 0.11015625 0.1109375
1 0.68671875 0.73515625 0.09765625 0.09765625
1 0.6796875 0.6296875 0.109375 0.11015625
1 0.6859375 0.51484375 0.109375 0.11015625
1 0.68671875 0.40390625 0.109375 0.11015625
1 0.6796875 0.284375 0.09765625 0.0984375
1 0.6890625 0.178125 0.09765625 0.0984375
1 0.7875 0.23515625 0.09765625 0.0984375
1 0.7796875 0.34921875 0.09765625 0.0984375
1 0.78203125 0.45546875 0.09765625 0.0984375
1 0.78203125 0.56953125 0.109375 0.11015625
1 0.77734375 0.68125 0.109375 0.11015625
1 0.8765625 0.73515625 0.11015625 0.11015625
1 0.89609375 0.6234375 0.0734375 0.0734375
1 0.871875 0.5125 0.09765625 0.0984375
1 0.878125 0.4015625 0.09765625 0.0984375
1 0.88203125 0.2953125 0.11015625 0.11015625
1 0.87421875 0.1796875 0.09765625 0.09765625
1 0.88125 0.85703125 0.109375 0.11015625
1 0.778125 0.78984375 0.109375 0.11015625
1 0.7765625 0.896875 0.109375 0.11015625
1 0.68203125 0.8484375 0.11015625 0.11015625
1 0.59375 0.790625 0.09765625 0.0984375
1 0.59765625 0.9015625 0.09765625 0.09765625
1 0.48828125 0.8421875 0.109375 0.1109375
1 0.39921875 0.78203125 0.109375 0.1109375
1 0.3921875 0.89765625 0.109375 0.11015625
1 0.30078125 0.84140625 0.09765625 0.0984375
1 0.3046875 0.94609375 0.09765625 0.0984375
1 0.2109375 0.784375 0.09765625 0.0984375
1 0.2046875 0.88984375 0.11015625 0.11015625
1 0.11640625 0.72890625 0.09765625 0.0984375
1 0.115625 0.8390625 0.109375 0.11015625