2 0.28359375 0.57109375 0.06171875 0.06171875
2 0.37578125 0.64921875 0.0484375 0.0484375
2 0.38125 0.53046875 0.0484375 0.05
2 0.1234375 0.553125 0.0609375 0.06171875
2 0.4734375 0.58046875 0.0484375 0.05
2 0.48359375 0.34609375 0.0734375 0.0734375
2 0.4859375 0.4578125 0.0734375 0.0734375
2 0.48359375 0.11015625 0.06171875 0.06171875
2 0.384375 0.4125 0.0609375 0.06171875
2 0.484375 0.23359375 0.0609375 0.06171875
1 0.39765625 0.27421875 0.0359375 0.0375
2 0.03984375 0.31484375 0.0609375 0.06171875
2 0.12578125 0.07265625 0.0609375 0.06171875
2 0.1328125 0.1671875 0.0484375 0.0484375
2 0.0453125 0.20390625 0.0609375 0.0609375
2 0.0484375 0.12734375 0.06171875 0.06171875
2 0.2015625 0.1984375 0.0484375 0.0484375
2 0.11640625 0.4546875 0.0484375 0.0484375
2 0.86640625 0.5875 0.0734375 0.07421875
2 0.96328125 0.434375 0.06171875 0.06171875
2 0.5578125 0.53359375 0.06171875 0.06171875
2 0.771875 0.50859375 0.0734375 0.07421875
2 0.9421875 0.63984375 0.0484375 0.0484375
2 0.565625 0.1921875 0.0609375 0.06171875
2 0.8625 0.365625 0.0734375 0.07421875
2 0.66796875 0.57421875 0.0484375 0.0484375
2 0.7703125 0.6375 0.0734375 0.0734375
2 0.67265625 0.465625 0.0609375 0.06171875
2 0.95234375 0.5390625 0.06171875 0.0609375
2 0.7734375 0.40859375 0.0609375 0.06171875
2 0.67265625 0.1375 0.0609375 0.06171875
2 0.78984375 0.16953125 0.0609375 0.06171875
2 0.67109375 0.2546875 0.0609375 0.06171875
2 0.675 0.3625 0.0609375 0.06171875
2 0.8703125 0.46484375 0.0734375 0.07421875
2 0.5671875 0.31796875 0.0609375 0.06171875
2 0.56328125 0.63828125 0.06171875 0.06171875
2 0.121875 0.78359375 0.06171875 0.06171875
2 0.37421875 0.853125 0.0734375 0.07421875
2 0.284375 0.784375 0.06171875 0.06171875
2 0.128125 0.6875 0.0609375 0.0609375
2 0.1203125 0.878125 0.06171875 0.06171875
2 0.47265625 0.7984375 0.0484375 0.0484375
2 0.47734375 0.690625 0.0484375 0.05
2 0.19296875 0.840625 0.0734375 0.07421875
2 0.28203125 0.671875 0.0484375 0.0484375
2 0.19375 0.71484375 0.0609375 0.0609375
2 0.38125 0.74453125 0.0609375 0.06171875
2 0.940625 0.85390625 0.06171875 0.06171875
2 0.771875 0.746875 0.06171875 0.06171875
2 0.93984375 0.7515625 0.06171875 0.06171875
2 0.66640625 0.69609375 0.06171875 0.06171875
1 0.85859375 0.6875 0.0734375 0.07421875
2 0.8578125 0.80859375 0.0375 0.0375
2 0.7703125 0.83671875 0.0484375 0.05
2 0.6671875 0.87734375 0.0484375 0.05
2 0.78046875 0.29765625 0.0484375 0.0484375
2 0.56875 0.4203125 0.0359375 0.0375
2 0.56875 0.74765625 0.0484375 0.05
2 0.478125 0.878125 0.0484375 0.0484375
2 0.28671875 0.49140625 0.0359375 0.0375
2 0.30078125 0.36953125 0.0375 0.0359375
2 0.2 0.50078125 0.0484375 0.0484375
2 0.21015625 0.61328125 0.0375 0.0375
2 0.125 0.3625 0.0375 0.0375
2 0.03515625 0.509375 0.0484375 0.0484375
2 0.975 0.203125 0.0484375 0.0484375
2 0.96640625 0.315625 0.02421875 0.02421875
2 0.86328125 0.2546875 0.0484375 0.05
2 0.86484375 0.13125 0.02421875 0.025
2 0.86875 0.0234375 0.0375 0.0375
2 0.7890625 0.07265625 0.0609375 0.06171875
2 0.6765625 0.028125 0.0375 0.0375
2 0.565625 0.096875 0.0484375 0.0484375
2 0.2 0.0796875 0.0375 0.0375
2 0.39296875 0.16484375 0.0359375 0.0359375
2 0.29609375 0.25859375 0.0375 0.0375
2 0.128125 0.26875 0.0484375 0.0484375
2 0.20390625 0.3 0.0375 0.0375