1 0.0890625 0.1359375 0.109375 0.11015625
1 0.0953125 0.23203125 0.109375 0.11015625
3 0.07734375 0.36640625 0.121875 0.121875
1 0.17578125 0.3171875 0.109375 0.11015625
1 0.17890625 0.196875 0.11015625 0.11015625
1 0.1765625 0.0953125 0.11015625 0.11015625
1 0.2671875 0.13984375 0.09765625 0.09765625
1 0.27421875 0.2546875 0.09765625 0.0984375
1 0.27265625 0.37265625 0.11015625 0.11015625
1 0.36640625 0.42109375 0.09765625 0.0984375
1 0.371875 0.3203125 0.09765625 0.09765625
1 0.36015625 0.20625 0.109375 0.1109375
1 0.37578125 0.0859375 0.121875 0.1234375
1 0.45625 0.1359375 0.09765625 0.09765625
1 0.453125 0.25625 0.109375 0.1109375
1 0.45703125 0.37265625 0.109375 0.11015625
1 0.5640625 0.31328125 0.109375 0.1109375
1 0.5515625 0.20546875 0.11015625 0.11015625
1 0.55390625 0.08828125 0.11015625 0.11015625
1 0.65234375 0.1265625 0.09765625 0.0984375
1 0.65390625 0.26328125 0.11015625 0.11015625
1 0.65078125 0.37109375 0.11015625 0.1109375
1 0.54765625 0.425 0.11015625 0.1109375
1 0.7453125 0.4234375 0.09765625 0.09765625
1 0.73828125 0.31796875 0.109375 0.11015625
1 0.74375 0.20390625 0.109375 0.11015625
1 0.7453125 0.0921875 0.109375 0.11015625
1 0.840625 0.14375 0.09765625 0.0984375
1 0.840625 0.25859375 0.109375 0.11015625
1 0.8359375 0.36953125 0.109375 0.11015625
1 0.93515625 0.4234375 0.11015625 0.11015625
1 0.9546875 0.31171875 0.0734375 0.0734375
1 0.93046875 0.20078125 0.09765625 0.0984375
1 0.93671875 0.090625 0.09765625 0.0984375
1 0.9390625 0.5453125 0.109375 0.11015625
1 0.9359375 0.6453125 0.109375 0.11015625
1 0.93828125 0.74375 0.09765625 0.0984375
1 0.9328125 0.865625 0.109375 0.11015625
1 0.83671875 0.478125 0.109375 0.11015625
1 0.83515625 0.58515625 0.109375 0.11015625
1 0.83671875 0.7 0.09765625 0.0984375
1 0.83359375 0.8046875 0.11015625 0.1109375
1 0.84765625 0.915625 0.09765625 0.09765625
1 0.740625 0.53671875 0.11015625 0.11015625
1 0.7453125 0.646875 0.09765625 0.09765625
1 0.7390625 0.753125 0.09765625 0.09765625
1 0.740625 0.86875 0.09765625 0.09765625
1 0.65234375 0.47890625 0.09765625 0.0984375
1 0.65625 0.58984375 0.09765625 0.09765625
1 0.65703125 0.696875 0.09765625 0.09765625
1 0.64921875 0.92734375 0.109375 0.11015625
1 0.646875 0.81015625 0.109375 0.11015625
1 0.546875 0.53046875 0.109375 0.1109375
1 0.5421875 0.640625 0.109375 0.1109375
1 0.546875 0.74921875 0.109375 0.11015625
1 0.5453125 0.875 0.121875 0.1234375
1 0.4578125 0.4703125 0.109375 0.1109375
1 0.4515625 0.58671875 0.109375 0.11015625
1 0.45390625 0.68671875 0.11015625 0.11015625
1 0.44609375 0.79765625 0.11015625 0.11015625
1 0.45546875 0.88046875 0.0734375 0.0734375
1 0.359375 0.5296875 0.09765625 0.0984375
1 0.36328125 0.634375 0.09765625 0.0984375
1 0.3609375 0.7484375 0.09765625 0.0984375
1 0.35703125 0.8609375 0.11015625 0.11015625
1 0.26953125 0.4734375 0.09765625 0.0984375
1 0.26328125 0.57890625 0.11015625 0.11015625
1 0.25859375 0.696875 0.109375 0.11015625
1 0.265625 0.81171875 0.109375 0.11015625
1 0.175 0.4171875 0.09765625 0.0984375
1 0.1734375 0.528125 0.109375 0.11015625
1 0.175 0.63515625 0.109375 0.11015625
1 0.17265625 0.7484375 0.109375 0.11015625
3 0.0828125 0.46640625 0.09765625 0.0984375
1 0.08515625 0.575 0.11015625 0.11015625
1 0.0828125 0.6984375 0.11015625 0.11015625
1 0.0765625 0.809375 0.11015625 0.11015625
1 0.07578125 0.91484375 0.11015625 0.11015625
1 0.1671875 0.85859375 0.11015625 0.11015625
1 0.26875 0.92265625 0.109375 0.11015625