2 0.21796875 0.54140625 0.0484375 0.05
2 0.3125 0.61953125 0.0484375 0.05
2 0.21015625 0.77265625 0.0484375 0.05
2 0.1046875 0.61015625 0.0375 0.0359375
2 0.3109375 0.7140625 0.0359375 0.0359375
2 0.303125 0.871875 0.0484375 0.05
2 0.203125 0.909375 0.0484375 0.0484375
2 0.3078125 0.953125 0.0484375 0.0484375
2 0.3921875 0.9703125 0.0359375 0.0375
2 0.7671875 0.77890625 0.06171875 0.06171875
1 0.596875 0.128125 0.09765625 0.09765625
1 0.60078125 0.21640625 0.09765625 0.0984375
1 0.4984375 0.28359375 0.09765625 0.0984375
1 0.51171875 0.16484375 0.0859375 0.0859375
1 0.5046875 0.059375 0.0859375 0.0859375
1 0.4109375 0.10625 0.09765625 0.0984375
1 0.4046875 0.221875 0.09765625 0.0984375
1 0.41171875 0.32890625 0.08515625 0.08671875
1 0.315625 0.17109375 0.11015625 0.11015625
1 0.3140625 0.053125 0.09765625 0.0984375
1 0.2171875 0.11640625 0.109375 0.11015625
1 0.2125 0.221875 0.109375 0.11015625
1 0.1171875 0.16640625 0.09765625 0.0984375
1 0.12421875 0.05703125 0.09765625 0.0984375
2 0.11640625 0.27734375 0.0484375 0.0484375
1 0.3171875 0.284375 0.0609375 0.06171875
1 0.225 0.33515625 0.0484375 0.0484375
1 0.70625 0.15078125 0.11015625 0.11015625
1 0.69921875 0.28203125 0.09765625 0.0984375
1 0.596875 0.33125 0.0859375 0.0859375
1 0.69765625 0.39375 0.11015625 0.11015625
1 0.790625 0.33203125 0.08515625 0.0859375
1 0.79375 0.23125 0.09765625 0.0984375
1 0.7921875 0.1125 0.09765625 0.0984375
1 0.8921875 0.16875 0.0859375 0.0859375
1 0.8953125 0.26796875 0.09765625 0.0984375
1 0.89140625 0.38984375 0.09765625 0.0984375
1 0.88125 0.496875 0.09765625 0.0984375
1 0.8828125 0.6 0.09765625 0.0984375
1 0.8875 0.71796875 0.09765625 0.0984375
1 0.79140625 0.43671875 0.08515625 0.08671875
2 0.68125 0.49375 0.0484375 0.05
1 0.60078125 0.4515625 0.09765625 0.0984375
2 0.87578125 0.9453125 0.0359375 0.0375
2 0.7953125 0.8796875 0.0359375 0.0375
2 0.6921875 0.934375 0.0375 0.0375
2 0.10078125 0.81875 0.0375 0.0375
1 0.11328125 0.4890625 0.0484375 0.05
1 0.22421875 0.44140625 0.0359375 0.0375
1 0.3265625 0.3875 0.0359375 0.0375
2 0.22265625 0.64765625 0.0484375 0.05
2 0.41328125 0.7859375 0.0359375 0.0359375
1 0.39453125 0.565625 0.0484375 0.0484375
1 0.40703125 0.4453125 0.0484375 0.0484375
1 0.4890625 0.4734375 0.0375 0.0375
2 0.48046875 0.62109375 0.0375 0.0375
2 0.62890625 0.578125 0.0375 0.0375
2 0.67890625 0.70390625 0.0359375 0.0375
2 0.7875 0.559375 0.0375 0.0375
2 0.59765625 0.7640625 0.0375 0.0375
2 0.6921875 0.80546875 0.02421875 0.02421875
2 0.38359375 0.665625 0.0359375 0.0375
2 0.10078125 0.9296875 0.0359375 0.0375
2 0.54140625 0.88125 0.0359375 0.0359375
2 0.88203125 0.83125 0.0375 0.0375
1 0.50625 0.3921875 0.09765625 0.09765625