2 0.5171875 0.403125 0.0734375 0.0734375
2 0.61171875 0.465625 0.0734375 0.0734375
2 0.5203125 0.2875 0.0609375 0.0609375
2 0.7046875 0.184375 0.0734375 0.07421875
2 0.42109375 0.13125 0.0734375 0.07421875
2 0.696875 0.39375 0.0734375 0.0734375
2 0.6140625 0.1296875 0.06171875 0.06171875
2 0.61875 0.2234375 0.0609375 0.06171875
2 0.7921875 0.4890625 0.0859375 0.0859375
2 0.70234375 0.52421875 0.0734375 0.0734375
2 0.79375 0.3609375 0.0734375 0.07421875
2 0.7953125 0.584375 0.08515625 0.0859375
2 0.6984375 0.825 0.0734375 0.07421875
2 0.69609375 0.9578125 0.0734375 0.0734375
2 0.69375 0.7171875 0.0734375 0.07421875
2 0.80234375 0.8796875 0.0734375 0.0734375
2 0.7 0.63125 0.0734375 0.07421875
2 0.89296875 0.5203125 0.0734375 0.07421875
2 0.89140625 0.425 0.0609375 0.06171875
1 0.784375 0.6859375 0.09765625 0.09765625
1 0.78671875 0.7671875 0.08515625 0.0859375
1 0.88203125 0.93671875 0.0859375 0.0859375
1 0.88984375 0.85078125 0.09765625 0.0984375
1 0.88828125 0.74140625 0.121875 0.1234375
1 0.8890625 0.6375 0.109375 0.11015625
3 0.61015625 0.34609375 0.06171875 0.06171875
1 0.60703125 0.5875 0.08515625 0.0859375
1 0.60859375 0.678125 0.0859375 0.0859375
1 0.59921875 0.77734375 0.08515625 0.0859375
1 0.60546875 0.88984375 0.0859375 0.0859375
1 0.521875 0.50859375 0.08515625 0.08671875
1 0.51640625 0.6359375 0.0859375 0.0859375
1 0.5140625 0.72265625 0.0859375 0.0859375
1 0.50703125 0.83125 0.08515625 0.0859375
1 0.5109375 0.9453125 0.0859375 0.0859375
1 0.41484375 0.3453125 0.09765625 0.09765625
1 0.42109375 0.46640625 0.09765625 0.0984375
1 0.41875 0.57109375 0.11015625 0.11015625
1 0.4125 0.6734375 0.09765625 0.0984375
1 0.41015625 0.78515625 0.109375 0.1109375
1 0.40390625 0.896875 0.11015625 0.11015625
1 0.3109375 0.9453125 0.09765625 0.09765625
1 0.31875 0.84296875 0.0859375 0.0859375
1 0.31484375 0.721875 0.08515625 0.0859375
1 0.31953125 0.609375 0.08515625 0.0859375
1 0.328125 0.50625 0.0859375 0.0859375
1 0.31875 0.38203125 0.08515625 0.0859375
1 0.2359375 0.3265625 0.0859375 0.0859375
1 0.2296875 0.45859375 0.121875 0.121875
1 0.23359375 0.56171875 0.121875 0.1234375
1 0.22578125 0.67109375 0.121875 0.1234375
1 0.225 0.78203125 0.121875 0.1234375
1 0.2203125 0.90078125 0.11015625 0.11015625
1 0.11953125 0.825 0.121875 0.1234375
1 0.1203125 0.72265625 0.121875 0.1234375
1 0.1359375 0.61328125 0.121875 0.1234375
1 0.13671875 0.50390625 0.09765625 0.09765625
1 0.1375 0.346875 0.121875 0.1234375
2 0.8 0.13359375 0.0484375 0.0484375
2 0.79609375 0.23828125 0.0484375 0.0484375
1 0.7046875 0.2796875 0.0734375 0.07421875
1 0.525 0.16875 0.08515625 0.0859375
1 0.42265625 0.225 0.08515625 0.0859375
1 0.33046875 0.278125 0.08515625 0.08671875
1 0.3390625 0.1859375 0.09765625 0.09765625
1 0.24375 0.115625 0.0859375 0.0859375
1 0.2359375 0.21796875 0.09765625 0.09765625
1 0.1265625 0.1703125 0.08515625 0.0859375
1 0.128125 0.2671875 0.0859375 0.0859375