2 0.115625 0.3765625 0.0484375 0.05
2 0.1140625 0.47109375 0.0359375 0.0359375
2 0.10546875 0.628125 0.0484375 0.05
2 0.11015625 0.71015625 0.0484375 0.0484375
2 0.096875 0.79375 0.0484375 0.0484375
2 0.19453125 0.72734375 0.0359375 0.0375
2 0.56953125 0.5359375 0.06171875 0.06171875
1 0.2140625 0.08515625 0.08515625 0.08671875
1 0.1203125 0.04140625 0.0609375 0.06171875
1 0.02734375 0.0921875 0.0484375 0.0484375
1 0.39921875 0.0875 0.0859375 0.0859375
1 0.50078125 0.15078125 0.11015625 0.11015625
1 0.59296875 0.0890625 0.08515625 0.0859375
1 0.69453125 0.146875 0.09765625 0.0984375
1 0.78828125 0.0859375 0.121875 0.1234375
1 0.87734375 0.1484375 0.121875 0.1234375
1 0.878125 0.253125 0.11015625 0.11015625
1 0.87578125 0.36875 0.11015625 0.11015625
1 0.87578125 0.47734375 0.121875 0.121875
1 0.87578125 0.59296875 0.121875 0.121875
1 0.78203125 0.2 0.109375 0.11015625
1 0.778125 0.29765625 0.09765625 0.0984375
1 0.7890625 0.41171875 0.09765625 0.0984375
1 0.7859375 0.528125 0.09765625 0.0984375
1 0.7828125 0.653125 0.09765625 0.0984375
1 0.68359375 0.253125 0.09765625 0.0984375
1 0.6859375 0.35703125 0.09765625 0.0984375
1 0.690625 0.475 0.09765625 0.0984375
1 0.59453125 0.19375 0.08515625 0.08671875
2 0.484375 0.25078125 0.0484375 0.05
1 0.403125 0.20859375 0.09765625 0.0984375
1 0.86328125 0.9 0.0859375 0.0859375
1 0.875 0.8109375 0.0859375 0.0859375
1 0.88203125 0.7 0.0859375 0.0859375
1 0.790625 0.75234375 0.09765625 0.0984375
2 0.5953125 0.8546875 0.0609375 0.06171875
2 0.59296875 0.7546875 0.0484375 0.05
2 0.76953125 0.96875 0.0484375 0.0484375
2 0.60234375 0.9515625 0.0375 0.0359375
2 0.678125 0.70234375 0.0359375 0.0375
2 0.5984375 0.63671875 0.0359375 0.0375
2 0.4953125 0.69140625 0.0375 0.0375
2 0.39765625 0.74453125 0.0375 0.0359375
2 0.29765625 0.79140625 0.0359375 0.0359375
2 0.27578125 0.915625 0.0359375 0.0375
2 0.3921875 0.86796875 0.0359375 0.0359375
2 0.5109375 0.81015625 0.0484375 0.05
2 0.51171875 0.89921875 0.0375 0.0359375
2 0.77265625 0.8625 0.0484375 0.0484375
2 0.6796875 0.8 0.0484375 0.0484375
2 0.68046875 0.9015625 0.0359375 0.0375
1 0.0265625 0.1984375 0.0359375 0.0375
1 0.1296875 0.14453125 0.0359375 0.0375
2 0.025 0.4046875 0.0484375 0.05
2 0.21640625 0.5421875 0.0359375 0.0359375
1 0.196875 0.321875 0.0484375 0.0484375
1 0.21015625 0.20234375 0.0484375 0.0484375
1 0.2921875 0.23046875 0.0375 0.0375
2 0.2828125 0.378125 0.0375 0.0375
2 0.43125 0.33515625 0.0375 0.0375
2 0.48203125 0.4609375 0.0359375 0.0375
2 0.58984375 0.31640625 0.0375 0.0375
2 0.4 0.5203125 0.0375 0.0375
2 0.49453125 0.56171875 0.02421875 0.02421875
2 0.1859375 0.42265625 0.0359375 0.0375
2 0.10078125 0.9390625 0.02421875 0.025
2 0.18203125 0.9390625 0.0359375 0.0375
2 0.34453125 0.63828125 0.0359375 0.0359375
2 0.684375 0.5875 0.0375 0.0375
1 0.30859375 0.14921875 0.09765625 0.09765625