2 0.3140625 0.31171875 0.08515625 0.0859375
2 0.39921875 0.46171875 0.08515625 0.0859375
2 0.48203125 0.6296875 0.0734375 0.0734375
2 0.88515625 0.05234375 0.06171875 0.06171875
1 0.95546875 0.91796875 0.08515625 0.0859375
1 0.8703125 0.85078125 0.11015625 0.11015625
1 0.86875 0.74140625 0.09765625 0.0984375
1 0.8609375 0.6359375 0.09765625 0.0984375
1 0.8640625 0.54609375 0.109375 0.11015625
1 0.8640625 0.4171875 0.0859375 0.0859375
1 0.8734375 0.30859375 0.08515625 0.0859375
1 0.7796875 0.36484375 0.09765625 0.0984375
1 0.7828125 0.47578125 0.109375 0.11015625
1 0.775 0.57890625 0.09765625 0.09765625
1 0.7765625 0.68984375 0.109375 0.11015625
1 0.77109375 0.7796875 0.11015625 0.11015625
1 0.76640625 0.8953125 0.09765625 0.0984375
1 0.11015625 0.3015625 0.08515625 0.0859375
1 0.1109375 0.3953125 0.121875 0.121875
1 0.10703125 0.5140625 0.121875 0.1234375
1 0.11328125 0.6171875 0.0859375 0.0859375
1 0.10703125 0.734375 0.121875 0.1234375
1 0.10390625 0.8390625 0.121875 0.1234375
1 0.196875 0.9015625 0.121875 0.1234375
1 0.2 0.77890625 0.121875 0.121875
1 0.2046875 0.67890625 0.121875 0.1234375
1 0.2015625 0.565625 0.121875 0.1234375
1 0.21015625 0.45390625 0.08515625 0.08671875
1 0.20546875 0.32734375 0.08515625 0.0859375
1 0.31171875 0.4015625 0.0859375 0.0859375
1 0.31640625 0.5140625 0.0859375 0.0859375
1 0.3046875 0.6234375 0.0859375 0.0859375
1 0.30859375 0.7375 0.0859375 0.0859375
1 0.30703125 0.853125 0.08515625 0.0859375
0 0.3015625 0.9515625 0.0609375 0.06171875
1 0.3859375 0.89765625 0.109375 0.1109375
3 0.3921875 0.784375 0.0859375 0.0859375
1 0.39765625 0.6625 0.09765625 0.09765625
1 0.39375 0.540625 0.08515625 0.0859375
1 0.4015625 0.35625 0.08515625 0.0859375
1 0.4859375 0.30078125 0.08515625 0.0859375
1 0.478125 0.4171875 0.08515625 0.08671875
1 0.4828125 0.52265625 0.08515625 0.0859375
2 0.56953125 0.77265625 0.0484375 0.0484375
1 0.4765625 0.74296875 0.0859375 0.0859375
1 0.4828125 0.846875 0.121875 0.1234375
1 0.57265625 0.9015625 0.121875 0.1234375
1 0.6734375 0.82109375 0.09765625 0.0984375
1 0.6734375 0.71953125 0.09765625 0.0984375
1 0.66875 0.615625 0.09765625 0.0984375
1 0.68359375 0.51484375 0.09765625 0.0984375
1 0.6875 0.3953125 0.09765625 0.09765625
1 0.68203125 0.3046875 0.08515625 0.0859375
1 0.5890625 0.3640625 0.121875 0.1234375
1 0.5890625 0.4671875 0.09765625 0.0984375
1 0.575 0.66875 0.08515625 0.0859375
2 0.221875 0.053125 0.0484375 0.05
2 0.0328125 0.05390625 0.0484375 0.0484375