2 0.2515625 0.64609375 0.0734375 0.0734375
2 0.06015625 0.17421875 0.06171875 0.06171875
2 0.26484375 0.11953125 0.0609375 0.06171875
2 0.15390625 0.075 0.06171875 0.06171875
2 0.1515625 0.17890625 0.06171875 0.06171875
2 0.34609375 0.70859375 0.0734375 0.0734375
2 0.2546875 0.53046875 0.0609375 0.0609375
2 0.4390625 0.428125 0.0734375 0.07421875
2 0.06953125 0.08125 0.06171875 0.06171875
2 0.15546875 0.37421875 0.0734375 0.07421875
2 0.2609375 0.19609375 0.06171875 0.06171875
2 0.43125 0.6375 0.0734375 0.0734375
2 0.3484375 0.37265625 0.06171875 0.06171875
2 0.353125 0.46640625 0.0609375 0.06171875
2 0.3484375 0.06328125 0.0609375 0.06171875
2 0.353125 0.15859375 0.0609375 0.06171875
2 0.5265625 0.7328125 0.0859375 0.0859375
2 0.534375 0.12421875 0.06171875 0.06171875
2 0.45078125 0.11015625 0.06171875 0.06171875
2 0.43671875 0.7671875 0.0734375 0.0734375
2 0.45703125 0.18671875 0.0484375 0.05
2 0.540625 0.2078125 0.0484375 0.05
2 0.528125 0.6046875 0.0734375 0.07421875
2 0.5296875 0.82734375 0.08515625 0.0859375
2 0.428125 0.96015625 0.0734375 0.07421875
2 0.434375 0.87421875 0.0734375 0.07421875
2 0.61015625 0.1734375 0.0484375 0.0484375
2 0.62734375 0.7640625 0.0734375 0.07421875
2 0.6203125 0.07109375 0.0484375 0.0484375
2 0.62578125 0.66875 0.0609375 0.06171875
2 0.82109375 0.67265625 0.08515625 0.0859375
1 0.51875 0.92890625 0.09765625 0.09765625
1 0.6234375 0.88046875 0.109375 0.11015625
3 0.34453125 0.5890625 0.06171875 0.06171875
1 0.34140625 0.83125 0.08515625 0.0859375
1 0.34296875 0.92109375 0.0859375 0.0859375
1 0.25625 0.7515625 0.08515625 0.08671875
1 0.25078125 0.87890625 0.0859375 0.0859375
1 0.14921875 0.5890625 0.09765625 0.09765625
1 0.15546875 0.709375 0.09765625 0.0984375
1 0.153125 0.8140625 0.11015625 0.11015625
1 0.146875 0.91640625 0.09765625 0.0984375
1 0.05390625 0.85234375 0.08515625 0.0859375
1 0.0625 0.74921875 0.0859375 0.0859375
1 0.053125 0.625 0.08515625 0.0859375
2 0.534375 0.3765625 0.0484375 0.0484375
2 0.53046875 0.48125 0.0484375 0.0484375
1 0.4390625 0.52265625 0.0734375 0.07421875
1 0.259375 0.4125 0.08515625 0.0859375
1 0.15703125 0.46796875 0.08515625 0.0859375
1 0.06484375 0.52109375 0.08515625 0.08671875
1 0.0734375 0.42890625 0.09765625 0.09765625
1 0.82109375 0.871875 0.121875 0.1234375
1 0.73046875 0.8296875 0.109375 0.1109375
1 0.91484375 0.94375 0.109375 0.1109375