2 0.78671875 0.2734375 0.0734375 0.07421875
2 0.71640625 0.12265625 0.06171875 0.06171875
2 0.7828125 0.71328125 0.06171875 0.06171875
2 0.50859375 0.65546875 0.0859375 0.0859375
2 0.88046875 0.13203125 0.08515625 0.0859375
1 0.87578125 0.87578125 0.11015625 0.1109375
1 0.87578125 0.77421875 0.0859375 0.0859375
1 0.8796875 0.67265625 0.0734375 0.07421875
1 0.88203125 0.55546875 0.08515625 0.0859375
1 0.88125 0.4328125 0.08515625 0.0859375
1 0.8796875 0.33125 0.0859375 0.0859375
1 0.89296875 0.23125 0.11015625 0.11015625
1 0.790625 0.17734375 0.0859375 0.08671875
1 0.7921875 0.38359375 0.0859375 0.0859375
1 0.7875 0.496875 0.09765625 0.09765625
1 0.7859375 0.609375 0.08515625 0.0859375
1 0.7828125 0.83125 0.11015625 0.11015625
1 0.68671875 0.8796875 0.11015625 0.11015625
1 0.6890625 0.76640625 0.109375 0.11015625
1 0.690625 0.65078125 0.11015625 0.11015625
1 0.7 0.534375 0.09765625 0.0984375
1 0.7078125 0.4359375 0.109375 0.11015625
1 0.703125 0.35078125 0.109375 0.11015625
1 0.70859375 0.2265625 0.11015625 0.1109375
1 0.61640625 0.17890625 0.121875 0.1234375
1 0.6140625 0.2875 0.11015625 0.11015625
1 0.6046875 0.3859375 0.11015625 0.11015625
1 0.60234375 0.503125 0.11015625 0.11015625
1 0.5953125 0.60234375 0.0859375 0.0859375
1 0.609375 0.7171875 0.109375 0.1109375
1 0.60625 0.8109375 0.09765625 0.09765625
1 0.5015625 0.8640625 0.0859375 0.08671875
1 0.50078125 0.76484375 0.0859375 0.0859375
1 0.50234375 0.56171875 0.11015625 0.11015625
1 0.509375 0.434375 0.11015625 0.1109375
1 0.52421875 0.3234375 0.09765625 0.0984375
1 0.51953125 0.2234375 0.09765625 0.09765625
1 0.4109375 0.17109375 0.09765625 0.0984375
1 0.4125 0.278125 0.0859375 0.0859375
1 0.4234375 0.37578125 0.09765625 0.09765625
1 0.42109375 0.4890625 0.109375 0.11015625
1 0.415625 0.5953125 0.109375 0.1109375
1 0.41328125 0.709375 0.109375 0.1109375
3 0.415625 0.8390625 0.08515625 0.0859375
1 0.321875 0.86640625 0.09765625 0.09765625
1 0.31640625 0.7609375 0.0859375 0.0859375
1 0.31328125 0.6515625 0.09765625 0.0984375
1 0.3171875 0.540625 0.09765625 0.09765625
1 0.32421875 0.43125 0.109375 0.1109375
1 0.321875 0.3296875 0.09765625 0.09765625
1 0.33359375 0.234375 0.08515625 0.0859375
1 0.321875 0.153125 0.08515625 0.0859375
1 0.19921875 0.15 0.0859375 0.0859375
1 0.1921875 0.3859375 0.09765625 0.0984375
1 0.2015625 0.4984375 0.09765625 0.09765625
1 0.196875 0.60234375 0.09765625 0.0984375
1 0.1984375 0.6890625 0.09765625 0.0984375
1 0.19609375 0.81875 0.08515625 0.0859375
1 0.10546875 0.871875 0.0859375 0.0859375
1 0.1109375 0.7515625 0.11015625 0.11015625
1 0.109375 0.6421875 0.09765625 0.0984375
1 0.1015625 0.53671875 0.09765625 0.0984375
1 0.1046875 0.446875 0.109375 0.11015625
1 0.1046875 0.3171875 0.0859375 0.0859375
1 0.1140625 0.209375 0.08515625 0.0859375
1 0.2 0.9234375 0.08515625 0.08671875
3 0.4140625 0.921875 0.0859375 0.0859375
1 0.59609375 0.94375 0.08515625 0.0859375
1 0.7796875 0.9359375 0.109375 0.1109375