2 0.06328125 0.13046875 0.0484375 0.05
2 0.1578125 0.20859375 0.0484375 0.05
2 0.05546875 0.36171875 0.0484375 0.05
2 0.15703125 0.303125 0.0359375 0.0359375
2 0.1484375 0.46015625 0.0484375 0.05
2 0.04375 0.68125 0.0609375 0.0609375
2 0.0484375 0.4984375 0.0484375 0.0484375
2 0.153125 0.5421875 0.0484375 0.0484375
2 0.13984375 0.62578125 0.0484375 0.0484375
2 0.2375 0.559375 0.0359375 0.0375
2 0.6125 0.36796875 0.06171875 0.06171875
1 0.92109375 0.08515625 0.11015625 0.11015625
1 0.91875 0.20078125 0.11015625 0.11015625
1 0.91875 0.309375 0.121875 0.121875
1 0.91875 0.425 0.121875 0.121875
1 0.82109375 0.1296875 0.09765625 0.0984375
1 0.83203125 0.24375 0.09765625 0.0984375
1 0.82890625 0.36015625 0.09765625 0.0984375
1 0.8265625 0.48515625 0.09765625 0.0984375
1 0.7265625 0.08515625 0.09765625 0.0984375
1 0.728125 0.1890625 0.09765625 0.0984375
1 0.73359375 0.30703125 0.09765625 0.0984375
2 0.52734375 0.0828125 0.0484375 0.05
1 0.90625 0.7328125 0.0859375 0.0859375
1 0.91796875 0.6421875 0.0859375 0.0859375
1 0.925 0.53203125 0.0859375 0.0859375
1 0.834375 0.584375 0.09765625 0.0984375
2 0.6390625 0.68671875 0.0609375 0.06171875
2 0.6359375 0.58671875 0.0484375 0.05
2 0.89765625 0.85390625 0.0234375 0.02421875
2 0.89140625 0.95703125 0.0484375 0.0484375
2 0.8125 0.80078125 0.0484375 0.0484375
2 0.81171875 0.91640625 0.02421875 0.02421875
2 0.71953125 0.85390625 0.0359375 0.0359375
2 0.71953125 0.98359375 0.02421875 0.02421875
2 0.6453125 0.78359375 0.0375 0.0359375
2 0.6484375 0.903125 0.0484375 0.05
2 0.55546875 0.8265625 0.0359375 0.0359375
2 0.72109375 0.534375 0.0359375 0.0375
2 0.64140625 0.46875 0.0359375 0.0375
2 0.53828125 0.5234375 0.0375 0.0375
2 0.440625 0.5765625 0.0375 0.0359375
2 0.340625 0.6234375 0.0359375 0.0359375
2 0.31875 0.7484375 0.0359375 0.0375
2 0.43515625 0.7 0.0359375 0.0359375
2 0.55390625 0.6421875 0.0484375 0.05
2 0.5546875 0.73125 0.0375 0.0359375
2 0.815625 0.69453125 0.0484375 0.0484375
2 0.72265625 0.63203125 0.0484375 0.0484375
2 0.7234375 0.73359375 0.0359375 0.0375
1 0.06953125 0.03046875 0.0359375 0.0375
2 0.06875 0.23671875 0.0484375 0.05
2 0.259375 0.37421875 0.0359375 0.0359375
1 0.240625 0.1546875 0.0484375 0.0484375
1 0.253125 0.034375 0.0484375 0.0484375
1 0.33515625 0.0625 0.0375 0.0375
2 0.3265625 0.21015625 0.0375 0.0375
2 0.475 0.1671875 0.0375 0.0375
2 0.525 0.29296875 0.0359375 0.0375
2 0.6328125 0.1484375 0.0375 0.0375
2 0.44375 0.35234375 0.0375 0.0375
2 0.5375 0.39375 0.02421875 0.02421875
2 0.22890625 0.2546875 0.0359375 0.0375
2 0.0546875 0.5921875 0.0375 0.0375
2 0.14375 0.771875 0.02421875 0.025
2 0.225 0.771875 0.0359375 0.0375
2 0.3875 0.4703125 0.0359375 0.0359375
2 0.72734375 0.4203125 0.0375 0.0375
2 0.065625 0.95234375 0.0359375 0.0375
2 0.21875 0.95234375 0.0375 0.0375