2 0.46484375 0.83671875 0.0484375 0.05
2 0.29375 0.621875 0.0609375 0.06171875
2 0.08984375 0.72734375 0.0484375 0.05
2 0.2921875 0.84921875 0.0484375 0.05
2 0.18671875 0.678125 0.0734375 0.0734375
2 0.37421875 0.78671875 0.06171875 0.06171875
2 0.08984375 0.6125 0.0609375 0.06171875
2 0.38125 0.56875 0.0484375 0.0484375
2 0.18671875 0.89453125 0.0484375 0.0484375
1 0.0921875 0.06953125 0.11015625 0.11015625
1 0.0921875 0.18046875 0.11015625 0.11015625
1 0.0953125 0.29765625 0.121875 0.121875
1 0.09296875 0.40703125 0.09765625 0.0984375
1 0.18828125 0.11953125 0.11015625 0.11015625
1 0.18046875 0.2390625 0.09765625 0.0984375
1 0.1828125 0.353125 0.09765625 0.0984375
1 0.18046875 0.46328125 0.09765625 0.0984375
1 0.2796875 0.071875 0.109375 0.1109375
1 0.28125 0.18203125 0.109375 0.11015625
1 0.28828125 0.296875 0.121875 0.1234375
1 0.29921875 0.403125 0.11015625 0.11015625
1 0.3875 0.11015625 0.121875 0.1234375
1 0.38203125 0.2421875 0.121875 0.1234375
1 0.38203125 0.3546875 0.121875 0.1234375
1 0.47734375 0.1734375 0.121875 0.1234375
1 0.4671875 0.284375 0.121875 0.1234375
1 0.4734375 0.403125 0.109375 0.11015625
1 0.56484375 0.45390625 0.11015625 0.11015625
1 0.5609375 0.3375 0.11015625 0.1109375
1 0.57265625 0.23359375 0.11015625 0.1109375
1 0.65859375 0.09296875 0.121875 0.1234375
1 0.57578125 0.1234375 0.11015625 0.11015625
1 0.66328125 0.1921875 0.109375 0.11015625
1 0.66328125 0.3078125 0.121875 0.1234375
1 0.67109375 0.3984375 0.11015625 0.1109375
1 0.76640625 0.13203125 0.121875 0.1234375
1 0.76484375 0.2375 0.121875 0.1234375
1 0.753125 0.34453125 0.109375 0.11015625
1 0.7609375 0.440625 0.121875 0.1234375
1 0.853125 0.18828125 0.11015625 0.11015625
1 0.85390625 0.0765625 0.11015625 0.11015625
1 0.93671875 0.24765625 0.121875 0.121875
1 0.8578125 0.328125 0.121875 0.1234375
1 0.86171875 0.4296875 0.121875 0.1234375
1 0.9453125 0.6671875 0.09765625 0.0984375
1 0.94375 0.7796875 0.09765625 0.09765625
1 0.94140625 0.8859375 0.09765625 0.09765625
1 0.84296875 0.63203125 0.121875 0.1234375
1 0.75859375 0.6640625 0.11015625 0.1109375
1 0.66484375 0.71484375 0.121875 0.1234375
1 0.56171875 0.7796875 0.109375 0.11015625
1 0.65546875 0.82265625 0.09765625 0.0984375
1 0.7515625 0.77265625 0.09765625 0.09765625
1 0.5703125 0.88359375 0.109375 0.11015625
1 0.6609375 0.94765625 0.09765625 0.0984375
1 0.7484375 0.88515625 0.11015625 0.11015625
1 0.85234375 0.83515625 0.121875 0.1234375
2 0.46484375 0.71171875 0.0484375 0.0484375
1 0.0875 0.53828125 0.09765625 0.0984375
2 0.46796875 0.50703125 0.0484375 0.0484375
2 0.4640625 0.615625 0.0484375 0.0484375
2 0.3828125 0.675 0.0484375 0.05
2 0.30234375 0.715625 0.02421875 0.02421875
2 0.28828125 0.521875 0.0484375 0.0484375
2 0.3890625 0.45390625 0.0484375 0.0484375
1 0.18671875 0.56796875 0.0375 0.0359375
2 0.18828125 0.7875 0.0375 0.0375
2 0.378125 0.89765625 0.0484375 0.0484375
2 0.4640625 0.9390625 0.02421875 0.02421875
2 0.29140625 0.95234375 0.02421875 0.02421875
2 0.0953125 0.94609375 0.02421875 0.02421875
2 0.0953125 0.8328125 0.02421875 0.02421875