2 0.1875 0.840625 0.0484375 0.05
2 0.096875 0.790625 0.06171875 0.06171875
2 0.103125 0.571875 0.0484375 0.0484375
1 0.11015625 0.1140625 0.121875 0.1234375
1 0.1046875 0.24609375 0.121875 0.1234375
1 0.1046875 0.35859375 0.121875 0.1234375
1 0.2 0.178125 0.121875 0.1234375
1 0.18984375 0.28828125 0.121875 0.1234375
1 0.19609375 0.40703125 0.109375 0.11015625
1 0.2875 0.4578125 0.11015625 0.11015625
1 0.28359375 0.3421875 0.11015625 0.1109375
1 0.2953125 0.2375 0.11015625 0.1109375
1 0.38125 0.096875 0.121875 0.1234375
1 0.2984375 0.12734375 0.11015625 0.11015625
1 0.3859375 0.19609375 0.109375 0.11015625
1 0.3859375 0.31171875 0.121875 0.1234375
1 0.39375 0.40234375 0.11015625 0.1109375
1 0.4890625 0.1359375 0.121875 0.1234375
1 0.4875 0.24140625 0.121875 0.1234375
1 0.47578125 0.3484375 0.109375 0.11015625
1 0.48359375 0.44453125 0.121875 0.1234375
1 0.6703125 0.1359375 0.121875 0.121875
1 0.57578125 0.1921875 0.11015625 0.11015625
1 0.5765625 0.08046875 0.11015625 0.11015625
1 0.659375 0.2515625 0.121875 0.121875
1 0.58046875 0.33203125 0.121875 0.1234375
1 0.584375 0.43359375 0.121875 0.1234375
1 0.67890625 0.33359375 0.11015625 0.11015625
1 0.7671875 0.29765625 0.109375 0.11015625
1 0.77421875 0.175 0.109375 0.11015625
1 0.76640625 0.075 0.109375 0.11015625
1 0.86640625 0.12578125 0.121875 0.1234375
1 0.86875 0.23125 0.109375 0.11015625
1 0.87578125 0.3265625 0.109375 0.11015625
3 0.8578125 0.46171875 0.121875 0.121875
3 0.86328125 0.5609375 0.09765625 0.0984375
1 0.865625 0.66953125 0.11015625 0.11015625
1 0.8625 0.79375 0.11015625 0.11015625
1 0.85703125 0.90390625 0.11015625 0.11015625
1 0.775 0.52421875 0.09765625 0.0984375
1 0.7640625 0.61953125 0.09765625 0.0984375
1 0.759375 0.7375 0.09765625 0.0984375
1 0.66953125 0.584375 0.121875 0.1234375
1 0.66796875 0.67109375 0.09765625 0.0984375
1 0.665625 0.7828125 0.09765625 0.09765625
1 0.6640625 0.88984375 0.09765625 0.09765625
1 0.75859375 0.8390625 0.11015625 0.11015625
1 0.565625 0.6359375 0.121875 0.1234375
1 0.48125 0.66796875 0.11015625 0.1109375
1 0.3875 0.71875 0.121875 0.1234375
1 0.284375 0.78359375 0.109375 0.11015625
1 0.378125 0.8265625 0.09765625 0.0984375
1 0.475 0.7765625 0.09765625 0.09765625
1 0.29296875 0.8875 0.109375 0.11015625
1 0.47109375 0.8890625 0.11015625 0.11015625
1 0.575 0.8390625 0.121875 0.1234375
2 0.1875 0.715625 0.0484375 0.0484375
2 0.190625 0.5109375 0.0484375 0.0484375
2 0.18671875 0.61875 0.0484375 0.0484375
2 0.10546875 0.67890625 0.0484375 0.05
2 0.025 0.71953125 0.02421875 0.02421875
2 0.1109375 0.4578125 0.0484375 0.0484375
2 0.10078125 0.9015625 0.0484375 0.0484375
2 0.18671875 0.94296875 0.02421875 0.02421875
2 0.0140625 0.95625 0.02421875 0.02421875