2 0.2375 0.10703125 0.06171875 0.06171875
2 0.23125 0.51640625 0.0734375 0.07421875
2 0.065625 0.12421875 0.06171875 0.06171875
2 0.1609375 0.365625 0.06171875 0.06171875
2 0.22734375 0.95625 0.06171875 0.06171875
2 0.603125 0.22109375 0.06171875 0.06171875
2 0.325 0.375 0.08515625 0.0859375
1 0.896875 0.390625 0.0734375 0.07421875
1 0.89609375 0.49609375 0.0734375 0.07421875
1 0.89140625 0.60625 0.121875 0.1234375
1 0.8875 0.71171875 0.121875 0.1234375
1 0.89375 0.83125 0.109375 0.11015625
1 0.79921875 0.428125 0.121875 0.1234375
1 0.79765625 0.540625 0.11015625 0.11015625
1 0.7921875 0.64140625 0.09765625 0.0984375
1 0.8 0.75625 0.109375 0.11015625
1 0.78671875 0.875 0.121875 0.1234375
1 0.6953125 0.9125 0.09765625 0.0984375
1 0.6984375 0.8109375 0.11015625 0.11015625
1 0.7015625 0.69765625 0.11015625 0.11015625
1 0.6953125 0.59453125 0.109375 0.11015625
1 0.70859375 0.484375 0.121875 0.1234375
1 0.70859375 0.378125 0.0734375 0.07421875
1 0.61171875 0.425 0.0734375 0.07421875
1 0.61015625 0.5390625 0.0734375 0.07421875
1 0.6109375 0.63515625 0.09765625 0.0984375
1 0.60234375 0.74375 0.11015625 0.11015625
1 0.60078125 0.85703125 0.109375 0.11015625
1 0.51328125 0.90546875 0.0734375 0.0734375
1 0.51796875 0.80390625 0.11015625 0.11015625
1 0.52109375 0.68046875 0.121875 0.1234375
1 0.51953125 0.5765625 0.109375 0.11015625
1 0.5203125 0.48203125 0.09765625 0.0984375
1 0.51875 0.3734375 0.09765625 0.0984375
1 0.42265625 0.4265625 0.121875 0.1234375
1 0.4265625 0.51796875 0.121875 0.121875
1 0.42109375 0.62265625 0.11015625 0.11015625
1 0.4109375 0.73515625 0.11015625 0.1109375
1 0.4125 0.8546875 0.109375 0.11015625
1 0.3234375 0.915625 0.0734375 0.07421875
1 0.3265625 0.7984375 0.08515625 0.0859375
1 0.32578125 0.67578125 0.08515625 0.0859375
1 0.32421875 0.57421875 0.0859375 0.0859375
1 0.3375 0.47421875 0.11015625 0.11015625
1 0.23515625 0.4203125 0.0859375 0.08671875
1 0.2359375 0.6265625 0.0859375 0.0859375
1 0.23125 0.740625 0.09765625 0.09765625
1 0.2296875 0.85234375 0.08515625 0.0859375
1 0.13515625 0.89375 0.11015625 0.11015625
1 0.14453125 0.778125 0.09765625 0.0984375
1 0.15234375 0.67890625 0.109375 0.11015625
1 0.14765625 0.59453125 0.109375 0.11015625
1 0.153125 0.46953125 0.11015625 0.1109375
1 0.0578125 0.53046875 0.11015625 0.11015625
1 0.9125 0.18203125 0.09765625 0.0984375
1 0.9046875 0.0890625 0.109375 0.11015625
1 0.815625 0.134375 0.109375 0.11015625
1 0.71640625 0.165625 0.11015625 0.11015625
1 0.71796875 0.06484375 0.11015625 0.11015625
1 0.621875 0.13125 0.09765625 0.0984375
1 0.5265625 0.09609375 0.109375 0.11015625
1 0.52265625 0.19375 0.0859375 0.0859375
1 0.43671875 0.11953125 0.11015625 0.11015625
1 0.33125 0.07734375 0.08515625 0.0859375
1 0.33359375 0.184375 0.0734375 0.07421875
1 0.246875 0.18828125 0.0734375 0.07421875
1 0.153125 0.14375 0.09765625 0.0984375