2 0.19375 0.46171875 0.0734375 0.07421875
2 0.18984375 0.6703125 0.06171875 0.06171875
2 0.1125 0.92890625 0.06171875 0.06171875
2 0.55546875 0.784375 0.06171875 0.06171875
2 0.2765625 0.93828125 0.08515625 0.0859375
1 0.84921875 0.95390625 0.0734375 0.07421875
1 0.6609375 0.94140625 0.0734375 0.07421875
1 0.4703125 0.93671875 0.09765625 0.0984375
1 0.93828125 0.58359375 0.11015625 0.11015625
1 0.8640625 0.7453125 0.09765625 0.0984375
1 0.85625 0.653125 0.109375 0.11015625
1 0.8609375 0.53828125 0.121875 0.1234375
1 0.86015625 0.4171875 0.121875 0.1234375
1 0.86015625 0.30546875 0.121875 0.1234375
1 0.8609375 0.1875 0.0734375 0.07421875
1 0.76875 0.2484375 0.09765625 0.09765625
1 0.76484375 0.3765625 0.121875 0.1234375
1 0.765625 0.4734375 0.109375 0.11015625
1 0.76484375 0.58515625 0.109375 0.11015625
1 0.7671875 0.69765625 0.109375 0.11015625
1 0.66875 0.72890625 0.11015625 0.11015625
1 0.6703125 0.628125 0.11015625 0.11015625
1 0.67421875 0.51875 0.11015625 0.11015625
1 0.675 0.40546875 0.109375 0.11015625
1 0.67109375 0.2953125 0.109375 0.11015625
1 0.6734375 0.190625 0.09765625 0.09765625
1 0.57578125 0.246875 0.11015625 0.11015625
1 0.58203125 0.35703125 0.09765625 0.0984375
1 0.5734375 0.478125 0.09765625 0.0984375
1 0.575 0.58359375 0.11015625 0.11015625
1 0.57421875 0.69453125 0.09765625 0.0984375
1 0.48671875 0.19765625 0.11015625 0.11015625
1 0.47734375 0.3 0.11015625 0.11015625
1 0.47421875 0.415625 0.11015625 0.11015625
1 0.4828125 0.5171875 0.109375 0.11015625
1 0.478125 0.659375 0.109375 0.11015625
1 0.475 0.75703125 0.0859375 0.0859375
1 0.3875 0.25078125 0.109375 0.11015625
1 0.3859375 0.35703125 0.109375 0.11015625
1 0.38359375 0.4734375 0.109375 0.11015625
1 0.3796875 0.58515625 0.109375 0.11015625
1 0.3890625 0.6828125 0.11015625 0.11015625
1 0.2921875 0.30546875 0.09765625 0.0984375
1 0.284375 0.41171875 0.109375 0.11015625
1 0.28203125 0.51875 0.11015625 0.11015625
1 0.28359375 0.640625 0.08515625 0.0859375
1 0.2859375 0.7484375 0.0734375 0.07421875
1 0.196875 0.246875 0.08515625 0.0859375
1 0.18671875 0.3625 0.11015625 0.11015625
1 0.19609375 0.57421875 0.0734375 0.07421875
1 0.1984375 0.7515625 0.0734375 0.07421875
1 0.10703125 0.19453125 0.11015625 0.11015625
1 0.09296875 0.29375 0.11015625 0.11015625
1 0.09453125 0.396875 0.0734375 0.07421875
1 0.09453125 0.496875 0.0859375 0.0859375
1 0.10234375 0.5890625 0.0859375 0.0859375
1 0.10546875 0.7078125 0.09765625 0.0984375
1 0.8640625 0.07734375 0.121875 0.1234375
1 0.7609375 0.140625 0.109375 0.1109375
1 0.66796875 0.09296875 0.109375 0.1109375
1 0.57109375 0.1265625 0.11015625 0.11015625
1 0.48671875 0.08671875 0.11015625 0.11015625
1 0.3875 0.1359375 0.121875 0.121875
1 0.2890625 0.08046875 0.109375 0.11015625
1 0.28828125 0.18984375 0.109375 0.11015625
1 0.2015625 0.14765625 0.11015625 0.11015625
1 0.10859375 0.08828125 0.09765625 0.0984375