2 0.228125 0.15546875 0.0484375 0.0484375
2 0.303125 0.21796875 0.0484375 0.0484375
2 0.228125 0.0453125 0.06171875 0.06171875
2 0.29609375 0.88046875 0.06171875 0.06171875
2 0.40234375 0.27265625 0.0484375 0.0484375
2 0.40234375 0.39140625 0.0609375 0.06171875
2 0.403125 0.165625 0.0484375 0.0484375
2 0.403125 0.7234375 0.06171875 0.06171875
2 0.49609375 0.440625 0.0484375 0.05
2 0.4015625 0.4859375 0.0609375 0.06171875
2 0.403125 0.83125 0.0609375 0.06171875
2 0.4125 0.6046875 0.0734375 0.0734375
2 0.4875 0.88125 0.0609375 0.06171875
2 0.4046875 0.95234375 0.0484375 0.05
2 0.20625 0.9421875 0.0375 0.0375
1 0.8828125 0.8859375 0.109375 0.11015625
1 0.79453125 0.8421875 0.121875 0.1234375
1 0.78359375 0.94140625 0.11015625 0.1109375
1 0.69609375 0.8875 0.11015625 0.1109375
1 0.596875 0.925 0.0859375 0.0859375
1 0.59453125 0.06015625 0.109375 0.11015625
1 0.59453125 0.16953125 0.109375 0.11015625
1 0.596875 0.278125 0.11015625 0.11015625
1 0.5984375 0.37734375 0.11015625 0.11015625
1 0.5984375 0.48984375 0.11015625 0.11015625
1 0.69921875 0.43671875 0.09765625 0.0984375
1 0.6953125 0.32578125 0.09765625 0.0984375
1 0.6890625 0.2171875 0.109375 0.11015625
1 0.69609375 0.1046875 0.109375 0.11015625
1 0.78984375 0.153125 0.11015625 0.11015625
1 0.7921875 0.27421875 0.109375 0.11015625
1 0.78828125 0.378125 0.109375 0.11015625
1 0.79375 0.48984375 0.09765625 0.0984375
1 0.87421875 0.4390625 0.11015625 0.11015625
1 0.88203125 0.33359375 0.11015625 0.11015625
1 0.878125 0.21953125 0.11015625 0.11015625
1 0.87265625 0.1234375 0.11015625 0.11015625
1 0.88203125 0.55234375 0.109375 0.11015625
1 0.88125 0.66875 0.09765625 0.0984375
1 0.878125 0.77890625 0.109375 0.11015625
1 0.790625 0.61875 0.09765625 0.0984375
1 0.7921875 0.709375 0.09765625 0.09765625
1 0.68828125 0.55703125 0.11015625 0.11015625
1 0.6984375 0.6640625 0.09765625 0.09765625
1 0.69375 0.775 0.11015625 0.1109375
1 0.59296875 0.8171875 0.09765625 0.0984375
1 0.59296875 0.72734375 0.109375 0.1109375
1 0.6 0.6109375 0.11015625 0.1109375
2 0.31328125 0.09609375 0.0609375 0.06171875
2 0.31328125 0.3234375 0.0375 0.0375
2 0.4921875 0.33203125 0.0375 0.0375
2 0.4921875 0.56171875 0.0484375 0.05
2 0.49609375 0.6671875 0.0484375 0.0484375
2 0.490625 0.771875 0.06171875 0.06171875
2 0.4984375 0.10859375 0.0484375 0.0484375
2 0.49921875 0.209375 0.0484375 0.0484375
2 0.0296875 0.71953125 0.0484375 0.0484375
2 0.10546875 0.88359375 0.0375 0.0375
2 0.02109375 0.8328125 0.02421875 0.02421875