2 0.51640625 0.65546875 0.0734375 0.07421875
2 0.8859375 0.6359375 0.0484375 0.05
2 0.8 0.64921875 0.0609375 0.06171875
2 0.44921875 0.93359375 0.0484375 0.0484375
2 0.80078125 0.85703125 0.0609375 0.06171875
2 0.8859375 0.76015625 0.0609375 0.06171875
2 0.80390625 0.74375 0.0609375 0.06171875
2 0.44453125 0.81796875 0.06171875 0.06171875
2 0.63125 0.9171875 0.0484375 0.0484375
2 0.6296875 0.8234375 0.0484375 0.0484375
2 0.8078125 0.9515625 0.0484375 0.0484375
2 0.5203125 0.86796875 0.0734375 0.07421875
2 0.7234375 0.91171875 0.06171875 0.06171875
2 0.5203125 0.76640625 0.0734375 0.07421875
2 0.34296875 0.096875 0.0609375 0.06171875
2 0.0484375 0.246875 0.0859375 0.0859375
2 0.2453125 0.17421875 0.0609375 0.06171875
2 0.24375 0.2765625 0.0734375 0.07421875
2 0.1484375 0.0984375 0.0484375 0.0484375
2 0.2421875 0.91484375 0.0484375 0.05
2 0.3328125 0.8625 0.06171875 0.06171875
2 0.13125 0.9578125 0.0609375 0.06171875
2 0.134375 0.87734375 0.0609375 0.06171875
2 0.2390625 0.81640625 0.0375 0.0375
2 0.134375 0.75546875 0.0484375 0.05
2 0.34140625 0.7609375 0.0359375 0.0375
2 0.64140625 0.54453125 0.06171875 0.06171875
2 0.7953125 0.41875 0.06171875 0.06171875
2 0.7203125 0.225 0.0609375 0.06171875
2 0.525 0.55078125 0.0484375 0.0484375
2 0.62890625 0.35078125 0.0484375 0.05
2 0.8125 0.3234375 0.0609375 0.06171875
2 0.53046875 0.22109375 0.06171875 0.06171875
2 0.6265625 0.2359375 0.0484375 0.05
2 0.4515625 0.159375 0.0484375 0.05
2 0.81328125 0.11328125 0.0359375 0.0375
2 0.8125 0.19609375 0.0484375 0.0484375
2 0.90625 0.0890625 0.0609375 0.06171875
2 0.71796875 0.10625 0.0375 0.0375
2 0.6203125 0.15703125 0.0484375 0.0484375
2 0.6234375 0.053125 0.0375 0.0375
2 0.525 0.10390625 0.0484375 0.05
2 0.45234375 0.2515625 0.0484375 0.05
1 0.44765625 0.06015625 0.06171875 0.06171875
2 0.24921875 0.04765625 0.0609375 0.06171875
2 0.24765625 0.371875 0.02421875 0.025
2 0.3484375 0.31640625 0.0484375 0.0484375
2 0.34296875 0.1984375 0.0484375 0.05
2 0.5265625 0.32265625 0.0484375 0.05
2 0.71953125 0.32265625 0.0484375 0.05
2 0.89375 0.4046875 0.0359375 0.0375
2 0.88984375 0.5328125 0.0484375 0.05
2 0.975 0.80234375 0.0359375 0.0359375
2 0.80390625 0.53046875 0.0484375 0.05
2 0.875 0.8640625 0.0375 0.0375
2 0.7234375 0.50859375 0.0484375 0.05
2 0.71796875 0.61171875 0.06171875 0.06171875
2 0.721875 0.6921875 0.0484375 0.0484375
2 0.7234375 0.77421875 0.0484375 0.0484375
2 0.63203125 0.71171875 0.0484375 0.0484375
2 0.63671875 0.61875 0.0484375 0.0484375
2 0.63359375 0.4515625 0.0484375 0.05
2 0.521875 0.43671875 0.0484375 0.0484375
2 0.44765625 0.4796875 0.02421875 0.02421875
2 0.45234375 0.6046875 0.02421875 0.02421875
2 0.4546875 0.71953125 0.02421875 0.025
2 0.33828125 0.646875 0.02421875 0.02421875
2 0.33828125 0.40859375 0.02421875 0.02421875
2 0.0359375 0.7984375 0.02421875 0.02421875
2 0.0359375 0.90546875 0.0359375 0.0375
2 0.1421875 0.321875 0.0484375 0.0484375
2 0.1453125 0.43359375 0.0484375 0.0484375
2 0.03984375 0.6859375 0.0375 0.0359375
2 0.0453125 0.56953125 0.0484375 0.0484375
2 0.0453125 0.46484375 0.0484375 0.0484375
2 0.0515625 0.353125 0.0484375 0.0484375
2 0.15078125 0.21171875 0.02421875 0.02421875
2 0.246875 0.59296875 0.02421875 0.02421875
2 0.13046875 0.68046875 0.0359375 0.0375