2 0.24296875 0.33828125 0.0609375 0.06171875
2 0.325 0.40703125 0.08515625 0.0859375
2 0.25 0.55546875 0.0484375 0.0484375
2 0.32421875 0.61796875 0.0484375 0.0484375
2 0.24921875 0.44609375 0.06171875 0.06171875
2 0.2421875 0.109375 0.0484375 0.0484375
2 0.06640625 0.12578125 0.0484375 0.0484375
2 0.0640625 0.240625 0.0484375 0.05
2 0.146875 0.40546875 0.06171875 0.06171875
2 0.146875 0.29375 0.0484375 0.05
2 0.4234375 0.67265625 0.0484375 0.0484375
2 0.4234375 0.79140625 0.0609375 0.06171875
2 0.425 0.56640625 0.0484375 0.0484375
2 0.5171875 0.84140625 0.0484375 0.05
2 0.42265625 0.8859375 0.0609375 0.06171875
1 0.69921875 0.06640625 0.09765625 0.09765625
1 0.90546875 0.065625 0.11015625 0.11015625
1 0.3390625 0.0625 0.08515625 0.0859375
1 0.5203125 0.06015625 0.11015625 0.11015625
1 0.9 0.16640625 0.11015625 0.11015625
1 0.9078125 0.27265625 0.109375 0.11015625
1 0.80625 0.23828125 0.121875 0.1234375
1 0.81640625 0.12578125 0.109375 0.11015625
1 0.815625 0.3453125 0.121875 0.1234375
1 0.7109375 0.29765625 0.09765625 0.0984375
1 0.7140625 0.178125 0.109375 0.11015625
1 0.521875 0.1671875 0.121875 0.1234375
1 0.625 0.2390625 0.09765625 0.0984375
1 0.6265625 0.11640625 0.121875 0.1234375
1 0.628125 0.3421875 0.11015625 0.1109375
1 0.52265625 0.2875 0.109375 0.1109375
1 0.4328125 0.3421875 0.109375 0.1109375
1 0.42890625 0.228125 0.109375 0.1109375
1 0.43125 0.1140625 0.109375 0.1109375
1 0.340625 0.1703125 0.09765625 0.09765625
1 0.32890625 0.29296875 0.09765625 0.09765625
1 0.42265625 0.43359375 0.08515625 0.0859375
1 0.5171875 0.39609375 0.11015625 0.11015625
1 0.61640625 0.46015625 0.109375 0.11015625
1 0.61640625 0.56953125 0.109375 0.11015625
1 0.61875 0.678125 0.11015625 0.11015625
1 0.61953125 0.778125 0.11015625 0.11015625
1 0.61953125 0.88984375 0.11015625 0.11015625
1 0.7203125 0.8375 0.09765625 0.0984375
1 0.7171875 0.72578125 0.09765625 0.0984375
1 0.7109375 0.61796875 0.109375 0.11015625
1 0.71796875 0.50546875 0.109375 0.11015625
1 0.7046875 0.39609375 0.11015625 0.11015625
1 0.8015625 0.4515625 0.121875 0.1234375
1 0.8109375 0.553125 0.11015625 0.11015625
1 0.81328125 0.67421875 0.109375 0.11015625
1 0.809375 0.77890625 0.109375 0.11015625
1 0.815625 0.88984375 0.09765625 0.0984375
1 0.89609375 0.8390625 0.11015625 0.11015625
1 0.90390625 0.73359375 0.11015625 0.11015625
1 0.9 0.61953125 0.11015625 0.11015625
1 0.89375 0.52421875 0.11015625 0.11015625
1 0.89921875 0.396875 0.109375 0.1109375
2 0.23125 0.22578125 0.0484375 0.0484375
2 0.14765625 0.1953125 0.0375 0.0375
2 0.14921875 0.06953125 0.0484375 0.0484375
2 0.0640625 0.01328125 0.02421875 0.02421875
2 0.33515625 0.496875 0.0609375 0.06171875
2 0.33515625 0.7234375 0.0375 0.0375
2 0.5140625 0.7328125 0.0375 0.0375
2 0.5140625 0.9625 0.0484375 0.05
2 0.51953125 0.50859375 0.0484375 0.0484375
2 0.5203125 0.609375 0.0484375 0.0484375