2 0.0671875 0.8828125 0.0484375 0.0484375
2 0.0671875 0.7859375 0.06171875 0.06171875
2 0.065625 0.67265625 0.0609375 0.06171875
2 0.7359375 0.96171875 0.0609375 0.06171875
2 0.73515625 0.7328125 0.0484375 0.0484375
2 0.559375 0.74921875 0.0484375 0.0484375
2 0.45 0.6953125 0.0484375 0.0484375
2 0.15703125 0.61875 0.0484375 0.0484375
2 0.14609375 0.94296875 0.04765625 0.05
2 0.5578125 0.8640625 0.0484375 0.05
2 0.359375 0.7375 0.0484375 0.0484375
2 0.365625 0.85703125 0.06171875 0.06171875
2 0.4453125 0.9078125 0.0484375 0.0484375
2 0.153125 0.73125 0.0609375 0.06171875
2 0.25078125 0.884375 0.0609375 0.06171875
2 0.63984375 0.91640625 0.0484375 0.05
2 0.253125 0.79609375 0.06171875 0.0609375
2 0.25859375 0.67734375 0.0609375 0.06171875
2 0.0640625 0.5765625 0.0734375 0.07421875
2 0.06640625 0.38125 0.0609375 0.06171875
2 0.0671875 0.475 0.0484375 0.0484375
2 0.73046875 0.5203125 0.0484375 0.05
2 0.159375 0.4171875 0.0484375 0.0484375
2 0.25625 0.465625 0.06171875 0.06171875
2 0.559375 0.30546875 0.0609375 0.06171875
2 0.1578125 0.51875 0.06171875 0.06171875
2 0.1671875 0.3140625 0.06171875 0.06171875
2 0.35546875 0.4109375 0.0484375 0.05
2 0.5578125 0.5328125 0.0484375 0.05
2 0.45234375 0.36171875 0.0734375 0.0734375
2 0.63984375 0.4703125 0.06171875 0.06171875
2 0.35546875 0.29609375 0.0609375 0.06171875
2 0.25625 0.3578125 0.0609375 0.06171875
2 0.646875 0.2515625 0.0484375 0.0484375
2 0.45234375 0.578125 0.0484375 0.0484375
1 0.1625 0.090625 0.09765625 0.0984375
1 0.25625 0.1390625 0.11015625 0.11015625
1 0.35859375 0.090625 0.09765625 0.0984375
1 0.44609375 0.146875 0.09765625 0.0984375
1 0.56484375 0.08671875 0.11015625 0.11015625
1 0.7390625 0.08671875 0.109375 0.11015625
1 0.83046875 0.1375 0.11015625 0.11015625
1 0.93671875 0.08203125 0.11015625 0.1109375
1 0.93046875 0.3984375 0.121875 0.1234375
1 0.82734375 0.46328125 0.109375 0.11015625
1 0.92109375 0.50625 0.09765625 0.0984375
1 0.8359375 0.5671875 0.109375 0.11015625
1 0.8328125 0.6859375 0.08515625 0.0859375
1 0.9265625 0.63125 0.09765625 0.0984375
2 0.73046875 0.3953125 0.0484375 0.0484375
1 0.353125 0.221875 0.09765625 0.0984375
1 0.2625 0.2484375 0.08515625 0.0859375
1 0.921875 0.8515625 0.109375 0.1109375
1 0.925 0.7375 0.109375 0.1109375
1 0.834375 0.79296875 0.09765625 0.09765625
1 0.821875 0.915625 0.09765625 0.09765625
2 0.73359375 0.190625 0.0484375 0.0484375
2 0.7296875 0.2984375 0.0484375 0.0484375
2 0.6484375 0.35859375 0.0484375 0.05
2 0.56796875 0.39921875 0.02421875 0.02421875
2 0.55390625 0.2046875 0.0484375 0.0484375
2 0.6546875 0.1375 0.0484375 0.0484375
1 0.45234375 0.2515625 0.0375 0.0359375
2 0.45390625 0.4703125 0.0375 0.0375
2 0.64375 0.58125 0.0484375 0.0484375
2 0.1671875 0.190625 0.0375 0.0359375
2 0.7296875 0.62265625 0.02421875 0.02421875
2 0.725 0.8484375 0.0484375 0.0484375
2 0.640625 0.81875 0.0375 0.0375
2 0.6421875 0.6921875 0.0484375 0.0484375
2 0.55703125 0.6359375 0.02421875 0.02421875
2 0.3796875 0.97421875 0.0484375 0.05
2 0.3609375 0.6296875 0.02421875 0.02421875
2 0.3609375 0.51640625 0.02421875 0.02421875
2 0.25859375 0.56875 0.02421875 0.02421875
1 0.15 0.84765625 0.0359375 0.0375
2 0.06484375 0.171875 0.0359375 0.0375
2 0.0890625 0.31171875 0.02421875 0.02421875