2 0.48125 0.0421875 0.0484375 0.0484375
2 0.19921875 0.05234375 0.0484375 0.05
2 0.184375 0.8859375 0.08515625 0.0859375
2 0.759375 0.1984375 0.06171875 0.06171875
2 0.6609375 0.13203125 0.06171875 0.06171875
2 0.92265625 0.2 0.06171875 0.06171875
2 0.765625 0.10234375 0.0609375 0.0609375
2 0.75859375 0.29375 0.06171875 0.06171875
2 0.83046875 0.25625 0.0734375 0.07421875
2 0.9203125 0.08671875 0.0484375 0.0484375
2 0.83125 0.1296875 0.0609375 0.0609375
1 0.91484375 0.575 0.11015625 0.1109375
1 0.915625 0.6921875 0.121875 0.1234375
1 0.9265625 0.8 0.121875 0.121875
1 0.91484375 0.915625 0.121875 0.1234375
1 0.82890625 0.85078125 0.0859375 0.0859375
1 0.83515625 0.73046875 0.08515625 0.0859375
1 0.834375 0.63359375 0.08515625 0.0859375
1 0.7328125 0.68125 0.09765625 0.09765625
1 0.73125 0.8015625 0.08515625 0.0859375
1 0.73046875 0.90546875 0.09765625 0.0984375
1 0.64375 0.6265625 0.121875 0.1234375
1 0.6390625 0.7453125 0.121875 0.1234375
1 0.63984375 0.8546875 0.121875 0.1234375
1 0.55546875 0.68125 0.121875 0.1234375
1 0.55 0.80390625 0.121875 0.1234375
1 0.54375 0.9046875 0.121875 0.1234375
1 0.4546875 0.8515625 0.121875 0.1234375
1 0.45234375 0.73984375 0.09765625 0.0984375
1 0.44765625 0.6203125 0.08515625 0.0859375
1 0.3703125 0.67578125 0.0859375 0.0859375
1 0.3640625 0.7921875 0.08515625 0.0859375
1 0.35546875 0.89765625 0.09765625 0.09765625
1 0.265625 0.7296875 0.0859375 0.0859375
1 0.2625 0.83984375 0.0859375 0.0859375
1 0.18125 0.76328125 0.09765625 0.0984375
1 0.178125 0.67265625 0.09765625 0.0984375
1 0.06953125 0.690625 0.0859375 0.0859375
1 0.05625 0.94921875 0.08515625 0.0859375
2 0.84765625 0.028125 0.0375 0.0375
2 0.58515625 0.07890625 0.0609375 0.06171875
2 0.39609375 0.08125 0.02421875 0.02421875
2 0.103125 0.1125 0.0484375 0.0484375
2 0.303125 0.11484375 0.02421875 0.02421875