2 0.44609375 0.42421875 0.06171875 0.06171875
2 0.43515625 0.3109375 0.06171875 0.06171875
2 0.240625 0.53984375 0.0609375 0.06171875
2 0.06015625 0.53515625 0.0734375 0.07421875
2 0.15703125 0.38125 0.06171875 0.06171875
2 0.1359375 0.58671875 0.0484375 0.0484375
2 0.2390625 0.4421875 0.0609375 0.06171875
2 0.05625 0.3125 0.0734375 0.07421875
2 0.14609375 0.4859375 0.06171875 0.0609375
2 0.0640625 0.4125 0.0734375 0.07421875
2 0.42265625 0.771875 0.0734375 0.07421875
2 0.134375 0.8015625 0.06171875 0.06171875
2 0.234375 0.74609375 0.0484375 0.0484375
2 0.13359375 0.6984375 0.06171875 0.06171875
2 0.33203125 0.7140625 0.0484375 0.0484375
2 0.54140625 0.15390625 0.06171875 0.06171875
2 0.5421875 0.2625 0.0609375 0.06171875
2 0.53046875 0.49453125 0.06171875 0.06171875
2 0.53046875 0.596875 0.06171875 0.06171875
2 0.72578125 0.584375 0.0609375 0.06171875
2 0.52421875 0.8234375 0.06171875 0.06171875
2 0.9171875 0.821875 0.0484375 0.05
2 0.7046875 0.7609375 0.0734375 0.0734375
2 0.72578125 0.6546875 0.0484375 0.05
2 0.82734375 0.6515625 0.0609375 0.06171875
2 0.9171875 0.70859375 0.06171875 0.06171875
2 0.81796875 0.74375 0.0734375 0.0734375
2 0.925 0.6015625 0.0359375 0.0375
2 0.8125 0.83046875 0.0484375 0.05
2 0.62578125 0.31171875 0.0609375 0.06171875
2 0.62578125 0.4203125 0.0484375 0.05
2 0.625 0.51484375 0.0484375 0.05
2 0.615625 0.64140625 0.0484375 0.05
2 0.61875 0.75390625 0.0484375 0.0484375
2 0.52421875 0.70859375 0.06171875 0.06171875
2 0.54296875 0.38359375 0.0484375 0.05
2 0.34453125 0.3734375 0.0375 0.0375
2 0.334375 0.478125 0.0484375 0.0484375
2 0.33515625 0.60546875 0.0375 0.0375
2 0.23203125 0.65546875 0.0359375 0.0375
1 0.9328125 0.27265625 0.121875 0.1234375
1 0.92265625 0.371875 0.11015625 0.1109375
1 0.9203125 0.478125 0.11015625 0.11015625
1 0.834375 0.31875 0.11015625 0.1109375
1 0.83515625 0.42109375 0.11015625 0.11015625
1 0.8265625 0.53359375 0.11015625 0.11015625
1 0.73515625 0.35546875 0.0859375 0.0859375
1 0.7359375 0.46171875 0.121875 0.1234375
1 0.05234375 0.634375 0.0734375 0.07421875
2 0.05078125 0.75625 0.0375 0.0375
1 0.93046875 0.13984375 0.09765625 0.09765625
1 0.83671875 0.09453125 0.09765625 0.09765625
1 0.8328125 0.20625 0.11015625 0.1109375
1 0.73125 0.24765625 0.09765625 0.0984375
1 0.73125 0.1578125 0.109375 0.1109375
2 0.634375 0.09765625 0.0484375 0.0484375
2 0.6296875 0.20234375 0.06171875 0.06171875
2 0.16796875 0.15 0.0484375 0.0484375
2 0.24375 0.3140625 0.0375 0.0375
2 0.159375 0.26328125 0.02421875 0.02421875
2 0.05625 0.2015625 0.0484375 0.05
2 0.0578125 0.078125 0.02421875 0.025