2 0.48046875 0.31171875 0.0609375 0.06171875
2 0.56171875 0.38125 0.08515625 0.0859375
2 0.4875 0.5296875 0.0484375 0.0484375
2 0.56171875 0.5921875 0.0484375 0.0484375
2 0.48671875 0.41953125 0.06171875 0.06171875
2 0.4796875 0.0828125 0.0484375 0.0484375
2 0.30390625 0.1 0.0484375 0.0484375
2 0.19453125 0.04609375 0.0484375 0.0484375
2 0.3015625 0.2140625 0.0484375 0.05
2 0.103125 0.0875 0.0484375 0.0484375
2 0.11015625 0.2078125 0.06171875 0.06171875
2 0.1890625 0.25859375 0.0484375 0.0484375
2 0.384375 0.3796875 0.06171875 0.06171875
2 0.38359375 0.2671875 0.0484375 0.05
2 0.6609375 0.646875 0.0484375 0.0484375
2 0.6609375 0.76484375 0.0609375 0.06171875
2 0.6625 0.53984375 0.0484375 0.0484375
2 0.7546875 0.81484375 0.0484375 0.05
2 0.66015625 0.86015625 0.0609375 0.06171875
1 0.9484375 0.27109375 0.09765625 0.0984375
1 0.759375 0.140625 0.121875 0.1234375
1 0.8625 0.2125 0.09765625 0.0984375
1 0.8640625 0.08984375 0.121875 0.1234375
1 0.865625 0.315625 0.11015625 0.1109375
1 0.759375 0.2609375 0.109375 0.1109375
1 0.6703125 0.315625 0.109375 0.1109375
1 0.665625 0.20234375 0.109375 0.1109375
1 0.66875 0.0875 0.109375 0.1109375
1 0.578125 0.14375 0.09765625 0.09765625
1 0.56640625 0.26640625 0.09765625 0.09765625
1 0.659375 0.40703125 0.08515625 0.0859375
1 0.7546875 0.36953125 0.11015625 0.11015625
1 0.853125 0.434375 0.109375 0.11015625
1 0.853125 0.54375 0.109375 0.11015625
1 0.85625 0.6515625 0.11015625 0.11015625
1 0.85703125 0.7515625 0.11015625 0.11015625
1 0.85703125 0.8640625 0.11015625 0.11015625
1 0.9421875 0.36953125 0.11015625 0.11015625
2 0.46875 0.19921875 0.0484375 0.0484375
2 0.384375 0.16875 0.0375 0.0375
2 0.38671875 0.04296875 0.0484375 0.0484375
2 0.12421875 0.325 0.0484375 0.05
2 0.571875 0.4703125 0.0609375 0.06171875
2 0.571875 0.696875 0.0375 0.0375
2 0.184375 0.35859375 0.0484375 0.05
2 0.18984375 0.68984375 0.02421875 0.02421875
2 0.18671875 0.4859375 0.02421875 0.02421875
2 0.1125 0.65703125 0.0359375 0.0375
2 0.75078125 0.70625 0.0375 0.0375
2 0.75078125 0.9359375 0.0484375 0.05
2 0.75703125 0.4828125 0.0484375 0.0484375
2 0.7578125 0.5828125 0.0484375 0.0484375
2 0.1828125 0.9140625 0.0375 0.0375
2 0.10859375 0.8671875 0.0375 0.0375
2 0.10234375 0.96328125 0.0609375 0.06171875
2 0.1046875 0.7609375 0.0375 0.0375