2 0.403125 0.075 0.0609375 0.06171875
2 0.2234375 0.0703125 0.0734375 0.07421875
2 0.2984375 0.121875 0.0484375 0.0484375
2 0.1265625 0.11953125 0.0734375 0.0734375
2 0.58515625 0.30625 0.0734375 0.07421875
2 0.115625 0.61796875 0.08515625 0.0859375
2 0.29765625 0.33671875 0.06171875 0.06171875
2 0.39765625 0.28125 0.0484375 0.0484375
2 0.20078125 0.76875 0.08515625 0.0859375
2 0.128125 0.22890625 0.06171875 0.06171875
2 0.29609375 0.23359375 0.06171875 0.06171875
2 0.4953125 0.24921875 0.0484375 0.0484375
2 0.28359375 0.9359375 0.0734375 0.0734375
2 0.69375 0.13203125 0.06171875 0.06171875
2 0.8890625 0.11953125 0.0609375 0.06171875
2 0.68671875 0.35859375 0.06171875 0.06171875
2 0.86796875 0.29609375 0.0734375 0.0734375
2 0.8890625 0.18984375 0.0484375 0.05
1 0.87890625 0.946875 0.09765625 0.09765625
1 0.8859375 0.8375 0.109375 0.1109375
1 0.88359375 0.7359375 0.09765625 0.09765625
1 0.8953125 0.640625 0.08515625 0.0859375
1 0.88359375 0.559375 0.08515625 0.0859375
1 0.7609375 0.55625 0.0859375 0.0859375
1 0.75390625 0.7921875 0.09765625 0.0984375
1 0.7625 0.9046875 0.09765625 0.09765625
1 0.66328125 0.94296875 0.09765625 0.0984375
1 0.665625 0.853125 0.109375 0.11015625
1 0.665625 0.7234375 0.0859375 0.0859375
1 0.675 0.615625 0.08515625 0.0859375
1 0.58125 0.67109375 0.09765625 0.0984375
1 0.58515625 0.7828125 0.109375 0.11015625
1 0.57734375 0.8859375 0.09765625 0.09765625
1 0.11328125 0.7078125 0.0859375 0.0859375
1 0.11796875 0.8203125 0.0859375 0.0859375
1 0.10625 0.9296875 0.0859375 0.0859375
1 0.19609375 0.84765625 0.08515625 0.0859375
1 0.20390625 0.66328125 0.08515625 0.0859375
1 0.2875 0.6078125 0.08515625 0.0859375
1 0.2796875 0.72421875 0.08515625 0.08671875
1 0.284375 0.82890625 0.08515625 0.0859375
1 0.4703125 0.92265625 0.09765625 0.0984375
1 0.48515625 0.821875 0.09765625 0.0984375
1 0.4890625 0.70234375 0.09765625 0.09765625
1 0.48359375 0.6109375 0.08515625 0.0859375
1 0.39140625 0.67109375 0.121875 0.1234375
1 0.390625 0.77421875 0.09765625 0.0984375
2 0.78828125 0.05 0.0484375 0.05
2 0.778125 0.1765625 0.0484375 0.05
2 0.78203125 0.2890625 0.0484375 0.0484375
2 0.68671875 0.24375 0.06171875 0.06171875
2 0.4984375 0.140625 0.0375 0.0375
2 0.3953125 0.190625 0.0359375 0.0375
1 0.215625 0.1703125 0.0734375 0.07421875
2 0.2140625 0.290625 0.0375 0.0375
2 0.1265625 0.31875 0.0484375 0.05