2 0.87265625 0.115625 0.08515625 0.0859375
2 0.95546875 0.2828125 0.0734375 0.0734375
2 0.6671875 0.771875 0.0734375 0.07421875
1 0.49296875 0.09765625 0.121875 0.1234375
1 0.49765625 0.22265625 0.121875 0.1234375
1 0.49765625 0.33203125 0.121875 0.1234375
1 0.49140625 0.4390625 0.121875 0.1234375
1 0.48203125 0.534375 0.121875 0.121875
1 0.4859375 0.64765625 0.121875 0.1234375
1 0.3953125 0.7140625 0.08515625 0.0859375
1 0.39765625 0.6 0.121875 0.1234375
1 0.39375 0.4984375 0.121875 0.1234375
1 0.39765625 0.3703125 0.121875 0.121875
1 0.40078125 0.2703125 0.121875 0.1234375
1 0.40546875 0.16484375 0.121875 0.1234375
1 0.4 0.08671875 0.121875 0.1234375
1 0.30625 0.10625 0.121875 0.1234375
1 0.3171875 0.2140625 0.121875 0.121875
1 0.30546875 0.3296875 0.121875 0.1234375
1 0.3015625 0.4328125 0.121875 0.1234375
1 0.2984375 0.54765625 0.11015625 0.11015625
1 0.303125 0.64765625 0.11015625 0.11015625
1 0.29921875 0.7578125 0.121875 0.1234375
1 0.2078125 0.8078125 0.11015625 0.1109375
1 0.20859375 0.7125 0.121875 0.1234375
1 0.21171875 0.5796875 0.08515625 0.0859375
1 0.209375 0.478125 0.0859375 0.0859375
1 0.21953125 0.3796875 0.08515625 0.0859375
1 0.21953125 0.26484375 0.0859375 0.0859375
1 0.22578125 0.14453125 0.08515625 0.0859375
1 0.225 0.04765625 0.08515625 0.0859375
1 0.1234375 0.0953125 0.09765625 0.09765625
1 0.121875 0.215625 0.08515625 0.0859375
1 0.12109375 0.31953125 0.09765625 0.0984375
1 0.11640625 0.42734375 0.09765625 0.0984375
1 0.11328125 0.525 0.09765625 0.0984375
1 0.11953125 0.6515625 0.121875 0.1234375
1 0.1046875 0.76484375 0.121875 0.1234375
1 0.2953125 0.8734375 0.08515625 0.0859375
1 0.3984375 0.9234375 0.09765625 0.0984375
1 0.4875 0.88203125 0.11015625 0.11015625
1 0.58125 0.91875 0.09765625 0.0984375
1 0.103125 0.85546875 0.09765625 0.09765625
1 0.1984375 0.940625 0.0859375 0.0859375
1 0.58046875 0.1671875 0.121875 0.1234375
1 0.58671875 0.2703125 0.0859375 0.0859375
1 0.58046875 0.3875 0.121875 0.1234375
1 0.57734375 0.4921875 0.121875 0.1234375
1 0.57890625 0.5984375 0.121875 0.1234375
1 0.6703125 0.5546875 0.121875 0.1234375
1 0.678125 0.6640625 0.121875 0.1234375
1 0.6734375 0.43203125 0.121875 0.121875
1 0.678125 0.33203125 0.121875 0.1234375
1 0.675 0.21875 0.121875 0.1234375
1 0.684375 0.10703125 0.08515625 0.08671875
1 0.78515625 0.0546875 0.0859375 0.0859375
1 0.78984375 0.1671875 0.0859375 0.0859375
1 0.778125 0.2765625 0.0859375 0.0859375
1 0.78203125 0.390625 0.0859375 0.0859375
1 0.78046875 0.50703125 0.08515625 0.0859375
0 0.775 0.6046875 0.0609375 0.06171875
1 0.76875 0.7234375 0.09765625 0.09765625
1 0.853125 0.640625 0.121875 0.1234375
1 0.859375 0.55078125 0.109375 0.1109375
3 0.86640625 0.4375 0.0859375 0.0859375
1 0.87109375 0.315625 0.09765625 0.09765625
1 0.86796875 0.19453125 0.08515625 0.0859375
1 0.9515625 0.07109375 0.08515625 0.08671875
1 0.95625 0.17578125 0.08515625 0.0859375
1 0.95 0.396875 0.0859375 0.0859375
1 0.7609375 0.83671875 0.09765625 0.09765625
1 0.765625 0.934375 0.09765625 0.09765625
1 0.86015625 0.88515625 0.09765625 0.0984375
1 0.85390625 0.7734375 0.121875 0.1234375